1346
1216
1208
1198
1166
1198
1174
1186
1168
1204
1180
1192
1206
1178
1184
1168
1162
1154
1200
1178
1172
1180
1196
1180
1198
1210
1176
1210
1188
1200
1188
1198
1178
1190
1162
1172
1164
1202
1188
1220
1220
1198
1206
1192
1214
1204
1186
1176
1172
1184
1184
1186
1196
1188
1168
1176
1186
1184
1198
1202
1198
1174
1190
1180
1170
1174
1192
1172
1186
1200
1202
1204
1204
1206
1210
1196
1206
1208
1196
1202
1202
1200
1200
1214
1202
1208
1200
1228
1200
1204
1216
1196
1190
1204
1176
1172
1202
1200
1200
1196
1196
1188
1222
1212
1190
1194
1198
1180
1192
1192
1184
1214
1186
1196
1168
1188
1184
1174
1186
1188
1206
1198
1188
1186
1192
1190
1198
1192
1178
1196
1196
1190
1188
1214
1192
1176
1188
1176
1172
1172
1180
1156
1178
1196
1198
1198
1194
1188
1200
1202
1192
1198
1196
1214
1200
1214
1202
1206
1188
1210
1226
1214
1200
1206
1220
1206
1218
1206
1180
1200
1184
1182
1190
1178
1184
1212
1166
1196
1212
1212
1220
1192
1206
1212
1174
1198
1204
1186
1194
1190
1198
1190
1212
1214
1232
1206
1228
1234
1194
1222
1218
1192
1200
1218
1186
1230
1216
1194
1212
1228
1202
1198
1202
1178
1200
1212
1210
1176
1206
1196
1194
1224
1214
1184
1198
1200
1190
1196
1192
1172
1190
1196
1184
1196
1184
1184
1198
1230
1218
1200
1216
1228
1214
1220
1218
1184
1186
1208
1188
1200
1192
1180
1192
1208
1186
1212
1200
1190
1206
1210
1176
1190
1184
1164
1192
1188
1184
1184
1196
1198
1182
1200
1210
1194
1182
1206
1200
1178
1198
1200
1176
1200
1210
1210
1204
1218
1216
1206
1220
1214
1188
1178
1194
1184
1196
1190
1170
1204
1218
1184
1212
1212
1188
1192
1208
1200
1184
1168
1180
1168
1202
1206
1176
1190
1200
1200
1190
1202
1174
1164
1188
1178
1170
1174
1178
1174
1180
1192
1194
1178
1200
1202
1200
1210
1210
1186
1216
1216
1196
1198
1216
1200
1184
1212
1208
1196
1210
1210
1204
1220
1226
1202
1212
1196
1178
1198
1214
1190
1186
1234
1222
1210
1220
1224
1194
1202
1206
1216
1186
1198
1216
1200
1196
1222
1204
1186
1236
1218
1222
1232
1230
1214
1242
1238
1208
1202
1220
1210
1202
1224
1222
1204
1216
1244
1218
1206
1212
1210
1190
1214
1198
1166
1186
1186
1182
1190
1208
1182
1210
1206
1188
1194
1200
1172
1170
1188
1174
1176
1198
1198
1190
1198
1210
1206
1204
1216
1188
1200
1220
1210
1180
1204
1206
1166
1168
1202
1104
1106
1114
1086
1032
1086
1050
1058
1078
1062
1040
1084
1066
1136
1138
1168
1204
1220
1236
1194
1208
1208
1210
1194
1182
1204
1196
1184
1200
1200
1186
1194
1196
1186
1182
1184
1178
1160
1168
1160
1136
1152
1142
1130
1146
1144
1130
1154
1162
1158
1126
1126
1086
1094
1092
1082
1082
1112
1106
1120
1136
1108
1154
1166
1168
1188
1170
1202
1216
1190
1208
1204
1174
1200
1196
1160
1176
1170
1168
1188
1196
1176
1154
1168
1188
1164
1168
1158
1130
1136
1154
1152
1128
1140
1156
1168
1176
1190
1164
1158
1192
1198
1174
1174
1160
1146
1182
1174
1162
1206
1170
1172
1164
1164
1174
1162
1158
1172
1172
1152
1156
1158
1168
1174
1140
1172
1194
1226
1206
1196
1216
1220
1200
1196
1210
1174
1174
1178
1160
1152
1174
1176
1174
1202
1184
1166
1188
1184
1172
1164
1178
1172
1168
1206
1206
1174
1204
1208
1198
1212
1214
1180
1170
1186
1182
1180
1174
1176
1158
1186
1200
1170
1210
1182
1186
1168
1206
1186
1160
1192
1184
1166
1152
1144
1140
1146
1160
1162
1170
1182
1146
1188
1196
1198
1186
1182
1212
1200
1178
1196
1196
1170
1158
1174
1174
1168
1194
1174
1168
1182
1178
1160
1150
1156
1144
1130
1164
1166
1172
1178
1164
1158
1174
1174
1172
1152
1168
1160
1160
1152
1150
1146
1158
1136
1188
1176
1170
1190
1192
1178
1162
1168
1146
1156
1164
1144
1162
1148
1154
1166
1210
1204
1176
1198
1210
1190
1200
1184
1206
1202
1184
1198
1190
1170
1156
1168
1146
1170
1186
1176
1164
1168
1186
1174
1160
1172
1164
1142
1158
1172
1150
1148
1166
1158
1158
1186
1190
1146
1162
1158
1160
1164
1168
1164
1156
1178
1194
1176
1176
1182
1196
1176
1204
1200
1168
1176
1192
1172
1184
1168
1156
1172
1176
1160
1174
1174
1172
1170
1194
1194
1202
1198
1184
1196
1156
1174
1170
1136
1158
1154
1128
1174
1178
1172
1182
1188
1182
1164
1148
1174
1158
1150
1162
1148
1128
1154
1172
1152
1176
1190
1186
1176
1194
1184
1158
1168
1168
1140
1166
1170
1154
1152
1178
1176
1168
1184
1204
1168
1164
1188
1180
1170
1178
1170
1150
1192
1208
1210
1176
1198
1212
1198
1214
1202
1230
1180
1172
1174
1172
1160
1154
1164
1174
1172
1190
1182
1188
1198
1206
1190
1180
1172
1164
1164
1184
1182
1156
1184
1150
1194
1178
1202
1186
1182
1196
1162
1162
1172
1156
1150
1182
1176
1164
1188
1204
1194
1200
1200
1192
1184
1184
1164
1168
1182
1158
1160
1174
1164
1148
1186
1180
1176
1184
1210
1190
1184
1182
1174
1152
1184
1198
1172
1178
1204
1196
1196
1222
1188
1176
1206
1208
1192
1206
1184
1170
1190
1220
1186
1192
1194
1196
1204
1234
1222
1190
1208
1194
1182
1184
1170
1212
1168
1176
1168
1166
1192
1180
1180
1194
1194
1186
1196
1196
1194
1192
1192
1176
1160
1184
1182
1154
1174
1150
1126
1138
1146
1142
1154
1170
1164
1166
1158
1174
1148
1188
1176
1222
1222
1222
1238
1234
1218
1238
1232
1202
1206
1192
1190
1210
1178
1220
1104
1056
1124
1110
1112
1116
1104
1140
1158
1160
1168
1174
1172
1174
1214
1202
1180
1204
1200
1196
1214
1204
1198
1200
1190
1216
1216
1186
1190
1208
1184
1206
1206
1192
1176
1166
1212
1162
1178
1152
1144
1158
1156
1140
1166
1160
1096
1190
1334
1210
1202
1216
1220
1220
1232
1234
1210
1202
1170
1186
1196
1212
1192
1196
1220
1212
1216
1226
1216
1212
1212
1190
1182
1186
1166
1156
1174
1172
1178
1146
1176
1168
1174
1166
1254
1190
1152
1182
1172
1150
1170
1168
1162
1166
1192
1182
1170
1172
1174
1174
1188
1182
1178
1172
1182
1172
1176
1194
1190
1188
1204
1198
1200
1218
1212
1210
1216
1212
1202
1186
1204
1186
1172
1200
1190
1182
1198
1196
1192
1200
1194
1184
1158
1188
1182
1158
1152
1150
1148
1138
1164
1174
1160
1188
1192
1180
1208
1200
1178
1190
1186
1190
1186
1180
1186
1178
1180
1194
1194
1168
1194
1196
1190
1196
1196
1196
1198
1200
1182
1168
1194
1186
1198
1194
1206
1194
1204
1224
1206
1208
1202
1206
1192
1190
1186
1172
1180
1198
1184
1186
1190
1196
1198
1194
1192
1178
1190
1190
1152
1176
1184
1184
1182
1114
1186
1168
1194
1206
1198
1184
1194
1176
1174
1192
1172
1158
1182
1178
1176
1204
1186
1156
1180
1198
1174
1184
1164
1160
1154
1182
1178
1164
1170
1172
1180
1202
1208
1182
1174
1208
1204
1172
1182
1166
1146
1172
1184
1162
1166
1174
1188
1182
1198
1210
1192
1180
1198
1182
1166
1192
1176
1158
1190
1186
1170
1202
1212
1200
1198
1208
1206
1190
1222
1196
1194
1180
1192
1154
1172
1160
1166
1158
1210
1186
1178
1208
1206
1194
1200
1192
1176
1186
1178
1162
1168
1176
1172
1182
1196
1196
1170
1194
1228
1194
1200
1192
1184
1174
1206
1204
1174
1184
1202
1198
1220
1224
1206
1200
1212
1210
1186
1192
1168
1174
1178
1204
1178
1196
1188
1190
1206
1200
1192
1210
1208
1184
1192
1206
1196
1184
1200
1200
1190
1210
1216
1188
1216
1224
1204
1210
1220
1198
1194
1202
1206
1192
1200
1200
1200
1200
1216
1190
1198
1204
1186
1202
1202
1162
1170
1202
1194
1182
1186
1190
1196
1202
1214
1214
1224
1216
1224
1232
1222
1206
1170
1192
1180
1202
1190
1190
1194
1194
1214
1206
1204
1210
1210
1212
1222
1216
1210
1206
1226
1200
1210
1214
1210
1218
1216
1212
1220
1212
1218
1216
1210
1214
1216
1184
1206
1208
1214
1230
1236
1226
1218
1224
1216
1216
1184
1182
1176
1170
1170
1172
1182
1178
1180
1180
1176
1184
1176
1160
1198
1190
1196
1180
1172
1204
1192
1186
1200
1192
1196
1220
1212
1198
1210
1196
1192
1194
1192
1174
1186
1200
1192
1190
1214
1200
1184
1226
1224
1196
1200
1208
1198
1182
1184
1190
1166
1170
1202
1184
1192
1202
1188
1188
1210
1202
1194
1202
1192
1174
1196
1190
1182
1186
1208
1188
1204
1224
1206
1192
1194
1190
1182
1210
1184
1164
1192
1206
1204
1216
1214
1202
1232
1218
1212
1212
1188
1194
1192
1182
1176
1172
1166
1154
1204
1190
1202
1190
1216
1208
1208
1208
1202
1194
1184
1188
1178
1202
1200
1200
1206
1208
1214
1210
1192
1208
1204
1202
1190
1200
1194
1190
1190
1182
1186
1208
1210
1200
1212
1208
1220
1216
1222
1208
1178
1198
1180
1168
1192
1188
1188
1192
1198
1204
1204
1186
1236
1196
1206
1192
1180
1206
1192
1228
1180
1188
1190
1206
1204
1192
1180
1208
1198
1192
1194
1200
1194
1204
1202
1170
1186
1196
1198
1204
1204
1208
1200
1200
1200
1222
1220
1170
1212
1204
1182
1206
1206
1198
1204
1216
1206
1208
1210
1182
1188
1202
1194
1188
1204
1210
1200
1198
1206
1204
1202
1208
1204
1208
1212
1204
1204
1200
1198
1198
1200
1188
1180
1198
1202
1202
1204
1220
1218
1196
1224
1216
1198
1204
1194
1192
1198
1166
1176
1196
1162
1198
1204
1198
1188
1204
1206
1188
1176
1192
1182
1178
1204
1186
1158
1200
1204
1188
1214
1216
1186
1190
1210
1190
1174
1188
1204
1190
1204
1206
1202
1210
1212
1202
1206
1220
1192
1188
1190
1190
1182
1200
1184
1178
1192
1204
1208
1214
1212
1186
1234
1232
1206
1198
1196
1178
1180
1202
1184
1166
1202
1208
1182
1208
1204
1174
1196
1198
1198
1196
1194
1178
1184
1214
1190
1184
1190
1202
1198
1222
1216
1208
1226
1244
1196
1216
1206
1188
1202
1212
1194
1212
1216
1206
1218
1240
1228
1196
1208
1218
1214
1184
1208
1192
1192
1212
1218
1202
1218
1204
1206
1228
1218
1206
1216
1218
1186
1208
1218
1196
1194
1214
1202
1214
1226
1212
1202
1204
1202
1206
1196
1168
1174
1168
1192
1182
1198
1184
1170
1214
1216
1214
1210
1196
1194
1218
1216
1192
1180
1190
1202
1190
1220
1208
1196
1226
1224
1202
1208
1206
1180
1196
1190
1176
1184
1196
1186
1212
1214
1200
1204
1218
1210
1202
1210
1176
1192
1186
1178
1186
1196
1180
1196
1212
1196
1210
1212
1202
1216
1218
1192
1204
1204
1170
1176
1202
1192
1196
1214
1220
1200
1218
1230
1204
1222
1220
1204
1208
1216
1196
1200
1198
1194
1218
1208
1170
1214
1198
1198
1190
1190
1182
1182
1172
1212
1190
1194
1198
1184
1208
1224
1190
1184
1216
1212
1192
1202
1188
1170
1194
1196
1186
1200
1196
1196
1212
1216
1212
1196
1220
1218
1200
1206
1212
1188
1182
1198
1176
1180
1214
1182
1208
1208
1196
1208
1220
1202
1192
1208
1214
1194
1206
1200
1182
1204
1216
1196
1196
1214
1192
1218
1212
1178
1222
1194
1210
1184
1198
1160
1168
1194
1168
1192
1176
1198
1216
1204
1224
1204
1178
1188
1218
1196
1218
1192
1192
1226
1232
1210
1220
1226
1202
1210
1222
1202
1238
1208
1190
1194
1210
1210
1196
1218
1220
1210
1212
1208
1218
1204
1216
1180
1182
1174
1164
1168
1186
1198
1202
1210
1220
1210
1220
1232
1210
1194
1222
1212
1196
1208
1190
1182
1206
1196
1204
1204
1198
1192
1178
1198
1200
1182
1178
1194
1186
1192
1186
1166
1188
1154
1196
1214
1202
1184
1224
1202
1194
1192
1218
1202
1206
1196
1190
1192
1202
1204
1206
1204
1200
1208
1204
1206
1212
1208
1216
1196
1196
1190
1190
1178
1204
1204
1220
1220
1208
1216
1216
1194
1192
1218
1200
1184
1206
1202
1210
1236
1230
1246
1234
1214
1198
1222
1200
1178
1174
1176
1190
1172
1186
1182
1168
1200
1196
1194
1202
1202
1180
1190
1196
1162
1156
1160
1160
1178
1208
1198
1184
1218
1216
1200
1204
1200
1200
1190
1196
1178
1180
1180
1192
1174
1202
1188
1180
1210
1208
1182
1202
1184
1178
1200
1178
1176
1194
1182
1190
1214
1184
1212
1218
1198
1222
1216
1192
1216
1204
1182
1190
1202
1202
1186
1200
1206
1204
1212
1242
1202
1210
1226
1216
1212
1206
1200
1180
1188
1206
1188
1196
1206
1180
1186
1218
1196
1168
1184
1172
1178
1184
1306
1184
1176
1204
1190
1200
1192
1198
1206
1200
1202
1204
1198
1198
1196
1190
1194
1180
1174
1170
1164
1194
1210
1204
1196
1224
1206
1194
1192
1216
1196
1200
1202
1206
1194
1214
1228
1204
1222
1238
1206
1202
1224
1198
1192
1184
1166
1166
1176
1176
1184
1196
1176
1206
1230
1200
1198
1198
1186
1194
1196
1200
1164
1178
1200
1202
1192
1210
1188
1184
1216
1212
1192
1228
1212
1162
1194
1194
1168
1180
1186
1192
1200
1194
1192
1174
1184
1184
1166
1186
1184
1168
1184
1180
1166
1162
1182
1174
1176
1170
1152
1186
1186
1196
1182
1192
1186
1172
1184
1180
1170
1198
1202
1168
1188
1192
1184
1210
1208
1172
1210
1204
1180
1206
1192
1172
1192
1184
1192
1180
1188
1200
1198
1202
1208
1196
1188
1210
1202
1178
1168
1162
1166
1188
1182
1208
1212
1192
1224
1240
1220
1200
1208
1198
1202
1212
1210
1202
1214
1214
1214
1222
1218
1210
1222
1194
1204
1200
1212
1190
1210
1202
1158
1152
1134
1122
1100
1124
1110
1108
1136
1146
1126
1046
1018
978
1036
1026
1006
978
994
970
1036
1014
1010
1034
1054
1006
1112
1114
1114
1100
1100
1114
1082
1106
1098
1080
1072
1078
1100
1114
1122
1144
1146
1124
1156
1074
1072
1062
1062
1040
1058
1054
1054
1042
1056
1050
1054
1056
1066
1074
1060
1080
1086
1094
1080
1062
1082
1096
1068
1088
1086
1084
1084
1094
1100
1088
1084
1082
1076
1064
1060
1056
1066
1046
1050
1066
1068
1068
1040
1108
1114
1102
1124
1122
1098
1098
1090
1100
1074
1090
1092
1098
1076
1108
1110
1104
1106
1124
1098
1100
1078
1098
1102
1080
1074
1074
1070
1072
1080
1080
1088
1074
1086
1112
1102
1100
1114
1110
1102
1112
1134
1134
1094
1148
1104
1122
1098
1098
1094
1088
1090
1108
1070
1120
1106
1110
1120
1112
1084
1092
1098
1076
1082
1098
1110
1088
1088
1090
1096
1084
1098
1100
1094
1088
1086
1100
1076
1068
1088
1082
1066
1078
1080
1090
1076
1092
1086
1096
1076
1098
1106
1100
1072
1100
1112
1088
1110
1098
1096
1078
1096
1104
1114
1106
1102
1114
1120
1094
1110
1096
1072
1070
1090
1094
1092
1086
1078
1092
1080
1102
1100
1090
1064
1078
1070
1072
1052
1070
1050
1056
1050
1078
1080
1070
1052
1066
1078
1064
1076
1072
1064
1060
1074
1066
1086
1060
1084
1074
1072
1080
1108
1094
1086
1096
1106
1104
1094
1098
1102
1086
1068
1078
1080
1062
1068
1098
1100
1088
1092
1080
1096
1096
1082
1092
1088
1070
1094
1096
1084
1086
1110
1098
1122
1130
1118
1102
1122
1120
1118
1124
1104
1086
1106
1106
1096
1102
1086
1082
1086
1086
1094
1092
1064
1076
1096
1100
1078
1088
1072
1054
1068
1104
1098
1086
1084
1088
1096
1092
1088
1084
1056
1108
1036
1010
1012
996
984
962
940
990
968
966
992
996
1010
984
1060
1070
1078
1120
1128
1128
1114
1134
1132
1134
1110
1110
1116
1104
1092
1108
1104
1072
1074
1084
1080
1082
1094
1088
1068
1054
1072
1060
1050
1048
1040
1044
1060
1072
1084
1074
1060
1084
1090
1088
1094
1094
1070
1056
1042
1030
1022
1030
1020
1034
1070
1068
1052
1060
1048
1028
1050
1070
1050
1080
1086
1082
1092
1114
1118
1098
1116
1128
1132
1126
1140
1146
1118
1122
1118
1112
1148
1086
1092
1082
1082
1106
1092
1098
1110
1102
1094
1106
1112
1102
1104
1108
1108
1086
1092
1092
1078
1070
1070
1056
1068
1010
1078
1056
1068
1074
1074
1080
1112
1102
1098
1096
1122
1118
1118
1110
1090
1090
1100
1108
1102
1094
1086
1080
1084
1100
1094
1076
1062
1072
1070
1072
1070
1062
1046
1058
1070
1068
1080
1070
1054
1064
1074
1082
1070
1056
1052
1064
1060
1064
1064
1068
1064
1070
1070
1080
1086
1074
1078
1068
1068
1076
1058
1062
1076
1060
1070
1084
1074
1068
1084
1082
1076
1088
1080
1066
1076
1076
1062
1058
1068
1050
1058
1074
1046
1054
1072
1070
1056
1088
1078
1060
1058
1066
1064
1064
1046
1044
1056
1044
1062
1072
1056
1058
1068
1068
1078
1092
1090
1062
1070
1074
1074
1078
1080
1058
1064
1072
1076
1084
1100
1088
1082
1082
1094
1094
1088
1082
1074
1070
1082
1078
1066
1068
1060
1064
1060
1072
1060
1070
1068
1066
1070
1074
1062
1060
1066
1058
1060
1084
1076
1070
1082
1090
1070
1090
1078
1076
1082
1090
1082
1084
1066
1066
1074
1056
1064
1072
1064
1064
1082
1074
1080
1080
1080
1070
1100
1084
1072
1074
1086
1070
1086
1082
1062
1058
1070
1062
1082
1084
1062
1060
1078
1096
1088
1094
1076
1066
1066
1078
1068
1076
1054
1046
1052
1054
1028
1032
1016
1046
1014
1000
950
1004
1002
986
958
946
924
934
938
930
894
914
930
896
956
954
942
1024
984
1014
1002
1032
1030
1024
1018
1014
1050
1050
1082
1058
1056
1080
1026
1010
1024
984
1030
1032
1016
994
1010
1006
1004
1010
1000
960
936
964
962
950
972
966
960
972
972
990
984
954
972
936
910
944
930
926
914
912
922
922
958
1040
1030
1028
1024
1014
1016
1032
1068
1106
1060
1072
1068
1082
1092
1086
1046
1032
1032
1038
1014
1050
1048
1060
1056
1072
1052
1062
1060
1056
1042
1066
1070
1066
1056
1070
1070
1088
1076
1090
1110
1112
1084
1110
1118
1102
1132
1106
1104
1126
1082
1114
1102
1110
1100
1116
1106
1114
1126
1094
1132
1114
1104
1126
1116
1084
1118
1096
1076
1102
1110
1112
1132
1162
1330
962
906
1024
986
794
682
842
758
988
740
878
424
1180
778
1106
952
1014
818
802
870
1384
712
840
922
912
1126
1236
912
1212
922
986
1020
1388
918
774
968
878
778
962
818
746
1398
946
754
968
786
912
1122
1032
812
986
942
1030
982
826
1024
1002
930
780
1158
724
738
926
806
670
660
866
1212
882
706
648
660
1334
762
692
1426
1368
984
914
1284
904
992
908
756
662
844
1118
810
1100
1242
1158
974
842
858
902
998
1284
1050
930
958
894
954
770
594
794
870
876
852
852
1208
952
746
462
1102
730
1238
1192
1126
1202
1016
1382
1058
730
1050
808
738
694
1300
886
842
722
926
810
1146
950
948
1080
1042
916
998
1006
846
942
866
646
1004
978
1340
1104
1410
1188
984
760
1378
992
1078
1082
1068
1138
994
1222
970
1066
814
994
798
1004
804
1034
774
620
1150
1230
912
578
1010
834
818
600
670
1052
1100
766
1010
788
1186
1284
832
1088
1362
840
774
952
1088
976
826
946
1098
892
912
1072
798
1000
938
902
926
932
902
888
850
920
1162
956
1258
906
1036
1074
1110
868
926
1114
834
828
784
700
1018
1142
1032
1120
874
1100
1060
1020
958
1020
1254
880
712
952
1038
864
970
970
752
1026
1044
978
1062
1396
764
1032
596
1028
1382
944
612
890
1106
882
718
1004
924
974
1054
894
1152
1054
718
1072
734
1026
940
608
922
778
930
954
834
906
900
896
880
898
930
1050
874
652
1048
840
922
954
1044
1368
1128
1020
1060
820
780
870
1128
1000
840
830
882
1122
1152
806
1290
1058
804
998
1022
1046
