548
652
644
636
638
652
644
644
642
632
642
648
644
644
630
640
652
640
634
620
478
658
588
578
594
590
600
594
482
724
620
624
624
622
624
638
636
634
634
624
630
614
612
614
620
616
612
612
606
604
598
600
592
598
598
600
608
602
586
590
566
576
556
542
548
558
528
532
538
526
536
536
534
582
534
530
516
532
568
520
540
522
534
540
558
564
532
544
550
552
550
552
532
538
542
554
514
518
530
532
568
556
542
552
544
568
576
572
572
580
586
596
592
590
590
590
614
590
584
582
592
588
588
584
594
598
588
588
596
590
592
586
578
608
610
614
606
614
612
618
592
598
596
616
612
612
586
600
608
600
586
592
584
606
604
594
598
626
598
580
606
602
588
612
600
614
606
612
604
606
608
608
612
610
604
610
614
614
612
608
610
602
604
600
604
600
612
608
614
608
610
606
612
592
610
614
610
602
596
604
604
606
586
590
600
582
604
604
604
588
592
596
606
592
592
602
596
598
600
590
606
606
606
582
606
606
602
598
582
592
596
580
606
588
592
612
620
616
616
608
604
614
606
592
588
612
584
618
604
598
618
620
620
618
614
604
618
620
622
618
626
618
614
606
602
606
614
604
608
584
592
598
606
600
602
596
596
594
604
596
586
584
578
596
592
580
584
596
608
610
598
614
614
620
616
610
608
616
618
616
596
592
604
590
604
604
600
606
598
610
604
614
586
610
590
590
578
582
582
592
594
598
592
598
606
602
604
610
608
600
602
604
604
602
592
598
592
594
598
594
588
592
598
590
600
608
590
594
602
602
604
590
600
596
602
604
590
588
598
594
598
592
596
598
592
604
596
600
588
598
606
608
604
594
596
604
610
614
592
592
604
588
608
602
592
602
612
600
614
586
592
602
604
606
590
606
590
614
614
604
616
634
636
630
638
632
640
638
632
620
636
638
624
620
612
624
618
618
614
600
606
620
628
630
620
616
624
618
614
628
610
608
604
614
608
608
612
612
618
612
602
612
598
616
618
614
622
610
624
616
618
608
606
632
620
610
614
604
622
602
612
624
610
610
606
600
608
608
600
606
608
616
600
606
610
612
618
618
626
612
608
620
624
610
610
608
616
612
590
588
584
590
586
588
580
572
590
586
574
592
598
600
604
608
614
606
602
614
594
588
588
582
588
574
598
606
596
600
602
610
604
596
608
598
602
600
602
592
586
586
608
602
608
596
616
624
618
616
624
606
612
598
592
580
588
608
606
602
606
606
604
594
608
596
598
604
592
594
594
600
590
602
586
602
606
616
604
596
610
608
618
604
606
608
622
632
626
634
624
622
606
620
614
602
614
612
610
620
606
604
614
608
600
598
604
600
602
610
596
604
608
594
616
618
608
622
626
624
616
634
612
616
610
606
608
614
618
620
604
614
606
600
614
604
602
614
622
624
620
634
610
626
622
616
590
616
640
632
634
620
624
634
628
620
628
618
628
632
624
598
610
618
612
604
598
610
616
606
604
600
616
624
616
612
620
616
622
618
626
614
618
628
626
634
616
628
630
626
622
610
608
606
608
608
594
606
610
594
622
616
606
618
620
624
612
626
610
622
622
622
606
604
614
608
602
590
598
604
608
610
602
592
612
598
614
616
612
620
626
618
614
626
608
618
622
606
610
624
622
614
616
604
624
618
616
628
616
608
612
600
608
608
610
602
608
608
596
620
614
622
628
628
634
618
614
618
628
636
618
630
626
624
624
620
630
622
626
626
618
624
620
614
612
618
624
610
616
626
626
610
628
624
630
632
622
616
624
628
622
616
628
622
610
626
616
618
618
624
622
612
620
610
620
620
610
628
612
614
628
602
616
608
616
622
600
598
612
610
596
610
606
608
616
614
606
604
618
608
612
612
604
596
612
592
618
622
612
612
624
624
630
616
634
624
616
618
606
612
614
622
626
618
610
624
624
618
602
604
614
596
620
606
626
640
648
646
648
632
644
646
632
616
616
628
626
624
610
548
646
632
628
636
614
630
630
628
610
616
622
620
612
624
622
614
614
602
594
584
592
586
586
590
576
606
604
604
592
590
606
584
594
606
584
620
618
624
624
630
618
626
630
638
636
630
628
644
644
644
652
626
632
632
624
626
618
628
628
624
624
632
616
618
614
618
604
614
618
606
602
620
618
616
600
610
604
626
616
612
626
626
620
618
612
608
624
618
614
606
604
608
614
606
606
612
612
608
610
606
598
628
606
622
620
626
622
632
618
624
628
626
620
608
616
616
604
622
620
630
622
634
616
612
628
626
634
628
620
616
620
636
628
628
620
624
628
636
634
628
634
632
626
634
602
628
630
622
630
612
596
620
616
610
610
606
614
616
602
616
616
618
610
620
614
610
624
614
612
604
616
622
620
608
616
616
634
616
612
632
616
632
618
622
628
628
632
614
600
596
600
606
594
608
620
624
652
648
644
638
654
660
652
654
644
656
658
650
650
664
648
656
654
662
632
652
650
652
642
624
632
624
634
632
614
600
604
598
588
590
602
582
596
598
604
604
622
626
616
634
640
644
638
628
640
646
654
650
642
650
634
640
640
636
612
624
612
636
626
632
624
618
628
620
628
630
620
618
612
628
616
620
632
624
618
614
632
624
612
626
620
622
618
620
632
620
620
622
606
618
618
626
624
622
606
626
630
628
616
612
622
606
630
630
618
614
628
626
614
628
606
622
620
626
616
616
620
606
620
622
622
620
628
632
626
634
632
640
626
622
626
614
618
614
622
626
630
632
618
616
626
610
626
620
622
632
632
620
638
620
628
626
618
622
628
634
630
626
618
628
636
628
624
624
626
630
618
622
606
614
610
614
612
606
612
622
618
606
614
612
622
632
630
516
402
682
674
660
672
636
628
644
636
634
606
612
634
632
624
632
612
622
622
624
604
628
630
626
620
602
614
624
620
620
612
620
606
632
630
626
620
634
638
642
630
632
640
642
644
644
636
638
638
638
636
628
628
630
626
628
620
614
624
620
628
624
616
628
626
628
622
612
630
622
636
630
630
644
620
622
612
610
620
622
620
622
610
610
626
632
640
636
630
626
626
628
630
632
636
638
638
644
646
654
644
648
650
648
646
644
648
636
644
636
650
636
630
626
622
618
616
630
634
624
624
624
618
612
622
616
608
612
620
614
622
616
624
630
624
620
612
622
616
538
674
618
614
632
608
594
602
614
618
618
618
620
626
626
626
616
630
630
628
630
620
628
630
630
624
616
626
624
620
616
610
586
576
574
564
572
576
566
604
604
602
604
604
600
600
604
606
606
620
622
634
634
640
640
650
646
652
642
646
642
638
644
650
638
628
632
634
610
624
606
614
618
594
612
606
604
616
602
608
606
608
618
612
602
608
610
606
610
602
608
610
596
620
616
628
618
624
620
630
614
610
622
614
610
614
610
614
612
614
624
618
606
628
624
636
636
644
632
634
632
632
632
632
630
628
632
622
624
632
620
612
614
622
606
610
610
616
618
610
606
614
622
622
618
618
616
624
612
622
622
624
634
636
628
644
622
628
632
626
616
622
630
628
620
624
634
632
618
620
630
630
630
638
624
626
634
634
628
626
630
632
634
630
636
632
624
632
622
628
628
630
632
626
636
638
636
630
630
634
632
632
624
636
634
634
638
634
622
634
630
634
630
640
620
614
614
614
610
620
622
616
626
608
620
606
612
604
594
608
606
612
620
624
614
616
624
626
634
612
624
632
618
636
626
630
632
644
644
640
638
642
650
638
632
640
652
640
640
644
638
646
640
638
642
638
646
650
648
634
630
618
632
630
630
622
620
630
630
626
620
628
614
634
624
614
626
626
628
618
634
622
628
634
634
620
624
634
630
630
618
630
632
616
626
620
642
638
640
644
648
636
642
638
624
624
632
630
636
616
628
634
634
626
622
628
634
614
610
612
604
626
622
612
612
622
620
612
606
622
628
628
624
616
622
634
636
626
626
618
636
630
628
628
630
632
640
634
644
632
634
632
634
634
638
634
634
618
640
630
618
634
630
630
618
620
618
620
618
620
590
612
612
610
610
614
612
620
618
620
618
630
634
632
628
636
632
622
628
626
636
644
646
628
634
632
634
626
628
636
632
642
616
630
632
632
626
620
620
626
628
634
618
614
622
618
618
608
600
614
610
616
608
602
608
610
598
614
608
614
622
626
626
618
628
628
640
626
632
632
630
654
632
630
632
632
636
622
632
626
634
632
624
628
628
634
628
620
622
620
628
626
620
630
626
632
620
624
620
632
640
632
646
620
626
630
614
622
616
624
624
626
624
614
632
628
616
620
622
606
630
618
626
622
626
630
636
626
620
630
618
616
624
618
626
618
610
622
624
628
624
620
636
626
634
626
620
630
626
622
614
624
626
620
614
628
626
634
624
616
614
618
616
614
608
616
620
620
618
602
610
634
626
626
626
636
616
612
612
600
616
616
624
618
636
630
616
634
630
640
636
632
642
632
644
630
634
626
634
634
624
628
632
624
624
620
628
622
626
626
622
620
628
620
630
620
614
624
622
624
624
620
622
618
620
614
608
628
626
620
624
620
630
620
620
634
630
616
624
636
648
642
632
636
644
654
644
650
628
636
642
620
624
618
626
632
622
622
620
628
630
608
618
612
616
614
602
606
600
594
616
604
598
604
618
620
614
608
622
636
638
634
624
636
642
638
648
618
626
620
628
618
610
618
626
628
620
624
622
634
626
622
630
626
632
628
618
632
626
632
628
624
636
624
614
616
630
628
622
624
626
634
630
634
634
628
636
630
634
632
632
632
630
632
638
632
632
626
626
634
620
626
622
622
624
634
616
614
628
612
618
626
614
622
616
608
612
614
606
622
630
636
634
640
640
640
640
644
646
642
622
638
630
638
624
616
624
618
606
626
622
632
628
630
628
618
626
616
618
614
610
620
616
608
614
618
622
618
624
620
622
626
624
628
624
622
622
618
626
622
620
632
628
634
638
624
628
638
644
646
654
630
630
648
634
632
634
640
628
642
632
636
644
646
652
620
622
628
624
620
618
630
614
634
628
614
620
624
628
632
636
628
626
632
630
616
634
626
634
624
620
626
626
624
620
612
614
626
628
612
636
626
632
638
634
646
626
628
632
636
616
632
624
612
636
618
626
628
634
632
638
614
618
632
618
606
614
616
614
632
626
624
624
630
636
608
614
628
614
630
624
626
644
648
636
634
638
646
654
640
656
640
640
646
634
624
644
644
646
646
626
638
636
634
618
616
626
630
636
634
622
614
628
624
632
618
610
618
604
632
622
626
624
630
630
622
606
626
614
642
622
634
630
640
632
610
638
630
622
646
632
624
640
634
636
648
610
630
634
628
620
620
624
632
624
616
618
608
626
634
626
626
638
634
632
624
628
634
630
628
634
638
632
626
634
630
622
634
630
630
630
618
622
620
618
614
612
602
614
616
612
614
604
618
618
612
620
614
620
626
614
606
598
598
624
616
614
610
628
620
616
622
610
626
618
614
622
616
626
616
618
618
618
632
620
618
614
626
620
620
628
592
618
612
606
608
610
600
626
628
618
636
622
618
608
598
596
594
614
624
616
614
624
632
628
622
614
620
624
622
618
618
608
610
608
618
620
604
622
620
620
616
628
604
606
608
600
594
598
604
608
600
598
598
604
604
598
596
602
588
614
608
598
606
624
622
624
614
620
632
626
628
638
610
626
616
516
672
622
624
648
620
604
610
618
608
600
578
596
624
604
596
598
602
588
602
604
606
600
596
614
620
618
632
620
634
616
626
628
626
624
630
628
630
618
616
628
618
616
616
622
626
620
622
622
614
626
618
610
608
618
610
604
602
602
608
604
602
596
598
592
618
608
602
598
616
610
602
602
600
614
606
602
602
606
614
616
618
618
624
644
644
640
636
644
660
654
642
648
658
660
662
670
644
640
632
626
596
618
620
630
616
612
628
628
624
626
636
624
628
630
630
612
622
614
614
616
604
608
612
614
618
598
598
602
608
604
590
596
604
594
622
608
614
614
634
620
630
612
620
612
628
614
618
628
638
620
618
618
626
636
620
630
616
620
628
616
606
616
602
634
620
628
622
620
628
608
600
608
606
592
614
606
600
614
620
618
614
608
618
620
622
626
620
634
630
620
630
616
626
634
632
638
616
600
570
564
570
570
590
618
638
652
656
658
658
652
662
608
626
622
616
608
590
586
588
578
572
554
552
550
546
496
586
538
524
526
528
526
524
514
522
538
552
552
558
558
568
576
576
588
582
588
602
608
612
612
628
648
644
650
654
658
674
592
734
666
666
668
662
644
632
638
640
644
630
620
612
600
596
578
592
590
602
594
598
600
596
598
590
584
592
598
594
594
596
578
604
600
596
598
592
596
594
610
606
588
590
586
588
574
574
564
562
574
604
612
622
654
680
692
674
674
680
684
680
652
648
652
654
638
614
628
628
622
602
614
614
610
604
600
602
612
616
606
614
622
638
636
628
638
642
644
640
642
638
648
648
634
632
632
640
646
636
650
654
662
664
660
644
658
662
662
656
642
648
646
644
648
618
630
630
626
624
614
620
626
644
638
636
656
652
662
642
628
634
634
654
642
644
660
676
682
668
682
684
680
666
680
666
656
642
650
650
648
638
636
622
606
592
594
590
574
588
578
594
606
596
630
638
634
632
622
648
656
650
660
642
662
678
696
706
694
690
660
652
650
654
652
642
650
674
686
688
694
706
682
694
694
720
710
690
670
688
684
692
678
644
644
644
646
644
620
624
634
646
638
638
626
648
652
648
646
644
656
660
660
658
660
664
662
676
668
640
660
658
660
652
632
648
648
660
650
634
652
656
662
656
658
664
682
682
668
648
666
676
678
668
662
668
670
662
652
660
672
682
672
654
672
672
670
658
632
642
636
644
638
624
636
636
646
642
630
642
668
684
658
650
668
688
686
660
662
672
694
676
662
664
676
690
678
648
674
680
682
676
658
644
668
662
658
638
630
660
658
664
662
658
672
680
678
676
664
678
678
686
682
656
674
662
664
660
650
666
670
676
670
658
678
680
680
674
648
674
670
678
658
640
654
654
672
654
636
640
664
648
628
620
630
640
636
640
672
688
706
686
682
696
714
718
696
676
700
718
700
676
686
692
694
672
658
674
682
672
652
628
642
652
644
640
660
676
692
676
680
712
724
710
700
712
732
722
696
684
702
708
686
668
692
702
704
700
662
672
684
682
668
652
680
680
690
674
664
654
676
688
682
676
656
680
686
682
668
652
662
662
672
664
670
702
698
696
678
694
710
706
692
696
698
694
698
688
688
688
682
680
660
676
676
672
688
662
648
668
676
674
660
656
670
674
660
654
662
682
692
680
692
704
716
704
698
708
712
712
698
668
694
700
692
684
668
686
690
680
668
656
652
666
674
674
670
660
676
682
678
666
660
682
684
674
674
676
696
688
688
680
678
690
682
678
650
662
652
654
644
636
652
652
658
666
652
644
654
652
664
646
634
654
664
664
654
638
664
684
674
664
646
674
684
668
648
638
666
654
664
650
644
666
662
672
648
644
654
660
664
668
664
656
672
676
682
670
658
674
676
674
660
660
670
678
674
672
666
682
694
690
678
666
668
670
680
672
656
666
670
672
676
650
642
664
670
664
650
636
650
658
654
648
646
650
658
676
680
700
690
694
694
716
712
694
710
714
732
722
700
676
698
710
706
692
672
698
696
690
666
662
676
672
664
662
650
662
666
666
656
652
674
670
682
672
650
668
674
676
662
652
680
678
676
664
654
672
678
674
662
660
666
682
686
678
666
674
676
688
678
662
686
692
700
680
652
678
688
690
672
658
676
694
700
674
660
690
692
680
648
662
676
664
662
640
640
666
656
658
666
666
658
674
670
688
692
670
664
688
726
722
718
714
726
742
716
714
718
718
714
712
726
732
724
706
720
716
710
686
678
678
674
664
662
648
652
654
648
650
638
622
634
632
630
620
618
612
630
628
622
626
614
606
624
612
614
620
614
604
618
620
640
640
634
630
660
672
682
676
674
680
690
698
696
704
702
716
706
706
694
668
668
652
668
640
634
636
628
628
632
606
604
616
610
608
610
604
606
630
644
646
662
656
650
670
672
672
680
674
656
676
678
690
680
688
696
706
712
714
714
722
728
710
702
706
706
702
686
664
674
670
678
674
642
632
648
634
624
614
600
606
626
624
618
634
638
638
630
648
648
664
674
662
648
668
676
676
674
660
660
664
664
660
662
658
638
652
650
660
662
662
656
650
664
670
680
684
688
696
696
694
708
700
702
712
712
704
698
706
710
700
688
670
680
656
648
654
636
630
634
622
630
632
616
612
624
634
634
636
620
616
640
640
646
640
652
660
656
670
670
696
710
696
692
702
728
722
704
700
724
718
710
684
690
690
682
670
664
648
650
632
620
620
600
608
610
606
618
632
620
622
666
674
680
684
688
674
678
682
696
698
704
700
676
692
694
698
694
696
682
696
710
718
708
712
720
738
726
714
726
740
734
704
698
714
720
712
678
682
684
680
670
648
650
656
640
630
642
642
632
648
638
654
662
652
636
648
662
660
664
658
658
652
664
666
664
682
678
672
678
692
700
696
686
694
706
710
706
692
702
696
698
700
670
656
672
652
662
654
638
630
640
636
638
644
654
652
648
660
676
698
684
674
688
708
714
696
676
698
708
694
672
684
702
698
686
676
692
692
698
676
668
680
662
664
656
650
630
646
634
638
638
648
638
628
656
658
660
660
666
666
660
664
670
672
678
672
668
680
688
692
684
696
692
690
686
698
698
700
706
690
680
682
684
690
686
664
654
668
674
676
652
632
654
646
640
638
642
644
640
658
648
674
686
664
656
676
694
686
676
666
678
684
682
678
668
686
686
694
680
672
680
676
670
676
672
652
652
654
652
664
658
656
630
654
650
654
660
644
652
656
668
672
664
660
674
682
678
656
648
658
642
630
634
622
614
638
612
612
624
624
610
594
620
616
622
618
614
608
628
646
646
640
654
656
672
670
672
674
672
674
672
680
676
668
674
674
672
672
672
666
674
678
660
654
658
672
662
656
654
664
668
672
658
652
662
666
674
666
660
678
686
690
682
666
676
682
680
666
650
632
644
632
626
618
602
604
610
602
622
624
658
638
628
668
666
678
684
684
682
672
674
676
682
698
696
690
654
682
692
696
696
694
682
688
694
702
710
712
698
686
702
716
712
708
678
704
706
698
690
664
658
660
648
648
636
628
636
634
640
654
648
646
680
690
692
698
676
694
700
716
716
712
680
670
704
706
706
704
688
670
700
696
702
708
696
674
696
710
706
706
692
680
674
682
690
686
686
664
676
674
688
702
706
698
692
708
706
696
698
710
722
724
716
736
754
748
718
708
724
720
716
672
660
662
642
636
618
628
634
650
660
664
668
676
706
718
724
726
710
696
712
734
726
722
710
692
720
708
718
728
718
726
724
746
742
734
740
744
742
740
742
750
746
744
746
748
746
730
730
734
734
732
704
720
722
714
686
692
696
690
690
672
668
678
680
680
674
670
680
692
680
678
692
694
692
684
684
694
702
704
688
666
682
676
670
652
624
640
632
616
616
594
598
626
628
642
664
682
688
664
656
688
708
710
704
704
708
680
696
696
710
714
706
690
702
720
720
724
702
714
726
722
722
716
706
714
720
718
720
692
698
700
704
694
674
678
682
690
684
672
664
682
686
686
684
670
678
672
674
674
670
652
670
668
680
690
672
662
682
696
708
706
698
692
704
716
712
702
696
708
720
714
700
692
702
700
698
692
666
678
660
662
656
648
632
640
634
636
650
642
626
638
656
660
660
676
652
654
670
676
690
708
698
684
696
710
732
728
722
708
708
720
714
718
718
700
716
718
722
718
690
662
682
670
668
644
628
644
638
650
650
648
630
666
662
670
684
684
668
684
690
710
714
718
692
674
704
706
712
712
716
712
704
714
722
728
704
682
704
704
712
704
680
688
706
722
720
720
706
708
720
716
722
712
708
718
722
728
706
696
702
704
702
686
660
678
682
684
684
668
652
668
660
660
666
666
664
678
686
694
706
694
674
686
690
696
684
676
698
714
712
706
690
720
722
730
706
694
712
704
718
710
702
706
708
710
714
698
678
690
688
694
690
676
662
680
692
700
686
670
694
696
696
668
666
678
676
674
664
676
682
682
668
662
680
674
672
676
664
654
660
654
656
648
636
642
630
642
660
650
636
626
644
648
646
646
646
648
664
670
670
678
674
674
674
672
678
674
660
672
674
674
678
672
660
670
674
680
666
654
662
660
664
656
662
674
690
694
676
676
682
684
676
656
654
670
670
666
664
640
658
654
642
648
654
648
634
638
626
630
632
626
614
610
624
626
620
628
640
642
626
614
640
642
644
646
654
650
646
646
646
646
664
674
670
658
674
674
678
664
652
674
670
682
676
668
650
664
660
660
660
650
656
668
682
682
676
668
670
668
670
668
672
668
668
668
676
688
676
666
678
692
694
684
672
684
692
676
658
670
686
684
668
660
664
666
656
634
618
640
632
614
618
604
604
608
610
606
622
650
660
660
670
656
664
674
680
690
696
706
682
660
690
686
682
678
668
646
672
666
674
670
672
656
640
652
646
648
658
652
640
640
632
614
624
608
620
610
624
636
640
648
666
678
648
664
676
696
694
694
694
676
692
690
688
692
716
694
670
702
706
704
698
674
670
690
684
672
684
676
662
666
668
698
716
718
712
714
732
744
722
710
714
722
730
706
680
702
690
682
654
654
662
666
670
664
646
664
662
660
668
668
662
684
682
678
684
668
640
664
664
684
684
664
656
696
706
700
710
696
694
712
712
720
730
698
672
690
696
704
702
688
690
718
730
740
734
734
744
750
756
744
710
724
726
720
692
662
684
674
666
642
622
654
648
658
664
650
672
690
720
718
712
690
728
742
744
738
730
696
722
716
718
718
712
682
704
718
714
712
686
672
706
700
698
700
690
672
698
710
730
724
738
720
706
730
728
720
720
700
696
706
706
724
714
684
666
700
706
716
700
696
708
720
734
750
746
728
748
754
758
736
724
740
738
740
738
744
746
754
738
734
744
756
732
720
730
740
734
712
712
726
736
734
696
712
720
718
698
682
702
732
716
702
716
738
728
690
694
708
710
698
678
666
688
680
676
666
656
666
658
658
666
666
648
650
652
666
676
660
646
672
682
690
680
672
682
692
698
688
700
712
712
696
696
708
728
708
704
712
714
714
702
680
702
714
714
688
686
696
702
694
670
664
684
682
682
654
658
674
672
668
674
672
660
678
670
676
688
668
652
670
696
684
680
660
674
684
680
668
666
658
668
670
670
674
658
632
654
646
652
664
658
654
658
666
672
676
658
658
672
668
674
656
666
676
674
672
658
676
684
690
674
646
666
650
650
632
626
614
628
614
602
606
622
616
614
636
658
684
698
692
690
666
678
678
668
678
692
686
662
650
678
688
690
684
680
666
698
692
702
714
712
684
656
686
688
688
690
680
672
694
696
704
706
704
694
714
722
732
728
724
702
718
730
728
720
726
728
736
708
684
692
696
702
684
666
686
696
692
692
690
686
708
710
708
710
698
710
714
720
724
706
720
720
734
692
682
700
710
706
702
668
664
678
678
674
682
668
642
660
652
668
670
648
628
652
648
656
660
666
656
648
678
688
698
708
712
700
718
714
734
710
712
724
724
718
698
712
704
712
706
680
674
678
678
678
674
638
652
650
646
648
648
640
634
650
652
658
654
640
668
654
666
680
676
670
652
686
694
694
688
694
694
704
718
718
720
704
706
710
710
730
724
708
720
728
728
706
698
716
716
722
700
686
702
696
694
694
670
688
694
698
702
680
686
682
694
698
698
686
694
704
710
694
690
696
704
702
696
700
706
716
696
664
696
700
710
704
680
674
696
690
684
686
686
696
704
698
688
698
696
694
694
682
696
704
700
700
678
698
688
690
688
662
656
660
664
664
668
650
654
660
672
674
654
644
658
658
654
648
636
646
656
666
654
646
666
674
658
660
652
656
660
664
660
656
656
666
668
674
674
668
670
668
678
670
674
662
668
674
662
670
660
670
678
660
638
658
664
670
648
640
654
668
662
666
652
644
676
670
676
670
660
680
676
670
672
670
672
682
676
670
662
664
664
666
656
648
660
666
670
668
638
628
644
622
624
622
620
600
590
606
602
624
636
662
672
656
650
676
666
674
680
672
654
636
676
674
676
680
690
682
646
668
662
684
682
688
676
664
682
680
682
694
702
684
664
680
710
712
718
706
694
704
712
724
724
720
722
726
728
728
716
698
714
726
724
700
700
716
712
706
692
702
714
720
700
678
710
712
718
696
676
698
690
696
688
662
652
684
678
680
680
680
646
668
666
662
672
668
634
652
660
668
666
664
646
640
670
670
670
682
684
664
664
684
696
702
702
692
668
712
702
702
710
718
694
684
704
718
722
692
668
686
682
670
672
650
646
674
676
678
682
672
648
668
670
686
694
698
694
676
688
706
732
730
742
726
738
748
750
764
740
718
744
770
758
730
742
756
756
752
710
700
714
708
700
674
668
682
682
676
658
648
672
660
670
672
650
656
668
684
696
684
666
696
706
722
726
704
442
550
414
490
416
436
512
474
506
1238
770
758
736
718
676
712
726
714
718
718
702
692
714
712
712
716
702
688
704
718
716
708
694
674
700
702
696
690
676
664
682
684
696
702
690
688
728
732
742
726
708
732
734
748
714
696
720
712
708
688
666
470
866
452
860
688
656
676
668
672
670
650
660
672
688
702
692
684
704
718
728
714
694
676
706
700
714
724
724
700
718
734
740
734
696
678
700
696
690
688
662
662
674
668
666
672
658
660
678
682
692
678
670
694
704
714
712
690
690
724
722
714
724
734
712
716
732
752
758
734
722
746
764
756
748
748
760
758
736
716
748
746
742
718
714
726
728
716
688
708
706
700
692
676
694
698
714
714
700
676
702
720
724
710
688
708
726
724
714
712
736
728
712
692
714
732
712
706
674
698
684
686
678
664
656
668
664
668
668
642
644
652
660
666
668
662
644
668
668
670
678
676
660
662
680
682
682
694
682
670
686
688
698
682
650
670
660
658
644
630
608
630
640
642
640
648
640
622
630
590
590
596
574
574
582
594
614
634
648
634
668
660
640
628
590
586
594
568
592
540
588
550
564
576
564
570
564
568
566
562
564
566
578
588
598
612
592
626
640
660
672
694
694
686
672
680
676
682
678
668
650
662
672
654
684
670
662
672
664
658
656
664
658
638
648
648
634
668
664
648
670
688
686
684
682
694
664
676
656
656
670
638
632
650
630
630
636
632
642
644
650
642
626
632
622
652
650
636
638
658
648
648
660
648
658
650
648
648
660
656
650
658
646
656
650
626
642
638
640
640
630
616
628
630
634
636
628
622
628
616
640
640
644
636
638
650
640
648
664
656
666
656
660
666
666
664
652
664
666
662
660
652
654
652
650
644
642
640
628
642
628
644
650
624
640
640
646
652
650
640
634
648
650
656
654
656
650
656
654
648
654
650
630
638
628
632
634
630
604
628
622
626
626
632
616
614
650
656
664
664
662
662
670
676
682
682
680
672
688
658
660
650
644
632
642
642
644
634
626
