866
1036
1078
1080
1078
1090
1096
1094
1108
1114
1100
1092
1036
1030
1006
1018
1020
1020
1030
1024
1030
1026
1038
1046
1022
998
1012
994
994
1000
988
982
988
984
978
1028
1038
1038
1052
1052
1060
1046
1068
1038
1000
970
992
978
988
1000
1008
990
1014
1000
1012
1002
994
990
996
986
980
966
994
996
1014
1000
1008
1042
1016
1054
1064
1046
1040
1044
1052
1038
996
972
966
970
962
966
954
1030
1034
1040
1032
1040
1054
1040
1050
1060
1032
1052
1052
1034
1054
1030
1046
1046
1028
1024
1040
1020
1014
1028
1018
1012
1000
1026
1032
1006
1040
1020
1018
990
974
932
960
936
952
946
928
948
918
936
930
930
942
938
930
902
930
920
906
950
936
948
958
962
982
978
958
992
970
962
1020
976
1026
1046
1090
1074
1056
1072
1078
1050
1072
1072
1060
1078
1060
1056
974
998
970
966
972
970
958
960
956
952
944
952
950
946
948
942
964
988
1006
996
1022
1032
1020
1038
1024
1008
1044
1060
1038
1110
1092
1094
1048
1034
1020
990
998
1002
998
1000
1014
992
1034
1018
1028
1038
1010
1028
1008
1004
1022
1006
1058
1056
1050
1062
1036
1038
1060
1036
1064
976
948
938
930
932
936
934
942
934
940
930
990
972
996
1006
1004
1024
1044
1032
1044
1052
1008
988
944
966
960
938
912
940
924
1018
1054
1040
1074
1086
1068
1096
1098
1086
1092
1088
1076
1098
1088
1108
1120
1118
1128
1138
1138
1092
1082
1094
1068
1018
1014
940
926
950
938
914
920
918
916
918
916
906
908
914
916
892
952
940
966
974
944
980
970
964
994
1016
1004
1042
1050
1056
1076
1064
1082
1094
1082
1106
1078
1092
1102
1110
1090
1098
1086
1080
1060
1056
1040
1052
1032
1002
1002
1008
1022
1018
1002
1002
1024
1014
1032
1024
1020
1016
1030
990
1022
1008
1012
1004
1054
1050
1086
1054
1078
1080
1070
1036
1060
1056
1008
1018
1026
1020
1004
1014
1028
1034
1030
1038
1030
1072
1084
1092
1102
1096
1096
1094
1088
1096
1102
1094
1098
1100
1100
1086
1076
1076
1058
1016
1032
1014
980
1014
992
1000
992
984
976
1030
1024
1058
1042
1052
1066
1042
1086
1068
1082
1078
1000
1024
1034
1004
1032
1050
1046
1046
1080
1052
1060
1068
1100
1108
1080
1102
1108
1082
1114
1086
1062
1020
1028
1028
1020
1008
1064
1066
1054
1088
1072
1088
1056
1040
1014
1000
1018
1022
1018
996
996
976
974
992
992
974
1026
1034
1052
1070
1064
1068
1076
1056
1050
1032
1036
1044
1046
1038
1052
1052
1044
1050
1046
1044
1046
1010
976
950
952
932
932
906
908
908
918
896
902
892
942
950
966
976
976
980
958
978
986
996
966
932
930
934
912
990
994
1014
1044
1020
1048
1068
1032
1068
1070
1062
1070
1070
1068
1108
1088
1112
1108
1086
1098
1086
1096
1092
1112
1110
1030
1020
1034
1026
1030
1022
1002
1008
994
1012
1004
982
1060
1052
1066
1082
1096
1098
1106
1084
1090
1088
1070
1068
1080
1070
1046
1040
1058
1050
1058
1046
1056
1034
1084
1098
1070
1076
1100
1072
1018
968
994
972
944
942
942
960
950
1012
1030
1030
1038
1046
1042
1058
1056
1048
1054
1050
1044
1054
1044
1058
1060
1054
1048
1048
1046
1036
1040
1056
1016
996
988
1004
984
978
996
990
992
986
990
990
1002
994
992
1012
1000
1010
1010
1000
1008
996
1008
1014
1004
1008
988
1028
1056
1054
1046
1062
992
946
926
934
926
924
924
922
924
924
928
932
930
934
934
930
948
956
958
966
968
968
982
954
924
922
914
912
914
914
924
908
960
938
956
966
980
992
964
994
1006
1004
996
1032
1012
1014
1032
994
1016
996
1002
986
988
974
960
964
946
956
972
984
998
1008
1022
1050
1060
1056
1068
1062
1078
1068
1016
976
1012
1006
980
1050
1046
1020
1042
1050
1024
1026
1016
1026
1010
1018
1032
1024
1032
1044
1052
1048
1068
1052
1054
1024
1034
1010
1012
998
982
974
978
988
974
988
982
962
986
970
962
1048
1056
1058
1098
1086
1084
1070
1066
1054
1042
1054
1056
1066
1038
1086
1062
1082
1086
1070
1082
1076
1064
1082
1076
1066
1074
1058
1046
1060
1042
1028
1034
1054
1034
1046
1054
1050
1032
1050
1040
1038
1054
1062
1048
1072
1068
1066
1064
1042
1042
1028
1032
1020
1054
1082
1076
1098
1110
1084
1102
1080
1074
1086
1080
1084
1092
1086
1106
1092
1084
1082
1046
1020
1046
1026
1026
1044
1028
964
994
986
972
972
1026
1004
1034
1024
1028
1048
1036
1044
1048
1046
1060
1080
1050
1058
1070
1062
1064
1052
1062
1056
1058
1064
1056
1024
1008
1020
1010
994
1032
1040
1046
1028
1054
1050
1058
1062
1064
1040
1032
1044
1046
1034
1062
1052
1068
1044
1048
1074
1046
1068
1022
1050
1042
1020
1036
1034
1020
1036
1008
926
978
948
956
948
952
954
932
950
938
932
930
980
998
1006
998
1024
1040
1062
1076
1064
1072
1076
1080
1098
1070
1102
1074
1038
1058
1064
1062
1050
1060
1054
1034
1044
1018
986
992
972
964
972
950
984
996
976
996
1014
996
1008
1026
1016
1036
1050
1052
1070
1042
1060
1062
1040
1064
1044
1046
1070
1058
1068
1080
1072
1074
1074
1074
1082
1092
1082
1076
1052
1066
1060
1034
1044
1038
1024
1042
1028
1028
1016
1020
1030
1034
1024
1024
1024
1012
1024
1008
1038
1044
1018
1028
1020
1026
1042
1010
1036
1010
1018
1034
1012
1034
1028
1022
1032
1026
1052
1054
1036
1038
1028
1054
1042
1020
1020
1024
1016
1026
1016
1058
1052
1056
1066
1050
1034
1018
1020
1030
1024
1018
1022
1030
1042
1034
1032
1040
1024
1028
1042
1034
1036
1024
1012
1012
992
998
1002
932
942
954
954
936
942
942
930
948
934
970
972
968
972
984
990
996
984
988
944
976
988
954
1046
1066
1094
1122
1146
1146
1140
1136
1154
1144
1166
1154
1120
1062
1074
1086
1062
1064
1036
1038
1036
1036
1040
1006
992
1008
1004
1006
994
1028
1040
1042
1048
1078
1058
1064
1068
1006
970
994
962
950
928
924
932
934
928
928
910
946
944
974
996
1028
1062
1066
1080
1108
1092
1108
1110
1106
1050
1030
1026
1044
1016
1020
1028
1016
1028
1002
998
998
1000
978
1034
1016
1028
1028
1004
1020
1018
1030
1050
1038
1050
1058
1042
1072
1074
1066
1096
1100
1120
1132
1132
1108
1074
1064
1088
1078
1080
1092
1076
1084
1086
1084
1086
1076
1082
1094
1088
1090
1082
1070
1070
1068
1040
1048
1052
1022
1042
1040
1042
1036
992
988
980
962
980
972
986
972
1008
1022
1038
1070
1054
1076
1096
1054
1080
1058
1046
1074
1050
1074
1066
1026
1038
1054
1034
1046
1022
1010
1008
994
1002
970
980
986
978
974
1060
1084
1114
1114
1128
1110
1096
1136
1142
1106
1124
1144
1126
1180
1172
1126
1134
1106
1106
1100
1078
1090
1078
1072
1072
1076
1086
1090
1096
1084
1088
1080
1080
1072
1064
1094
1098
1064
1098
1094
1082
1090
1086
1096
1076
1074
1096
1062
1116
1132
1130
1144
1132
1114
1106
1088
1070
1092
1098
1066
1090
1112
1108
1098
1088
1096
1104
1096
1092
1070
1080
1084
1094
1082
1094
1102
1096
1108
1100
1104
1084
1100
1086
1058
1080
1050
1062
1056
1066
1046
1022
1006
1020
1030
1016
1010
1072
1074
1058
1086
1070
1058
1068
1054
1068
1090
1076
1068
1060
1070
1090
1078
1092
1082
1074
1092
1100
1088
1090
1082
1020
986
1006
1012
1004
994
1002
1000
1006
1000
1002
1000
996
978
1040
1018
1028
1022
972
998
998
998
990
1004
1010
980
996
978
1006
1000
1008
1020
1016
1042
1074
1050
1056
1066
1062
1056
1062
1054
1046
1036
1050
1030
1032
1022
1030
982
980
988
990
978
990
988
982
1006
1010
1004
1008
1006
1002
1000
1004
1012
988
1044
1030
1022
1036
1044
1048
1040
1054
1084
1088
1106
1088
1108
1128
1110
1118
1138
1090
1070
1050
1078
1052
1056
1056
1026
1032
1042
1022
1032
1010
1002
1006
1014
996
1024
1000
1010
1022
1002
978
964
960
958
946
944
938
948
930
970
950
962
970
952
986
992
1000
1040
1040
1064
1084
1074
1074
1056
1088
1062
1062
1076
1068
1058
1074
1074
1064
1058
1060
1044
1056
1052
1042
1020
1030
1038
1022
1012
1024
1034
1030
1040
1072
1056
1072
1100
1080
1070
1082
1056
1050
1034
1044
1042
1024
1092
1082
1068
1092
1082
1088
1100
1084
1084
1082
1090
1076
1104
1076
1042
1036
1058
1046
1032
1042
1030
1030
1036
1036
1042
1022
1030
1034
1068
1074
1062
966
956
962
946
952
952
950
952
958
948
952
970
964
1016
1022
1064
1068
1062
1094
1078
1066
1060
1084
1078
1078
1078
1078
1092
1094
1086
1094
1080
1078
1088
1090
1072
1056
1036
1034
1038
1036
1032
1036
1032
1034
1030
1022
1022
954
980
972
976
996
986
968
1000
1012
1036
1036
1052
1072
1066
1054
1020
1050
1048
1032
1038
1048
1046
1040
956
1022
418
1300
912
1150
1138
1100
1132
1116
1096
1110
1120
1116
1134
1124
1124
1094
1082
1070
1076
1084
1080
1070
1062
1074
1090
1062
1066
1084
1070
1046
1012
1024
1010
1012
1024
998
998
996
1010
1020
1024
1020
1012
1060
1090
1044
1050
1078
1056
1046
1056
1026
1004
920
944
954
934
940
960
928
924
932
918
920
904
942
936
910
932
926
912
910
928
930
928
942
948
930
952
924
946
920
906
900
906
886
900
886
874
848
862
876
864
860
870
848
844
842
840
852
866
842
876
884
896
894
908
914
892
906
886
876
912
888
888
894
892
894
874
882
900
902
888
910
906
896
910
900
894
904
894
894
902
882
894
902
876
904
908
890
906
898
906
918
914
920
920
912
938
924
934
926
948
952
938
942
942
946
932
964
1010
1048
1048
1096
1126
1114
1154
1132
1146
1134
1100
1100
1118
1060
1052
1030
1014
1028
1004
996
1002
984
930
944
912
920
922
906
908
906
894
926
924
946
960
974
978
1004
1024
1008
1034
1040
1052
1094
1088
1112
1110
1104
990
978
1012
1006
996
1026
1030
1036
1016
1028
1034
1028
1020
1018
1008
994
996
918
940
930
938
926
938
932
960
990
1010
1008
1022
992
1008
1008
1004
1020
1002
1004
1020
1024
1016
1028
1018
1040
1026
1012
1024
1020
1024
1032
1016
1048
1048
1012
988
948
952
944
944
944
954
926
972
958
984
1002
966
994
978
986
980
1000
986
1002
1018
1006
1026
1038
1030
1012
1044
1044
1028
1058
1040
1048
1052
1030
1062
1064
1058
1048
1060
1034
1048
1042
1040
1036
1022
1034
1022
1028
1034
1042
1022
1068
1078
1082
1086
1074
1050
1028
1050
1048
1048
1064
1056
1052
1050
1038
1034
1044
1008
1006
1012
996
1012
1010
1002
1006
1012
988
1050
1016
1032
1018
1022
1026
1018
1040
1024
1046
1034
1032
1046
1028
1028
1032
1044
1034
1024
1034
1036
1046
1032
1062
1068
1090
1094
1082
1094
1084
1100
1088
1106
1092
1030
1040
1044
1028
1038
1036
1034
1056
1052
1054
1060
1046
1058
1044
1038
1064
1038
1020
974
960
966
976
950
948
950
954
942
952
986
988
976
1012
1004
1018
1034
1022
1044
1056
1048
1038
1050
1038
1022
986
1022
1012
1010
1006
1024
1028
1028
1024
1034
1024
1014
1022
1018
1010
1022
982
1010
1014
1006
1014
1012
1010
1030
996
1066
1064
1052
1060
1040
1038
1040
1024
1036
1030
1036
1026
1008
990
1006
1002
988
994
974
986
988
970
920
944
946
940
942
1006
1004
1050
1050
1046
1072
1058
1064
1068
1056
1052
1038
1060
1038
1040
1060
1032
1064
1074
1056
1082
1056
1070
1060
1058
1050
1038
1018
1034
1030
984
940
934
924
920
934
904
906
916
894
946
946
964
978
966
988
1008
980
1014
1018
992
1004
1010
1022
1022
996
930
914
908
912
904
904
908
904
898
902
890
886
912
894
902
904
884
888
892
890
872
918
932
934
924
952
934
920
946
938
898
896
896
898
916
914
928
918
924
922
936
942
930
946
954
944
932
918
918
918
918
904
900
894
880
896
892
900
896
914
920
890
936
944
944
950
950
950
958
940
976
964
976
980
954
964
962
962
974
966
966
972
974
982
1002
992
998
1012
982
950
942
948
942
964
968
972
972
986
978
982
970
956
960
970
968
968
968
1008
1008
992
996
1002
1018
1004
980
974
956
978
962
964
948
924
942
930
940
946
934
934
938
938
928
934
916
908
922
920
922
900
964
980
976
988
988
990
980
992
1000
960
974
980
986
982
996
998
992
1018
1026
1018
994
1036
978
984
992
920
954
948
936
932
918
918
908
916
916
920
922
918
940
916
972
964
982
994
1004
990
1002
984
994
976
958
944
942
940
926
920
930
934
922
930
924
908
914
938
936
930
940
934
956
936
938
946
942
936
938
908
922
932
930
934
946
960
968
962
974
968
978
976
966
894
946
958
956
978
958
950
930
938
944
942
936
930
946
946
938
940
956
952
946
946
950
950
948
954
932
958
954
948
938
930
924
938
944
908
954
956
952
956
956
956
976
958
968
974
974
996
1010
1014
1000
994
1006
996
998
1002
978
974
1006
964
954
958
970
974
984
978
982
984
980
996
982
988
990
984
922
966
948
926
968
958
940
928
916
926
944
914
950
962
974
962
976
958
966
984
978
978
984
998
978
994
1000
994
1008
1006
992
1010
1016
1004
1018
1004
1018
1014
1006
1022
1008
1020
1002
1000
1002
990
1010
936
946
946
938
924
962
974
956
986
968
972
974
978
966
952
996
998
996
1002
998
1002
1018
996
1018
1018
1030
1026
998
988
984
962
948
928
922
932
922
932
924
940
916
978
984
1002
1008
1018
1028
1026
1046
1082
1054
1078
1072
1054
1062
1056
1046
1046
1030
1044
1070
1060
1060
1068
1032
980
958
960
942
958
946
942
946
948
950
950
954
944
954
950
958
976
966
982
978
976
996
994
1000
976
1018
1036
1048
1024
1018
1034
1000
978
980
992
988
990
998
1010
984
1028
1004
1006
1030
1026
1030
1038
1052
1056
1046
1042
1000
992
1006
996
982
998
998
990
1000
1016
1004
1016
996
1038
1036
1026
1030
1036
1030
1024
1012
1044
1046
1040
1026
1028
1030
1026
1030
1014
1020
1016
1024
1034
1042
1036
1014
996
964
962
970
956
1004
998
1008
1014
1018
1000
1018
1014
1012
1030
1034
1042
1048
1030
1024
1016
1028
1018
1022
1022
1038
1016
1006
1024
1006
994
1004
992
1008
994
998
990
982
972
972
962
962
942
944
950
942
956
932
942
946
936
928
964
962
966
964
986
988
1000
1012
990
1014
1016
1020
1044
1054
1038
1036
1056
1052
1044
1020
1016
994
990
1004
1008
998
1002
990
984
994
988
984
978
1008
1020
1004
1020
1020
1012
1008
1000
988
1008
990
1002
988
988
996
988
990
998
1012
1008
996
982
984
998
1000
1006
1002
1012
1014
1016
1030
1020
1020
1024
1022
1028
1024
1026
1028
1030
1028
1030
1046
1048
1046
1052
1052
1052
1032
1018
1028
1008
1024
1010
972
968
954
948
912
940
944
938
934
940
936
930
942
918
902
894
872
880
876
936
924
952
962
978
978
982
992
996
994
984
986
1006
1036
1034
1010
1038
1002
986
1004
1000
996
996
988
974
978
998
996
976
1012
1020
1038
1026
1020
1028
1010
1022
1008
1018
1046
1044
1028
1038
1036
1048
1072
1050
1074
1082
1068
1070
1090
1074
1052
1060
1062
1046
1054
1046
1026
1034
1012
992
1000
996
980
988
986
954
980
976
962
968
976
950
992
990
1002
1008
1004
1024
1006
1002
1012
988
1002
1008
994
1000
986
1014
992
994
1000
1002
998
988
988
970
936
972
950
932
992
998
1014
1008
998
996
1002
1012
1030
1012
1020
1032
1016
1028
1054
1062
1068
1074
1078
1058
1056
1056
1042
1056
1058
1044
1050
1008
990
992
984
998
990
1000
976
1006
1012
1020
1004
1004
1022
1004
1004
1016
1040
996
1010
1022
1012
1022
998
1014
1014
1022
1010
1032
1046
1034
1034
1032
1034
1062
1042
1046
1046
1014
986
998
996
992
1064
1026
1010
1024
1028
1008
1008
1026
1012
996
1000
1008
978
996
1006
982
976
1022
1022
1030
1030
954
954
966
964
964
948
950
934
982
1016
1010
1008
1008
1024
1014
1016
1032
1012
1026
1052
1066
1078
1062
1086
1074
1082
1084
1078
1096
1088
1090
1090
1078
1102
1072
1034
1024
1034
1016
1002
1020
1012
1006
1012
1020
1030
1028
1044
1032
1030
1030
1042
1036
1038
1044
1036
1014
1002
1006
998
1006
992
978
1046
1048
1036
1050
1060
1068
1048
1048
1036
1006
1010
1014
1014
1022
1006
1008
1012
1022
1018
1000
1012
990
954
976
972
950
980
974
978
968
986
982
980
996
1020
1048
1062
1072
1076
1062
1052
1042
1032
1028
1022
1006
998
986
1020
986
974
988
986
990
996
982
1026
1030
1020
1042
1034
1026
974
998
974
984
984
954
954
948
946
944
952
936
930
968
960
944
952
934
972
968
972
954
964
954
984
992
1028
1046
1030
1032
1034
1026
1038
1048
1030
1034
1048
1042
1036
1020
1054
1016
1016
1004
1010
1000
1014
1014
1020
1020
1014
1024
992
980
990
974
970
972
964
974
968
962
986
992
970
1002
1060
1062
1068
1060
1046
1004
1012
1004
988
1002
996
976
976
984
964
1006
1006
1012
1024
1052
1064
1056
1072
1050
1056
1070
1056
1056
1056
1068
1044
1068
1086
1082
1076
1064
1060
1072
1072
1068
1060
1054
1058
1042
1056
1070
1036
1026
998
1002
1012
984
1032
1036
1036
1048
1076
1088
1102
1108
1100
1094
1112
1064
1054
1052
1044
1064
1046
1056
1086
1082
1084
1086
1066
1064
1060
1058
1040
1038
1042
1034
1046
1026
1018
1020
1036
1044
1046
1054
1048
1040
1034
1020
1022
1016
1014
1002
1008
996
1002
988
992
982
984
958
974
958
952
964
946
950
938
942
952
926
940
932
896
866
916
902
940
960
956
952
964
958
966
972
968
972
956
944
948
940
932
932
916
916
928
920
906
884
902
886
894
884
882
896
876
878
876
878
868
846
862
866
850
860
854
852
850
840
838
822
860
882
884
890
894
902
928
936
930
946
958
932
906
926
928
948
936
922
938
904
906
860
894
858
870
864
850
852
844
856
848
834
832
830
820
832
820
824
840
844
848
846
856
846
862
858
850
864
862
862
870
868
884
886
890
886
866
872
854
868
866
834
854
834
848
834
830
830
832
838
846
840
854
852
842
854
840
852
840
850
830
832
836
830
830
848
852
856
852
850
850
864
870
862
872
858
860
848
840
854
844
856
854
850
842
822
844
846
842
844
840
848
842
840
858
858
864
872
862
870
872
862
872
866
864
876
876
874
860
866
862
872
878
872
870
870
872
860
884
876
868
862
842
858
856
846
906
890
890
914
884
920
894
912
908
910
924
936
916
944
940
922
930
936
924
944
954
938
948
946
958
960
956
956
952
958
964
968
964
970
964
976
972
986
990
988
992
988
996
992
980
962
886
870
878
864
870
850
886
880
884
878
886
892
892
894
892
908
924
938
938
942
920
932
912
902
918
900
944
948
938
938
926
916
942
926
952
972
976
994
970
982
984
990
986
1002
1014
1014
564
1044
612
1134
616
1146
616
1134
1274
1230
710
766
1104
636
868
734
580
598
816
994
824
554
828
676
630
876
738
912
954
632
924
776
940
864
676
584
710
642
698
882
752
906
736
684
670
936
652
752
796
730
834
776
854
716
688
864
642
526
510
492
518
514
522
524
516
500
510
568
540
544
548
528
518
526
536
522
538
532
532
538
518
538
516
526
526
520
526
524
526
524
536
526
526
518
518
512
516
514
518
540
516
520
522
520
534
572
532
530
534
534
536
528
524
524
518
514
518
524
526
506
522
514
518
532
540
874
602
566
532
534
534
542
862
622
554
530
538
526
542
834
632
550
528
530
526
536
836
626
552
526
544
524
830
618
540
534
516
540
834
626
572
530
540
530
538
526
530
822
634
552
536
532
510
520
522
520
510
526
522
514
518
524
526
520
524
526
516
530
534
830
620
550
526
538
508
522
532
862
632
560
536
526
522
526
518
526
516
520
534
526
552
914
630
552
580
514
524
510
528
526
534
536
532
536
540
532
540
538
566
556
530
540
542
540
528
540
530
522
516
528
522
518
522
500
914
612
544
528
526
522
508
822
616
548
530
544
542
780
634
540
520
534
528
816
636
572
832
666
538
556
840
650
550
514
558
528
530
840
622
542
536
552
526
534
832
640
558
592
536
796
624
554
540
540
536
850
646
564
564
550
814
682
550
550
820
944
792
860
652
792
1102
690
532
862
660
566
836
672
874
660
542
854
1002
672
546
894
606
550
864
642
544
836
660
522
858
652
532
846
646
520
892
604
530
536
540
784
638
546
856
648
552
542
796
628
556
826
630
880
1000
1026
1170
872
656
818
578
860
712
866
592
542
850
588
582
826
708
540
860
650
572
870
614
552
818
640
566
818
688
816
648
858
644
880
666
530
564
818
640
568
574
746
842
742
954
668
552
852
612
526
540
802
626
916
648
550
906
612
530
812
638
910
714
862
600
834
682
894
596
582
850
612
856
712
768
990
970
988
988
676
834
544
874
666
824
610
828
992
966
1124
960
1182
902
580
902
1082
784
846
850
914
952
804
856
884
946
954
