508
1066
1098
1076
1108
1150
1164
1168
1164
1172
1178
1186
1152
1140
1154
1148
1142
1182
1176
1146
1178
1214
1212
1206
1198
1202
1186
1194
1206
1176
1132
1130
1160
1148
1172
1174
1158
1168
1176
1156
1162
1198
1162
1180
1204
1194
1206
1220
1170
1190
1202
1182
1200
1182
1182
1188
1174
1196
1190
1144
1166
1168
1156
1166
1150
1154
1156
1150
1132
1156
1164
1182
1178
1194
1184
1192
1162
1168
1172
1160
1186
1178
1110
1132
1132
1128
1170
1138
1166
1172
1184
1164
1168
1182
1178
1166
1144
1156
1150
1144
1196
1164
1156
1154
1170
1174
1164
1150
1138
1108
1092
1112
1112
1112
1138
1130
1168
1188
1184
1164
1188
1212
1212
1196
1212
1124
1028
1112
1082
1066
1096
1080
1136
1162
1138
1156
1114
1124
1134
1130
1110
1124
1126
1100
1140
1166
1174
1196
1216
1220
1196
1190
1208
1158
1128
1126
1136
1122
1128
1108
1094
1110
1124
1090
1148
1130
1158
1180
1212
1198
1228
1224
1220
1234
1164
1118
1138
1134
1126
1182
1178
1180
1174
1178
1160
1188
1188
1186
1256
1276
1278
1284
1276
1272
1270
1266
1290
1276
1118
1238
1254
1236
1252
1064
1092
1100
1070
1070
1084
1100
1126
1160
1148
1164
1148
1156
1158
1214
1196
1232
1240
1254
1228
1248
1252
1230
1268
1280
1274
1284
1264
1246
1264
1248
1244
1248
1160
1086
1186
1186
1188
1200
1192
1184
1160
1182
1188
1162
1202
1202
1168
1192
1204
1216
1230
1216
1210
1222
1230
1242
1246
1220
1252
1248
1214
1226
1202
1158
1198
1182
1180
1182
1196
1174
1220
1194
1200
1208
1208
1218
1208
1178
1192
1160
1150
1174
1168
1178
1170
1168
1178
1154
1152
1178
1184
1196
1202
1200
1158
1130
1166
1154
1138
1142
1160
1140
1156
1176
1192
1188
1196
1188
1180
1188
1184
1188
1188
1166
1184
1230
1220
1218
1240
1240
1232
1220
1216
1226
1236
1224
1206
1204
1204
1206
1210
1196
1198
1212
1198
1208
1194
1184
1184
1152
1164
1176
1182
1174
1168
1164
1190
1190
1166
1178
1190
1200
1202
1192
1194
1184
1190
1184
1150
1182
1180
1174
1210
1212
1218
1202
1206
1198
1184
1174
1122
1126
1120
1120
1080
1114
1106
1128
1150
1176
1170
1184
1226
1212
1222
1226
1208
1260
1246
1238
1240
1256
1284
1280
1118
1096
1182
1224
1230
1238
1236
1232
1234
1250
1214
1182
1220
1112
1124
1160
1174
1186
1192
1206
1198
1180
1214
1186
1044
1062
1084
1118
1144
1136
1158
1188
1162
1180
1196
1202
1182
1202
1186
1210
1212
1186
1244
1240
1250
1236
1244
1228
1212
1170
1184
1168
1138
1120
1146
1134
1142
1170
1156
1170
1188
1184
1170
1180
1172
1200
1226
1226
1212
1212
1142
1172
1162
1156
1154
1174
1170
1180
1164
1192
1180
1186
1180
1186
1182
1142
1132
1156
1150
1150
1148
1166
1160
1160
1178
1160
1184
1194
1186
1160
1164
1146
1150
1112
1120
1106
1174
1186
1176
1162
1190
1214
1208
1224
1234
1212
1224
1234
1238
1234
1238
1218
1268
1266
1272
1278
1248
1216
1178
1180
1154
1172
1178
1178
1152
1156
1164
1158
1170
1164
1158
1218
1198
1202
1194
1190
1190
1214
1198
1138
1110
1140
1138
1106
1112
1126
1136
1136
1120
1156
1140
1132
1154
1292
1260
1216
1168
1216
1202
1164
1166
1166
1170
1176
1160
1198
1188
1140
1142
1128
1018
1098
1090
1086
1096
1108
1100
1106
1080
1154
1132
1152
1180
1202
1196
1170
1210
1248
1248
1258
1222
1254
1252
1244
1236
1222
1222
1140
1060
1146
1138
1138
1118
1108
1100
1184
1200
1194
1198
1190
1174
1218
1232
1228
1232
1222
1220
1234
1150
1176
1190
1160
1184
1150
1226
1242
1212
1230
1188
1198
1178
1158
1168
1182
1186
1158
1154
1154
1174
1136
1198
1158
1190
1218
1204
1202
1234
1164
1188
1194
1196
1162
1162
1194
1184
1190
1162
1186
1176
1176
1136
1148
1160
1136
1154
1168
1164
1168
1190
1150
1150
1154
1128
1148
1158
1158
1158
1126
1156
1132
1152
1128
1176
1194
1188
1162
1204
1208
1216
1204
1204
1224
1208
1200
1220
1230
1246
1182
1200
1206
1210
1164
1172
1040
1144
1100
1178
1190
1154
1176
1194
1184
1188
1184
1162
1188
1154
1110
1146
1152
1128
1124
1108
1016
1008
1046
1080
1086
1106
1108
1084
1102
1144
1186
1214
1186
1206
1224
1204
1202
1188
1206
1202
1204
1214
1154
1190
1180
1174
1170
1070
1154
1124
1168
1190
1174
1186
1168
1184
1182
1158
1174
1170
1208
1218
1226
1208
1212
1224
1232
1208
1208
1236
1212
1222
1178
1204
1214
1202
1216
1208
1192
1198
1182
1200
1212
1198
1222
1202
1174
1192
1174
1164
1172
1190
1184
1180
1166
1170
1170
1150
1122
1130
1092
1008
1076
1078
1040
1100
1088
1064
1078
1128
1132
1160
1164
1146
1172
1196
1190
1190
1182
1174
1208
1228
1232
1220
1212
1256
1248
1234
1186
1186
1162
1168
1174
1162
1202
1188
1216
1228
1228
1228
1226
1236
1234
1218
1212
1202
1202
1204
1162
1190
1180
1172
1204
1212
1206
1200
1218
1190
1154
1154
1160
1150
1148
1142
1158
1160
1142
1160
1158
1136
1150
1126
1146
1156
1154
1194
1194
1186
1192
1208
1198
1206
1194
1204
1210
1202
1166
1182
1200
1168
1198
1208
1196
1192
1196
1190
1176
1182
1180
1180
1168
1142
1162
1150
1136
1166
1138
1158
1148
1128
1148
1150
1160
1118
1124
1122
1078
1108
1104
1092
1118
1152
1162
1138
1162
1190
1182
1210
1194
1212
1218
1192
1222
1226
1214
1232
1224
1232
1226
1220
1206
1214
1212
1206
1194
1196
1166
1182
1190
1164
1146
1156
1146
1140
1146
1150
1126
1118
1142
1108
1118
1138
1126
1130
1160
1184
1166
1210
1218
1186
1204
1220
1200
1190
1190
1184
1184
1210
1208
1192
1220
1216
1224
1220
1226
1204
1182
1162
1152
1156
1162
1130
1116
1142
1116
1088
1116
1092
1084
1094
1106
1096
1116
1098
1098
1104
1144
1122
1138
1146
1046
1106
1116
1100
1154
1168
1168
1160
1174
1194
1196
1184
1176
1200
1204
1236
1236
1218
1246
1248
1250
1246
1232
1236
1232
1204
1208
1210
1186
1242
1240
1252
1240
1242
1240
1242
1236
1226
1212
1210
1192
1170
1200
1190
1192
1184
1192
1194
1180
1198
1166
1182
1166
1148
1128
1116
1130
1122
1086
1102
1106
1072
1084
1086
1106
1128
1132
1106
1130
1146
1140
1164
1160
1142
1182
1206
1186
1202
1198
1214
1192
1226
1246
1218
1226
1228
1212
1214
1204
1228
1210
1186
1178
1188
1178
1176
1144
1136
1148
1144
1104
1110
1118
1118
1116
1104
1164
1136
1140
1196
1200
1192
1204
1210
1212
1222
1216
1170
1120
1128
1134
1140
1142
1144
1138
1124
1124
1108
1148
1162
1166
1176
1178
1160
1154
1158
1148
1174
1142
1200
1192
1204
1226
1220
1246
1242
1226
1254
1232
1238
1216
1202
1190
1176
1198
1190
1192
1156
1170
1170
1156
1166
1146
1096
1106
1112
1082
1108
1102
1064
1068
1066
1072
1072
1060
1082
1192
1150
1146
1150
1174
1154
1186
1166
1182
1186
1160
1196
1184
1182
1176
1182
1172
1162
1182
1152
1172
1172
1162
1156
1154
1164
1138
1220
1170
1178
1208
1220
1210
1222
1222
1214
1236
1220
1162
1170
1168
1156
1146
1174
1186
1158
1194
1184
1122
1108
1106
1066
1056
1068
1050
1068
1076
1072
1052
1098
1112
1096
1140
1156
1162
1200
1198
1174
1202
1192
1174
1194
1188
1204
1202
1192
1194
1206
1176
1202
1188
1182
1208
1198
1188
1180
1164
1136
1158
1158
1150
1152
1160
1130
1144
1144
1136
1150
1142
1132
1140
1096
1124
1090
1082
1106
1084
1080
1154
1134
1142
1168
1178
1170
1196
1184
1202
1196
1202
1190
1204
1188
1200
1200
1198
1204
1172
1142
1158
1164
1120
1124
1120
1098
1098
1122
1124
1116
1100
1164
1152
1174
1202
1210
1196
1224
1204
1210
1164
1126
1150
1162
1160
1142
1190
1156
1156
1192
1192
1186
1202
1212
1194
1196
1194
1216
1188
1206
1190
1186
1208
1220
1202
1192
1212
1184
1198
1142
1102
1118
1088
1092
1084
1114
1130
1164
1158
1162
1206
1196
1172
1170
1208
1212
1176
1166
1104
1108
1094
1116
1098
1108
1156
1172
1144
1184
1210
1162
1198
1202
1172
1188
1198
1184
1198
1236
1234
1224
1240
1246
1256
1256
1256
1236
1254
1218
1208
1202
1170
1132
1176
1150
1150
1150
1134
1150
1146
1142
1142
1150
1146
1150
1132
1138
1130
1168
1180
1194
1236
1206
1240
1268
1272
1270
1278
1270
1258
1286
1250
1234
1234
1246
1236
1218
1218
1206
1206
1196
1188
1200
1170
1128
1100
1036
1098
1040
1070
1070
1062
1148
1132
1138
1122
1112
1146
1146
1160
1160
1176
1208
1238
1224
1226
1218
1210
1244
1242
1238
1236
1240
1226
1248
1250
1232
1244
1262
1258
1252
1250
1262
1248
1240
1238
1260
1222
1230
1246
1230
1266
1262
1188
1192
1212
1186
1182
1194
1174
1186
1178
1224
1212
1200
1212
1236
1236
1206
1196
1200
1172
1190
1188
1196
1156
1172
1162
1062
1132
1128
1038
1080
1108
1068
1080
1120
1126
1126
1182
1218
1188
1230
1268
1246
1274
1284
1286
1280
1290
1290
1292
1282
1274
1252
1272
1262
1264
1256
1246
1214
1188
1178
1154
1144
1150
1154
1158
1122
1146
1116
1134
1128
1130
1140
1122
1148
1178
1156
1182
1150
1028
1104
1106
1092
1098
1100
1148
1130
1136
1156
1148
1108
1130
1136
1124
1128
1134
1176
1154
1164
1156
1166
1142
1182
1172
1154
1152
1190
1190
1180
1202
1206
1198
1238
1210
1206
1206
1214
1214
1214
1210
1224
1198
1234
1226
1218
1202
1214
1212
1202
1230
1234
1240
1236
1256
1190
1170
1190
1184
1202
1192
1182
1166
1160
1166
1162
1156
1162
1150
1176
1168
1158
1170
1154
1168
1162
1154
1170
1184
1200
1194
1202
1206
1148
1174
1142
1144
1142
1152
1146
1124
1090
1102
1102
1102
1148
1172
1174
1170
1220
1238
1204
1214
1230
1234
1232
1248
1228
1248
1236
1238
1238
1228
1226
1206
1190
1198
1208
1152
1140
1152
1138
1124
1136
1090
1106
1100
1136
1176
1178
1148
1206
1212
1220
1232
1154
1052
1046
1052
1060
1106
1110
1098
1160
1144
1152
1170
1190
1154
1178
1182
1118
1150
1152
1138
1140
1136
1138
1144
1148
1122
1122
1124
1116
1138
1120
1128
1146
1144
1184
1212
1214
1216
1196
1210
1190
1192
1206
1170
1186
1192
1172
1192
1192
1182
1190
1188
1166
1150
1168
1174
1158
1204
1202
1186
1202
1206
1206
1220
1180
1168
1178
1174
1152
1140
1134
1140
1126
1124
1136
1128
1114
1128
1102
1112
1132
1122
1124
1128
1112
1130
1154
1174
1162
1158
1200
1200
1180
1190
1204
1198
1210
1206
1192
1186
1192
1192
1198
1160
1180
1184
1144
1108
1122
1082
1102
1092
1086
1100
1088
1086
1104
1098
1118
1132
1116
1178
1182
1170
1184
1226
1232
1228
1244
1214
1200
1190
1182
1134
1144
1140
1116
1136
1120
1124
1112
1114
1124
1130
1138
1112
1108
1124
1108
1102
1154
1136
1162
1214
1222
1206
1226
1236
1246
1240
1226
1216
1240
1214
1212
1174
1142
1156
1098
1020
1094
1018
1028
1084
1076
1074
1102
1100
1094
1140
1144
1116
1166
1172
1170
1178
1182
1180
1196
1196
1208
1200
1160
1168
1178
1172
1162
1158
1206
1210
1212
1200
1220
1198
1226
1214
1232
1226
1214
1216
1224
1218
1198
1200
1190
1176
1188
1192
1126
1160
1120
1120
1134
1136
1110
1160
1150
1146
1140
1152
1192
1214
1176
1242
1248
1238
1228
1164
1192
1186
1192
1194
1206
1210
1190
1230
1234
1244
1252
1248
1234
1218
1210
1166
1188
1180
1134
1122
1154
1146
1138
1146
1156
1134
1118
1130
1106
1130
1104
1142
1182
1148
1158
1172
1152
1190
1220
1180
1202
1230
1220
1202
1154
1160
1168
1152
1152
1174
1140
1082
1096
1112
1094
1110
1156
1146
1196
1222
1230
1216
1204
1184
1180
1186
1186
1226
1202
1212
1240
1228
1242
1214
1142
1136
1144
1134
1144
1144
1138
1184
1154
1192
1174
1174
1216
1256
1232
1244
1268
1258
1256
1246
1248
1230
1208
1186
1194
1192
1192
1168
1174
1170
1152
1126
1116
1104
1106
1114
1096
1102
1078
1100
1104
1092
1094
1078
1120
1144
1146
1136
1152
1172
1172
1202
1218
1210
1222
1240
1222
1216
1242
1218
1206
1186
1172
1186
1186
1190
1158
1132
1152
1142
1126
1138
1120
1096
1126
1104
1106
1092
1126
1110
1162
1150
1148
1134
1136
1088
1080
1072
1088
1072
1086
1076
1086
1134
1166
1158
1134
1166
1176
1156
1172
1180
1176
1180
1166
1126
1110
1134
1132
1130
1194
1194
1190
1220
1206
1208
1190
1202
1196
1188
1192
1216
1210
1196
1224
1230
1222
1236
1228
1224
1164
1106
1116
1118
1114
1116
1124
1124
1120
1108
1144
1180
1190
1176
1176
1198
1196
1182
1178
1184
1214
1196
1202
1208
1208
1216
1212
1204
1218
1204
1176
1166
1164
1170
1164
1132
1148
1144
1138
1144
1146
1142
1128
1124
1126
1124
1114
1110
1122
1164
1142
1190
1170
1180
1190
1170
1172
1174
1188
1186
1190
1178
1176
1198
1174
1202
1194
1198
1190
1140
1120
1088
1100
1096
1100
1088
1114
1114
1106
1108
1110
1118
1106
1092
1120
1116
1136
1162
1182
1210
1198
1226
1222
1222
1224
1176
1106
1152
1182
1126
1172
1162
1174
1174
1162
1158
1172
1170
1222
1220
1212
1204
1214
1206
1212
1128
1092
1128
1102
1174
1188
1198
1212
1186
1220
1222
1228
1218
1222
1224
1158
1142
1088
1126
1102
1202
1224
1238
1232
1210
1254
1280
1292
1290
1232
1230
1242
1210
1170
1180
1186
1180
1162
1168
1196
1204
1218
1232
1230
1216
1218
1178
1196
1204
1190
1234
1214
1206
1224
1228
1208
1224
1220
1210
1236
1236
1238
1210
1196
1214
1212
1170
1172
1176
1190
1196
1180
1200
1190
1190
1174
1178
1174
1168
1148
1160
1142
1118
1128
1128
1096
1106
1132
1144
1150
1174
1152
1152
1202
1190
1196
1222
1222
1156
1164
1170
1132
1138
1130
1038
1044
1052
1098
1102
1114
1134
1132
1110
1132
1156
1170
1184
1164
1204
1206
1198
1222
1184
1190
1188
1176
1166
1192
1222
1236
1238
1254
1246
1258
1270
1260
1262
1266
1260
1196
1236
1238
1234
1218
1250
1270
1276
1270
1248
1242
1224
1174
1192
1190
1184
1144
1166
1150
1102
1044
1080
1128
1130
1108
1116
1156
1164
1140
1168
1188
1168
1184
1186
1192
1204
1210
1186
1192
1192
1168
1180
1160
1204
1174
1248
1282
1242
1248
1226
1176
1144
1128
1154
1142
1196
1224
1224
1218
1232
1224
1168
1160
1188
1168
1156
1208
1232
1220
1230
1212
1212
1210
1214
1212
1210
1222
1224
1188
1204
1194
1208
1204
1202
1210
1214
1208
1208
1214
1220
1178
1152
1158
1116
1132
1140
1136
1128
1138
1126
1120
1132
1108
1152
1138
1126
1162
1180
1168
1200
1196
1168
1206
1180
1164
1204
1162
1162
1174
1162
1170
1162
1168
1160
1148
1170
1172
1194
1210
1210
1230
1256
1252
1254
1258
1258
1264
1260
1232
1220
1214
1172
1200
1184
1160
1178
1178
1188
1172
1150
1174
1146
1160
1162
1120
1140
1148
1124
1140
1140
1142
1158
1130
1156
1186
1192
1182
1186
1178
1186
1172
1188
1178
1150
1110
1096
1110
1106
1118
1106
1102
1108
1076
1064
1066
1032
1064
1058
1058
1082
1084
1080
1074
1082
1094
1110
1098
1052
1086
1050
1062
1078
1080
1080
1086
1052
998
1032
1020
990
1040
990
1070
1088
1106
1098
1086
1080
1104
1080
1074
1108
1004
942
998
992
976
1014
960
930
946
936
922
922
908
902
894
888
888
898
894
888
890
882
882
884
882
890
880
882
900
928
986
970
976
996
972
956
938
950
926
932
924
928
904
904
884
876
876
868
862
860
848
832
838
838
838
826
836
844
832
820
826
812
820
812
820
822
816
808
814
808
808
810
806
806
806
800
790
796
786
798
790
794
784
804
778
794
778
780
800
802
804
804
800
800
798
808
808
804
808
804
792
808
804
796
792
784
774
778
778
774
758
774
780
770
766
780
764
774
770
772
770
776
780
782
780
780
786
784
766
754
750
740
738
726
794
804
824
856
858
864
888
884
888
908
916
916
904
906
890
882
910
912
832
852
850
846
840
874
876
890
882
880
874
862
882
876
868
866
872
892
880
890
902
882
908
902
928
944
960
960
954
968
956
968
978
984
956
992
972
934
970
960
956
964
968
1006
988
988
1008
1008
1020
1062
1118
1112
1110
1092
1094
1022
1016
1000
1022
940
886
948
928
938
928
954
942
950
940
958
960
962
950
972
956
926
942
948
942
954
964
958
878
934
914
912
922
892
914
900
966
934
918
972
952
952
978
992
990
1000
990
904
934
936
950
942
950
894
872
896
886
892
854
874
868
880
888
892
886
924
934
928
982
1010
1004
1018
1074
1070
1122
1140
1106
1134
1140
1134
1126
1126
1092
974
1002
986
964
958
968
960
974
952
1014
1068
1116
1114
1100
1138
1152
1152
1158
1222
1162
1190
1174
1232
1196
1210
1208
1210
1206
1210
1172
1166
1160
1116
1062
1060
1036
1028
1032
1056
1072
1052
986
1016
1032
1004
1032
1030
1030
1030
1020
1028
1046
1036
1170
1270
1252
1228
1228
1200
1176
1214
1194
1200
1238
1236
1210
1248
1232
1220
1226
1236
1144
1208
1100
1078
1066
1014
1026
1018
1068
1118
1112
1120
1182
1192
1192
1168
1272
1286
1302
1296
1260
1284
1266
1260
1204
1158
1202
1186
1202
1130
1178
1160
1148
1172
1128
1046
1034
1030
1020
1010
1086
1120
1130
1128
1146
1152
1144
1156
1132
1136
1132
1116
1144
1086
1048
1050
1040
1056
1038
1038
992
1014
984
974
986
974
962
940
936
926
922
910
890
896
896
862
864
864
868
870
868
870
878
880
888
892
894
900
906
908
906
906
924
920
896
940
942
926
916
928
944
918
890
850
892
882
924
986
984
966
992
980
926
920
930
918
904
896
900
896
876
904
872
898
902
898
886
892
912
906
896
918
906
894
902
922
910
920
918
926
914
932
936
936
938
916
956
1006
976
1098
1184
1202
1232
1298
622
1050
750
624
596
842
846
874
748
630
564
734
1118
764
992
972
752
800
678
652
696
680
690
850
1006
948
688
618
822
668
654
702
624
678
826
666
596
986
876
676
516
574
624
1118
608
480
548
854
706
816
770
762
968
808
1064
772
544
782
690
952
992
866
862
610
920
650
768
796
650
812
740
564
848
970
832
884
904
774
808
646
718
718
834
716
594
544
866
898
818
664
602
932
670
678
726
890
780
814
814
602
490
638
632
648
860
864
1022
924
770
884
802
812
730
628
876
760
656
792
898
1070
732
702
762
860
770
682
574
896
700
834
1084
728
1178
694
1054
870
920
742
640
582
570
874
1044
752
872
1018
912
1056
1010
588
912
672
724
958
968
1066
688
768
934
828
1014
788
814
884
642
776
722
1100
1064
862
1090
640
868
1120
1090
1040
860
986
902
744
664
1202
1190
936
1022
764
832
908
1028
1150
748
742
1208
922
956
660
850
1088
816
1062
1248
782
934
522
970
774
760
1128
768
676
904
758
894
892
1360
826
1226
982
586
934
1018
1284
736
880
758
860
838
930
992
1258
654
944
964
972
1074
986
904
988
968
1330
986
840
958
722
870
904
1100
1078
540
978
752
524
1056
978
894
834
954
816
642
630
832
1160
1040
1092
1046
822
992
940
912
780
640
826
1080
1002
1020
740
818
900
988
968
944
702
968
642
1254
1016
922
722
928
978
758
1012
802
816
934
922
756
880
702
956
1342
754
960
678
1070
920
690
580
830
1296
1114
960
914
574
852
756
1072
804
982
1218
966
942
776
834
1242
1120
1144
782
1000
992
866
870
1254
1012
872
616
1326
784
892
1014
1060
990
968
770
672
610
760
1108
968
938
1002
