872
1036
1032
1016
1030
1018
1018
1030
1016
1020
994
1002
990
964
826
1102
964
964
970
960
978
992
970
994
1008
990
1012
990
1002
1000
986
1012
1006
1000
1018
996
998
994
966
992
1010
990
1000
1008
992
1000
984
964
988
972
958
942
932
910
874
870
870
860
882
906
922
936
970
1016
1008
992
1018
1008
1006
996
998
986
958
978
924
920
910
906
914
916
898
916
916
896
880
874
874
880
878
912
912
940
986
988
968
980
996
994
970
986
982
968
968
1008
1022
1010
1012
1032
1026
1014
1002
992
982
962
996
986
960
1002
1002
974
992
994
1002
990
1030
1022
1028
1006
1030
1012
1014
986
1006
1004
978
1018
1010
980
1002
1016
1016
978
1004
1026
1026
1004
1014
1016
1012
966
986
976
970
968
974
980
956
944
966
962
956
970
1006
1016
992
1000
1026
1014
992
1000
1002
1002
990
994
1006
994
982
1000
1008
994
996
1012
1002
976
968
976
950
934
912
916
938
940
932
964
992
986
984
1014
990
972
984
1008
994
980
982
998
984
944
958
974
962
950
960
974
982
974
976
982
974
974
984
976
970
994
976
968
966
970
932
942
956
942
938
956
970
980
968
986
1000
1014
992
1044
1048
1036
1030
1070
1054
1038
1014
1034
1028
1018
988
1024
1020
1002
1002
1008
1006
1004
1006
992
998
982
976
960
972
958
948
958
966
958
956
974
978
970
988
1002
986
992
976
1008
986
964
976
962
956
970
990
968
970
990
982
960
988
966
948
936
972
954
938
936
938
936
914
934
948
958
946
956
958
944
954
972
952
942
954
948
940
956
958
928
940
946
950
938
960
968
954
944
924
936
934
924
944
960
964
956
978
976
958
984
976
960
946
960
954
936
960
950
928
938
946
940
942
956
942
920
930
950
934
926
938
956
952
950
970
958
934
938
932
916
924
932
956
972
966
964
974
984
960
974
974
970
978
980
970
946
972
970
950
962
970
974
948
958
960
976
964
966
966
946
972
974
964
958
964
960
936
970
976
966
974
984
984
970
978
984
978
968
974
960
960
962
972
938
956
970
962
952
976
976
960
970
976
956
988
982
962
960
942
926
930
900
896
906
906
942
968
988
982
1002
1016
1014
1004
1010
994
958
956
946
924
930
934
922
918
950
952
940
958
966
956
960
968
976
850
1086
978
950
946
934
936
922
936
934
936
954
940
942
970
966
946
956
954
938
970
974
960
956
962
966
948
958
958
934
946
948
942
930
950
960
944
954
952
950
950
966
948
902
994
954
948
964
958
958
954
966
960
962
972
964
942
958
952
932
944
942
928
928
944
950
882
1032
952
938
940
942
944
942
960
954
948
956
968
952
966
966
946
938
938
940
924
950
956
948
936
966
964
954
970
972
964
984
976
974
1002
716
1198
972
982
970
956
962
970
962
958
962
962
952
968
970
958
942
960
952
942
948
932
944
946
954
942
948
946
940
964
952
948
952
954
950
954
980
968
964
986
990
968
984
984
956
976
968
962
964
964
966
952
968
954
948
972
960
958
958
958
956
956
958
964
940
958
956
942
952
948
962
958
968
964
954
974
970
954
968
960
944
946
954
960
944
968
958
940
960
974
956
972
974
954
974
968
964
972
968
948
938
956
952
934
954
954
952
974
958
954
950
966
960
944
964
978
938
946
954
958
948
952
966
958
968
968
956
974
972
956
962
948
954
950
968
986
962
974
970
960
970
960
964
972
982
954
970
988
970
984
990
982
984
1000
1002
990
996
994
962
984
962
952
950
946
942
930
938
954
942
962
952
950
962
954
954
872
1034
956
958
974
964
950
964
972
952
962
964
950
956
976
968
976
982
960
960
950
958
954
960
956
944
952
948
946
964
964
960
968
966
960
958
944
932
946
940
942
920
948
960
942
960
964
962
976
984
992
1012
1000
998
974
996
996
978
984
976
968
978
962
944
960
956
948
954
954
958
968
960
962
968
958
962
960
956
948
960
962
946
958
956
952
954
954
958
960
972
962
946
962
966
956
956
972
954
960
962
944
950
950
948
928
960
966
956
982
986
960
954
966
962
960
978
970
956
942
946
930
956
950
950
958
976
964
970
994
974
964
990
976
966
976
962
936
944
940
934
966
944
950
962
958
946
944
948
960
938
960
968
964
968
976
970
944
952
966
952
958
956
948
952
956
468
1184
1036
964
920
938
940
946
946
956
970
954
960
960
960
968
966
948
968
960
946
952
954
938
930
950
956
948
982
976
964
964
968
952
976
968
960
968
956
956
978
978
970
974
978
974
960
968
976
954
960
950
942
960
952
946
930
940
940
932
932
942
950
940
962
974
972
982
978
964
976
972
970
962
966
956
942
944
942
938
954
940
930
948
958
946
956
954
936
958
940
930
966
950
926
944
952
944
960
964
964
962
962
950
936
954
954
940
944
946
938
946
950
948
946
966
948
940
952
952
970
948
968
960
926
948
954
954
938
952
938
934
942
932
932
950
946
946
968
974
950
958
962
958
962
960
958
972
964
940
958
956
932
950
958
950
960
988
976
960
964
962
942
946
944
940
956
950
932
938
958
942
942
970
958
952
982
976
964
950
958
944
940
964
968
954
956
946
930
940
936
936
924
938
942
930
956
942
936
946
938
928
938
956
932
958
954
938
940
942
932
960
958
962
956
952
966
948
956
950
932
950
944
942
934
948
928
926
936
930
926
952
958
944
948
968
970
956
968
966
946
700
1132
1006
958
956
936
934
950
952
962
956
944
922
956
944
948
958
966
954
948
964
980
960
970
962
944
954
952
938
964
960
934
944
942
946
944
934
922
938
934
922
920
940
950
924
938
938
928
946
946
944
946
932
934
936
958
950
938
950
950
936
944
956
960
942
952
950
944
954
968
946
954
952
942
948
946
940
972
958
946
954
946
924
928
930
932
940
934
948
934
938
940
924
944
942
938
950
944
942
944
946
934
928
934
932
920
940
954
940
942
944
934
942
960
958
954
956
946
944
942
936
942
972
974
974
974
1002
1012
990
1004
992
962
990
976
950
948
942
930
940
938
950
934
948
950
938
956
966
952
944
962
946
944
960
948
938
940
962
932
964
954
954
948
966
952
940
948
952
948
934
938
932
932
950
952
944
972
964
960
966
954
952
962
960
928
944
940
924
932
932
930
922
952
936
928
954
968
950
942
964
962
958
944
932
920
930
920
930
938
934
912
904
918
912
906
916
926
918
934
934
912
926
600
1178
944
948
942
920
940
946
918
900
902
878
868
880
888
932
960
986
970
1002
996
976
998
1010
968
968
974
950
942
958
974
946
960
956
948
950
972
948
926
954
954
932
944
964
942
960
944
926
944
952
930
950
958
968
942
970
982
972
990
978
952
960
948
936
920
938
954
936
950
954
950
952
958
944
914
912
914
896
906
926
934
926
974
970
958
952
982
984
960
976
972
962
964
968
948
970
986
970
960
962
960
942
942
910
908
898
886
894
904
936
956
970
978
1014
1032
1014
1018
1054
1040
1012
984
988
870
1058
966
950
948
948
932
932
942
936
928
940
936
930
934
940
930
918
962
942
934
938
964
930
912
932
914
918
946
986
990
984
1038
1002
1000
1004
990
960
984
956
958
946
946
936
934
932
940
950
934
950
966
958
966
976
954
960
958
944
940
952
944
914
932
920
922
942
948
938
952
938
934
928
968
940
934
912
934
956
940
960
968
962
954
956
960
950
958
962
938
954
954
936
946
944
942
934
932
936
940
950
964
968
960
988
972
972
978
982
970
946
950
950
932
936
926
926
940
936
934
934
930
932
920
930
954
946
954
972
968
956
970
954
938
946
936
938
924
936
934
914
928
918
904
942
936
944
934
950
942
938
948
958
940
952
940
932
934
926
916
934
946
944
944
970
966
958
964
950
948
964
952
956
958
956
924
922
904
904
910
926
924
938
938
926
932
930
916
932
926
918
914
920
934
914
936
930
926
934
926
928
950
962
974
956
968
962
956
948
956
948
950
966
954
944
954
938
944
928
918
930
916
930
924
950
942
940
964
970
948
960
960
952
950
956
960
944
962
992
982
978
994
984
970
988
996
978
972
976
958
944
958
948
928
942
940
918
934
944
960
936
948
948
936
964
960
940
974
970
952
966
968
960
948
968
958
952
954
942
956
964
974
956
802
1130
962
964
966
946
938
934
964
926
940
940
934
954
950
960
938
970
960
966
964
964
966
962
964
964
948
958
962
940
946
964
940
952
958
962
952
958
974
978
956
976
964
948
942
938
914
922
922
922
940
958
978
972
978
988
992
984
980
1004
974
950
952
926
914
916
924
950
986
992
970
1008
1010
994
972
980
972
958
982
956
956
946
946
942
944
942
920
934
924
916
924
930
928
922
936
938
932
944
962
958
946
958
966
938
950
946
938
930
946
960
946
974
984
972
1010
1004
1002
992
982
984
964
974
956
964
972
950
912
910
906
886
870
894
882
882
890
904
898
916
932
944
940
968
958
952
956
968
942
966
982
936
964
948
950
948
960
974
956
952
940
946
958
942
930
918
892
882
878
886
890
912
918
928
952
962
950
994
994
986
982
990
976
996
1004
974
966
966
948
926
922
936
930
944
956
930
926
936
932
932
938
948
984
984
992
980
986
1008
980
992
964
962
972
978
968
952
966
966
970
948
954
960
958
946
956
952
936
954
962
920
912
922
926
920
958
978
964
990
982
984
984
998
988
992
1010
998
980
980
988
964
908
902
890
858
852
828
850
852
842
840
840
834
832
864
858
864
868
860
870
880
862
854
866
866
874
896
910
932
968
990
1024
1028
1032
1016
1002
988
1000
992
972
982
978
942
716
1168
952
948
976
976
960
980
978
976
972
974
974
968
964
934
910
894
876
874
882
882
876
904
920
942
934
988
994
996
988
996
998
990
990
988
972
838
1080
966
940
936
946
958
954
978
984
972
980
992
982
984
1006
988
964
966
968
938
954
946
950
948
940
960
944
952
972
974
974
994
992
988
984
984
962
958
942
918
938
940
942
936
950
942
936
940
956
964
952
982
984
948
944
956
944
936
920
942
922
920
918
902
898
892
878
874
870
888
900
910
942
962
980
980
1004
1014
1008
988
992
988
972
968
982
974
946
970
978
972
960
964
936
902
898
878
856
850
860
872
896
922
920
962
986
996
994
1006
998
978
964
976
962
946
932
914
886
906
902
896
894
916
942
936
956
974
976
976
974
962
952
946
962
950
926
942
940
926
922
920
916
916
926
932
926
956
950
966
948
962
960
948
970
966
948
956
944
928
934
916
894
906
908
916
920
946
944
928
938
924
908
938
922
898
888
880
864
854
884
910
942
938
972
1006
1014
994
1014
1006
990
964
974
972
966
966
960
932
932
956
942
934
946
944
936
936
926
920
948
956
944
936
950
950
972
966
962
972
978
974
970
1010
998
980
984
988
966
972
962
944
960
956
938
948
950
936
940
958
970
958
978
982
964
972
976
958
968
990
990
982
984
980
952
974
954
942
954
952
950
944
970
966
946
958
948
914
908
896
892
894
928
938
952
956
998
996
970
1012
998
986
980
970
968
952
962
958
954
964
962
938
954
932
916
938
928
926
944
944
938
962
966
962
974
964
970
968
990
1006
982
994
976
956
968
968
962
970
976
958
928
938
928
916
946
948
936
956
966
950
956
980
988
990
1000
1004
990
996
994
964
978
972
958
952
962
968
956
990
964
956
948
964
964
948
958
954
952
976
980
976
996
1008
1008
1002
1016
1018
1008
1008
992
968
990
960
952
968
958
926
942
938
932
946
972
952
944
936
960
928
912
922
886
878
896
900
958
974
992
990
1026
1040
1010
1048
1028
1008
1016
1006
1006
972
1002
994
990
976
978
960
954
932
932
936
942
948
938
966
966
958
976
976
954
960
962
958
952
964
968
940
956
958
940
938
958
954
950
960
954
944
952
964
950
954
958
952
940
952
980
962
950
964
964
952
968
968
950
958
970
958
962
970
968
956
966
974
948
962
978
962
968
982
986
972
990
978
958
966
962
948
958
972
968
966
970
968
958
950
954
944
962
956
946
958
958
976
960
970
984
966
992
994
966
984
980
974
970
976
968
970
962
938
930
904
892
896
896
938
958
994
990
1028
1010
1008
1012
1012
1008
974
1000
988
966
986
1004
1000
996
1006
1008
988
1008
1010
970
976
986
976
958
978
970
932
948
928
930
918
924
928
920
936
940
932
952
968
952
964
970
962
948
958
942
940
942
942
932
946
944
938
958
958
960
944
950
938
924
924
902
904
888
874
874
878
906
920
934
950
976
982
1004
1004
986
990
990
968
942
960
952
932
940
940
922
942
942
938
954
972
976
956
966
966
970
962
968
962
954
978
972
958
942
942
916
932
928
916
954
956
954
960
978
976
962
964
970
958
970
978
954
944
954
930
934
936
932
940
950
946
928
940
952
932
932
938
944
926
932
932
912
926
922
928
920
940
960
950
954
960
962
958
974
990
972
978
978
954
978
974
952
964
958
944
942
966
962
958
970
964
952
958
960
950
970
972
964
956
952
936
920
898
892
900
894
920
952
984
978
1026
1042
1046
1030
1060
1026
1026
1002
986
984
990
972
954
970
956
952
952
964
962
946
982
980
958
980
978
944
958
940
920
908
896
884
888
894
908
936
958
958
982
994
994
1024
1050
1022
1026
1038
1052
1008
1016
1022
982
966
958
952
944
974
958
948
952
968
952
958
978
966
944
946
962
964
962
976
982
948
968
968
946
954
972
932
922
908
892
908
902
892
896
934
944
940
952
982
980
964
998
1014
1008
1000
1028
1008
982
990
990
980
956
980
966
954
950
944
940
918
940
930
928
938
946
932
954
944
922
952
946
942
930
942
956
938
924
924
912
890
896
872
878
856
860
852
858
894
910
902
910
934
952
946
934
946
940
918
916
900
900
894
878
856
858
880
870
860
856
862
866
860
854
868
860
860
838
852
834
830
836
828
830
848
860
914
926
942
948
954
992
984
978
946
960
956
938
932
958
970
930
956
966
950
964
960
954
928
944
914
918
676
1162
962
948
936
950
946
926
956
966
960
962
986
1000
982
1020
1030
1016
1000
1016
1004
982
984
970
956
994
992
978
982
1000
996
976
994
986
970
984
954
946
952
924
940
940
950
954
948
944
942
936
914
910
902
870
890
882
876
880
872
904
936
962
952
1000
1042
1046
1052
1078
1072
1026
1058
1050
1026
1008
1004
1000
980
1010
1010
992
1012
1018
992
968
992
998
980
964
974
958
944
972
962
948
974
996
972
988
1008
1000
1008
1004
1014
998
1004
1002
1002
968
970
970
944
956
958
958
960
970
966
942
968
972
968
992
996
970
984
976
946
966
964
960
944
972
972
954
706
1140
948
954
938
982
998
1018
1018
1038
1048
1016
1068
1042
1008
1010
1010
978
964
982
976
966
970
974
970
1000
1028
1006
994
1024
994
962
984
982
962
976
978
982
978
1010
1006
982
1000
996
960
978
974
968
962
972
974
964
986
992
962
978
980
664
1192
1046
990
986
964
940
924
936
906
886
892
892
914
938
960
980
1030
1046
1028
1088
1078
1064
1064
1056
1012
1022
1030
994
996
1008
1002
980
996
990
970
976
982
994
974
1006
990
976
994
1002
972
972
760
1152
982
972
978
978
978
998
1000
974
990
1010
1004
992
544
1246
1076
1004
976
968
990
986
964
984
980
996
990
988
984
986
976
962
976
976
964
984
988
968
988
988
976
984
982
958
958
974
976
968
984
998
982
1008
1018
1000
984
996
982
960
988
976
970
962
962
940
952
942
948
968
990
980
1016
1024
1004
998
1040
1024
1018
1038
1044
1010
1030
1040
1020
1032
1036
1008
1016
1036
1020
1010
1026
1016
986
998
992
978
996
980
984
990
998
986
988
992
982
992
992
974
988
992
1000
998
988
952
948
934
920
896
898
918
930
950
978
1014
1060
1030
1068
1074
1052
1050
1050
1020
1010
1008
992
980
1002
998
978
1004
988
972
982
996
1016
996
1012
988
994
1008
1004
990
1004
1002
984
754
1254
1008
1022
1022
992
1004
1020
1004
1010
1026
1006
990
1002
1004
994
996
986
972
994
984
972
988
984
962
978
976
974
968
972
972
958
786
1204
982
972
988
980
966
984
982
972
1000
1012
1012
1024
1034
1022
1026
698
1236
1038
996
986
968
984
970
960
980
976
976
998
1006
994
1016
1010
1000
1024
1020
998
1014
1010
978
986
980
980
974
990
984
988
996
988
992
1006
1014
1004
1022
1006
988
1006
996
982
982
982
974
978
998
994
992
1026
1014
992
1006
990
966
988
998
988
976
998
1006
986
1006
1008
982
1010
1010
994
1010
1036
1024
1008
1012
1020
1010
1014
1028
1018
1008
984
976
1000
990
986
1006
996
990
1010
1008
996
1012
1012
992
1000
998
984
992
990
960
978
980
986
990
996
978
998
1020
986
1006
1018
1006
1018
1034
1008
992
1000
990
958
970
970
966
972
982
980
1002
1012
1004
1026
1008
998
998
998
968
952
946
934
928
946
934
938
962
980
990
994
1032
1022
1022
1038
1028
1012
1016
1000
982
992
974
964
976
968
944
962
966
956
958
968
974
966
972
968
944
962
964
956
950
980
972
960
984
986
982
1002
1002
978
994
1012
980
980
976
978
978
986
978
956
966
962
956
958
942
948
970
966
966
976
990
976
986
976
976
978
990
976
998
996
970
966
948
952
968
970
966
1016
1030
1004
1022
1020
1010
1012
1024
1008
1000
1004
994
972
998
1018
994
1006
1036
1000
998
1000
966
972
972
966
958
978
976
970
984
984
972
988
988
972
996
1000
986
994
994
980
978
986
968
968
974
972
964
958
954
962
968
960
944
970
972
970
966
986
684
1196
1002
976
976
984
842
642
1048
712
642
628
742
1278
916
898
758
996
1294
1036
1050
1010
988
1002
1000
994
988
988
964
978
964
960
964
976
966
982
978
964
984
992
988
994
1008
986
1016
1002
990
994
996
992
1008
998
1000
1008
1000
984
976
982
978
976
1000
1008
1000
1016
1032
996
1010
988
994
994
992
972
992
1004
970
984
982
970
978
978
976
968
974
976
966
976
986
972
996
982
982
978
982
982
994
994
990
996
1010
998
982
1016
1006
992
998
1000
980
972
974
964
958
966
972
964
978
986
978
994
992
974
978
964
986
1002
968
964
990
998
984
1000
1008
1014
1008
986
1000
994
972
966
984
970
962
986
990
966
1004
992
982
978
980
974
964
990
988
968
974
990
982
998
1000
996
988
992
972
964
994
986
962
986
996
986
1002
1014
980
1012
1002
992
996
988
976
974
978
968
938
954
974
956
964
992
972
992
1008
990
978
1004
986
978
982
970
968
970
968
956
966
974
962
986
954
926
930
906
896
910
908
924
934
972
962
968
966
954
952
960
932
926
926
934
940
956
964
968
986
998
1004
996
1020
1012
992
1002
1014
1002
992
1012
1002
978
1022
1000
990
976
976
960
950
954
964
950
940
946
938
930
944
952
942
970
954
948
928
924
932
942
956
1012
1026
1040
1028
1030
1028
1000
998
990
966
968
960
942
932
950
946
956
962
990
976
998
1002
1010
998
1010
996
974
1000
988
960
970
962
962
950
978
1016
986
992
986
984
972
984
968
964
964
954
932
960
