1328
1168
1296
1256
1240
1248
1272
1256
1304
1248
1168
1208
1216
1208
1184
1176
1232
1200
1160
1208
1080
1144
1168
1136
1168
1144
1120
1168
1176
1016
1104
1152
1168
1224
1208
1216
1248
1208
1168
1216
1184
1160
1200
1240
1208
1192
1208
1176
1160
1192
1096
1080
1104
1112
1080
1096
1128
952
1080
1120
1080
1160
1168
1136
1224
1176
1160
1128
1184
1240
1216
1200
1216
1248
1184
1192
1216
1184
1256
1208
1208
1144
1152
1168
1168
1136
1144
1088
1136
1168
1144
1136
1168
1088
1136
1096
1120
1096
1096
1200
1216
1160
1208
1224
1144
1232
1104
1128
1128
1144
1200
1184
1136
1120
1120
1128
1160
1168
1192
1192
1144
1168
1176
1128
1128
1144
1144
1192
1192
1184
1232
1184
1224
1200
1208
1184
1200
1176
1184
1136
1120
1144
1064
1064
1128
1096
1152
1192
1144
1120
1184
1064
1112
1192
1112
1192
1192
1152
1200
1152
1168
1216
1192
1192
1168
1160
1200
1176
1200
1184
1128
1168
1136
1160
1152
1152
1136
1216
1192
1104
1080
1144
1104
1192
1176
1160
1224
1248
1216
1232
1144
1152
1208
1192
1192
1184
1168
1168
1176
1160
1184
1176
1176
1232
1176
1208
1072
1120
1120
1080
1120
1112
1096
1160
1112
1136
1144
1088
1128
1136
1104
1104
1112
1160
1192
1120
1136
1120
1128
1200
1184
1160
1232
1216
1208
1200
1136
1136
1160
1176
1200
1184
1152
1152
1160
1136
1160
1144
1160
1152
1104
1120
1128
1104
1128
1128
1112
1176
1128
1184
1216
1168
1192
1168
1144
1152
1168
1120
1144
1112
1128
1192
1160
1144
1176
1152
1208
1176
1176
1120
1120
1112
1128
1032
1048
1104
1088
1160
1192
1152
1184
1176
1176
1064
1072
1048
1096
1136
1080
1184
1120
1160
1216
1176
1192
1168
1112
1152
1120
1184
1176
1112
1160
1208
1176
1208
1200
1176
1224
1200
1072
1104
1080
1088
1136
1088
1096
1128
1072
1112
1112
1064
1088
1136
1104
1120
1112
1056
1112
1112
1112
1136
1152
1128
1216
1160
1160
1192
1144
1176
1216
1168
1176
1200
1168
1176
1192
1184
1192
1128
1208
1200
1144
1224
1104
1168
1152
1176
1032
1120
1008
1120
1160
1096
1176
1184
1152
1112
1152
1040
1104
1104
1144
1120
1120
1104
1136
1120
1160
1136
1128
1160
1160
1120
1176
1168
1120
1104
1104
1056
1056
1064
1136
1160
1120
1168
1144
1120
1144
1128
1112
1136
1064
1184
1176
1136
1152
1160
1160
1240
1184
1192
1200
1184
1184
1160
1112
1088
1120
1128
1144
1128
1112
1136
1096
1136
1136
1064
1072
1096
1136
1160
1144
1160
1168
1096
1176
1088
1064
1160
1168
1136
1192
1136
1184
1176
1144
1176
1152
1160
1200
1160
1168
1168
1088
1112
1112
1120
1112
1056
1064
1168
1112
1128
1144
1168
1120
1136
1088
1104
1120
1120
1120
1120
1080
1104
1064
1128
1152
1088
1168
1152
1152
1160
1120
1104
1120
1136
1184
1192
1184
1176
1200
1112
1120
1152
1088
1120
1104
1112
1112
1064
1096
1064
1096
1168
1112
1144
1144
1128
1120
1080
1016
1000
1120
1096
1112
1168
1120
1176
1200
1160
1168
1192
1104
1160
1136
1104
1136
1144
1160
1168
1128
1112
1152
1120
1136
1152
1136
1128
1112
1088
1096
1088
1128
1112
1120
1160
1112
1168
1072
1112
1104
1160
1128
1136
1128
1088
1112
1128
1088
1088
1136
1128
1160
1144
1144
1168
1152
1176
1112
1120
1112
1096
1120
1144
1048
1104
1112
1112
1144
1128
1136
1128
1128
1168
1152
1152
1128
1104
1080
1104
1088
1136
1128
1096
1152
1136
1096
1136
1088
1056
1072
1064
1072
1144
1104
1096
1128
1104
1144
1152
1128
1104
1136
1104
1184
1152
1096
1096
1024
1064
1112
1056
1120
1112
1104
1160
1120
1056
1072
1024
1080
1120
1072
1128
1152
1112
1184
1136
1136
1160
1128
1168
1152
1136
1120
1072
1112
1080
1096
1072
984
880
856
848
808
472
808
760
712
712
696
688
672
696
680
672
984
1032
664
664
656
656
640
656
624
656
688
744
816
904
960
1000
1024
1080
1096
1136
1136
1112
1096
1232
1152
1080
1096
1080
1032
1064
976
1008
1016
1000
1056
1144
1096
1104
1080
1104
1088
1136
1224
1176
1280
1240
1256
1256
1264
1192
1224
1264
1232
1256
1216
1232
1248
1136
1104
1056
1088
1096
1080
1168
1144
1120
1224
1176
1200
1208
1168
1224
1232
1208
1240
1248
1336
1296
1328
1336
1344
1344
1328
1360
1304
1272
1240
1184
1224
1160
1112
1176
1096
944
1000
1264
464
872
808
816
720
944
1136
584
880
904
800
872
840
1136
600
808
808
752
776
776
800
776
824
704
744
728
720
744
768
776
760
808
696
744
744
712
760
760
768
768
768
768
784
776
776
864
920
936
888
904
880
888
896
896
992
1024
1056
1120
1144
1160
1168
1160
1152
1128
1136
1112
1064
1088
1136
1096
1080
1056
1024
1040
1032
1040
1040
1064
1072
1072
1128
1128
1104
1112
1176
1208
1200
1248
1232
1232
1248
1208
1208
1176
1144
1176
1160
1160
1128
1112
1136
1088
1152
1136
1128
1128
1152
1136
1152
1136
1152
1192
1200
1232
1224
1224
1232
1264
1160
1176
1136
1160
1192
1160
1200
1136
1144
1104
1096
1136
1104
1160
1160
1120
1152
1152
1128
1168
1136
1120
1136
1096
1112
1152
1160
1136
1168
1160
1120
1136
1144
1080
1136
1104
1104
1112
1152
1120
1176
1128
1152
1184
1120
1128
1136
1160
1136
1160
1104
1136
1160
1192
1168
1152
1184
1144
1104
1104
1120
1136
1144
1120
1136
1192
1200
1192
1200
1128
1176
1160
1184
1144
1136
1192
1080
1104
1096
1064
1080
1104
1136
1096
1080
1104
1072
1088
1112
1128
1128
1160
1184
1160
1200
1176
1160
1208
1240
1216
1168
1224
1168
1160
1200
1152
1152
1208
1112
1176
1120
1112
1144
1168
1104
1128
1096
1104
1080
1144
1112
1136
1168
1176
1168
1232
1192
1160
1240
1216
1216
1200
1176
1144
1136
1136
1120
1192
1240
1232
1248
1248
1240
1144
1216
1112
1128
1152
1128
1200
1208
1176
1232
1152
1208
1152
1176
1184
1160
1152
1176
1136
1168
1120
1112
1144
1176
1136
1176
1224
1192
1200
1184
1072
1112
1112
1144
1104
1168
1152
1128
1144
1136
1152
1128
1192
1144
1168
1184
1072
1152
1088
1104
1104
1184
1184
1192
1192
1200
1192
1136
1176
1200
1128
1136
1120
1136
1136
1112
1112
1104
1112
1152
1120
1112
1152
1144
1152
1184
1168
1168
1152
1192
1160
1176
1176
1136
1184
1144
1104
1120
1112
1136
1136
1168
1168
1192
1128
1160
1152
1184
1184
1144
1216
1152
1160
1184
1152
1144
1184
1168
1176
1200
1200
1208
1200
1168
1096
1136
1128
1128
1136
1144
1152
1152
1088
1144
1136
1096
1208
1160
1144
1160
1128
1136
1112
1088
1080
1128
1200
1168
1184
1232
1216
1224
1240
1120
1120
1136
1168
1168
1200
1208
1232
1144
1184
1144
1136
1136
1104
1128
1112
1080
1048
1072
1048
1064
1104
1112
1096
1128
1144
1136
1144
1104
1112
1184
1184
1176
1176
1184
1192
1160
1136
1144
1120
1168
1136
1144
1136
1080
1112
1152
1096
1160
1144
1112
1144
1160
1128
1168
1192
1152
1144
1160
1128
1152
1200
1176
1168
1152
1144
1120
1128
1176
1128
1160
1144
1168
1168
1152
1096
1088
1152
1160
1192
1184
1168
1168
1168
1112
1160
1136
1136
1136
1200
1168
1200
1224
1192
1184
1200
1160
1160
1176
1168
1136
1136
1160
1144
1144
1136
1176
1216
1176
1176
1192
1176
1136
1144
1112
1120
1136
1136
1112
1136
1152
1160
1160
1160
1184
1160
1184
1200
1200
1192
1200
1192
1104
1152
1112
1160
1168
1160
1232
1208
1216
1128
1096
1184
1096
1144
1152
1176
1160
1200
1176
1144
1184
1152
1152
1112
1160
1152
1096
1104
1136
1136
1176
1200
1176
1200
1176
1152
1184
1112
1136
1152
1168
1128
1176
1176
1160
1200
1160
1152
1208
1208
1192
1200
1200
1184
1192
1168
1152
1176
1144
1176
1208
1184
1200
1208
1160
1152
1088
1080
1072
1152
1128
1104
1128
1112
1120
1104
1144
1152
1152
1200
1200
1176
1160
1184
1136
1168
1184
1160
1168
1184
1176
1016
960
872
792
776
784
752
784
784
784
848
824
848
840
816
832
800
880
1000
1104
1152
1184
1240
1264
1248
1240
1232
1208
1184
1192
1152
1136
1176
1128
1128
1128
1064
1088
1112
1136
1216
1280
1232
1264
1280
1296
1280
1240
1280
1232
1280
1216
1216
1224
1208
1232
1216
1248
1208
1224
1256
1216
1104
1144
1192
1096
1128
1184
1184
1224
1216
1200
1224
1208
1216
1208
1136
1064
1080
1120
1216
1264
1200
1240
1264
1224
1224
1224
1192
1184
1152
1136
1168
1144
1152
1160
1176
1192
1192
1120
1176
1120
1128
1160
1200
1200
1208
1232
1072
1120
1152
1136
1232
1232
1224
1216
1224
1160
1120
1136
1128
1112
1104
1144
1136
1128
1160
1136
1112
1120
1128
1128
1144
1152
1128
1120
1168
1168
1152
1176
1160
1200
1256
1232
1208
1240
1176
1168
1176
1144
1136
1136
1168
1136
1144
1112
1128
1128
1184
1144
1168
1144
1176
1160
1184
1072
1088
1144
1096
1176
1168
1200
1256
1208
1176
1128
1128
1104
1112
1152
1128
1176
1192
1184
1216
1208
1192
1208
1216
1176
1200
1184
1176
1168
1184
1152
1152
1160
1136
1104
1120
1088
1080
1104
1096
1072
1072
1064
1032
1104
1096
1096
1096
1120
1120
1136
1112
1088
1152
1040
1064
1064
1048
1040
1048
1136
1144
1176
1160
1144
1176
1176
1048
1048
1064
1040
1088
1144
1128
1152
1144
1144
1144
1144
1152
1104
1120
1128
1112
1088
1072
1064
1056
1048
1104
1128
1160
1128
1160
1176
1152
1112
1096
1120
1096
1104
1120
1144
1128
1120
1120
1112
1104
1128
1096
1096
1072
1072
1088
1040
1088
1072
1024
1048
1040
1048
1072
1056
1072
1112
1104
1104
1064
1056
1056
1056
1136
1176
1128
1144
1128
1120
1120
1144
1144
1104
1096
1096
1152
1136
1136
1136
1112
1128
1128
1136
1152
1152
1168
1160
1152
1080
1096
1120
1104
1072
1032
976
936
944
960
1080
1120
1120
1136
1152
1144
1128
1104
1104
1120
1088
1104
1056
1072
1120
1112
1104
1072
960
912
872
920
928
1032
1096
1120
1152
1200
1184
1168
1224
1136
1216
1120
1152
1200
1216
1240
1216
1248
1048
1200
1128
1112
1152
1080
1112
1096
1048
1120
952
1032
1048
1064
1080
1104
1072
1064
1120
1128
1128
1152
1176
1192
1240
1240
1256
1248
1248
1256
1248
1176
1208
1176
1160
1176
1128
1072
1096
1112
1096
1112
1088
1120
1176
1160
1152
1144
1168
1152
1120
1152
1128
1120
1160
1136
1120
1144
1088
1104
1176
1152
1176
1176
1184
1192
1064
1056
1048
1040
1112
1080
1080
1032
968
896
936
1064
1064
1168
1232
1200
1264
1232
1232
1200
1160
1168
1192
1152
1184
1192
1200
1216
1240
1080
1112
1144
1088
1120
1144
1080
1112
1160
1152
1128
1128
1144
1168
1144
1184
1096
1144
1136
1128
1144
1144
1184
1208
1184
1200
1184
1184
1192
1160
1168
1136
1136
1160
1160
1160
1168
1136
1144
1112
1136
1120
1104
1120
1128
1096
1120
1080
1048
1112
1032
1064
1048
1080
1048
1040
1048
1064
1032
1064
1128
1120
1104
1120
1120
1136
1176
1136
1160
1144
1176
1104
1144
1120
1120
1096
1160
1160
1136
1152
1120
1152
1144
1152
1152
1152
1168
1112
1096
1088
1072
1072
1096
1128
1128
1112
1112
1120
1136
1144
1136
1112
1128
1120
1120
1120
1096
1072
1104
1088
1120
1112
1120
1136
1152
1136
1112
1096
1072
1080
1080
1056
1064
1024
1080
1072
1056
1048
1064
1088
1088
1072
1072
1080
1064
1056
1048
1088
1056
1072
1096
1128
1120
1112
1104
1080
1080
1064
1056
1056
1048
1040
1056
1096
1088
1064
1088
1112
1128
1176
1160
1136
1160
1120
1128
1104
1096
1080
1080
1080
1160
1152
1128
1152
1176
1152
1200
1032
1088
1136
1040
1088
1088
1040
1080
1088
1072
1064
1064
1072
1056
1064
1064
1008
1064
984
1008
1024
1016
1048
1072
1080
1104
1104
1080
1112
1040
1032
1048
1056
1088
1072
1144
1160
1168
1152
1152
1112
1168
1088
1096
1096
1104
1088
1152
1144
1128
1088
1120
1096
1112
1120
1120
1104
1112
1136
1096
1072
1056
1064
1048
1112
1088
1096
1088
1104
1096
1120
1096
1120
1120
1104
1144
1128
1136
1128
1104
1096
1112
1088
1080
1088
1104
1104
1096
1088
1088
1048
1080
1056
1048
1032
1112
1096
1096
1064
1056
1080
1056
1032
1064
1048
1040
1056
1040
1048
1032
1000
1008
1016
1088
1072
1064
1064
1064
1048
1080
864
784
728
704
696
656
680
688
672
696
656
640
680
592
608
656
688
688
704
720
752
768
784
824
832
840
880
912
872
904
936
952
952
984
976
984
1024
1072
1016
1008
920
872
912
936
1000
1000
1024
1040
1024
1056
1040
1032
1040
1048
1056
1096
1104
1104
1120
1128
1120
1176
1176
1032
1160
1104
1128
1160
1136
1144
1160
1136
1128
1136
1144
1168
1168
1136
1144
1144
1160
1248
1208
1192
1232
1264
1240
1288
1256
1200
1192
1216
1240
1240
1240
1208
1288
1248
1264
1208
1264
1304
1256
1256
1280
1280
1280
1296
1272
1256
1288
1248
1232
1216
1192
1216
1184
1128
1136
1144
1176
1208
1192
1184
1128
1184
1176
1136
1168
1144
1224
1208
1192
1208
1200
1240
1224
1200
1248
1112
1168
1184
1192
1112
1176
1192
1152
1168
1144
1176
1176
1200
1192
1088
1096
1160
1064
1136
1160
1160
1184
1184
1168
1176
1120
1080
1056
1056
1048
1056
1064
1144
1160
1112
1136
1128
1128
1128
1144
1128
1120
1096
1088
1112
1144
1136
1120
1192
1192
1152
1168
1168
1184
1200
1168
1176
1152
1144
1208
1216
1176
1152
1176
1192
1192
1160
1152
1208
1184
1160
1088
1088
1088
1112
1184
1160
1192
1152
1184
1200
1200
1192
1208
1136
1168
1176
1128
1136
1136
1128
1144
1144
1144
1168
1160
1184
1184
1168
1112
1120
1096
1104
1080
1072
1088
1064
1064
1064
1080
1096
1152
1144
1152
1136
1152
1104
1160
1032
1024
968
952
912
872
832
784
760
744
736
720
696
736
768
792
848
888
904
952
992
1008
1024
1016
1008
1024
1016
992
984
968
968
1016
1048
1016
1024
1000
1016
992
1040
1072
1128
1168
1224
1248
1232
1216
1176
1152
1160
1176
1184
1184
1192
1224
1200
1168
1232
1104
1200
1104
1096
1040
1056
1072
1048
1120
1088
1120
1208
1248
1208
1136
1216
1056
1120
1080
1072
1080
1144
1208
1192
1216
1184
1200
1208
1200
1216
1216
1176
1200
1160
1104
1072
1072
1120
1056
1120
1112
1056
1104
1104
1128
1136
1128
1056
1120
1120
1096
1072
960
880
840
800
776
760
760
736
720
744
680
704
696
720
632
712
624
648
720
768
824
880
920
936
1008
1040
1072
1088
1120
1088
1080
1104
1064
1056
1040
1008
1024
1040
1072
1032
1064
1072
1048
1056
1112
1072
1104
1120
1128
1168
1152
1136
1104
1144
1144
1144
1160
1168
1216
1192
1208
1120
1120
1128
1128
1080
1088
1000
992
1048
1016
1064
1024
1040
1088
1104
1096
1096
1104
1120
1096
1104
1096
1064
1128
1152
1208
1248
1184
1168
1144
1136
1160
1144
1088
1112
1104
1088
1112
1088
1072
1080
1112
1080
1112
1096
1096
1168
1152
1144
1104
1112
1112
1168
1160
1176
1192
1192
1192
1128
1088
1152
1056
1104
1144
1056
1112
1080
1112
1144
1128
1088
744
1328
1176
1144
1128
1112
1080
1096
1152
1144
1144
1152
1096
1128
1152
1176
1192
1016
1120
1136
1096
1104
1152
1128
1064
1088
1032
1024
1040
1112
1152
1112
1128
1064
1096
1104
1128
1104
1088
1136
1176
1200
1184
1176
1168
1192
1120
1072
1064
1056
1072
1080
1088
1072
1072
1040
1104
1096
1152
1136
1112
1168
1176
1136
1128
1120
1080
1096
1136
1128
1176
1184
1200
1216
1240
1080
1136
1168
1160
1136
1184
1136
1176
1160
1136
1152
1176
1184
1168
1200
1184
1104
1104
1096
1080
1096
1080
1088
1080
1136
1096
1096
1112
1128
1096
1136
1184
1176
1176
1240
1224
1216
1240
1256
1264
1224
1240
1208
1192
1176
1168
1144
1096
1096
1072
1080
1096
1088
1096
1136
1120
1088
1104
1080
1088
1168
1152
1152
1184
1184
1208
1216
1192
1144
1176
1112
1112
1096
1072
1080
1080
1088
1032
1104
1024
1048
1128
1128
1096
1112
1128
1032
1112
1040
1064
952
896
912
856
928
936
944
992
1024
1104
1128
1128
1144
1160
1160
1160
1112
1152
1096
1120
1104
1104
1096
1120
1088
1088
1088
1088
1016
1072
1080
1072
1096
1120
1128
1168
1176
1152
1200
1184
1168
1208
1200
1136
1168
1160
1168
1168
1160
1096
1096
1096
1128
1128
1128
1072
992
1040
1056
1056
1128
1112
1104
1216
1176
1168
1224
1208
1216
1256
1256
1240
1208
1232
1216
1200
1168
1160
1168
1136
1096
1080
1104
1080
1040
1024
1056
1056
1056
1120
1064
1144
1136
1104
1176
1136
1176
1168
1152
1144
1184
1152
1144
1144
1112
1144
1112
1080
1064
1128
1128
1136
1136
1144
1024
1040
1040
1016
1048
1056
1072
1168
1120
1104
1080
1128
1104
1152
1176
1160
1104
1128
1136
1112
1088
1112
1152
1152
1136
1152
1136
1136
1152
1120
1128
1112
1088
1112
1184
1176
1168
1192
1112
1096
1120
1120
1096
1120
1080
1096
1080
1104
1104
1080
1152
1160
1144
1200
1192
1152
1208
1064
1032
1056
1096
1120
1112
1176
1144
1128
1144
1144
1072
1112
1120
1120
1152
1152
1128
1176
1168
1160
1144
1112
1112
1192
1184
1176
1184
1176
1192
1112
1072
1088
1056
1048
1080
1080
1032
1056
1048
1048
1096
1112
1096
1120
1152
1136
1160
1168
1160
1104
1144
1136
1120
1144
1176
1160
1136
1176
1128
1008
1024
1064
1040
1064
1112
1104
1120
1152
1128
1200
1152
1152
1176
1160
1160
1112
1112
1160
1144
1088
1104
1160
1160
1152
1168
1136
1136
1120
1144
1120
1104
1152
1064
1096
1168
1120
1104
1128
1136
1112
1168
1176
1144
1208
1184
1136
1104
1120
1160
1176
1200
1168
1168
1184
1176
1192
1144
1088
1096
1120
1136
1120
1152
1144
1128
1152
1192
1152
1152
1168
1144
1160
1120
1136
1120
1176
1160
1144
1144
1184
1176
1144
1160
1168
1088
1072
1072
1080
1080
1136
1120
1112
1088
1088
1096
1056
1056
1072
1088
1136
1176
1128
1192
1160
1192
1064
1136
1136
1128
1128
1120
1160
1040
1104
1088
1072
1088
1096
1048
1072
1096
1072
1096
1120
1112
1136
1144
1112
1160
1080
1088
1136
1112
1112
1040
1128
1064
1056
1056
1040
1088
1104
1128
1112
1096
1112
1176
1152
1160
1176
1176
1176
1200
1176
1176
1176
1184
1168
1136
1144
1112
1112
1056
888
824
776
744
728
856
792
584
800
704
944
776
568
704
752
608
704
720
752
792
840
528
512
1088
1032
1128
1232
1248
1248
1200
1336
1304
1296
1296
1264
1224
1224
1232
1224
1216
1224
1176
1136
1128
1032
1072
1080
1072
1160
1168
1168
1208
1224
1216
1256
1248
1256
1256
1264
1240
1216
1240
1256
1264
1232
1240
1232
1216
1216
1176
1064
1096
1040
968
968
984
944
984
1072
1072
1184
1200
1168
1216
1224
1232
1232
1248
1264
1272
1272
1280
1240
1248
1280
1224
1248
1216
1168
1160
1136
1016
1008
1016
1048
1040
1112
1144
1144
1200
1216
1192
1192
1264
1200
1144
1024
944
872
816
816
768
744
720
752
656
712
712
688
728
736
720
736
712
704
744
744
744
856
840
864
856
896
936
1008
1008
992
1048
1048
1064
1104
1104
1112
1096
1104
1072
1056
1000
960
944
984
888
928
952
936
952
1000
992
968
1000
1016
1000
1088
1120
1112
1144
1192
1184
1224
1240
1208
1240
1168
1232
1216
1224
1200
1184
1176
1160
1096
1112
1080
1024
1080
1120
1088
1080
1072
1048
1136
1104
1080
1144
1144
1176
1192
1184
1192
1216
1168
1208
1232
1152
1208
1192
1176
1232
1088
1096
1176
1072
1056
1112
976
976
1008
976
1000
944
1000
1008
1072
1064
1112
1168
1160
1192
1240
1200
1224
1216
1216
1232
1224
1216
1200
1184
1200
1120
1144
1160
1080
1088
1064
952
936
944
920
984
1024
1024
1136
1168
1152
1192
1184
1144
1208
1240
1208
1216
1208
1208
1176
1144
1104
1176
1096
1136
1176
1144
496
