858
688
676
668
654
668
648
648
648
638
646
644
648
642
652
640
642
646
654
640
648
620
616
622
620
622
624
616
602
644
664
676
722
708
690
726
700
706
692
684
692
672
682
678
678
678
674
674
668
668
664
664
670
670
658
660
678
666
664
666
660
664
648
462
774
630
636
672
650
650
660
658
660
654
646
646
634
624
638
626
628
624
628
620
636
640
644
644
626
622
622
624
628
626
618
630
610
610
628
628
622
646
632
640
640
636
632
628
632
630
636
624
630
624
622
616
600
610
612
598
608
600
600
614
608
606
614
604
608
608
598
594
600
600
602
590
594
600
596
588
586
586
582
592
582
602
574
600
636
630
640
652
638
624
628
622
620
614
606
646
628
634
638
632
626
622
624
632
636
636
624
622
626
636
632
636
636
652
644
654
658
648
650
662
656
648
654
656
658
646
654
648
658
644
660
658
664
664
670
668
662
676
682
688
678
704
694
720
704
686
682
672
696
688
668
660
656
664
662
672
682
664
698
690
680
696
696
662
660
652
650
660
652
650
658
658
654
634
642
646
640
636
642
636
694
692
680
686
706
688
686
690
694
678
684
678
674
672
666
672
666
666
670
638
632
648
648
648
646
642
698
688
670
690
674
674
686
672
682
682
672
682
730
712
698
724
698
676
672
674
666
690
680
666
710
708
710
732
740
742
752
752
766
746
772
738
708
696
682
674
674
672
676
672
672
670
674
670
662
666
660
646
640
644
652
656
692
684
690
692
690
678
678
670
692
662
470
780
662
658
712
678
734
748
744
756
718
674
670
688
686
672
666
662
664
662
680
678
714
692
706
688
686
686
684
688
698
702
690
686
684
674
672
672
654
656
652
656
680
674
680
680
688
698
698
706
702
712
712
716
712
704
716
716
708
710
716
712
706
710
726
722
726
714
728
728
722
748
724
722
734
704
714
714
708
690
704
708
718
710
700
700
678
666
668
666
672
666
678
700
696
694
700
704
708
696
706
710
702
716
746
736
734
752
718
680
684
678
680
676
670
654
672
656
722
722
720
712
702
726
706
704
712
702
682
674
686
672
674
680
690
688
694
722
748
734
718
732
718
692
684
690
678
690
672
672
680
672
656
682
672
664
670
658
662
670
674
696
700
710
714
732
726
720
722
734
724
718
706
706
700
700
708
692
694
680
708
694
688
700
674
672
654
652
664
660
660
650
648
646
644
636
646
646
660
686
680
700
710
716
704
706
718
720
712
706
708
700
698
688
698
704
698
692
692
706
694
698
684
696
692
690
688
684
674
676
690
670
668
658
666
664
686
688
696
702
710
722
726
730
732
738
744
722
742
752
750
740
720
704
702
696
680
672
688
688
686
680
692
684
720
718
716
716
734
764
734
742
762
734
702
702
694
686
676
680
688
686
676
672
678
684
674
674
668
672
684
682
682
692
702
696
686
762
728
720
718
724
710
694
688
674
662
666
656
654
662
666
658
682
658
692
710
716
726
726
734
728
772
746
746
738
764
732
708
696
708
700
686
666
674
694
690
738
716
702
716
714
716
714
696
696
700
702
718
722
722
724
720
722
718
718
718
718
706
712
712
710
724
714
706
714
728
716
734
726
692
668
676
678
676
666
654
658
664
664
654
662
658
648
654
654
644
640
680
680
712
712
720
700
730
718
684
682
662
676
678
654
686
676
656
656
650
674
690
696
692
706
712
706
690
684
684
716
688
668
662
646
644
644
644
648
644
640
670
668
682
682
692
700
694
682
698
676
672
664
666
672
674
666
690
684
666
670
678
678
678
674
714
720
734
722
722
710
704
696
696
686
708
716
706
696
698
706
710
720
706
720
714
718
720
712
716
722
726
714
714
712
728
722
724
732
736
752
740
744
742
742
734
736
730
714
734
694
666
662
662
668
660
648
696
662
698
688
692
700
702
720
702
720
706
694
692
694
686
676
694
676
668
688
696
696
694
690
704
680
704
684
676
682
706
704
698
710
698
714
724
712
684
680
666
682
682
668
676
670
684
686
678
682
688
734
716
722
708
698
700
694
704
702
708
704
696
708
720
706
700
696
688
698
696
686
696
702
714
706
714
732
740
748
732
680
710
692
680
672
680
672
664
654
654
658
648
686
680
710
704
696
716
706
680
676
672
676
694
682
686
660
676
674
652
708
706
732
730
718
734
718
696
696
698
672
672
662
666
666
664
664
656
654
700
712
716
708
728
710
682
692
698
700
692
700
700
688
694
708
706
708
706
722
694
740
734
756
754
748
760
774
756
756
748
764
748
748
762
752
740
756
736
742
736
732
730
720
720
736
720
722
730
740
736
736
740
746
726
722
728
742
726
732
734
736
730
726
720
740
746
748
738
744
750
740
750
738
728
750
716
690
706
710
700
698
700
714
714
722
732
732
734
728
740
740
728
734
736
728
732
696
708
800
828
760
794
760
724
706
692
676
670
662
652
662
650
668
660
662
664
660
660
672
664
658
658
672
652
700
710
702
708
704
716
712
712
700
706
702
696
684
688
672
674
696
688
660
654
668
674
656
690
680
672
682
690
706
710
702
692
694
702
690
686
682
690
684
684
680
684
704
686
656
658
660
660
654
650
662
658
652
664
640
650
646
658
656
640
686
676
664
656
668
660
652
678
668
638
640
638
646
642
636
650
648
648
660
650
660
638
622
642
640
638
636
640
642
626
626
622
620
612
620
620
616
614
616
618
614
608
616
610
592
642
628
634
646
654
650
640
650
656
646
650
652
648
642
638
640
644
650
648
646
632
636
632
628
622
632
642
654
658
656
640
646
636
634
630
632
648
640
648
650
664
652
644
638
632
632
628
640
658
656
658
648
642
650
638
656
654
654
638
628
632
634
628
644
634
640
646
642
630
636
622
624
638
628
632
634
620
624
622
620
616
624
614
612
630
644
632
640
628
620
628
636
640
630
636
654
662
680
662
662
650
642
652
650
696
712
708
722
714
672
694
688
692
690
676
672
668
668
672
676
666
670
660
668
664
654
660
658
644
642
622
640
638
624
644
630
624
670
684
672
680
714
722
718
734
710
710
692
688
684
672
672
670
660
660
660
678
714
708
694
706
706
706
702
692
684
702
672
672
680
678
682
672
682
664
662
666
662
694
678
688
686
678
684
676
680
688
684
718
728
738
724
734
720
694
720
702
710
720
700
680
668
662
672
652
652
656
662
480
808
664
670
716
692
692
668
672
670
656
660
658
648
670
668
698
704
716
716
698
692
718
724
744
742
724
718
736
724
710
706
718
696
724
700
716
722
698
684
696
692
680
704
710
708
696
688
710
712
730
734
722
776
750
730
758
736
702
680
660
690
682
658
672
670
684
694
722
754
746
730
754
712
684
704
702
680
718
700
708
706
690
696
700
698
690
686
674
700
702
708
704
692
716
714
678
664
656
648
654
666
646
686
664
664
672
670
676
664
662
656
666
676
670
680
670
664
692
674
656
666
654
646
662
662
650
642
686
698
706
686
706
684
654
642
644
634
646
636
656
652
648
654
680
662
660
674
658
664
678
684
678
708
686
680
696
708
706
704
712
704
718
738
718
726
732
738
744
732
694
684
672
688
680
692
690
688
704
700
682
700
698
688
684
686
678
704
694
700
684
694
704
652
700
680
652
662
656
664
660
652
676
680
662
672
684
684
680
686
672
676
682
666
664
674
670
662
652
668
652
654
658
664
650
666
656
648
682
666
668
692
684
684
700
692
662
668
658
662
650
658
664
654
668
646
650
636
636
630
628
624
630
618
624
616
614
614
618
618
616
610
610
622
632
622
618
620
624
628
624
624
632
646
632
646
634
644
626
640
642
636
638
628
638
620
618
624
622
612
604
608
618
600
600
590
604
590
610
666
632
634
646
634
630
628
622
618
614
626
622
624
618
624
620
612
610
616
616
628
608
616
608
608
604
604
600
610
612
606
604
626
618
622
612
608
616
620
626
622
604
628
622
612
612
608
600
614
600
614
604
608
602
600
612
596
598
614
610
622
600
620
618
624
616
606
616
632
618
616
622
628
624
614
614
618
618
622
614
626
622
620
626
624
618
604
606
614
606
618
600
610
624
618
606
606
620
624
612
620
618
620
616
618
610
612
630
620
622
620
622
622
608
612
616
608
610
612
614
624
606
620
618
626
610
604
612
620
600
608
610
532
688
614
608
636
616
608
616
608
610
476
698
606
606
642
626
604
610
616
606
464
690
612
616
642
616
614
614
606
604
594
598
590
592
598
592
576
626
622
616
614
612
608
604
610
590
592
602
598
594
582
590
604
600
588
582
596
602
592
590
590
606
594
606
600
598
586
610
598
602
594
592
610
596
592
592
590
598
600
588
610
596
600
598
552
664
594
598
636
618
592
598
598
592
600
604
600
596
594
600
602
592
590
592
582
590
586
580
586
596
586
586
590
596
592
590
590
592
588
588
588
594
590
586
598
604
598
594
604
616
606
606
598
600
602
600
596
606
588
580
594
502
618
580
584
590
584
576
576
578
574
586
586
582
578
584
596
592
594
588
594
600
596
596
602
592
604
598
594
590
602
596
596
596
606
604
592
596
608
598
600
596
608
604
590
602
594
594
592
596
596
594
604
602
600
602
604
608
606
608
604
598
612
620
612
608
610
614
608
610
604
590
614
614
604
606
614
616
614
620
624
610
620
610
614
608
612
608
600
600
608
586
598
604
598
606
606
600
608
600
594
588
590
594
590
580
584
578
586
578
582
576
588
594
604
596
584
594
596
598
592
604
600
598
588
592
580
580
578
588
590
586
584
580
548
626
578
580
582
588
586
582
600
612
636
632
624
628
624
636
622
628
636
630
634
620
636
636
632
632
622
634
632
624
632
636
630
618
634
630
626
632
626
630
620
628
632
632
628
632
644
656
638
636
634
652
640
618
630
618
614
614
622
626
622
628
636
626
634
642
620
652
642
666
680
672
658
676
668
668
672
664
674
682
692
682
680
708
696
704
714
728
720
718
738
730
696
698
676
680
682
686
658
670
664
676
668
668
686
666
706
712
728
736
718
744
752
740
720
732
726
710
716
710
712
696
694
702
698
686
694
682
720
706
694
728
708
716
716
734
726
724
724
722
728
736
722
738
736
760
756
742
720
734
722
460
930
702
696
728
704
722
718
718
732
704
714
750
864
784
812
818
774
758
768
750
738
696
694
694
676
674
658
650
646
640
626
628
622
620
612
620
616
620
614
614
604
606
614
600
612
604
618
600
628
624
628
636
620
620
612
618
622
610
608
594
546
662
606
636
618
642
648
644
630
628
638
624
612
606
600
610
594
594
588
604
608
610
606
616
606
628
612
616
610
620
614
610
614
622
624
634
620
608
610
604
606
598
600
598
606
618
614
626
536
712
628
632
670
636
630
634
634
640
632
634
636
638
636
632
622
626
624
628
624
610
656
650
656
654
642
650
634
632
656
648
628
622
624
612
614
620
622
622
622
624
640
636
632
630
632
628
628
634
614
632
622
618
618
622
628
616
622
622
624
628
616
614
616
612
614
610
614
606
616
602
608
610
618
618
614
618
616
624
616
626
620
618
612
608
612
608
614
608
594
646
652
654
644
664
672
662
676
668
664
666
666
658
672
676
670
662
660
660
682
676
676
698
676
688
670
660
662
670
674
668
676
664
680
688
682
686
686
680
690
688
692
692
694
676
676
692
676
674
660
678
676
676
666
676
682
676
690
678
682
670
696
676
662
692
670
656
662
664
662
682
680
672
678
678
688
688
680
672
676
682
670
690
684
684
684
692
694
690
678
690
680
684
686
684
686
676
684
684
680
666
704
698
696
686
690
684
686
674
678
676
668
658
662
674
666
654
650
660
662
660
654
654
672
676
668
680
668
664
650
662
664
678
696
694
696
696
706
698
702
692
694
694
708
710
712
708
704
700
704
696
692
702
682
674
702
682
666
666
666
664
648
682
684
682
694
696
682
688
700
702
692
690
696
684
688
700
708
706
696
696
702
708
710
704
714
718
714
718
712
722
712
712
704
702
708
718
704
692
704
698
696
696
710
706
696
704
706
708
696
708
700
698
712
716
706
718
720
730
716
724
742
732
716
732
720
734
728
736
724
738
728
730
732
740
742
750
754
754
768
764
764
762
770
748
728
748
726
716
712
724
710
716
736
732
734
732
738
736
732
702
714
694
692
696
674
666
664
664
670
668
666
662
704
694
692
712
708
718
714
706
704
692
718
686
682
674
674
680
686
688
692
674
682
672
708
704
700
726
722
716
720
710
712
704
712
710
714
714
716
708
724
730
704
710
722
720
722
716
740
720
716
720
712
712
698
696
696
702
700
704
710
702
704
708
710
692
696
706
696
686
700
718
706
716
714
712
714
720
710
712
736
730
710
710
722
710
736
704
706
694
688
680
686
686
700
700
694
690
702
688
676
676
664
670
660
664
692
702
706
690
702
692
688
754
756
744
746
724
682
680
668
668
662
656
662
648
654
636
644
648
644
634
658
628
666
668
664
656
658
656
664
658
668
674
674
672
660
668
672
674
666
662
666
662
656
644
648
656
654
652
640
652
662
648
656
648
660
644
642
628
636
654
644
648
642
662
656
660
654
650
680
662
664
662
668
664
660
654
654
666
658
666
676
678
680
672
668
674
678
680
672
680
672
672
664
660
658
656
648
664
660
652
662
668
666
676
654
666
662
664
650
652
654
650
656
658
650
660
664
664
650
644
642
638
632
630
640
650
644
642
640
644
650
642
636
630
640
636
630
622
640
638
632
626
616
628
626
620
618
530
698
630
624
662
640
626
616
616
616
612
618
612
608
606
606
602
606
594
596
590
594
590
592
590
598
598
588
604
608
612
616
618
616
616
614
616
620
622
624
624
622
622
628
624
614
620
622
626
628
626
616
620
620
614
608
614
622
612
622
618
612
608
610
618
600
592
590
598
590
592
580
592
590
578
586
576
582
590
586
588
578
586
580
584
580
582
586
588
586
590
590
586
576
598
586
584
584
582
586
582
578
580
586
582
572
580
562
572
574
568
576
566
576
566
576
572
576
572
578
570
580
584
580
590
584
586
584
584
584
584
582
576
576
570
584
578
566
570
574
562
572
482
578
564
554
552
564
564
554
560
566
590
586
594
576
582
574
570
588
584
584
574
590
576
578
576
576
574
582
574
586
578
592
602
580
602
584
586
588
594
606
592
598
610
594
610
604
598
604
590
598
592
584
598
592
598
596
584
598
600
586
588
582
590
602
602
598
606
620
626
612
622
624
610
620
612
618
610
612
614
602
612
606
600
612
610
596
604
618
608
606
630
628
630
634
620
638
620
624
632
628
628
626
644
638
650
660
646
644
666
650
638
634
644
628
642
632
654
634
648
640
622
634
630
628
622
616
624
610
608
614
612
624
624
624
628
622
618
628
618
622
624
612
624
612
608
600
606
604
586
642
618
634
628
614
612
602
604
602
590
594
594
592
608
602
610
614
616
622
604
596
598
594
600
582
596
580
582
586
582
578
582
580
582
566
572
578
568
568
576
578
586
574
576
584
580
594
580
582
572
564
580
576
570
560
576
576
602
606
590
590
600
608
594
592
600
604
606
596
582
580
596
600
586
578
600
618
600
612
614
598
618
620
618
602
608
640
632
626
650
642
622
606
610
604
614
610
600
598
604
598
612
590
632
620
654
680
660
678
676
636
630
626
626
624
624
614
654
648
660
654
646
686
684
674
712
690
702
688
686
712
690
648
660
662
662
664
656
628
656
644
646
662
656
656
646
644
644
680
730
734
704
738
700
652
648
636
644
634
618
626
620
618
626
626
620
630
624
596
598
598
600
588
600
594
594
602
612
586
620
676
680
694
714
724
732
704
738
694
652
668
662
660
648
678
660
654
656
688
704
692
730
712
706
736
706
664
670
678
666
664
652
664
652
654
652
700
692
680
686
680
664
672
686
686
672
690
702
720
722
704
730
722
682
664
652
662
656
726
688
676
680
662
664
662
658
646
646
642
682
554
834
698
688
688
694
686
696
708
716
710
692
706
692
704
688
704
716
714
726
718
716
702
738
738
720
714
736
714
674
692
686
670
712
698
684
684
692
678
678
690
704
688
692
714
704
694
714
704
692
684
666
676
672
680
674
654
648
666
664
654
636
650
664
696
680
694
688
676
668
668
678
668
690
660
664
678
654
664
668
672
650
692
694
714
712
718
700
676
688
678
678
708
706
708
712
702
696
706
702
686
678
694
696
688
694
690
674
692
704
700
702
696
702
710
706
708
708
698
700
706
706
728
724
718
712
712
696
686
704
700
690
688
686
676
684
684
680
682
686
680
670
682
684
674
666
692
706
694
678
710
690
700
674
654
654
668
652
640
660
676
676
666
684
672
662
648
650
656
648
664
656
670
662
662
662
660
660
656
668
636
640
634
638
644
648
646
628
652
668
666
666
652
654
664
668
646
646
638
632
644
638
646
646
672
674
668
688
670
670
684
664
656
670
654
652
658
650
666
668
670
666
682
686
674
686
680
672
664
658
658
680
674
674
668
664
668
656
668
664
658
662
670
670
666
668
662
666
678
676
664
674
688
658
688
666
690
682
678
678
688
690
680
682
696
690
674
680
672
676
674
666
666
690
698
678
678
682
664
696
666
652
668
660
658
648
652
662
664
676
720
748
710
708
728
712
720
694
680
706
694
696
690
680
682
694
694
682
686
684
676
680
678
680
666
658
660
660
642
652
652
650
644
648
650
642
640
636
634
646
648
650
648
630
674
650
680
668
682
694
700
688
698
678
704
698
672
670
674
670
674
666
680
678
688
698
706
712
710
700
702
696
696
700
718
724
718
724
728
726
726
738
738
734
750
726
752
740
726
722
716
740
726
688
702
694
698
690
684
686
682
702
688
682
718
704
698
700
698
686
702
684
686
674
668
672
686
682
654
678
670
668
672
664
666
670
686
676
676
682
682
678
694
678
682
684
680
674
678
690
674
702
690
686
680
680
676
666
666
688
670
668
692
678
648
648
642
636
638
646
638
632
628
648
640
642
640
650
650
650
652
650
664
660
652
666
652
656
654
642
646
648
642
638
640
650
634
648
636
646
628
636
632
630
630
622
628
628
620
624
620
616
612
620
610
610
606
610
616
602
594
594
592
598
588
592
600
584
598
600
596
594
600
604
606
596
598
612
604
602
602
596
616
600
604
594
596
600
606
610
608
602
606
610
616
612
514
688
618
616
638
626
614
610
606
618
610
592
638
644
640
644
650
648
648
634
654
650
650
642
638
630
626
626
632
634
638
640
644
644
638
632
640
632
640
638
630
632
642
636
636
656
674
682
660
654
666
664
652
644
646
654
640
644
632
652
654
652
648
642
660
646
638
632
644
654
648
650
644
658
662
664
660
658
670
668
650
654
666
654
654
646
658
668
678
660
670
654
662
664
672
660
682
716
702
700
520
828
700
676
636
642
654
646
650
634
636
684
682
688
692
704
686
708
686
650
662
662
650
656
662
656
688
696
704
698
690
684
688
688
696
688
684
704
690
678
668
666
676
662
702
694
684
714
704
692
700
714
722
732
706
734
710
682
674
680
676
678
696
682
686
688
662
678
668
658
674
648
680
670
666
660
660
652
662
664
658
654
660
656
660
656
636
636
646
636
646
648
654
658
670
676
664
670
672
670
674
658
664
666
672
654
662
658
650
642
656
666
662
662
660
672
668
662
676
668
674
674
666
666
686
668
664
666
664
662
666
674
668
660
686
676
678
686
690
672
680
684
680
682
682
686
682
680
676
668
670
664
674
668
664
670
666
668
668
676
654
654
650
672
666
660
674
682
678
696
680
666
656
660
676
646
700
702
684
696
698
686
684
678
684
680
670
696
688
686
686
682
690
678
698
694
694
696
700
694
670
668
676
678
680
680
664
678
684
678
674
664
704
694
690
682
678
678
674
656
650
648
646
654
702
696
704
714
708
700
698
708
704
716
690
726
716
714
716
710
710
704
714
708
694
688
704
690
700
708
696
704
690
740
726
722
724
718
714
716
714
710
716
706
714
702
684
676
676
668
690
676
688
658
670
660
642
646
656
658
654
648
662
644
670
684
680
690
686
692
688
684
682
684
676
674
678
682
682
702
700
700
716
690
714
698
686
674
686
676
680
678
680
670
684
666
656
658
646
646
658
644
644
650
662
652
666
678
674
672
672
674
672
672
664
676
644
656
654
658
652
654
672
676
674
666
672
658
660
670
672
660
660
678
672
668
688
684
678
674
674
682
692
680
678
682
678
674
672
678
676
674
672
660
650
660
660
648
668
678
678
678
662
696
696
686
676
702
680
666
682
672
656
656
642
654
640
650
658
654
644
648
648
642
646
654
656
672
660
670
660
652
674
676
672
672
670
680
682
652
646
640
638
650
622
636
640
630
632
632
630
630
642
640
634
638
634
626
630
628
634
634
638
634
650
658
644
648
642
642
644
654
646
646
650
664
652
650
640
652
640
634
628
626
610
620
616
616
608
616
612
602
630
620
638
634
624
622
610
610
610
610
612
598
594
618
612
610
600
600
612
602
604
590
594
594
592
592
592
600
620
616
606
608
618
618
620
608
600
598
598
590
584
584
582
584
576
574
570
560
572
568
558
566
560
564
566
566
566
566
556
576
570
570
572
572
582
584
580
580
580
576
580
576
574
578
582
594
604
596
600
608
596
606
596
604
590
596
600
606
612
618
608
614
618
632
636
622
636
632
622
612
606
622
616
618
618
624
626
622
618
618
610
624
614
608
604
610
618
632
632
618
622
636
624
626
622
644
658
656
642
650
652
660
648
642
644
662
646
660
656
662
654
658
662
660
658
658
680
664
630
638
648
648
640
648
652
656
662
656
654
650
644
652
644
658
640
678
680
668
658
664
650
650
642
644
648
648
648
642
648
670
678
674
672
688
696
676
646
676
662
662
658
650
712
694
702
716
722
712
728
728
750
724
750
756
736
702
694
688
692
698
700
676
680
688
672
668
684
668
682
674
672
682
668
662
662
654
654
646
642
642
652
644
650
650
648
682
676
692
676
694
676
672
668
678
674
668
724
704
722
718
722
738
720
720
730
724
726
724
734
740
722
724
720
740
730
712
724
726
712
684
682
694
696
700
690
694
682
728
702
714
716
732
710
720
724
728
720
702
722
716
708
708
720
696
696
702
702
700
702
704
698
702
682
680
694
682
700
692
688
680
674
708
710
700
698
706
690
716
710
712
724
714
708
716
722
714
708
728
718
686
680
678
674
668
690
730
720
728
744
722
706
676
686
674
672
680
668
676
670
666
668
680
682
674
680
676
680
674
654
672
660
654
670
666
666
660
664
654
658
674
664
664
672
668
666
666
676
672
670
674
662
670
674
650
652
658
644
632
668
682
672
666
670
670
670
654
668
672
656
662
660
662
652
662
660
652
664
676
678
676
682
678
668
664
666
664
672
674
670
676
688
702
704
710
720
712
712
716
704
712
706
708
702
708
706
712
714
720
696
704
678
690
690
684
698
676
692
670
658
656
668
616
668
680
740
732
728
730
726
722
710
732
742
726
696
706
692
692
684
674
658
670
676
686
688
672
710
710
718
742
716
716
726
718
708
722
734
722
738
740
730
728
734
736
724
740
734
728
726
750
748
738
748
766
754
750
752
766
746
750
756
760
750
764
760
772
772
766
754
772
748
738
748
754
752
748
768
764
760
766
774
762
764
758
760
762
764
754
754
758
764
754
764
770
764
770
774
764
774
774
750
758
764
762
746
784
792
788
774
766
786
756
768
754
754
742
760
748
750
760
760
760
774
774
774
786
786
790
786
768
780
784
752
756
764
758
756
762
750
748
756
730
686
726
710
722
724
728
736
736
734
730
728
732
744
738
756
762
760
760
766
762
766
758
746
734
728
740
744
740
746
742
748
748
754
754
750
744
746
740
742
730
766
776
776
778
760
764
766
754
750
760
760
756
746
752
748
738
742
758
752
742
752
734
728
738
718
724
742
740
734
720
750
726
752
748
754
742
730
724
712
742
736
736
746
738
716
738
744
748
750
732
732
710
704
704
698
684
728
730
728
792
780
762
766
784
762
774
730
736
700
714
694
708
700
694
702
696
690
680
696
692
678
718
710
718
722
726
732
736
736
724
744
742
740
736
752
746
738
732
740
752
746
742
754
748
740
740
740
750
742
728
754
758
758
748
764
758
740
756
746
750
746
748
736
746
728
758
738
730
718
716
716
714
726
728
728
736
732
730
738
730
730
734
730
732
734
732
738
698
702
710
696
698
746
752
762
760
750
756
760
754
750
760
756
746
774
758
756
766
740
742
756
740
736
736
748
744
744
748
746
744
740
744
752
740
752
746
748
730
728
736
734
726
722
726
734
726
736
724
724
730
722
718
730
718
722
738
744
736
738
734
730
734
722
724
736
726
724
728
726
722
732
732
722
716
732
730
714
712
722
710
708
704
700
710
688
712
684
690
686
698
712
736
742
756
740
754
764
760
772
758
756
764
730
744
736
740
732
734
742
732
740
732
724
724
724
724
720
740
742
742
730
766
768
750
768
762
752
770
762
740
754
758
758
756
770
764
756
762
762
742
734
744
754
764
746
724
720
720
710
720
706
766
770
780
766
788
772
764
784
772
758
774
766
756
748
786
766
754
768
786
768
770
790
776
774
778
772
770
762
754
760
784
784
766
784
788
556
852
786
550
864
556
964
564
648
704
472
652
678
632
792
708
646
640
506
454
636
574
568
614
668
742
552
652
622
424
568
510
542
836
626
670
674
664
556
418
572
608
500
566
760
726
652
630
630
420
646
578
656
686
524
458
560
438
558
726
594
582
588
602
592
526
346
586
474
708
594
482
404
584
742
546
728
532
602
660
636
590
750
640
654
638
598
584
612
680
610
546
604
582
688
606
710
664
570
676
636
596
612
510
526
796
686
606
542
420
516
458
416
610
624
594
608
504
552
684
578
634
892
500
630
650
592
614
672
498
588
654
488
494
646
802
590
364
662
550
556
412
610
602
648
464
552
554
620
582
596
738
628
660
668
762
712
464
614
476
462
634
752
688
656
780
550
660
640
646
648
708
800
636
722
672
572
766
716
606
478
620
552
584
692
614
408
632
596
658
614
610
608
612
656
640
620
618
724
586
624
496
590
606
550
562
568
574
468
558
670
476
412
612
662
600
554
418
578
658
610
796
598
672
694
756
710
726
632
676
674
760
648
780
722
720
974
