1144
880
864
834
850
842
846
842
836
846
852
844
854
850
834
866
868
864
862
864
860
866
882
864
876
884
874
874
882
894
872
878
884
884
880
890
898
892
866
872
880
876
878
858
852
858
868
874
880
868
874
864
876
870
864
880
902
906
906
882
896
886
888
892
882
876
872
872
854
860
884
880
870
882
870
862
858
874
882
860
842
846
844
834
828
828
820
804
802
810
806
806
806
828
832
822
818
822
816
828
840
846
838
720
942
844
830
616
790
908
786
830
830
812
814
812
884
882
900
908
892
900
910
906
886
880
890
882
878
878
868
882
872
868
868
862
880
860
880
872
864
736
1022
892
880
854
862
854
862
870
874
870
868
870
868
874
856
900
884
900
886
906
890
882
886
874
874
870
856
852
858
850
844
846
850
846
838
840
852
832
868
874
854
860
872
874
872
884
874
874
880
890
884
870
890
890
882
870
882
882
898
896
898
896
890
900
916
908
892
900
910
904
892
892
880
878
870
870
870
864
886
878
890
884
890
900
904
910
912
926
918
870
876
858
848
856
862
858
870
858
876
860
850
892
896
884
880
896
894
902
894
906
880
906
886
878
868
890
890
878
870
894
888
888
876
874
728
1018
888
868
866
884
884
874
866
870
868
850
860
870
872
868
866
854
856
882
886
888
884
896
892
888
876
890
876
888
890
880
870
888
872
866
868
874
876
868
880
874
876
870
886
886
882
912
886
876
870
858
858
856
850
856
852
844
858
852
844
892
900
896
896
900
904
890
914
914
868
884
858
854
848
840
840
840
830
840
768
840
858
866
862
754
976
874
862
842
852
858
858
854
840
842
772
826
846
854
846
848
856
874
874
874
884
890
894
882
886
872
874
868
876
868
854
840
860
848
858
846
856
852
864
852
870
866
874
876
882
880
864
872
882
884
860
872
904
848
844
848
840
856
850
862
864
850
848
840
884
902
880
874
884
876
862
874
854
846
844
842
850
844
848
842
840
856
864
856
870
886
898
896
900
898
900
902
892
930
864
860
864
862
862
870
874
866
854
848
884
892
898
904
918
896
870
878
878
880
872
862
858
868
862
858
870
876
872
858
856
864
858
852
656
944
786
784
844
816
788
782
776
768
776
780
778
764
794
788
848
826
836
770
738
762
790
812
832
832
814
814
824
798
770
758
748
770
970
932
890
918
900
870
656
1010
864
846
858
860
854
860
846
858
862
840
858
858
842
852
848
854
854
866
842
890
870
872
876
890
894
896
886
876
870
862
872
858
856
858
864
862
862
846
872
874
876
852
870
862
862
874
890
876
860
864
886
876
750
994
868
856
852
844
852
644
998
836
848
890
828
880
894
910
908
916
936
930
912
914
936
910
882
874
902
872
902
896
888
930
910
904
916
934
924
944
926
896
862
874
862
858
854
862
844
836
846
860
850
848
848
830
838
838
838
820
854
852
848
856
868
846
838
852
852
850
832
856
862
874
742
1012
878
870
652
1002
844
852
890
864
848
844
836
842
842
838
840
834
830
842
836
852
862
860
854
840
856
866
864
846
858
842
846
826
832
838
838
830
846
844
852
844
852
850
832
872
718
1002
884
860
870
858
870
876
870
878
870
850
858
842
852
854
848
846
864
864
866
880
876
878
888
896
902
878
910
908
918
906
900
892
892
904
892
742
1052
898
890
682
1052
888
878
880
884
888
878
876
894
882
880
882
888
858
870
870
856
858
842
886
872
884
862
870
886
884
880
878
892
884
860
852
848
846
844
858
852
848
848
852
866
868
860
850
864
866
870
846
856
868
858
854
856
846
846
842
858
852
856
858
870
862
876
870
870
882
882
882
878
874
870
864
866
864
842
844
844
838
834
838
850
854
848
756
950
858
848
838
838
838
818
824
828
828
824
828
826
812
830
832
834
838
840
836
840
844
834
834
844
848
842
836
834
824
838
820
820
806
802
792
806
800
800
808
810
806
792
818
824
826
822
828
844
830
844
826
834
840
840
826
824
820
830
816
836
844
842
836
852
860
830
874
878
888
898
900
890
888
902
898
900
894
880
876
878
880
718
1034
886
878
658
1004
864
864
850
854
876
878
856
858
860
856
852
854
846
836
830
808
804
794
784
776
778
766
764
764
770
754
750
794
800
798
822
840
852
832
858
860
848
852
838
868
854
860
878
900
910
914
916
920
924
920
944
932
908
910
908
884
884
890
892
888
888
898
896
894
890
890
878
878
920
906
898
904
884
880
896
894
876
894
900
890
876
884
902
890
892
884
898
898
896
888
880
876
872
746
1018
882
864
658
924
804
800
832
826
790
754
814
832
836
832
844
868
856
846
862
840
808
806
790
792
782
798
806
812
806
798
838
860
874
888
890
880
910
942
918
906
906
922
902
884
900
890
700
1032
692
996
666
984
856
836
840
872
866
870
882
884
874
882
864
860
872
874
856
858
862
864
844
852
842
840
862
866
858
862
878
870
860
854
846
844
830
838
834
838
838
840
836
838
822
850
818
870
878
832
918
892
878
910
912
894
886
894
908
728
1024
836
852
690
998
852
854
846
838
898
890
892
898
920
918
926
918
932
906
880
892
898
868
886
882
894
872
880
902
902
890
872
898
896
892
904
878
906
896
892
912
882
876
888
882
728
1010
876
878
874
890
866
874
888
892
902
890
888
888
886
892
886
872
868
864
874
866
866
864
878
850
902
906
898
922
910
908
892
906
890
896
892
876
868
876
876
870
872
870
878
866
858
886
882
880
894
868
910
906
882
916
902
882
858
862
866
880
668
1014
842
858
702
1056
854
874
906
904
884
878
888
886
892
874
890
886
908
910
908
904
918
888
888
896
902
894
886
902
896
890
882
882
870
874
864
878
868
864
868
880
878
870
874
894
880
888
898
898
876
888
916
908
900
914
938
918
894
932
874
874
884
660
1020
834
840
892
828
894
724
1044
888
888
874
884
890
894
882
848
826
818
798
822
822
824
838
834
836
882
894
920
918
916
926
946
928
960
924
918
918
886
898
872
908
906
898
910
892
908
916
912
896
912
926
908
902
898
914
894
890
878
876
886
870
872
892
870
872
872
888
708
1056
888
878
864
882
872
860
864
858
874
864
854
856
846
858
842
836
846
834
820
820
814
804
804
802
812
802
788
810
796
780
812
822
822
816
812
828
834
850
842
852
866
874
890
874
886
902
910
882
890
884
894
876
892
882
884
872
878
882
892
874
904
906
894
896
874
912
916
914
910
904
890
876
888
884
858
882
880
862
850
846
846
848
858
852
838
864
894
906
926
892
906
920
900
896
896
906
872
882
900
906
898
922
916
914
936
938
914
900
922
912
894
876
896
890
878
668
1000
862
854
838
850
858
858
856
858
872
856
874
850
896
882
880
902
902
870
868
870
866
850
846
850
858
850
860
864
848
868
870
858
876
886
856
878
874
888
876
862
890
874
848
840
838
856
856
854
864
858
840
848
850
860
870
694
1034
874
854
866
866
860
842
876
860
854
850
844
830
872
872
884
870
858
870
872
878
870
870
874
876
858
878
876
864
858
872
862
854
864
876
868
870
870
890
882
886
914
914
902
924
926
910
898
912
904
896
880
882
886
884
900
846
914
890
866
894
898
896
904
914
908
900
896
904
882
888
896
892
880
868
896
894
892
888
888
888
882
888
898
888
862
866
866
860
842
842
858
868
856
868
862
888
720
1052
894
898
642
922
986
880
908
904
896
896
884
884
896
886
884
880
880
874
890
870
890
888
892
884
888
880
906
880
882
880
876
870
878
880
852
862
860
860
720
986
874
860
672
860
944
844
882
888
862
876
866
876
876
870
878
880
892
886
878
876
882
880
894
892
884
874
898
886
894
888
888
894
874
886
868
854
858
854
862
850
842
848
850
852
858
858
846
866
874
862
892
872
872
896
882
858
908
864
868
868
866
872
870
862
858
846
884
884
884
906
908
874
878
892
890
870
868
862
860
856
868
862
856
836
858
878
878
728
992
886
886
856
862
872
874
868
874
864
876
858
874
880
870
880
854
864
782
856
860
860
854
862
860
860
848
852
874
870
730
988
854
854
630
954
812
832
872
868
854
860
848
868
850
836
872
878
874
892
868
878
872
858
848
834
854
858
848
864
874
868
868
870
902
904
896
900
908
894
884
886
898
888
920
850
856
862
842
854
856
868
848
870
880
866
868
858
894
874
868
884
884
872
870
890
864
874
860
864
874
874
870
866
888
882
868
886
912
884
882
862
876
876
866
868
848
846
840
826
836
834
836
854
842
852
844
844
858
868
864
874
860
860
860
868
894
890
858
870
864
860
856
872
876
862
760
972
870
866
848
874
810
860
852
872
884
876
862
878
872
850
848
846
862
850
866
858
864
846
866
866
880
880
876
874
864
860
868
868
860
852
862
864
866
854
888
890
874
876
884
866
866
872
886
878
854
856
862
860
858
860
852
858
840
840
834
856
850
856
858
864
848
854
882
900
882
882
890
884
722
1002
862
858
828
828
820
832
802
824
826
812
838
844
838
858
672
1008
834
842
872
854
836
850
830
832
838
814
790
774
758
748
738
748
766
760
760
756
760
756
750
738
780
784
794
784
794
794
794
794
794
802
808
802
800
812
822
824
832
836
836
704
934
812
824
850
828
818
820
818
812
820
826
812
826
828
830
816
836
842
844
852
834
836
856
828
864
850
846
858
834
834
842
842
836
832
834
834
824
826
844
856
846
848
842
848
850
864
866
856
846
856
852
874
846
860
870
876
858
842
858
854
860
870
876
882
864
876
892
894
874
906
894
856
840
818
808
788
772
762
760
658
762
728
736
760
762
778
778
786
786
798
796
798
788
792
798
792
786
790
794
782
792
774
776
774
776
792
808
814
824
830
834
838
852
842
844
840
852
834
838
848
844
874
824
830
838
820
822
838
840
638
934
792
790
830
808
800
786
784
778
788
784
798
794
780
772
830
822
822
822
828
844
834
848
864
866
866
864
888
896
874
872
884
886
868
852
860
862
850
866
870
874
696
1028
878
798
874
794
842
838
842
868
846
840
832
828
794
782
760
762
756
738
738
724
720
718
716
708
700
700
708
708
704
690
720
708
708
706
702
716
708
672
714
708
700
694
698
724
698
676
638
696
728
722
712
734
654
716
722
626
682
682
780
714
708
742
708
694
688
660
642
662
704
712
696
684
680
682
682
674
692
688
694
682
704
704
702
708
694
694
688
706
666
690
692
716
704
690
686
692
686
686
682
692
696
690
702
704
702
696
700
712
708
714
702
702
696
694
708
716
712
706
708
706
704
714
708
718
726
734
740
740
742
730
728
722
734
742
756
758
746
742
744
754
748
754
756
762
760
748
760
748
758
748
752
760
764
778
782
756
758
780
772
774
756
750
738
744
728
722
720
710
700
704
706
708
698
696
688
694
696
688
700
700
694
694
692
704
696
712
698
690
684
694
694
694
696
692
686
674
702
766
576
664
672
678
684
690
680
684
712
664
578
746
706
724
718
732
688
652
666
640
664
686
684
672
696
670
644
630
600
646
670
636
680
654
660
674
634
636
638
656
686
694
672
692
666
642
620
604
614
704
654
654
688
644
610
592
612
618
636
606
662
686
634
658
610
626
640
630
618
642
682
660
666
630
598
592
642
672
670
654
678
664
612
614
596
606
646
682
668
686
690
670
612
646
656
690
690
674
668
696
704
592
662
686
694
686
690
704
656
646
658
688
680
680
684
666
684
694
684
698
688
692
714
642
684
680
712
694
690
702
648
680
700
704
706
700
702
694
698
706
636
672
700
700
702
718
712
710
706
726
700
736
766
762
760
742
758
762
698
702
758
734
734
736
724
728
742
692
666
696
774
766
752
780
732
758
626
664
670
746
768
732
750
722
688
666
642
688
774
746
728
728
724
732
754
728
726
764
746
636
714
906
842
804
858
826
822
770
726
724
744
804
884
860
856
832
810
834
808
816
804
806
774
774
774
756
726
726
726
710
722
906
840
842
784
754
758
742
716
720
720
714
716
714
730
728
716
834
992
914
924
860
844
834
812
810
780
746
738
734
718
802
894
856
846
868
822
808
788
784
792
776
786
768
758
756
770
752
754
776
758
786
794
784
772
766
804
762
750
750
744
736
732
730
734
730
722
722
732
738
740
740
734
738
720
732
738
730
736
738
754
754
734
764
766
770
760
758
748
756
762
756
734
758
734
722
684
692
674
660
656
652
652
656
652
650
636
692
708
710
722
706
752
732
696
694
694
680
660
644
618
702
756
718
732
680
654
656
646
630
664
652
646
656
642
652
704
698
758
728
702
676
670
672
654
652
680
716
702
690
702
660
636
662
612
626
630
620
628
644
636
738
720
694
738
716
724
682
674
734
748
750
762
756
746
712
698
704
820
766
750
784
670
726
740
726
722
730
738
696
730
732
726
724
730
732
744
714
678
670
668
646
662
724
708
712
696
662
646
654
642
624
630
652
708
702
700
720
688
670
648
652
638
626
658
718
686
674
704
666
642
630
620
610
584
642
690
666
648
674
650
620
622
624
616
600
670
698
688
694
662
632
624
612
604
630
652
692
676
690
668
634
620
592
626
676
690
668
710
708
696
644
628
656
708
724
704
732
718
694
680
664
642
660
752
750
706
744
684
660
650
622
616
698
722
698
718
700
672
668
680
662
646
660
804
782
756
758
720
706
698
676
648
656
770
716
704
730
698
678
670
676
664
656
652
760
796
762
786
740
754
716
686
680
770
784
764
754
736
722
706
688
666
692
732
758
744
752
780
790
794
802
806
818
800
810
810
800
810
790
746
740
710
682
708
768
804
778
802
772
778
770
778
762
758
724
700
714
762
800
766
782
684
750
764
792
784
788
774
794
780
742
740
734
740
724
736
728
716
726
718
720
700
754
774
764
760
766
790
784
796
806
798
786
804
806
792
792
806
830
824
818
838
828
808
828
842
842
834
830
842
826
822
838
824
818
842
848
842
846
858
838
856
840
838
858
834
828
838
824
814
808
806
820
820
796
820
820
810
832
824
840
820
798
800
816
800
816
822
796
852
852
856
874
846
852
850
866
840
842
850
852
828
854
858
846
856
876
862
852
860
884
870
882
886
894
868
860
854
838
852
848
838
834
834
836
836
852
852
840
856
854
846
858
836
866
854
870
872
862
858
824
806
804
820
806
804
804
806
820
794
862
846
840
862
842
854
858
860
874
854
842
840
812
822
820
814
818
798
784
776
780
772
760
804
828
844
838
862
880
874
892
886
876
854
854
852
848
856
850
844
842
836
828
864
856
858
858
842
862
884
864
864
864
872
888
878
872
850
846
852
860
846
850
870
866
866
878
874
872
876
882
886
882
888
888
882
870
856
852
862
858
844
852
844
848
850
856
866
674
1014
870
852
844
872
858
872
846
880
858
854
874
822
798
788
786
782
784
780
788
846
852
854
874
872
882
862
878
858
722
1002
866
836
822
822
820
638
948
792
804
860
834
840
842
832
840
854
858
864
858
850
858
856
846
850
844
854
842
832
826
826
838
830
838
852
852
834
830
834
842
832
830
840
846
840
842
846
842
850
864
870
848
852
854
838
874
886
886
872
872
884
892
866
870
886
880
866
898
884
842
860
870
842
858
856
846
846
866
866
866
884
884
870
872
866
860
876
882
876
854
860
858
850
850
834
864
866
888
854
858
860
880
872
878
882
866
884
880
906
876
882
880
880
864
890
884
882
880
912
924
902
910
920
892
900
894
902
880
854
870
842
644
986
820
820
854
876
874
876
902
918
884
902
926
936
728
1076
894
880
872
874
884
666
1112
896
878
912
878
852
822
814
814
816
820
816
826
830
820
822
824
826
824
806
792
772
754
752
762
750
744
752
754
744
802
776
796
796
822
814
822
820
818
836
688
928
800
784
828
806
808
794
804
810
806
834
854
858
830
840
846
846
850
864
854
862
846
830
810
810
820
806
820
806
804
788
784
794
782
776
776
770
770
764
776
756
742
736
726
730
722
722
740
708
750
754
764
778
782
782
806
830
810
816
816
826
798
814
836
866
818
826
830
830
848
828
844
822
798
812
816
802
800
812
810
820
832
830
822
844
830
814
842
808
816
834
830
818
842
840
814
818
822
818
806
806
842
838
824
826
834
834
822
812
820
840
800
774
774
758
764
762
756
800
794
812
832
810
816
864
856
850
1108
950
914
874
898
880
658
1006
868
840
842
848
854
840
862
872
864
860
880
870
874
884
880
868
890
896
890
868
864
846
852
862
838
838
848
840
842
850
864
870
858
850
880
862
864
892
896
882
888
880
900
888
886
862
860
860
868
868
864
876
866
872
882
876
886
896
872
890
902
908
904
888
862
844
842
854
842
878
884
890
872
882
904
922
898
910
904
904
926
928
900
904
920
906
926
904
910
876
898
900
868
884
888
874
884
890
848
852
844
830
810
804
818
804
806
804
788
812
818
834
846
814
820
814
824
810
820
812
824
802
828
826
810
838
798
786
784
794
782
792
780
772
840
830
840
868
892
908
928
918
936
908
904
880
878
842
840
830
820
784
772
764
754
754
748
772
766
748
796
792
782
788
778
772
764
774
762
752
756
744
752
742
732
762
736
714
722
720
716
720
726
718
716
722
710
714
734
698
758
756
758
752
770
758
760
760
760
770
770
766
788
774
762
758
746
754
744
766
754
756
772
758
760
764
780
784
772
766
764
766
772
764
754
740
724
738
730
738
724
724
766
766
792
810
804
800
826
830
828
834
842
828
818
830
834
814
818
820
824
806
820
820
822
818
834
830
824
830
836
816
846
864
836
836
826
832
834
840
826
814
820
822
804
822
830
818
830
836
842
836
846
870
868
888
898
878
898
896
864
846
846
836
836
830
842
830
822
832
812
816
818
800
800
812
798
800
812
804
802
818
820
794
818
820
822
822
836
822
828
848
848
844
860
854
856
852
862
892
896
898
890
864
864
866
848
842
848
832
830
832
824
830
844
840
832
836
844
838
828
860
864
858
856
852
858
844
854
834
856
818
808
808
780
808
814
780
828
716
966
854
834
852
864
842
840
856
858
862
858
856
844
852
844
846
832
818
822
808
806
794
770
782
778
758
800
784
778
786
790
802
814
838
842
842
842
872
872
874
878
902
900
874
888
898
892
914
916
900
900
922
930
910
914
906
902
920
914
900
882
668
1086
894
870
848
820
820
820
780
800
1022
914
930
934
878
868
876
842
848
864
848
858
850
852
856
864
864
860
876
884
860
848
840
830
828
826
834
836
646
966
812
816
870
814
866
702
1006
868
850
854
872
848
878
870
880
888
894
882
870
850
842
858
834
826
820
822
804
798
800
796
784
784
806
798
796
800
804
788
788
772
772
778
770
756
798
822
842
842
852
878
888
868
870
898
914
914
884
880
892
612
1084
842
856
896
860
866
850
856
864
846
882
884
882
894
884
880
882
880
872
882
874
858
858
858
854
838
844
832
858
838
856
846
860
868
858
874
874
862
866
872
852
844
850
822
832
836
824
828
848
638
988
810
814
862
828
830
802
656
922
800
806
858
832
830
852
850
844
854
844
862
854
856
838
856
868
874
876
868
878
888
876
872
874
866
866
870
868
848
848
858
866
708
1020
844
840
898
872
868
860
848
914
714
1034
886
804
818
830
822
828
840
818
854
856
866
874
856
880
900
878
876
882
892
866
896
894
868
884
886
882
866
888
868
868
856
864
872
880
670
1090
884
860
866
878
862
868
864
830
836
826
822
824
812
820
820
826
812
852
864
876
886
880
876
890
898
886
892
888
882
908
884
882
888
878
862
868
876
854
858
858
848
862
854
860
866
666
1034
848
842
710
974
852
846
842
836
836
814
820
814
838
840
846
852
858
834
854
850
864
874
870
514
674
674
652
462
544
568
482
434
450
418
480
494
516
476
440
470
512
510
536
482
414
460
562
622
568
574
572
572
532
518
526
526
552
616
484
490
482
416
634
698
510
730
616
724
472
464
426
486
794
566
500
414
696
508
448
536
494
586
528
622
510
426
502
458
672
656
764
486
664
642
482
818
488
744
510
456
498
684
996
572
888
1154
628
696
982
1028
906
936
958
652
882
518
682
566
760
670
496
1002
902
876
1106
492
740
636
618
516
516
512
708
744
872
684
782
692
850
532
660
510
472
388
400
430
640
490
550
794
480
398
466
478
570
520
820
752
628
672
670
468
486
698
506
598
594
498
422
508
492
552
524
630
568
540
568
606
688
814
452
722
506
734
626
462
446
732
818
688
648
658
640
506
490
408
460
434
618
508
776
902
742
496
436
662
538
534
552
538
750
486
440
574
856
576
420
732
756
800
832
840
878
742
638
644
522
554
462
406
434
630
494
506
772
852
660
514
670
480
376
554
610
610
478
440
480
620
648
568
390
730
956
488
458
410
576
618
588
590
582
572
488
564
712
560
926
836
940
550
668
496
708
886
518
460
448
484
574
488
554
612
668
796
452
710
572
622
608
504
906
684
468
382
668
522
470
470
414
410
464
510
826
588
598
526
746
604
438
768
590
714
834
760
492
502
682
584
620
680
756
668
554
446
596
546
786
552
478
864
750
664
540
772
576
528
524
390
396
430
538
696
624
548
782
506
774
666
490
588
564
494
564
534
538
656
578
652
738
572
822
694
500
478
874
858
562
696
748
514
386
728
546
688
650
428
424
724
780
524
428
670
524
746
516
536
536
722
488
692
662
686
644
428
794
514
486
584
624
588
486
486
598
482
430
494
622
210
660
678
750
698
706
708
642
678
488
472
472
438
438
450
410
506
602
664
522
436
418
390
478
720
516
670
514
534
498
510
536
496
554
526
680
576
554
590
476
616
502
484
388
458
708
616
646
762
528
502
436
410
442
604
442
504
498
512
512
510
468
706
626
514
462
488
476
658
472
722
814
462
744
492
742
460
456
408
476
434
498
468
468
460
478
460
494
488
486
480
462
494
734
740
682
868
700
520
678
410
580
532
538
638
548
464
526
968
736
538
504
582
816
554
472
724
826
482
472
688
468
766
414
426
382
662
