462
810
806
820
820
796
832
834
844
616
1098
830
834
842
836
838
896
578
1172
854
836
822
826
850
820
832
852
866
864
856
880
900
600
1114
848
810
830
808
790
808
818
846
820
816
826
628
1090
828
764
786
780
794
554
1022
760
764
764
738
782
810
832
812
542
1166
820
786
802
814
838
848
566
1178
874
842
836
792
824
806
788
792
824
790
798
810
820
788
816
814
814
814
818
852
832
838
846
866
840
834
858
614
1168
844
836
832
824
818
556
1174
810
810
838
798
814
866
810
848
864
838
820
856
874
850
840
854
844
830
828
846
820
826
820
822
786
600
1100
802
790
812
760
758
546
1020
736
730
750
716
708
548
908
738
766
780
734
780
782
806
550
1078
800
820
800
818
822
856
862
872
864
876
892
906
894
616
1200
860
870
860
834
864
866
884
898
884
880
898
902
898
902
870
886
880
892
896
880
558
1204
868
820
830
836
816
806
790
812
814
832
862
836
802
834
830
848
856
844
832
828
828
814
792
804
802
792
802
810
798
804
830
850
834
834
858
862
856
828
838
842
844
808
536
1116
820
800
790
784
802
552
1134
814
806
822
860
856
576
1148
846
852
830
802
816
840
858
860
852
818
562
1114
824
790
772
794
790
816
778
782
800
802
808
780
578
1062
784
762
800
780
778
792
852
834
836
852
618
1104
840
816
810
824
824
816
824
850
836
860
838
644
1104
864
850
832
858
658
1076
822
842
838
816
824
846
842
868
888
894
892
890
882
850
838
884
870
838
830
812
804
832
818
814
826
824
830
838
794
808
810
764
808
776
780
770
570
910
746
734
738
746
692
728
718
714
770
800
830
830
818
828
512
1082
756
750
750
752
744
744
736
754
740
756
774
760
752
750
738
730
736
732
724
738
730
712
588
892
722
694
692
706
724
712
714
716
712
702
710
682
690
502
860
688
712
718
708
712
730
754
734
754
760
774
766
732
746
746
728
728
708
712
588
864
692
712
694
698
708
710
738
708
694
702
700
672
774
754
784
812
848
810
806
806
774
776
772
558
964
734
696
720
702
684
692
704
712
728
728
748
724
718
702
708
722
704
746
738
776
784
780
778
792
800
790
790
812
796
762
770
776
736
718
718
714
720
718
716
720
734
746
752
790
778
774
764
732
722
726
732
754
746
746
752
770
780
788
778
764
754
774
778
778
768
756
766
756
764
724
742
742
724
722
710
702
704
688
680
692
686
694
736
724
764
750
758
756
732
774
630
952
790
770
714
702
684
668
670
666
668
674
690
692
704
634
798
692
688
680
672
674
682
692
756
770
748
778
800
830
790
800
804
768
700
716
694
686
668
672
672
680
670
656
686
680
688
698
558
886
706
698
694
716
706
704
708
718
730
710
726
734
742
714
734
756
774
730
752
744
774
742
628
860
732
710
698
682
684
708
724
728
766
782
772
780
770
740
550
950
720
686
684
688
690
668
688
550
896
702
690
700
698
692
714
782
780
612
980
788
758
754
776
762
604
886
736
724
718
694
712
746
746
730
766
772
796
772
748
772
798
784
770
762
762
762
730
730
700
704
620
952
790
754
794
802
784
762
790
770
560
940
722
714
684
686
674
702
566
880
722
722
708
688
706
722
726
718
522
988
744
714
752
762
764
752
760
772
770
772
774
834
818
828
896
866
812
810
834
806
766
746
738
708
712
686
702
688
714
746
760
590
946
764
764
766
744
766
786
752
744
752
754
752
718
752
744
764
744
734
736
738
702
720
716
714
704
632
790
700
712
698
696
694
694
712
736
710
790
828
774
802
786
824
776
794
780
808
554
974
756
724
692
708
724
538
938
720
710
722
720
712
686
702
728
714
720
718
736
744
756
744
746
750
772
774
752
722
748
748
732
730
750
734
718
724
724
772
706
746
746
748
788
832
848
842
848
866
814
842
828
586
1038
772
758
748
724
552
986
750
732
750
744
768
778
788
824
816
820
826
828
590
1058
814
794
766
534
1048
768
748
754
768
766
760
786
832
810
824
840
630
1102
856
864
856
858
846
878
882
830
588
1092
806
786
768
786
796
788
786
812
832
818
832
822
582
1146
832
822
888
844
840
878
896
850
848
864
550
1126
802
804
774
762
786
810
780
760
758
764
786
840
768
760
756
878
612
1040
834
800
820
826
854
834
542
1200
862
854
868
836
518
1164
800
812
852
776
810
752
784
802
820
802
826
844
866
620
1034
824
826
784
744
792
802
786
772
804
816
822
806
798
780
798
804
780
784
808
826
808
790
798
776
814
826
806
796
846
876
844
832
834
850
820
800
818
846
822
804
838
874
830
842
856
870
844
820
864
868
870
824
860
880
872
856
818
858
864
842
810
552
1080
730
722
742
744
700
700
730
752
810
814
884
786
784
796
814
756
774
766
766
754
722
740
778
716
756
798
784
792
816
820
586
1050
800
766
758
782
812
788
764
794
782
762
756
792
800
768
748
756
852
854
868
848
840
840
838
578
1100
834
868
806
786
804
840
822
836
876
894
856
830
868
860
824
786
828
816
626
1072
834
848
806
854
850
856
836
838
840
866
836
860
854
586
1128
826
816
810
772
798
822
786
772
812
820
758
780
786
744
776
774
796
766
776
806
782
576
1024
792
756
736
758
762
816
770
794
856
818
808
804
836
824
816
802
774
726
672
718
736
750
762
760
774
804
788
766
770
726
676
704
696
690
736
770
796
798
822
912
942
944
932
876
924
886
874
604
1094
856
826
838
814
850
842
874
860
576
1132
866
864
868
834
864
852
818
530
1068
744
740
738
764
756
756
782
584
1058
790
804
808
830
802
856
870
876
902
582
1144
846
834
768
794
794
572
1070
786
782
782
756
800
778
796
602
1020
796
778
758
766
786
746
774
798
812
836
832
864
816
800
826
814
814
820
802
840
840
850
836
838
864
844
854
854
886
834
858
832
884
862
882
870
870
632
1052
794
766
766
770
752
768
780
822
828
786
814
840
812
778
818
796
814
840
864
850
790
832
836
850
866
810
810
812
810
826
852
894
876
912
922
882
910
880
898
870
884
856
888
826
816
846
820
832
842
842
818
822
826
826
824
796
548
1148
792
792
824
810
808
812
856
862
810
834
832
810
842
854
818
824
798
792
636
904
744
744
738
706
720
742
760
792
802
830
810
848
826
808
834
878
904
870
894
604
1172
890
840
862
852
874
864
832
854
858
868
876
902
858
866
892
898
884
850
880
868
878
840
874
864
844
890
860
836
862
874
882
888
832
858
884
882
884
820
882
882
864
884
894
870
884
898
888
568
1184
870
830
608
1052
768
796
802
742
736
756
770
774
760
810
816
814
780
814
802
802
762
790
806
748
770
822
762
856
814
788
788
758
768
782
762
776
738
668
880
760
754
754
742
548
1014
778
762
766
734
770
796
810
796
838
850
860
828
678
962
818
812
792
756
754
742
786
802
778
792
828
810
798
546
1092
802
780
808
762
780
774
812
836
832
828
872
894
820
828
872
880
872
882
872
616
1096
868
818
820
820
858
862
822
838
824
830
842
848
850
866
830
830
816
848
844
590
1090
818
780
802
800
796
804
640
1064
826
814
830
808
832
888
886
872
854
870
552
1040
790
796
788
796
814
800
782
792
818
838
788
778
760
808
820
848
868
844
856
874
886
872
848
838
864
868
890
894
842
830
878
864
902
860
862
868
872
862
854
790
834
836
872
860
818
834
800
794
790
802
786
798
754
786
818
842
832
558
1148
830
804
808
798
806
848
824
850
874
890
884
854
846
836
832
860
802
836
812
826
828
586
1070
792
794
770
782
786
794
830
840
816
756
804
814
816
804
842
830
828
820
846
880
824
884
862
878
906
852
880
846
854
862
874
904
888
856
862
842
852
868
880
814
812
798
760
822
800
832
674
1028
810
812
774
812
638
964
778
794
796
806
832
750
782
774
746
788
806
824
834
832
850
840
808
828
832
842
874
848
854
858
846
864
878
890
840
860
844
846
858
866
884
888
850
858
852
844
838
808
854
846
866
868
840
594
1046
830
824
814
784
808
814
784
770
794
796
554
1058
826
778
804
806
846
842
906
880
884
856
882
868
852
836
640
1074
852
840
794
572
1094
828
806
796
840
834
854
838
856
866
852
842
798
796
806
830
768
818
622
1054
780
788
786
796
782
772
800
804
824
860
818
546
1090
786
752
764
572
962
734
736
756
744
752
744
748
752
814
838
876
898
900
868
882
882
896
872
572
1184
878
822
856
844
864
872
854
890
894
920
872
874
902
900
892
590
1204
884
842
864
886
922
848
884
906
866
878
878
866
766
750
784
768
794
816
826
812
822
852
822
784
818
858
832
856
788
824
814
824
820
792
812
832
840
804
804
832
784
784
778
772
754
786
784
774
778
816
830
816
768
790
818
826
798
790
826
816
806
768
780
772
760
766
758
574
1000
764
760
762
786
804
756
732
712
738
756
762
762
798
828
852
868
662
1032
854
806
806
810
820
556
1124
786
800
780
806
808
814
846
636
1088
856
808
834
818
848
838
588
1140
860
862
828
826
608
1042
796
768
792
806
812
576
1046
782
780
786
786
772
738
766
782
802
786
804
804
794
766
792
768
566
1032
764
734
740
762
776
844
844
846
842
596
1100
840
842
792
778
804
790
592
968
730
692
666
702
722
742
746
784
802
794
572
1024
666
670
688
664
690
692
720
742
770
790
768
776
778
758
816
808
814
818
838
850
852
850
566
1180
820
808
818
812
804
822
838
662
990
814
786
784
784
812
818
820
828
628
990
794
788
804
792
796
798
804
806
818
566
1066
806
768
792
820
844
854
848
586
1076
778
744
740
764
738
752
758
772
754
760
788
790
764
770
770
774
772
754
788
800
810
798
796
800
796
772
792
634
944
798
776
752
768
752
784
780
752
754
770
772
794
818
780
780
788
784
786
606
904
708
714
708
722
720
722
570
962
752
746
750
770
770
778
746
590
1010
792
782
790
808
814
820
828
820
768
798
774
802
830
854
870
864
862
924
820
836
826
826
794
814
834
824
608
1086
792
790
798
798
838
820
574
1148
810
822
806
780
576
982
766
750
744
772
806
826
788
812
806
826
834
794
818
814
804
610
1020
792
782
764
784
798
840
612
1080
800
804
796
760
738
754
742
780
764
734
754
766
744
636
922
788
762
754
772
772
784
764
714
752
754
768
772
768
806
824
836
814
802
814
812
818
804
778
796
822
808
832
546
1064
780
778
758
770
780
794
812
588
980
782
762
728
752
774
792
778
778
532
1076
782
760
766
770
782
772
622
928
768
774
762
768
728
584
980
746
734
756
764
790
782
786
800
796
788
806
798
820
854
834
786
798
818
802
798
796
812
814
806
782
802
774
788
768
786
784
816
820
792
614
998
792
788
792
772
766
810
816
838
818
554
1082
810
792
774
750
742
734
746
724
752
752
766
756
764
784
776
762
780
788
796
784
792
824
848
822
802
834
886
850
804
828
832
840
642
1072
792
812
826
838
808
548
1014
724
724
732
728
712
716
720
742
740
756
768
778
758
734
760
762
740
700
732
750
728
736
716
732
730
726
704
568
916
714
698
718
710
704
716
746
758
780
792
654
1034
836
822
814
832
832
842
820
836
842
874
838
824
844
850
852
826
836
830
830
836
816
802
826
812
834
804
784
812
824
846
816
794
814
828
846
820
794
838
822
830
832
814
828
820
670
1012
776
800
766
780
778
824
806
824
822
800
812
794
778
796
756
762
554
1002
770
758
746
758
764
790
654
986
770
792
802
806
814
816
850
806
814
822
864
870
822
802
788
810
860
846
798
824
822
810
804
776
794
772
780
810
744
780
784
784
798
778
792
586
1054
762
776
790
744
778
790
824
798
566
1104
834
788
812
820
804
550
1040
774
772
756
744
738
730
724
702
688
642
662
640
648
652
648
656
660
696
710
738
750
802
828
866
862
864
840
826
794
816
800
818
840
824
820
818
818
802
842
820
820
816
832
816
562
1076
802
760
770
762
796
802
818
630
1038
806
798
768
774
772
688
950
804
774
792
788
784
820
846
604
1084
844
828
802
806
826
842
826
574
1088
768
762
778
770
780
618
982
782
748
756
788
802
808
832
824
850
834
810
804
802
838
822
782
774
760
740
746
754
772
790
754
570
1044
792
756
742
758
770
786
806
806
552
1038
772
774
700
722
728
720
700
710
730
754
732
716
736
736
738
754
766
758
752
744
760
762
762
782
800
788
788
814
796
622
982
810
790
722
750
756
736
754
752
790
808
804
846
816
822
846
618
1114
850
828
820
818
816
812
564
1040
764
784
766
760
760
766
714
880
790
790
760
748
778
778
794
772
586
1046
810
806
814
782
798
804
814
804
624
992
772
760
784
784
802
788
782
768
774
770
798
800
828
832
824
776
572
1028
784
736
768
762
814
782
816
792
562
1066
798
788
778
766
788
776
778
800
818
824
606
990
800
774
766
740
766
752
766
786
804
788
800
822
854
850
810
838
822
630
1006
816
788
808
826
826
834
806
800
786
776
788
778
796
794
810
802
578
1052
782
774
742
740
748
752
746
748
760
746
752
752
752
774
848
536
1050
842
824
812
786
798
782
768
756
764
768
762
778
780
794
768
776
776
796
802
784
616
1038
788
768
746
788
768
766
786
790
792
790
796
790
766
756
798
788
784
748
774
776
776
770
784
810
798
812
806
778
776
622
964
736
746
744
742
768
748
754
788
630
964
794
774
738
750
756
756
758
746
766
758
756
760
730
718
706
720
736
754
764
798
816
830
814
844
834
832
854
718
1042
802
810
822
778
794
792
806
832
820
830
840
594
1036
808
784
810
780
810
832
838
840
826
808
782
796
772
794
796
780
772
790
618
1002
762
778
770
740
742
744
760
748
740
760
756
766
808
790
788
778
788
802
560
950
742
738
750
742
766
792
796
552
1096
800
768
794
798
822
834
812
832
820
838
826
856
848
906
862
848
892
902
880
868
866
828
784
768
632
942
736
728
752
746
744
746
630
910
712
726
718
714
728
742
776
778
786
716
746
764
768
756
724
742
772
792
790
776
794
826
846
830
860
864
576
1112
832
800
792
770
798
810
826
846
856
814
826
846
838
834
800
810
832
818
804
818
822
848
582
1064
800
810
760
796
792
830
794
778
784
816
778
792
796
580
1020
798
584
1024
846
792
798
798
804
840
842
804
580
602
460
768
740
758
760
778
800
786
598
1078
818
822
806
830
866
834
804
816
826
856
804
796
798
796
786
796
786
786
786
814
822
810
774
806
800
804
590
984
766
756
760
762
744
762
766
776
770
572
1034
794
776
808
790
802
796
800
808
786
786
814
808
818
840
792
792
776
800
808
788
796
820
806
790
776
816
806
834
844
830
594
1082
792
800
772
780
776
762
752
764
754
782
766
786
804
782
556
996
752
728
700
738
758
758
742
754
726
754
748
714
748
738
756
746
746
716
762
752
576
990
786
788
810
782
810
784
798
796
590
1044
784
752
794
776
758
746
762
764
782
778
826
818
760
580
1028
782
776
792
800
774
758
792
688
896
776
768
744
758
784
776
806
778
806
832
840
812
584
1144
826
844
828
802
776
816
838
826
830
842
626
992
778
796
762
794
802
786
772
780
768
784
788
780
772
774
758
772
744
706
710
720
722
708
708
694
716
672
686
644
652
658
638
648
648
692
716
706
804
820
846
846
852
862
850
598
1178
852
796
800
766
576
990
762
750
740
752
756
752
758
772
792
798
806
818
776
776
776
754
748
720
716
710
614
832
728
724
730
744
758
786
770
780
808
812
804
774
806
810
814
804
818
792
788
806
828
798
802
776
806
780
798
814
816
768
776
782
774
592
966
736
718
710
726
720
718
728
740
756
758
758
754
762
732
722
718
750
752
716
748
766
756
766
746
768
770
760
768
560
996
762
712
760
732
740
764
752
768
780
782
790
786
802
764
772
768
762
780
754
770
768
608
972
766
752
768
704
720
740
758
714
752
772
736
762
766
770
806
822
836
806
672
1002
772
786
766
772
764
766
776
768
790
816
822
818
700
952
806
790
770
770
796
802
790
592
1054
804
772
756
792
774
638
944
796
782
798
814
832
806
816
818
838
596
1020
798
772
742
744
754
760
668
886
762
744
756
768
762
752
762
770
796
788
618
924
764
770
764
766
768
768
788
802
736
540
978
726
740
724
726
704
662
804
722
712
686
714
704
730
748
726
718
750
712
620
888
740
744
698
716
748
740
730
744
768
754
744
738
734
738
608
872
732
730
708
702
738
730
754
778
752
614
968
780
800
798
770
786
790
764
786
780
790
796
538
1066
766
760
776
772
772
808
826
816
840
832
820
834
834
848
830
832
820
822
786
782
788
794
786
772
788
616
1000
762
776
726
718
716
736
750
774
766
782
786
774
774
786
814
788
830
836
832
830
840
808
590
1024
782
782
746
716
754
758
770
754
756
790
794
796
584
1038
776
792
810
814
824
816
772
778
786
790
762
784
776
776
762
752
758
750
750
734
756
768
774
796
820
796
672
962
784
784
774
772
776
756
758
724
578
960
754
750
750
760
742
788
800
734
762
768
786
758
758
720
764
752
780
796
770
778
788
756
778
774
780
788
730
746
726
738
736
736
738
712
752
724
736
742
734
740
740
754
740
746
730
732
742
702
766
738
760
760
754
598
914
718
746
736
732
770
800
826
790
660
988
770
768
778
786
792
816
786
794
794
796
818
592
1050
770
768
764
782
798
828
798
588
1078
796
766
782
774
772
752
766
786
786
796
774
788
810
802
806
792
762
786
780
794
796
798
790
754
772
780
618
968
748
742
744
758
742
750
748
740
742
600
908
736
710
714
750
720
738
744
592
916
728
728
736
726
724
762
756
766
772
750
760
766
780
798
796
776
776
778
792
782
796
774
558
1016
720
720
696
700
700
672
686
690
710
710
716
716
716
740
712
734
762
764
776
740
760
756
770
774
790
756
762
756
794
784
776
776
790
768
754
566
1000
726
734
720
742
770
746
728
758
780
768
754
796
778
782
794
792
764
770
808
778
820
808
820
802
596
1014
782
774
780
780
802
778
794
772
758
782
792
802
798
788
776
790
790
812
808
820
754
782
776
788
804
816
806
822
754
600
1014
780
782
788
772
780
786
788
796
584
1032
756
738
728
726
732
748
724
572
1012
768
742
780
782
796
772
614
1052
812
772
752
724
726
556
954
716
730
744
734
746
744
792
820
844
856
864
830
782
836
816
788
764
764
768
700
734
720
736
702
730
720
732
720
716
716
718
724
576
912
744
722
696
720
734
738
742
752
762
752
572
938
712
756
718
714
736
708
724
750
738
772
752
778
784
796
770
754
744
738
718
722
704
712
710
680
698
570
974
742
738
752
732
732
698
720
722
740
742
734
738
742
742
758
718
714
726
728
722
726
568
912
726
692
704
706
702
696
718
708
696
706
694
740
714
676
692
706
708
700
696
704
690
678
692
704
710
686
682
696
696
720
678
560
834
696
688
688
670
668
682
676
698
714
694
676
712
698
712
724
702
694
682
680
684
694
672
562
808
672
678
646
646
658
670
680
656
642
658
672
674
638
652
670
676
648
640
684
684
674
686
674
530
788
668
660
654
642
620
616
652
674
668
688
726
734
774
780
772
782
784
782
782
784
778
788
792
788
728
744
762
772
784
742
786
776
788
794
792
760
670
932
786
784
750
742
766
756
784
778
770
596
926
734
720
690
682
676
694
708
562
906
714
720
714
726
706
726
736
754
762
712
750
598
948
772
756
758
764
772
764
760
780
780
792
792
780
762
780
766
770
714
730
754
752
730
724
572
922
748
734
734
722
720
740
766
754
746
732
574
954
742
722
718
726
746
754
750
738
754
776
772
748
708
794
744
742
718
722
648
838
678
672
696
698
706
724
698
708
730
742
752
758
774
776
780
740
538
948
734
752
718
730
748
750
742
742
746
776
750
736
604
960
760
746
734
766
764
780
788
764
768
788
782
764
760
776
790
790
792
766
746
768
770
788
760
726
626
954
732
708
710
718
712
702
698
718
738
720
724
738
756
616
620
1036
818
494
1002
790
726
600
612
598
1074
758
734
756
748
738
748
756
746
750
732
744
770
734
758
742
742
488
1022
752
754
738
752
518
992
764
770
764
746
756
726
748
736
756
760
748
718
764
754
754
736
726
740
744
722
734
566
864
696
686
658
664
650
612
622
792
678
664
644
676
688
662
674
704
688
678
682
676
680
704
684
670
680
674
678
672
682
568
802
642
682
700
674
686
690
676
698
688
688
686
694
708
694
710
708
694
688
712
720
684
680
632
782
692
668
666
672
682
662
684
698
686
724
716
724
706
714
714
730
714
718
730
718
734
716
702
692
710
700
670
676
670
666
650
656
658
688
664
664
674
682
678
676
670
674
694
678
680
686
706
706
714
716
698
684
688
686
566
772
676
668
678
654
652
680
694
722
714
730
720
740
724
730
724
714
724
722
716
706
722
682
568
760
694
672
696
684
674
684
684
708
712
690
640
796
538
844
512
478
472
492
478
460
450
438
438
444
422
444
450
438
446
468
462
478
472
470
456
448
446
452
440
436
452
438
902
728
504
460
1034
868
554
546
978
548
538
570
974
782
780
718
700
728
696
704
698
594
776
718
690
668
698
688
686
704
704
684
602
540
514
540
544
520
494
498
478
746
640
600
606
614
618
634
586
616
692
668
628
536
552
706
578
646
594
606
612
604
618
612
604
612
604
616
620
624
646
640
642
628
636
638
634
632
612
616
1230
620
630
618
636
608
598
622
632
626
584
628
634
636
632
614
624
626
622
618
524
502
836
572
664
536
486
492
476
466
460
470
468
464
470
462
462
456
434
442
434
440
506
476
486
876
874
786
744
664
658
686
656
666
686
680
668
664
656
658
662
674
708
694
692
724
760
764
762
754
740
744
738
744
748
768
768
768
724
748
728
700
710
714
704
710
718
718
696
710
694
718
558
866
698
710
718
716
730
738
742
716
726
730
748
712
706
738
760
732
732
574
958
716
668
680
658
660
614
612
622
628
634
666
684
734
720
758
780
788
802
786
812
794
778
776
770
768
722
730
642
850
734
710
698
704
704
676
724
744
708
744
732
676
716
702
700
740
700
712
712
726
718
714
712
720
716
700
712
708
658
776
692
706
688
700
674
686
686
664
554
784
658
640
640
642
652
642
650
658
670
672
668
672
696
714
694
728
710
554
926
728
704
700
708
692
710
696
688
694
608
808
688
674
694
694
704
714
716
710
698
712
714
544
916
720
698
710
692
702
696
700
728
720
704
580
836
694
716
638
676
700
628
664
656
674
678
724
758
726
760
748
732
704
720
680
688
682
688
668
660
644
666
672
664
666
656
676
688
682
682
676
680
666
648
674
682
670
684
672
674
692
684
706
718
708
706
694
704
570
798
670
680
698
674
668
686
670
674
678
696
708
750
724
714
702
726
676
686
694
714
712
708
716
732
706
698
728
728
704
682
684
680
664
670
654
654
684
666
688
686
684
682
672
678
694
682
684
686
706
716
690
708
712
