818
838
884
882
880
878
892
894
884
882
880
896
898
902
916
918
928
918
918
940
914
890
902
900
900
892
896
888
890
876
880
890
888
876
918
922
906
932
920
896
908
914
906
920
922
924
920
912
910
916
912
906
922
906
912
924
892
890
894
902
902
892
884
890
882
888
888
872
874
888
882
878
870
872
882
872
896
866
900
890
892
900
904
888
894
886
882
880
898
900
898
906
906
902
906
918
928
918
940
918
894
894
882
892
896
876
872
876
880
866
896
860
904
908
908
908
918
918
928
924
918
922
918
914
900
902
894
884
900
900
900
886
900
894
908
894
912
920
904
908
910
904
902
912
912
906
902
900
904
910
896
906
892
882
878
880
900
898
916
912
902
926
902
876
872
886
874
866
880
884
856
914
914
928
932
916
944
932
926
890
894
894
876
872
876
874
894
896
900
904
896
896
892
904
900
904
904
900
902
904
900
906
890
888
888
892
890
886
874
902
912
898
890
894
904
914
892
892
894
910
906
884
896
884
880
876
860
868
870
866
874
880
884
872
896
906
876
924
932
944
958
948
932
962
926
912
940
922
930
928
920
916
902
904
898
882
912
910
906
894
914
906
902
894
902
902
896
902
902
906
910
900
926
910
894
906
898
902
898
884
882
890
888
884
888
874
866
904
896
898
900
900
908
894
890
894
914
920
928
936
930
926
926
936
926
930
932
934
930
932
940
946
934
960
930
916
928
934
932
922
906
916
914
920
928
926
914
890
904
904
896
886
892
894
902
894
878
922
906
922
914
926
918
906
896
888
890
894
906
904
902
896
904
902
906
914
930
940
940
946
954
956
958
962
958
956
950
974
958
924
924
942
934
930
924
924
918
940
932
948
942
942
942
958
954
946
960
934
928
930
930
938
932
934
942
934
938
942
944
940
958
958
952
956
934
928
904
912
896
912
902
894
912
918
922
916
926
932
906
958
952
946
944
940
948
948
956
946
938
950
938
936
954
948
950
950
948
946
940
934
956
934
900
890
888
886
876
862
876
854
860
860
878
850
904
916
926
922
936
942
944
938
940
942
942
932
930
920
944
938
906
900
902
906
892
884
892
894
880
890
884
880
894
864
870
878
876
878
876
880
892
882
900
904
906
908
904
914
898
902
916
910
912
918
910
912
906
900
902
898
902
910
896
886
902
902
890
902
888
874
878
870
892
890
886
906
908
904
910
910
906
894
894
898
884
888
898
900
894
882
892
894
888
888
888
892
886
890
892
888
904
906
912
920
910
932
924
918
930
928
924
930
924
938
900
884
880
890
888
876
872
860
854
836
844
848
852
856
850
860
866
840
900
910
932
930
920
910
906
918
920
908
920
908
904
904
912
916
920
926
934
938
944
950
950
942
944
934
956
940
914
916
912
904
908
900
894
916
922
932
920
928
936
930
934
920
960
948
956
962
950
940
944
938
928
932
930
924
942
952
950
946
954
954
960
948
946
942
930
920
918
942
928
902
898
914
898
888
940
932
932
934
946
950
942
934
964
938
920
902
882
886
874
868
854
842
862
856
854
836
886
886
888
906
910
906
920
928
918
926
928
936
934
932
930
934
934
950
960
958
962
970
968
974
984
972
964
958
946
938
948
944
950
948
926
944
942
944
952
950
948
952
964
960
948
948
948
952
938
930
914
920
912
900
946
940
948
944
940
958
940
950
940
958
942
904
920
896
896
894
898
902
904
906
888
930
932
932
930
938
954
970
962
960
952
944
972
940
936
922
942
930
922
950
940
950
930
978
980
984
978
984
972
990
974
970
978
956
958
958
954
954
950
956
936
938
928
920
908
910
910
902
954
962
962
948
950
950
936
934
930
938
940
930
954
932
990
1006
1016
1004
992
1004
982
950
942
966
962
948
944
944
928
934
942
928
960
956
940
940
942
942
922
910
908
908
906
932
932
932
950
964
970
984
990
1000
1020
1016
1008
1008
986
1016
956
960
946
940
946
922
928
920
928
928
926
942
908
974
992
1014
1016
1022
1014
1006
1008
1006
980
982
972
972
972
976
970
962
966
956
950
966
978
990
992
964
972
946
940
942
930
920
908
916
914
912
922
934
922
932
928
926
940
932
934
904
910
906
912
908
908
912
922
934
960
948
944
964
954
974
978
986
998
976
982
972
944
984
974
934
918
928
906
928
936
910
972
958
986
990
1004
1006
1002
994
978
966
962
976
976
980
968
964
990
994
1006
1002
1016
1026
976
970
956
972
980
964
974
972
970
968
976
970
984
972
972
986
982
964
966
950
930
936
954
924
934
928
910
918
912
902
832
912
900
908
920
936
932
962
970
966
990
1004
1000
1008
1022
996
1016
1010
1004
996
1004
984
974
970
984
982
992
956
958
954
972
970
954
942
978
950
924
938
930
918
930
938
942
940
958
956
954
950
952
962
952
956
948
930
930
926
872
946
932
914
954
910
914
918
938
936
946
936
942
966
926
980
978
982
982
972
984
984
968
966
954
940
948
954
954
948
934
936
940
936
944
952
934
932
936
940
942
940
938
922
912
938
934
898
904
902
910
916
924
930
928
944
960
926
962
984
976
982
988
988
1002
1004
998
1000
982
980
978
966
972
972
948
944
936
940
940
934
946
934
944
950
938
960
962
964
972
982
986
996
1010
1006
1012
996
998
998
1002
992
986
976
964
960
964
968
968
964
970
964
960
974
980
964
972
956
952
948
964
972
972
962
956
960
946
974
972
968
970
974
962
956
970
962
946
966
958
968
962
966
954
952
964
964
964
964
970
960
960
962
956
960
948
964
966
956
974
974
966
966
960
952
944
964
968
956
960
958
948
948
958
946
930
938
936
954
948
970
970
968
974
968
990
988
988
994
976
970
974
964
952
956
930
932
940
936
954
952
962
956
956
966
974
960
962
956
948
948
940
962
956
940
954
952
956
956
946
938
930
934
932
948
946
946
954
956
962
948
952
934
946
936
926
936
944
952
960
966
960
958
962
962
966
974
990
972
982
994
990
990
1000
988
978
982
988
960
946
948
936
936
922
940
928
918
916
916
906
928
922
924
920
928
926
950
952
976
980
980
986
1000
1002
1014
1036
1008
1002
996
998
994
972
976
950
948
954
954
948
950
948
926
932
948
952
970
962
968
962
958
974
990
972
992
976
968
968
972
984
986
978
982
978
974
986
986
966
968
970
968
972
980
970
964
978
974
994
992
1000
1004
992
1004
1014
1006
1018
1002
1000
998
988
988
966
972
966
954
974
970
968
956
968
956
966
964
960
960
958
964
976
968
1004
994
984
1022
940
946
956
1022
1024
996
1024
1012
986
998
1000
988
990
988
984
980
996
986
988
998
1010
1014
1008
988
950
936
930
928
916
950
946
942
936
946
970
980
986
990
980
982
996
1028
1040
1044
1052
1058
1042
1042
1042
1060
1032
1008
986
982
982
956
968
974
974
992
994
1004
994
998
1008
990
1038
1032
1020
1048
1032
1020
1024
1030
1014
1028
1010
1050
1036
1022
1036
1006
974
972
970
950
946
952
956
942
956
952
956
950
956
942
1002
1006
1014
1000
996
1012
1006
1026
1028
1028
1010
1036
1016
1012
1008
1016
986
984
986
976
996
992
990
990
986
982
992
978
990
980
972
976
986
988
982
978
972
996
982
1036
1032
1034
1036
1030
1024
1052
1026
972
982
970
946
962
946
938
920
902
906
918
914
904
902
882
892
892
888
896
890
890
892
880
888
894
888
894
882
880
870
874
882
914
886
912
894
886
898
912
900
886
886
882
880
872
884
878
862
856
844
850
864
870
856
864
872
856
866
878
852
866
856
848
874
836
826
828
820
830
836
846
836
834
840
840
856
844
848
842
832
828
826
828
836
820
830
814
802
802
808
812
808
812
802
790
804
802
790
796
824
818
818
810
812
806
802
820
822
816
826
852
848
858
884
892
890
914
928
924
928
926
922
910
910
904
912
914
900
896
902
896
896
912
928
922
904
896
894
888
870
872
874
854
852
850
850
852
824
836
840
836
840
836
832
868
890
900
906
910
890
910
896
918
914
896
912
904
968
972
1002
998
992
980
988
970
974
990
1000
1022
1100
1030
1060
1042
1044
1026
996
984
1012
1008
984
1028
998
1006
1018
1012
1016
996
986
982
968
978
964
966
980
970
970
974
952
944
894
902
908
904
904
918
990
980
974
1000
1012
992
1024
1018
1010
1036
1038
1016
1024
1020
1032
1012
982
978
984
982
982
986
990
986
1004
1010
1014
1016
1018
1004
1036
1008
1038
1024
984
1004
1000
1000
1000
1012
988
1042
1060
1052
1046
1040
1044
1046
1042
1038
1022
1052
1026
1036
1034
1026
1042
1040
1046
1042
1044
1050
1004
978
990
992
986
1010
982
1010
1004
1022
1042
1046
1054
1044
1054
1046
1060
972
996
1002
986
974
1016
1044
1032
1028
1034
1042
1048
1062
1056
1044
1058
1050
1034
1038
1026
1046
1024
972
982
954
958
952
936
950
942
948
950
944
926
968
960
992
982
984
1002
994
992
1006
998
996
1010
978
976
968
966
976
952
1002
1006
1000
994
990
1012
984
970
962
968
960
962
952
938
952
940
978
1028
1036
1028
1028
1026
1042
1036
1040
1046
1040
1036
1048
1052
1044
1054
1054
1056
1064
1050
1056
1014
1034
1038
1028
1012
1042
1048
1030
1032
1062
1058
1054
1078
1044
1024
1026
1018
1026
1010
1020
1026
1018
1022
1006
998
1002
996
1010
1010
1010
1006
1012
1014
1026
1026
1022
1022
1034
1026
976
970
990
958
936
924
916
906
922
910
910
996
1016
1046
1064
1074
1070
1082
1074
1074
1058
1080
1048
1008
1008
994
982
974
988
962
968
970
968
976
980
980
982
972
956
972
948
942
924
912
922
940
928
996
1006
998
1012
1010
1024
1034
1022
1020
1018
1012
996
1002
996
1016
1004
1004
1018
1012
1012
1006
998
1002
988
984
1004
978
980
968
956
960
958
958
958
946
956
974
948
964
966
940
998
1020
1034
1024
1042
1038
1038
1034
1034
1024
1020
1034
1038
1022
998
982
986
990
992
980
968
1008
1004
992
990
998
986
984
976
962
976
984
988
998
994
996
988
972
1008
1014
1028
1030
1010
1018
1026
1044
1034
1052
1030
1004
1002
1006
1016
1014
1008
1018
1024
1000
1056
1040
1032
1034
1022
1030
1040
1034
1022
1034
1050
1040
1026
1014
1016
1022
1010
1018
1008
988
974
952
944
936
946
932
936
970
966
986
996
986
1012
1022
1010
1032
1052
1032
1050
1046
1038
1038
1038
1018
1030
1008
1026
1004
1012
996
990
984
972
970
968
972
950
984
956
926
934
938
938
926
932
912
966
974
990
998
1002
992
988
996
1026
1024
1028
1020
1040
1026
1010
1008
1008
994
998
996
1002
998
980
978
974
948
940
926
950
932
948
940
950
934
948
940
942
952
944
946
998
1012
1036
1022
1042
1042
1032
1032
1030
1012
1016
1014
994
1000
992
982
970
986
988
978
996
982
946
938
938
938
922
928
912
900
896
908
906
904
920
924
916
994
988
1022
1018
1012
1036
1052
1028
1032
1034
1032
1038
1008
988
1002
968
968
970
954
958
968
962
952
990
954
978
974
958
986
982
958
970
970
978
986
1010
1006
1020
1016
1036
1042
1028
1036
1042
1030
1028
1028
1020
1014
1018
1018
1032
1050
1044
1022
1022
1012
1024
990
990
1004
992
984
1016
1030
1044
1030
1036
1054
1034
1044
1036
1024
1016
1018
1002
1008
1000
1022
1012
974
952
960
934
938
942
940
954
932
986
986
1004
1010
1032
1028
1032
1028
1020
1026
1016
1010
1010
1008
1006
992
986
1010
1022
1016
1034
1006
992
1000
994
1006
1004
1008
1018
1022
1018
1034
1038
1032
1040
1022
1022
1028
1010
998
1006
990
996
1000
1000
1006
1008
1006
1008
1000
1006
1016
1008
1010
1008
1018
1034
1024
1022
1026
1008
992
1006
998
1016
1010
998
1018
980
982
960
946
936
936
926
902
902
892
898
904
898
916
994
1026
1044
1054
1060
1052
1034
1038
1030
1032
1014
1044
1016
1000
980
984
982
974
988
972
978
954
944
936
928
930
932
922
926
932
928
974
970
982
1002
1006
1010
1028
1032
1012
1026
1028
1006
1020
1008
1000
986
966
974
970
934
938
946
932
932
994
1010
1026
1024
1022
1024
1020
1016
1032
1014
990
994
970
978
938
946
924
928
916
962
978
1012
1016
996
1016
1010
1002
1008
1032
1036
1008
982
960
976
972
976
994
980
1034
1006
1008
1016
1004
1016
1032
1018
1018
1040
1032
1000
1000
1016
992
996
1004
992
996
1008
998
976
990
988
984
964
924
956
940
950
998
1024
1048
1056
1060
1044
1062
1052
1050
1036
1052
1010
966
988
990
990
1006
1014
998
1020
1030
1020
1016
1010
996
998
992
962
956
960
934
928
928
908
924
886
900
896
906
902
900
900
882
936
956
954
974
982
988
988
990
992
1004
1000
1002
1022
1002
1026
1036
1014
1034
1022
996
988
1010
1000
1000
1004
1048
1064
1036
1028
1046
988
956
958
940
936
918
916
922
930
940
948
958
950
952
956
954
950
960
972
942
988
994
1004
1012
1010
1018
1022
1010
1008
1000
988
1002
1018
1004
990
1004
1014
1002
1016
1012
1004
1020
1026
1024
1036
1036
1040
1036
1038
1032
1034
1022
1034
1040
1042
1038
1020
1042
1026
1000
1010
1020
1008
1028
1002
1046
1046
1050
1044
1042
1030
1060
1046
1044
1048
1036
1042
1034
1036
1034
1006
982
978
968
964
960
938
928
934
950
934
1014
1030
1032
1036
1072
1066
1076
1072
1080
1090
1054
1054
1052
1052
1044
1036
1026
1024
1034
1038
1052
1038
1036
1042
1036
1020
1018
992
986
984
962
958
966
952
958
952
958
956
964
966
974
966
982
992
962
1016
1012
1018
1018
1018
1030
1042
1040
1058
1068
1054
1068
1080
1070
1072
1060
1052
1056
1072
1046
1058
1058
1044
1036
1042
1026
1026
1026
1036
1024
1034
1034
1022
1016
1006
994
990
994
986
984
1006
1006
1000
1018
1036
1040
1046
1056
1046
1056
1048
1042
1058
1048
1014
1000
982
988
996
994
986
988
974
980
976
986
990
984
966
972
966
978
968
952
1002
1000
1010
1006
1040
1030
1036
1016
1020
1018
1022
1008
1014
998
1020
992
994
984
988
988
996
980
996
1010
980
1032
1036
1036
1024
1050
1036
1016
1016
1014
1002
1000
1012
1002
996
998
1008
1008
998
1008
990
1004
998
1000
1016
1018
1018
1016
1016
1014
1028
1006
1012
976
972
962
964
952
946
950
932
978
1016
1014
1026
1008
1008
1016
996
994
1004
990
978
992
988
986
986
968
976
968
990
982
1034
1036
1010
1028
1024
1054
1058
1056
1074
1054
1022
1020
1018
1014
1010
1014
1014
1024
1024
1012
1018
1022
1018
1030
1012
1054
1044
1040
1056
1040
1002
990
978
966
968
966
958
966
956
956
956
976
950
1008
1036
1026
1042
1066
1088
1070
1064
1062
1050
1078
1076
1088
1082
1084
1090
1090
1090
1106
1092
1056
1044
1058
1026
1032
1012
1002
1006
996
1006
998
980
1002
988
1008
994
1000
996
972
976
992
972
978
1022
1002
1032
1034
1072
1058
1052
1046
1060
1062
1068
1066
1080
1024
992
998
1006
998
982
1022
1038
1044
1054
1068
1060
1070
1048
1052
1054
1030
1030
1038
1040
1006
992
990
1006
982
986
972
1008
1042
1042
1060
1076
1068
1056
1072
1064
1020
1002
1020
1018
1012
1026
1038
1006
1050
1072
1066
1062
1074
1066
1058
1066
1044
1038
1064
1016
1012
1020
1010
1030
1030
1002
1016
978
990
1002
994
978
1050
1042
1068
1072
1048
1060
1082
1064
1096
1070
1066
1092
1076
1110
1094
1088
1078
1094
1066
1042
1012
1030
1012
998
1008
1014
1026
1030
1016
1022
1030
1016
1040
1022
1040
1056
1046
1038
1066
1058
1012
992
992
986
994
984
1004
1000
1008
1002
1020
1016
1000
1034
1026
1032
1046
1048
1060
1068
1010
992
992
948
980
962
956
1012
984
984
984
972
980
980
984
1006
1014
990
1006
994
1008
1024
1004
1022
1026
1016
1028
1042
1042
1042
1048
1054
1018
1020
1028
1004
1004
1014
1016
1002
1020
1024
1022
980
1014
1014
1018
1010
1042
1014
1032
1028
1010
1020
1008
1020
1042
1042
1030
1034
1026
1048
1040
1020
1030
1034
1020
1014
1002
1008
1006
1006
1014
1012
1010
1002
1012
1014
1026
1026
1020
1028
1038
1044
1056
1044
1042
1032
1040
1028
1018
1024
1030
1028
1032
1030
1016
1058
1048
1072
1066
1064
1066
1056
1044
1040
1042
1030
1020
1028
1014
1006
1012
980
994
980
964
986
984
976
986
974
980
1014
1012
1042
1056
1028
1048
1050
1054
1084
1076
1082
1076
1066
1088
1098
1088
1046
1026
1034
1014
1024
1030
1022
998
972
1002
1000
994
982
972
972
990
960
1028
1028
1030
1030
1034
1050
1060
1076
1070
1068
1068
1084
1090
1066
1076
1094
1070
1090
1110
1094
1088
1082
1068
1098
1088
1066
1056
1076
1064
1068
1068
1066
1058
1048
1034
1016
1024
1032
1032
1020
1040
1030
1030
1016
1012
1026
1020
998
1050
1036
1054
1042
1056
1048
1030
1004
1032
1018
1022
1024
1028
978
996
1006
980
1032
1034
1004
1012
1018
1022
1028
1014
1022
1018
1016
1032
1034
1030
1032
1016
1028
1044
1044
1048
1044
1036
1040
1032
1036
1028
1024
1028
1042
1016
992
992
1006
994
988
986
1002
1002
1004
1018
1022
1026
1018
1022
1012
1008
1000
1006
1010
1000
1006
1026
1032
1020
1052
1056
1062
1050
1046
1056
1066
1060
1048
1074
1046
998
1016
1018
1018
1016
1014
1026
1002
1044
1026
1032
1028
1040
1030
1030
1030
1012
1012
1020
1004
1018
1016
1010
1014
1020
1024
1022
1026
1034
1016
1012
1024
1018
1016
1022
1036
1028
1018
1032
1034
1018
1036
1026
1034
1046
1024
1036
1032
1006
990
954
960
960
974
972
974
952
1008
994
1028
1040
1042
1056
1060
1068
1056
1060
1076
1070
1086
1060
1020
1006
938
952
954
940
950
1018
1036
1066
1050
1058
1068
1050
1076
1062
1048
1074
1060
1074
1076
1056
1038
1004
1018
1026
1014
1024
1024
1034
1044
1054
1050
1040
1040
1026
1002
1018
1006
1022
1004
1008
1002
968
974
972
960
1010
1016
1012
1006
1018
1054
1054
1054
1068
1072
1056
1044
1052
1056
1098
1098
1092
1076
1108
1062
1034
1010
1012
1002
992
998
1004
998
1004
1008
1002
1002
998
998
982
984
990
992
1048
1020
1052
1040
1028
1040
1052
1052
1048
1050
1054
1056
1058
1044
984
1022
1020
1028
1004
970
946
974
950
1004
1010
1052
1056
1070
1084
1078
1074
1062
1074
1060
1072
1056
1048
1056
1068
1062
1066
1076
1026
998
982
994
980
968
996
976
986
1004
1000
1002
1008
988
1008
1006
966
958
976
958
984
968
976
986
980
986
964
946
924
936
928
924
936
928
916
946
926
946
990
1152
1262
614
1098
1086
652
1068
654
684
886
764
774
662
564
546
530
598
960
722
988
1086
756
862
736
754
728
584
542
510
524
516
606
544
550
556
554
534
546
536
548
544
546
538
548
544
544
562
538
528
548
532
528
524
528
532
526
524
522
530
524
524
524
532
526
528
868
640
542
566
536
828
892
780
552
518
526
526
520
526
530
842
646
546
522
532
510
820
630
626
1058
1026
982
1092
1058
1074
1036
1044
1046
1024
1044
1022
1012
892
992
976
960
1124
944
1036
604
864
850
1000
738
1040
878
1104
1004
1052
1054
974
1034
1056
966
1140
898
1058
612
864
1080
924
1134
984
612
912
930
668
536
550
814
614
904
676
846
702
584
544
546
548
908
676
582
566
616
908
672
560
552
556
546
520
534
540
520
540
532
526
894
632
566
496
552
836
636
596
812
698
826
662
520
528
556
820
632
930
640
530
540
536
534
530
838
628
538
528
536
836
616
542
532
578
750
614
574
826
648
544
816
640
524
534
828
928
764
576
814
606
848
646
524
528
568
826
640
538
784
662
538
816
666
868
618
878
632
834
626
514
546
810
626
518
538
850
628
522
582
826
916
1034
678
882
1100
908
656
872
1044
894
1102
600
860
1040
904
1164
916
1084
950
1070
1026
1062
1110
926
1060
606
836
640
810
686
808
650
530
798
916
1104
1124
618
916
1152
892
1110
948
1164
874
582
852
652
548
802
968
682
846
814
750
874
818
810
766
880
988
880
746
934
892
972
1284
982
812
1134
956
658
918
984
756
924
960
1008
980
844
1074
902
798
918
912
742
846
922
948
836
900
820
766
740
622
1044
758
626
832
734
852
844
624
524
568
798
628
574
868
612
802
656
516
540
778
636
526
806
924
728
526
542
804
644
590
752
646
576
784
646
554
796
914
1104
1112
922
1142
874
596
864
592
830
652
538
854
652
840
636
836
616
526
814
934
1098
670
886
1082
864
