776
872
848
848
880
872
848
840
896
944
992
936
856
896
816
800
752
736
736
736
816
1040
1000
968
1016
1040
1000
984
944
952
968
912
856
816
840
896
1008
976
936
912
928
920
912
904
832
808
904
896
816
808
752
720
696
744
752
752
752
800
840
824
808
816
888
992
920
888
904
952
976
928
904
872
912
888
840
872
816
840
872
944
864
816
800
744
736
752
816
840
928
1088
1104
1048
1000
1056
1072
1048
976
880
872
896
912
920
920
824
832
864
864
872
864
784
768
760
696
720
712
712
704
712
720
744
792
920
936
896
920
904
896
904
896
864
904
920
1000
920
920
872
904
888
944
904
840
832
856
912
984
928
848
816
832
840
784
760
744
688
768
832
896
912
992
1032
1024
984
928
912
904
920
928
912
864
912
912
960
896
856
864
840
856
816
816
800
824
744
752
728
688
736
768
968
928
920
976
976
984
928
920
920
896
968
928
920
840
848
872
840
848
840
848
864
896
856
840
768
752
720
776
760
784
968
1024
944
960
904
904
872
896
832
920
944
912
848
856
880
888
872
888
856
872
896
920
912
848
840
928
936
888
840
832
752
736
752
728
776
824
880
880
808
824
800
784
976
1008
976
944
1000
1016
976
960
888
952
960
936
920
840
840
840
832
864
840
856
760
832
752
736
720
688
752
856
960
936
1000
1000
1008
928
912
896
928
912
896
896
832
824
944
936
896
824
832
840
872
872
872
784
760
800
784
736
728
712
720
728
672
704
736
792
880
840
840
864
864
928
888
896
984
1064
1064
992
944
872
856
872
864
856
816
864
920
1008
944
936
856
856
840
784
744
720
728
720
896
1008
952
888
944
984
1024
984
904
904
920
936
936
928
832
832
840
848
928
896
848
864
872
920
856
872
816
792
776
768
784
728
720
720
840
904
912
944
1056
960
904
856
904
936
912
896
848
840
944
952
880
856
792
792
800
936
936
872
872
832
880
944
888
840
808
848
808
768
736
696
728
744
768
912
992
944
920
968
968
976
920
904
848
824
912
920
888
864
808
776
880
968
896
872
800
768
768
856
824
792
784
736
712
768
768
768
792
968
984
952
976
968
960
920
920
848
848
824
920
888
856
896
880
984
992
944
896
896
888
944
936
920
856
840
824
784
736
720
720
712
920
1072
1040
1000
1064
1088
1064
1000
952
888
904
904
920
864
864
808
840
968
936
920
920
880
904
896
888
912
840
872
880
832
824
752
736
712
680
704
704
752
768
792
760
744
744
744
720
736
672
696
720
736
808
928
880
856
888
928
968
1000
936
928
912
912
928
904
872
824
808
896
864
856
768
752
736
712
784
816
872
1072
1080
1008
968
928
912
960
928
904
808
800
888
1048
984
976
928
904
872
880
808
824
816
1024
976
928
960
984
984
960
864
848
840
864
880
856
808
848
816
912
912
856
824
808
864
896
880
848
776
744
712
696
656
688
696
696
712
728
768
944
960
920
1032
1104
1064
1024
984
1040
1072
1064
984
880
856
856
936
968
920
880
816
824
936
1040
992
968
920
928
1000
960
896
816
800
800
792
744
744
728
744
768
912
912
920
968
1024
960
912
912
952
936
920
824
808
840
896
880
880
816
792
888
920
864
824
824
904
936
896
800
800
736
728
728
688
728
744
832
1016
944
968
976
1008
1008
960
904
864
872
864
880
840
832
904
1000
1024
960
904
952
1024
1040
1008
944
864
872
832
928
936
896
840
872
808
792
760
728
752
768
832
1016
1008
992
960
952
920
944
912
832
784
792
784
920
888
856
856
936
1000
944
928
872
912
928
936
912
856
864
952
952
912
880
840
840
824
832
752
736
720
720
760
800
848
840
1040
1072
1016
1008
960
952
928
984
936
904
840
832
952
944
904
888
840
880
888
912
872
864
848
880
936
880
872
800
784
760
744
704
720
680
784
920
968
1008
1072
992
1184
1000
912
904
928
904
840
824
792
800
920
920
896
920
960
1056
976
912
944
1008
992
944
840
792
768
752
696
712
712
728
744
840
840
856
912
1016
1048
960
912
864
880
888
920
880
824
856
864
824
880
856
864
800
832
920
1000
952
904
832
864
872
904
872
832
864
864
872
816
768
776
720
712
864
936
928
944
984
992
920
896
816
800
800
904
896
880
872
936
960
888
856
808
864
904
912
848
816
840
936
992
904
880
800
824
856
952
880
872
792
800
744
784
776
768
792
800
896
936
880
856
896
888
976
896
880
808
792
808
928
896
864
832
872
920
912
904
832
880
896
952
880
848
792
800
824
872
840
840
792
768
792
800
696
744
736
808
944
928
880
872
824
816
864
832
824
784
784
904
880
848
848
792
928
928
896
872
888
856
864
768
816
752
712
816
1008
928
912
912
944
968
928
832
800
816
808
840
808
816
752
744
728
688
656
688
688
688
696
704
688
728
752
832
1000
1064
1024
1080
1128
1112
1064
1008
992
976
984
912
856
816
808
816
984
920
880
880
944
1016
952
936
864
864
880
904
848
848
928
984
920
920
896
912
920
824
808
728
720
688
760
800
984
480
680
1008
992
1064
1072
1000
936
920
920
1000
952
864
856
880
904
888
872
808
776
864
864
840
840
816
864
992
904
864
840
864
792
768
736
704
688
744
888
936
920
952
1024
984
952
888
856
880
872
824
824
792
752
832
816
784
816
768
840
800
768
776
800
936
944
904
880
896
936
936
864
872
800
792
856
888
840
864
768
816
840
824
808
784
816
856
912
880
848
840
896
944
904
904
872
920
984
928
872
840
864
872
768
736
704
696
672
768
912
968
968
1040
1072
1088
1032
968
952
968
944
944
912
824
816
840
960
904
904
832
824
936
944
904
816
800
792
888
880
840
840
784
808
816
832
824
808
808
840
816
784
816
768
784
720
752
744
752
792
976
920
888
888
912
968
896
888
816
808
864
840
840
744
832
904
1000
936
872
864
896
936
928
856
832
792
792
912
944
888
832
872
872
992
952
920
816
792
792
792
816
816
808
760
816
944
904
880
840
872
864
824
832
768
776
832
936
880
864
792
752
728
720
688
728
768
976
1048
944
896
944
928
896
888
880
824
832
856
928
864
824
840
784
848
872
824
800
832
808
904
896
880
816
784
872
928
896
872
792
848
872
952
880
816
800
816
824
880
840
832
776
808
792
912
888
848
848
816
928
944
896
880
824
840
840
888
856
768
752
736
704
736
736
720
752
800
968
936
888
928
920
896
920
816
792
792
816
864
824
816
784
808
800
888
840
792
800
736
848
936
896
840
840
872
904
856
856
792
840
952
992
928
888
816
816
824
912
864
864
800
816
816
912
840
768
792
720
688
776
792
808
824
952
1104
1008
968
896
896
912
880
824
784
784
776
880
920
824
808
744
744
848
872
832
864
808
952
1000
904
888
832
864
864
792
792
808
728
848
952
912
920
824
808
880
896
872
800
784
776
960
944
888
872
832
808
888
856
800
776
792
832
888
856
800
816
752
736
720
704
704
688
776
1040
936
944
976
1008
992
936
832
800
784
816
824
840
832
752
816
912
1024
904
856
880
832
896
880
864
792
768
768
832
832
832
808
768
752
848
840
816
816
784
800
928
840
840
760
824
896
904
824
808
848
776
808
800
784
800
848
896
888
824
752
728
720
688
768
784
824
872
1040
1048
960
896
944
928
920
960
888
824
872
816
816
912
896
824
832
824
872
984
920
896
848
864
832
904
912
880
816
784
920
976
928
896
840
856
904
952
896
824
840
808
768
816
792
760
784
720
784
864
856
824
840
800
816
872
840
800
824
808
816
832
816
784
792
816
920
888
856
792
792
816
896
832
792
792
792
840
920
904
872
920
952
984
944
904
848
864
848
864
864
792
768
856
912
888
816
824
784
784
880
888
848
808
816
816
888
928
864
816
840
808
880
856
848
784
760
776
880
880
824
808
816
880
976
888
840
824
792
800
848
824
840
784
928
960
888
816
832
832
808
824
832
776
768
864
904
848
840
792
832
832
888
840
824
752
736
840
848
800
784
800
784
800
840
808
792
792
888
928
856
856
784
768
832
832
808
744
728
760
760
808
784
784
784
856
952
896
848
840
888
976
920
856
856
816
824
760
744
728
848
936
888
888
816
920
976
920
864
856
832
856
928
880
840
776
800
792
784
784
776
792
744
872
968
904
864
880
888
848
792
808
800
760
784
816
1016
920
872
848
928
952
904
864
800
816
808
872
832
824
768
776
816
880
832
832
776
768
848
848
808
816
760
744
824
824
800
768
792
776
904
872
816
824
792
816
792
784
800
752
768
792
864
832
792
816
768
888
896
848
800
832
832
800
800
768
776
800
816
848
816
824
768
792
824
928
888
864
784
776
808
936
896
840
840
808
800
896
864
832
768
744
728
808
800
784
752
752
784
896
920
864
784
816
808
840
848
800
768
792
816
872
848
832
760
768
760
816
776
776
744
768
816
952
872
872
792
792
800
848
816
776
784
752
760
832
816
784
800
720
792
824
792
800
712
752
784
816
800
808
728
776
824
888
840
792
784
784
832
848
816
824
768
752
824
856
824
832
776
744
832
864
832
832
768
768
792
800
816
776
760
800
760
864
824
808
808
768
776
856
824
792
832
768
848
824
784
792
728
776
808
824
808
808
752
720
792
848
856
816
776
760
816
888
888
872
776
808
832
880
832
824
768
752
800
808
800
776
776
800
880
936
864
800
792
808
824
808
792
760
784
760
784
880
832
832
776
752
832
832
800
808
760
736
808
824
800
800
744
768
784
864
800
784
744
704
784
800
784
768
800
760
840
824
792
808
776
784
856
808
784
808
784
816
888
832
816
760
760
776
792
776
760
776
824
896
856
832
792
792
824
888
840
776
792
768
800
880
848
848
768
768
776
832
800
776
792
752
736
848
880
840
832
784
792
808
880
816
768
800
768
752
816
800
760
784
720
800
824
808
808
720
752
784
800
776
752
736
744
760
792
776
752
736
760
784
816
800
760
760
784
800
808
784
760
776
776
808
808
784
800
768
744
824
800
776
792
736
800
840
816
800
776
800
840
856
832
824
760
760
760
848
832
792
808
776
792
888
840
776
760
760
768
808
800
784
760
760
784
864
840
808
808
784
888
928
856
840
784
776
792
872
816
808
752
736
792
824
808
824
768
760
888
944
880
856
784
776
808
800
792
720
784
776
768
800
784
752
752
784
816
776
784
776
744
744
744
776
768
760
800
824
912
848
856
792
800
832
784
784
784
728
760
736
792
768
760
768
736
824
848
808
800
760
744
800
840
808
768
792
800
736
776
760
736
744
768
824
840
808
768
792
736
824
832
792
792
752
768
752
792
768
768
736
752
792
784
776
760
768
800
864
872
848
776
760
752
824
824
776
800
728
768
776
848
816
800
808
864
944
880
864
784
792
824
808
816
776
792
768
728
816
800
776
784
720
800
840
824
800
808
744
800
816
784
808
712
760
800
824
792
760
776
736
768
776
800
784
800
728
800
832
808
816
744
720
776
824
824
808
808
776
792
840
872
840
752
736
720
736
728
808
800
768
792
776
792
880
872
800
784
800
832
824
792
760
736
768
808
808
784
752
792
744
824
872
808
760
784
768
768
832
808
768
760
760
800
816
808
768
792
728
784
792
768
760
736
768
792
784
784
736
736
720
808
792
768
760
760
792
840
840
792
800
768
792
768
776
752
736
752
792
776
760
736
744
760
792
784
768
744
768
768
768
768
768
736
712
792
824
792
792
744
768
784
808
792
760
784
816
824
816
752
736
736
728
800
800
760
792
784
800
872
816
776
784
776
824
816
808
768
752
776
768
808
784
776
784
800
832
800
792
728
768
776
832
800
784
800
728
808
832
816
808
744
760
752
776
760
736
752
760
816
776
768
776
704
744
776
800
768
768
728
744
752
816
808
768
760
784
832
800
800
728
728
760
776
816
776
736
792
744
760
824
800
768
760
808
832
808
816
784
768
736
784
760
768
736
704
824
840
808
768
768
760
808
784
800
736
736
728
848
856
824
784
824
816
808
736
784
744
728
744
840
832
784
744
728
760
784
800
792
760
760
760
808
784
760
744
760
776
808
776
768
736
768
776
840
800
784
808
776
840
832
792
784
752
720
792
808
768
744
776
752
744
800
776
752
776
768
768
824
784
768
768
744
752
720
752
744
728
752
784
864
840
800
824
792
784
816
776
792
704
728
736
704
776
760
736
768
816
864
832
784
768
808
792
776
704
736
736
752
784
776
760
768
760
736
736
760
744
728
736
784
856
832
816
808
776
736
792
776
784
728
736
760
800
832
792
816
776
776
808
792
752
760
760
784
840
816
760
760
792
832
888
840
832
760
760
736
776
784
744
704
752
720
816
880
872
856
800
808
832
824
792
720
760
800
896
888
816
800
752
736
784
760
744
704
712
728
824
880
880
880
872
880
856
800
776
736
736
744
808
792
776
768
792
848
872
832
776
760
808
856
888
832
816
760
752
848
880
832
768
752
760
808
848
808
816
736
768
752
848
832
808
784
760
784
760
792
768
776
728
752
720
768
752
744
728
760
768
768
744
728
744
816
1000
920
912
840
848
848
776
784
768
776
704
776
752
744
720
744
776
856
848
808
776
768
808
816
784
800
744
712
792
800
800
768
784
712
744
784
760
736
744
712
712
840
840
824
848
816
832
824
768
760
744
792
880
848
824
736
712
736
736
920
944
968
928
840
824
872
896
880
816
816
792
784
824
808
736
736
704
768
848
808
816
744
744
776
776
808
816
776
768
800
856
800
856
688
736
728
816
792
792
744
784
736
824
784
776
776
720
688
736
720
720
712
752
760
752
592
864
768
984
872
792
784
808
848
840
792
800
736
824
848
816
784
760
768
816
840
832
808
752
736
736
776
776
744
768
720
728
792
816
768
768
760
832
808
792
752
760
760
792
760
768
712
728
712
792
776
768
744
736
784
840
816
784
792
800
824
848
784
760
784
776
784
800
776
752
728
768
808
800
800
736
696
776
824
800
808
472
968
728
736
736
744
656
720
720
888
848
904
952
976
960
912
800
776
760
744
760
728
712
728
744
784
776
768
776
688
768
800
760
752
752
712
736
744
800
808
776
800
760
760
816
792
776
792
736
816
920
880
816
768
784
768
752
824
840
784
792
792
880
920
896
872
816
808
824
784
728
736
760
784
872
912
848
800
776
800
840
808
784
744
792
736
784
768
752
728
744
792
864
840
832
768
736
808
848
816
808
760
768
760
816
784
760
776
728
792
776
760
736
760
736
712
752
760
736
736
784
872
856
840
784
816
760
776
752
752
720
688
736
792
800
800
792
776
760
752
752
752
776
872
912
848
800
808
832
808
816
744
736
784
832
792
760
792
784
800
944
880
824
824
792
816
792
808
768
776
720
784
832
824
800
768
792
752
840
864
816
784
808
752
808
816
792
800
768
760
776
824
800
768
784
752
736
776
760
744
744
768
840
856
824
792
776
776
800
784
768
776
736
752
744
760
768
736
752
776
832
824
816
752
728
760
776
752
736
736
744
784
808
784
800
720
768
800
784
768
776
744
760
760
712
736
720
728
752
800
816
784
792
752
776
792
824
800
800
728
704
768
800
776
752
784
752
744
816
800
792
744
736
744
824
800
768
784
736
720
776
760
736
728
728
712
736
856
864
840
808
824
872
840
784
760
808
736
800
776
760
768
736
704
768
760
728
720
728
728
776
816
824
784
752
792
704
736
736
720
720
736
808
808
824
824
744
800
816
768
752
736
760
792
912
840
832
760
768
800
776
792
760
776
720
736
728
744
744
696
704
688
696
680
704
688
688
672
664
656
664
640
632
640
624
632
624
632
624
616
624
616
616
616
624
616
624
616
624
632
640
656
664
680
664
672
672
664
672
664
664
680
600
632
640
608
648
648
632
632
632
632
632
632
616
616
624
616
616
616
616
616
608
608
624
648
696
720
744
744
736
736
760
744
720
712
720
744
744
752
704
648
704
656
648
616
656
632
648
664
720
832
1064
960
944
888
792
736
712
688
680
648
664
656
672
688
768
936
1048
968
904
824
768
744
720
720
704
664
680
680
704
696
704
704
512
888
688
728
768
792
912
976
912
928
952
960
928
872
880
904
920
904
864
848
904
1024
976
928
936
904
912
920
840
816
792
808
824
864
856
856
792
896
936
880
840
784
776
760
816
832
816
728
768
840
896
872
864
776
824
824
832
832
768
784
800
800
848
808
808
768
776
792
840
824
808
736
744
752
760
808
784
776
784
784
784
776
776
760
776
720
728
704
744
760
744
752
672
696
680
664
672
672
656
648
640
632
624
624
616
616
616
608
616
616
608
616
616
624
632
632
632
640
640
632
632
624
624
616
640
616
632
640
632
640
632
632
632
632
632
616
624
624
640
672
736
784
800
816
792
792
808
800
800
800
744
728
736
688
736
728
720
720
728
784
856
896
856
856
864
872
832
800
792
744
736
800
824
784
768
752
792
840
856
824
768
752
792
784
792
792
728
752
752
792
824
816
784
792
728
784
792
792
768
728
736
768
824
880
856
792
816
760
712
752
736
712
736
664
688
712
704
704
704
712
736
744
736
736
720
728
720
720
712
704
704
688
704
704
712
712
712
720
712
728
704
704
728
648
688
688
680
672
656
656
656
640
648
640
656
656
640
640
640
648
648
664
656
672
664
656
648
640
640
640
632
632
632
624
616
624
616
624
616
616
616
608
624
616
632
648
672
744
800
864
880
888
896
880
880
880
784
832
760
728
720
744
696
704
720
640
680
688
680
688
664
680
672
672
664
656
664
648
664
680
704
744
800
840
808
776
792
784
736
832
848
848
800
816
856
912
920
896
872
776
744
760
752
744
672
696
688
680
656
656
664
656
656
656
656
664
656
656
656
680
696
720
744
744
752
792
848
968
944
904
896
824
816
768
832
800
808
728
704
672
712
712
808
696
712
792
800
816
768
776
712
712
696
696
640
680
672
680
720
744
760
784
848
920
888
848
784
824
784
768
792
808
776
800
832
1032
960
984
944
952
984
944
920
840
816
800
792
784
768
768
1008
968
928
864
824
760
752
752
768
752
760
680
696
704
688
672
680
672
672
672
672
672
688
688
712
752
832
912
888
872
888
936
968
888
864
784
800
808
888
896
888
920
952
952
864
832
776
784
792
904
896
880
792
792
800
880
880
840
816
832
856
872
840
840
752
744
736
752
752
728
696
768
840
920
880
872
800
792
784
760
712
760
728
744
736
792
776
744
744
752
728
744
696
640
720
744
776
808
792
800
816
856
824
816
752
720
808
864
832
792
776
760
784
800
792
784
744
760
776
792
776
752
744
736
736
768
776
784
752
768
792
840
808
784
784
704
776
792
792
792
776
776
776
800
800
776
792
744
744
760
736
728
680
720
736
744
728
752
680
720
736
736
728
728
760
800
832
824
792
792
792
784
776
704
688
640
688
688
696
680
672
688
624
664
664
664
664
656
632
648
632
640
632
632
624
632
616
616
608
624
608
600
600
608
576
656
584
568
584
944
608
808
624
744
688
616
576
568
880
624
960
632
408
744
592
952
696
696
648
648
608
592
496
288
440
488
312
680
664
560
632
632
600
920
632
864
656
976
640
920
656
760
720
696
656
624
656
856
704
776
776
824
736
688
672
944
664
736
624
664
592
600
616
920
616
664
648
656
608
608
560
576
440
552
520
592
984
592
848
624
784
688
704
640
624
576
600
440
576
544
456
824
616
600
968
632
888
648
784
744
688
696
664
568
856
696
736
720
600
592
440
560
600
560
624
576
264
856
584
904
688
768
720
800
704
632
568
656
600
512
592
600
592
976
624
664
592
952
648
856
816
792
832
768
760
680
640
608
800
680
712
744
720
672
752
696
736
744
720
712
712
760
776
768
760
744
704
648
704
664
608
664
640
656
664
648
688
672
736
736
800
800
864
832
816
800
800
720
704
664
688
720
728
736
728
696
680
688
712
728
800
848
928
896
816
792
712
704
680
688
664
696
696
672
680
688
696
728
760
776
744
712
712
600
840
712
840
816
800
768
784
752
736
648
496
624
752
768
1016
880
920
896
808
768
736
704
688
640
632
840
664
728
712
712
720
704
608
824
704
680
664
656
632
608
576
744
648
680
696
640
576
608
448
584
512
592
664
592
904
624
592
584
584
592
432
552
920
664
1064
640
1016
640
936
840
856
840
744
648
616
632
456
560
576
696
616
608
568
560
424
560
520
584
856
656
632
576
576
576
584
408
568
512
624
600
584
416
496
568
600
640
576
408
536
544
504
504
544
496
464
528
512
600
568
552
408
496
528
624
560
552
568
464
520
480
528
480
504
600
536
544
456
496
552
536
568
408
496
560
560
552
552
512
568
552
536
488
504
520
552
592
392
504
584
488
264
488
392
368
552
440
576
504
520
560
488
520
496
560
560
480
488
496
616
560
544
488
560
568
464
576
576
360
544
560
360
544
584
560
544
568
584
368
528
640
592
584
576
568
464
552
512
1064
680
720
688
744
744
912
896
928
856
808
792
944
920
936
864
848
728
704
680
688
736
912
912
984
944
856
744
712
704
728
832
1096
984
984
944
792
712
696
728
816
408
752
432
688
1120
1080
952
856
760
744
792
1056
1064
1000
960
1008
992
1016
1000
1000
1008
984
936
888
856
904
1016
1096
1072
1040
968
848
768
800
800
936
888
856
776
776
728
840
896
888
888
1016
1016
1016
952
800
728
720
736
960
1048
1040
1040
992
896
808
808
816
880
1040
1040
1016
1008
992
960
816
768
736
752
824
848
880
848
808
744
712
688
680
696
656
720
712
728
736
792
864
976
976
928
864
744
696
704
680
672
720
800
920
1112
1080
1072
1024
1000
928
784
736
712
704
696
936
1000
1064
1016
992
888
776
736
728
712
784
840
808
832
832
1008
984
968
936
808
736
704
680
688
792
1008
984
984
968
904
792
784
800
800
880
912
920
952
904
896
856
816
784
864
968
1008
880
832
760
720
704
728
712
696
640
696
688
752
752
736
688
680
704
648
688
680
696
624
752
680
736
712
728
632
624
912
696
696
704
760
752
912
792
408
864
832
424
736
776
1000
792
752
704
704
704
960
1040
1080
1048
1032
952
816
760
712
712
704
712
792
1024
944
952
872
744
688
696
664
672
648
648
624
672
728
1000
936
984
960
792
720
688
704
408
