1336
1186
1204
1168
1162
1186
1176
1170
1158
1164
1164
1158
1164
1170
1168
1168
1166
1158
1164
1150
1160
1170
1170
1164
1176
1174
1168
1176
1154
1146
1166
1150
1152
1154
1136
1178
1190
1162
1190
1182
1184
1198
1196
1158
1178
1160
1146
1160
1172
1166
1176
1170
1186
1166
1172
1208
1184
1196
1202
1186
1176
1184
1186
1184
1178
1192
1184
1164
1188
1186
1186
1198
1194
1174
1170
1148
1162
1154
1168
1158
1154
1158
1158
1156
1174
1170
1174
1176
1160
1170
1156
1158
1162
1156
1156
1160
1156
1152
1146
1162
1156
1160
1168
1166
1158
1146
1168
1166
1160
1150
1172
1162
1158
1160
1160
1170
1174
1176
1162
1172
1172
1162
1166
1174
1152
1154
1160
1158
1162
1158
1168
1162
1150
1160
1144
1158
1164
1172
1180
1158
1178
1168
1182
1184
1152
1170
1140
1166
1144
1164
1172
1180
1204
1166
1200
1190
1188
1210
1198
1176
1174
1152
1176
1182
1184
1176
1176
1178
1176
1170
1172
1190
1176
1170
1166
1176
1168
1160
1176
1154
1160
1174
1164
1150
1190
1166
1184
1182
1190
1202
1194
1156
1150
1156
1150
1168
1152
1144
1166
1160
1180
1174
1158
1178
1168
1164
1156
1172
1160
1162
1156
1144
1188
1172
1166
1194
1186
1198
1186
1186
1180
1162
1174
1170
1158
1162
1164
1176
1168
1166
1182
1180
1174
1176
1162
1166
1172
1158
1170
1166
1164
1176
1160
1164
1164
1158
1156
1166
1132
1146
1136
1158
1194
1158
1152
1174
1176
1164
1164
1184
1178
1180
1176
1176
1178
1148
1154
1160
1152
1150
1188
1160
1176
1182
1162
1174
1168
1160
1166
1166
1182
1176
1182
1166
1136
1168
1154
1146
1152
1140
1174
1164
1158
1182
1170
1164
1162
1172
1162
1186
1174
1154
1144
1144
1156
1154
1136
1144
1176
1162
1146
1142
1158
1154
1144
1174
1170
1166
1172
1166
1162
1162
1162
1162
1168
1158
1154
1160
1140
1172
1152
1184
1182
1152
1154
1178
1178
1176
1198
1194
1198
1184
1148
1174
1166
1164
1178
1172
1154
1130
1150
1162
1146
1160
1138
1158
1154
1190
1168
1162
1182
1164
1178
1148
1136
1140
1136
1116
1152
1184
1170
1158
1164
1172
1180
1158
1156
1174
1154
1166
1144
1176
1166
1180
1192
1188
1182
1190
1174
1174
1180
1184
1170
1174
1182
1178
1172
1172
1180
1154
1170
1180
1168
1172
1182
1176
1164
1166
1158
1132
1138
1138
1126
1150
1190
1166
1184
1186
1188
1178
1190
1188
1178
1190
1172
1154
1164
1176
1172
1178
1176
1182
1168
1150
1164
1148
1180
1166
1196
1188
1178
1196
1204
1188
1172
1168
1170
1164
1176
1182
1192
1186
1188
1184
1184
1186
1182
1196
1188
1174
1184
1196
1190
1190
1194
1200
1192
1194
1188
1186
1150
1172
1160
1148
1162
1160
1172
1176
1182
1194
1196
1188
1188
1180
1178
1192
1154
1166
1176
1168
1166
1174
1168
1168
1148
1174
1164
1160
1158
1160
1164
1152
1156
1172
1168
1154
1156
1142
1150
1134
1150
1146
1126
1156
1170
1190
1190
1192
1188
1184
1186
1176
1176
1154
1172
1140
1140
1160
1154
1152
1164
1200
1184
1178
1186
1182
1182
1184
1138
1158
1168
1162
1160
1170
1158
1172
1140
1138
1156
1138
1148
1144
1144
1212
1188
1182
1186
1194
1188
1194
1196
1196
1182
1172
1184
1180
1178
1168
1166
1172
1164
1164
1154
1164
1176
1176
1176
1166
1178
1172
1156
1160
1164
1158
1160
1158
1162
1166
1156
1152
1192
1178
1160
1194
1198
1188
1206
1206
1190
1178
1156
1170
1166
1170
1178
1180
1184
1186
1174
1184
1186
1182
1142
1168
1164
1166
1170
1164
1168
1170
1172
1164
1174
1174
1160
1164
1172
1170
1158
1158
1154
1164
1150
1158
1166
1140
1154
1168
1168
1154
1152
1164
1180
1154
1178
1172
1168
1188
1186
1166
1146
1146
1148
1140
1162
1150
1188
1190
1178
1166
1190
1184
1176
1202
1202
1194
1154
1156
1190
1186
1184
1182
1186
1180
1172
1178
1170
1166
1154
1160
1146
1146
1148
1114
1108
1100
1096
1096
1088
1072
1146
1168
1178
1196
1194
1192
1192
1210
1184
1170
1182
1170
1166
1176
1190
1180
1176
1180
1184
1168
1166
1174
1150
1158
1158
1164
1164
1190
1178
1176
1196
1184
1186
1192
1182
1172
1168
1154
1170
1142
1152
1158
1140
1172
1164
1186
1186
1190
1198
1178
1198
1188
1190
1194
1186
1186
1160
1180
1192
1170
1200
1204
1194
1198
1198
1194
1210
1200
1208
1168
1198
1184
1182
1180
1180
1184
1182
1182
1188
1170
1168
1170
1174
1150
1166
1170
1156
1152
1166
1158
1164
1146
1172
1184
1166
1200
1180
1172
1200
1188
1196
1162
1148
1160
1158
1172
1180
1168
1174
1180
1158
1164
1194
1166
1192
1190
1182
1186
1172
1184
1172
1186
1186
1180
1154
1170
1172
1158
1172
1134
1094
1078
1096
1086
1096
1110
1088
1104
1102
1082
1096
1096
1070
1058
1066
1068
1064
1070
1066
1060
1082
1072
1066
1114
1132
1132
1146
1140
1130
1138
1142
1148
1116
1072
1064
1058
1074
1050
1054
536
1304
1058
1058
1102
1028
1030
1020
1004
998
996
1000
990
988
988
1042
1040
1072
1088
1094
1142
1180
1144
1172
1182
1150
1110
1090
1068
1060
1056
1058
1042
1094
1114
1098
1104
1126
1096
1090
1098
1088
1084
1086
1104
1086
1082
1050
1028
1034
1026
1022
1024
1032
1010
996
1006
996
984
982
986
976
1030
1054
1062
1094
1120
1154
1156
1182
1178
1204
1192
1194
1196
1200
1184
1216
1212
1186
1192
1228
1212
1204
1224
1172
1178
1132
1120
1088
1094
1082
1084
1078
1068
1062
1066
1070
1066
1094
1146
1158
1190
1222
1224
1264
1236
1224
1236
1208
1166
1144
1092
1098
1072
1050
1056
1050
1068
1054
1140
1156
1192
1190
1184
1176
1172
1160
1152
1156
1134
1148
1150
1144
1128
1164
1154
1190
1168
1186
1160
1132
1120
1124
1112
1112
1136
1126
1134
1108
1092
1108
1106
1118
1114
1120
1106
1086
1096
1100
1104
1094
1078
1090
1084
1146
1150
1174
1200
1194
1182
1194
1188
1154
1176
1146
1158
1166
1162
1152
1210
1232
1240
1216
1238
1228
1218
1192
1196
1172
1174
1172
1126
1136
1074
1106
1112
1104
1114
1122
1104
1148
1146
1170
1152
1158
1154
1172
1130
1120
1128
1114
1124
1106
1114
1158
1150
1132
1140
1146
1106
1060
1070
1082
1076
1070
1084
1078
1080
1064
1040
1070
1026
1004
1004
1016
1002
1024
1036
1102
1144
1170
1170
1174
1154
1178
1150
1112
1132
1136
1120
1112
1190
1190
1168
1166
1182
1194
1162
1190
1190
1182
1162
1172
1152
1152
1180
1170
1180
1176
1174
1158
1176
1174
1154
1178
1092
1126
1096
1102
1130
1096
1158
1166
1148
1162
1144
1106
1074
1062
1046
1048
998
1006
998
982
1000
986
1018
1076
1076
1086
1104
1130
1144
1164
1162
1174
1158
1180
1158
1146
1174
1146
1166
1142
1160
1144
1144
1144
1160
1142
1180
1176
1184
1178
1160
1182
1158
1152
1174
1176
1180
1160
1194
1164
1168
1158
1166
1156
1140
1154
1154
1076
1068
1064
1072
1074
1056
1096
1128
1126
1150
1148
1188
1200
1216
1192
1202
1178
1170
1166
1164
1158
1168
1158
1152
1164
1164
1156
1160
1154
1166
1160
1150
1138
1140
1140
1156
1144
1160
1166
1156
1158
1162
1148
1154
1156
1152
1162
1158
1146
1138
1142
1156
1126
1142
1172
1158
1138
1162
1162
1158
1146
1166
1158
1170
1168
1168
1140
1152
1168
1152
1174
1164
1160
1168
1164
1156
1164
1160
1162
1164
1154
1134
1146
1146
1122
1096
1130
1126
1118
1116
1116
1118
1096
1108
1082
1068
1078
1076
1078
1084
1124
1140
1138
1140
1140
1150
1152
1134
1158
1170
1136
1182
1154
1152
1150
1150
1138
1150
1126
1124
1114
1116
1138
1120
1072
1100
1104
1076
1114
1114
1100
1138
1100
1110
1128
1104
1118
1114
1110
1124
1116
1112
1118
1116
1094
1124
1100
1082
1068
1076
1068
1062
1136
1108
1100
1108
1090
1080
1112
1094
1072
1096
1090
1076
1072
1128
1112
1134
1142
1124
1136
1164
1140
1142
1164
1140
1128
1104
1118
1090
1064
1068
1072
1074
1074
1076
1070
1064
1074
1086
1078
1080
1088
1082
1090
1114
1124
1126
1134
1128
1172
1154
1150
1162
1146
1118
1122
1138
1128
1134
1132
1192
1174
1182
1174
1162
1154
1160
1154
1148
1158
1158
1130
1148
1146
1144
1158
1148
1150
1150
1124
1144
1128
1152
1172
1170
1148
1166
1182
1164
1162
1154
1158
1148
1144
1134
1134
1150
1126
1148
1164
1166
1176
1174
1170
1162
1162
1154
1144
1138
1136
1134
1134
1142
1146
1140
1158
1158
1146
1156
1158
1142
1162
1146
1150
1146
1148
1140
1142
1126
1172
1154
1114
1090
1096
1106
1098
1100
1118
1106
1116
1120
1112
1072
1100
1090
1086
1084
1088
1078
1084
1074
1102
1120
1122
1116
1130
1132
1118
1120
1134
1128
1142
1128
1108
1102
1110
1104
1096
1132
1128
1162
1144
1158
1134
1116
1110
1116
1114
1106
1148
1140
1172
1166
1142
1104
1106
1104
1092
1104
1110
1100
1110
1118
1126
1108
1126
1124
1108
1128
1128
1126
1116
1120
1136
1144
1124
1134
1132
1126
1132
1102
1098
1104
1102
1098
1090
1110
1122
1150
1144
1142
1156
1146
1134
1152
1156
1114
1102
1072
1104
1082
1086
1098
1092
1086
1080
1112
1136
1116
1112
1116
1132
1128
1130
1118
1116
1102
1138
1124
1138
1134
1108
1130
1126
1100
1114
1114
1114
1116
1118
1078
1064
1076
1066
1050
1046
1036
1042
1012
1030
1030
1024
1028
1020
1014
1066
1120
1142
1154
1180
1172
1154
1172
1150
1144
1154
1180
1200
1206
1196
1220
1168
1160
1136
1164
1158
1168
1160
1168
1166
1196
1206
1204
1206
1210
1178
1186
1178
1136
1118
1084
1110
1106
1080
1056
1040
1032
1050
1038
1052
1054
1062
1102
1124
1122
1108
1126
1138
1132
1142
1142
1124
1100
1056
1090
1090
1088
1074
1096
1076
1066
1088
1096
1088
1084
1100
1094
1092
1086
582
1262
1044
1054
1102
1064
1074
1072
1152
1166
1202
1208
1198
1200
1198
1202
1156
1148
1108
1110
1096
1062
1078
1082
1070
1122
1148
1156
1160
1166
1186
1182
1198
1182
1188
1186
1188
1180
1170
1190
1186
1164
1174
1168
1146
1134
1134
1134
1122
1126
1126
1104
1116
1108
1092
1134
1130
1120
1120
1108
1124
1112
1132
1098
1062
1052
1070
1062
1058
1072
1044
1058
1074
1060
1062
1074
1056
1092
1066
1122
1128
1108
1128
1108
1094
1092
1086
1068
1066
1066
1074
1054
1088
1142
1156
1130
1156
1140
1142
1140
1132
1136
1150
1140
1182
1176
1180
1176
1182
1150
1112
1124
1092
1106
1098
1096
1108
1104
1096
1100
1100
1080
1128
1090
1128
1132
1152
1148
1144
1160
1142
1130
1152
1146
1146
1150
1152
1140
1132
1134
1136
1044
1022
1050
1024
1002
1014
1024
1046
1132
1190
1168
1224
1234
1228
1210
1200
1182
1176
1178
1176
1156
1172
1150
1160
1150
1148
1138
1102
1128
1126
1128
1136
1118
1136
1118
1106
1144
1142
1146
1144
1146
1122
1078
1112
1110
1106
1122
1112
1114
1092
1098
1096
1090
1104
1092
1086
1118
1152
1122
1170
1172
1156
1164
1162
1166
1184
1170
1156
1172
1132
1138
1138
1156
1150
1142
1158
1128
1148
1130
1132
1134
1122
1120
1118
1136
1126
1120
1136
1132
1106
1118
1126
1108
1128
1170
1120
1154
1156
1138
1162
1152
1154
1142
1160
1146
1114
1114
1108
1120
1114
1078
1104
1094
1084
1094
1094
1104
1104
1106
1086
1072
1072
1070
1070
1096
1102
1102
1112
1108
1112
1112
1102
1100
1096
1100
1098
1100
1102
1110
1096
1120
1112
1108
1128
1108
1104
1104
1090
1050
1088
1068
1062
1070
1076
1064
1066
1074
1074
1062
1088
1068
1076
1098
1112
1124
1098
1126
1128
1116
1128
1138
1126
1136
1128
1140
1132
1114
1138
1128
1112
1112
1102
1094
1094
1088
1090
1052
1072
1086
1078
1070
1090
1094
1082
1080
1098
1072
1072
1044
1040
1058
1056
1092
1136
1118
1172
1200
1188
1190
1188
1170
1140
1124
1144
1092
1112
1098
1118
1104
1106
1124
1114
1134
1132
1134
1062
1118
1120
1112
1120
1122
1104
1164
1130
1134
1154
1116
1062
1068
1050
1022
1022
1010
1004
962
958
948
936
914
932
920
924
930
994
984
1002
1016
1032
1032
1024
1010
1016
1002
1002
1014
1026
1000
1006
1016
1048
1052
1036
1072
1052
1062
1058
1046
1064
1028
1008
984
986
998
998
994
984
978
980
976
976
978
966
970
964
956
946
950
938
944
924
934
936
936
936
932
940
942
946
940
934
940
928
926
938
934
926
938
932
938
934
936
934
940
940
900
906
904
900
900
894
898
884
888
880
880
876
894
918
920
908
940
928
920
910
912
894
908
936
920
918
910
912
914
900
908
904
922
932
924
936
940
934
948
958
956
946
940
970
966
968
964
974
950
974
984
998
1006
1014
1042
1038
556
1260
608
1172
576
1186
982
990
1018
984
994
998
980
1058
1032
1064
1054
1044
1048
1050
1064
1030
988
968
986
982
964
970
964
962
966
970
948
992
554
1248
1000
1002
1018
1010
1000
1010
1002
1002
994
1038
1056
1048
1046
1050
1040
1036
1048
1020
1004
998
1000
988
986
1000
994
974
992
992
994
974
976
984
994
1000
1002
1018
1004
1008
1016
1024
1016
1034
1022
1022
1026
1022
1020
1022
1018
1014
1022
1018
1018
1018
1018
1014
1012
1032
1014
1012
1024
1020
1022
1030
1030
1014
1018
1012
512
1232
1024
984
1048
1020
986
494
1200
1006
1000
1006
524
1156
986
968
1032
996
972
984
994
520
1208
1012
978
1040
512
1200
994
964
1016
970
964
952
974
976
980
1018
1014
1020
1036
1012
1010
1004
992
1016
1004
972
972
976
968
978
974
972
972
960
966
970
946
982
990
1000
564
1194
1018
992
1046
1002
490
1200
602
1136
1000
980
1018
984
488
1184
608
1130
966
574
1148
582
1116
576
1126
594
1074
920
900
952
924
916
938
958
1006
1010
1024
560
1278
608
1170
604
1160
992
994
1028
984
980
1000
978
970
1048
1060
1040
1056
1050
1046
1044
1034
1044
1028
1012
498
1246
1022
970
1018
986
952
990
980
968
984
962
998
1010
1010
998
1002
990
988
988
974
966
976
970
990
974
996
986
1000
1008
990
1016
1028
1026
1014
1018
1022
1012
1032
1016
1018
984
974
968
492
1198
974
950
988
964
940
934
930
926
938
928
922
976
980
982
970
982
542
1178
986
974
1016
992
958
486
1192
986
968
1010
992
960
506
1174
996
968
1002
524
1162
986
572
1168
612
1138
980
970
1022
516
1204
612
1138
988
988
1032
1002
482
1206
606
1166
988
574
1178
1000
982
1022
528
1182
608
1140
986
980
996
508
1198
976
984
1012
988
996
988
1032
1024
1050
1050
1046
1046
1040
1040
1060
1020
1046
1006
1004
984
996
992
992
1000
992
978
1012
1016
996
1000
996
996
998
984
996
994
980
1008
992
976
1000
1000
984
1010
994
998
558
1194
988
968
1004
978
966
940
968
960
936
970
546
1180
604
1138
1000
970
1014
992
960
980
982
968
978
984
976
984
990
980
998
988
990
986
1004
998
1002
992
984
998
968
978
974
962
978
976
960
956
954
964
948
950
974
966
952
986
982
978
988
978
976
996
988
974
998
968
974
972
968
946
954
966
966
976
978
970
972
974
952
960
960
490
1160
970
940
986
506
1210
610
1064
594
1094
938
930
956
934
474
1124
594
1084
602
1096
604
1080
600
1072
602
1066
570
1100
928
552
1114
920
564
1130
610
1108
952
948
1004
968
964
972
970
976
966
986
958
996
996
982
976
994
994
994
982
990
994
984
1006
1004
1012
1002
1026
528
1174
1004
970
1028
996
968
974
974
974
974
980
962
970
966
962
960
956
966
966
962
952
966
950
952
968
972
954
996
1000
990
1004
1002
992
982
988
992
986
984
966
972
978
962
962
976
992
964
998
974
966
558
1168
974
950
990
968
968
956
944
964
952
962
940
968
980
980
990
986
984
1006
996
994
968
988
972
984
990
976
968
984
976
974
968
970
986
982
962
998
996
562
1186
602
1140
602
1136
574
1128
866
868
942
524
1104
926
928
960
528
1122
616
1098
604
1108
606
1126
572
1150
600
1102
576
1122
934
912
978
930
940
948
922
978
1002
1002
1032
1034
1024
1034
1024
1020
572
1194
598
1140
600
1120
602
1114
956
932
990
956
938
954
948
970
1032
1026
1060
1072
1056
1078
1068
1022
1024
1004
998
1000
978
986
976
968
946
960
960
948
958
938
942
952
944
942
956
958
948
944
978
974
990
996
982
982
996
982
968
990
970
962
968
974
948
972
970
958
990
970
976
982
990
992
976
980
980
978
970
988
980
1006
556
1202
1002
972
1044
996
1000
506
1188
612
1134
600
1134
578
1118
966
944
980
948
944
948
948
938
1000
1004
1002
1020
994
1022
1012
1000
1002
588
1168
994
976
1026
1000
988
992
982
990
980
1024
1018
1014
1028
566
1218
604
1184
588
1188
604
1156
604
884
1096
1012
1006
1004
1008
986
980
984
980
1014
1014
1010
568
1166
606
1136
984
954
578
1130
612
1112
896
892
576
1072
598
1092
576
1136
960
950
1006
974
976
992
976
1030
1040
1050
1058
1046
1046
1048
1054
1018
1018
1022
1014
1012
1004
1008
1008
996
1006
1006
1012
1016
1024
1020
1022
1008
1020
1022
1020
1010
1006
1002
1022
1002
1016
1004
986
992
982
980
986
986
974
972
974
964
980
974
970
968
972
990
990
968
990
1002
998
1002
986
990
982
992
988
976
968
984
986
980
1114
676
910
968
962
944
958
954
952
946
962
964
954
978
966
982
972
970
568
1148
980
968
992
980
944
960
976
516
1206
1026
1014
1070
1028
1036
1028
518
1218
602
1178
1010
988
1024
512
1194
984
578
1162
610
1138
598
1146
986
564
1156
600
1134
976
970
1022
996
962
984
516
1228
594
1186
596
1184
1020
990
1028
1004
988
1006
986
1000
998
1008
984
1014
1020
1044
1032
1016
1048
1042
1024
1046
1048
1058
1042
1050
1024
1010
1022
1026
1018
1012
1004
1006
1026
1022
1026
1022
1020
1024
1028
1012
1018
1006
1004
1000
998
1000
1008
1006
996
998
1016
1020
1004
1042
1028
568
1218
680
1118
1036
1008
1036
1010
1008
1014
1010
1006
1026
1030
1036
1050
1044
1042
1030
1036
1034
1038
1026
1034
1022
1010
1062
1082
1090
1106
1080
1092
1094
1052
1042
1034
1018
1020
1000
992
972
958
962
942
496
1146
930
908
964
924
892
904
908
894
886
920
918
930
942
952
948
990
984
972
1004
1004
1012
1006
1006
996
990
1014
996
992
996
980
980
984
982
976
976
964
982
984
984
970
988
980
974
978
976
972
1092
1136
792
582
794
714
548
752
580
380
568
692
1010
776
832
730
528
926
904
1184
1002
552
822
838
936
1118
858
680
738
826
742
712
742
1074
716
834
612
948
1080
856
942
912
804
894
812
804
870
936
646
572
520
726
646
624
832
676
1086
742
628
824
748
750
984
788
764
840
832
1038
1116
962
620
890
578
1004
774
996
1094
746
770
772
562
626
698
812
1020
820
1186
1008
614
924
592
772
646
594
540
962
818
762
960
1080
716
716
544
654
766
750
1034
902
794
752
684
700
710
700
636
788
886
618
800
794
734
768
722
722
862
984
774
540
994
738
586
746
702
770
616
928
660
662
482
644
630
504
734
974
962
710
794
840
740
974
916
614
724
550
532
502
706
834
948
842
704
854
810
836
830
976
682
840
582
980
780
736
756
960
1092
578
792
732
696
530
692
704
938
864
958
730
842
690
780
962
916
866
576
768
646
738
678
624
656
740
888
788
876
798
792
806
808
684
726
554
564
806
648
808
546
706
706
1022
802
934
788
678
710
816
718
744
752
1088
846
712
1108
788
820
902
1056
824
726
838
698
632
880
874
764
982
932
562
782
1058
928
600
486
960
796
706
442
750
796
678
678
1226
1400
1142
1378
1702
832
908
994
714
820
710
684
654
668
812
924
792
538
796
738
1068
858
1046
912
932
998
796
912
734
790
786
818
566
842
626
590
924
810
832
714
876
1158
624
678
738
908
708
858
802
754
742
710
700
1006
724
998
702
736
526
724
1038
770
760
1196
918
618
816
826
906
646
722
760
858
876
586
770
568
956
764
758
934
718
874
766
820
828
914
740
600
872
1136
566
796
804
1186
484
936
770
740
766
692
682
886
1128
854
1266
806
660
896
794
980
644
808
984
1040
990
690
