1212
960
916
860
864
824
836
816
830
836
830
830
832
844
818
832
834
832
838
832
834
844
832
844
840
848
838
830
828
838
814
826
824
824
824
830
826
818
868
866
872
874
868
876
868
874
880
876
878
882
884
886
870
884
878
870
896
898
892
902
882
892
888
882
882
886
880
870
894
890
898
900
906
892
884
898
880
876
870
872
860
848
856
846
844
842
854
842
836
860
858
832
842
838
824
850
844
848
854
858
856
858
856
862
860
858
856
858
868
862
872
864
870
872
866
874
872
888
884
878
896
890
896
896
896
892
868
858
852
848
854
854
842
852
848
852
866
868
870
866
868
864
876
880
890
886
884
836
828
844
846
844
844
856
848
844
862
838
872
876
890
892
906
908
910
910
906
904
926
918
894
882
888
868
864
884
862
874
886
856
858
868
856
848
852
864
864
866
866
852
840
854
858
858
856
860
856
838
852
854
846
848
842
846
834
836
832
824
818
848
852
864
848
848
850
856
856
842
860
850
838
844
842
862
846
844
854
840
838
850
860
878
882
882
890
890
892
886
898
888
882
896
892
886
886
888
878
894
874
864
870
872
860
852
848
850
832
838
834
830
828
832
828
844
844
850
850
854
854
860
846
850
866
870
874
866
852
880
858
850
850
856
862
858
858
862
870
842
904
904
910
896
902
896
902
906
900
894
892
874
878
880
864
864
870
860
870
856
834
860
826
816
832
818
828
832
824
808
846
856
852
842
852
868
872
878
884
898
886
888
886
900
914
908
906
918
912
910
904
922
898
862
864
858
858
864
858
878
882
878
872
876
848
858
856
858
844
852
862
842
858
866
856
848
836
834
852
854
850
856
848
830
868
886
900
902
912
922
920
922
944
952
972
976
1000
1010
992
990
1010
996
958
1004
998
984
966
926
930
904
902
896
896
904
874
870
852
854
864
862
856
886
896
898
880
908
924
900
912
922
902
902
920
918
914
902
906
918
898
872
870
880
866
868
876
876
860
880
862
880
886
888
888
886
890
890
888
892
866
874
882
880
866
856
906
898
914
916
912
922
928
924
918
924
914
916
922
902
904
902
886
892
894
890
914
892
910
860
860
842
836
846
840
838
844
846
838
848
852
862
870
874
882
874
858
890
892
888
896
910
914
924
922
920
924
914
904
924
912
908
908
928
916
904
888
894
882
910
900
900
896
886
898
900
896
882
882
874
872
886
868
862
884
842
842
840
834
858
848
850
852
854
838
866
862
868
868
868
864
870
876
868
860
862
854
850
862
856
850
858
856
864
848
864
860
868
860
848
874
890
880
888
888
880
878
878
872
866
882
892
886
892
904
906
904
924
912
914
924
906
902
914
920
922
930
916
914
918
914
908
922
898
898
900
896
904
918
924
926
924
906
904
914
920
916
926
908
904
908
902
906
912
906
908
916
904
918
936
918
912
902
922
860
852
864
858
864
862
854
856
852
852
854
856
868
870
878
874
876
888
888
884
890
874
858
872
880
866
890
882
896
896
892
900
908
918
898
904
896
894
892
886
902
874
862
856
862
862
844
852
838
850
842
834
856
852
856
858
854
856
858
832
838
826
894
920
938
922
942
930
922
946
940
922
930
938
920
938
938
936
944
940
944
952
928
918
908
910
888
904
860
858
854
856
852
868
868
872
856
854
866
860
868
870
872
862
864
866
868
874
888
896
890
892
902
900
906
922
928
922
920
926
922
928
914
896
896
874
864
868
860
868
862
854
872
858
870
876
876
880
888
878
854
864
872
878
856
878
866
854
850
852
844
846
848
836
860
838
890
892
914
904
908
912
912
894
902
902
882
894
880
904
894
860
862
870
854
876
852
900
902
910
916
916
918
932
922
922
930
936
920
912
908
926
902
848
870
874
872
880
880
876
884
886
896
894
888
892
902
900
910
908
900
866
870
886
864
870
914
914
932
944
950
940
940
934
940
932
926
916
904
898
918
900
870
872
866
884
882
868
874
858
892
900
900
904
892
898
902
876
912
884
872
862
854
854
868
850
872
876
882
890
886
906
912
912
928
926
934
934
934
934
930
940
894
902
904
880
900
906
888
900
912
920
910
914
926
918
912
896
868
868
876
864
854
842
844
838
836
834
858
856
856
870
868
876
890
898
884
902
892
888
894
894
890
886
894
882
872
862
850
858
844
850
854
858
862
860
878
860
898
898
908
914
916
928
928
916
914
930
920
934
934
948
930
924
922
946
930
912
910
898
902
908
896
896
900
908
898
904
904
900
900
902
908
896
900
906
902
910
912
908
916
892
886
892
892
892
882
872
870
864
886
890
864
908
900
898
906
910
910
922
908
896
894
896
890
900
906
910
890
892
896
894
902
914
918
910
914
916
920
934
924
916
912
936
902
888
888
878
872
880
884
878
886
894
886
892
894
896
892
894
896
892
890
884
874
868
856
864
856
846
844
842
836
822
832
836
830
836
828
834
834
830
850
856
858
858
858
872
866
870
866
870
858
856
856
850
846
840
854
842
840
842
846
840
850
818
810
816
808
818
820
824
826
824
824
828
806
862
860
868
870
866
864
874
882
874
876
872
876
880
884
896
908
916
926
914
920
914
920
912
916
910
934
900
868
876
878
872
862
868
850
838
832
842
828
820
822
828
824
816
822
822
824
828
830
830
830
836
834
838
850
822
852
866
872
858
870
872
878
874
872
882
860
870
878
858
868
864
866
856
856
852
846
844
860
852
848
862
854
850
864
858
868
870
882
876
860
874
864
852
860
860
866
850
862
852
852
848
854
852
850
858
862
846
858
872
856
868
876
866
870
872
876
870
866
870
864
852
854
856
844
846
854
874
868
866
864
876
896
876
882
886
880
862
882
876
868
854
860
854
872
870
858
858
860
870
874
862
886
854
894
888
890
872
882
886
878
868
874
882
878
890
870
880
874
864
878
882
876
884
884
872
872
888
866
872
876
874
860
862
848
858
864
856
866
884
892
884
902
906
906
916
922
916
924
928
920
924
926
910
930
916
872
874
892
874
892
866
900
890
904
910
902
894
898
912
896
852
846
858
862
854
856
858
856
876
876
886
888
888
898
904
906
886
906
886
896
880
842
844
854
856
850
856
860
850
860
866
868
874
870
862
884
890
888
882
882
892
902
888
900
884
888
890
888
894
886
898
880
874
876
862
874
874
864
874
878
856
860
868
838
840
836
830
838
836
834
830
822
820
870
878
884
880
882
882
884
874
874
884
874
870
882
882
880
876
886
864
858
858
860
846
868
844
840
848
850
852
854
872
888
906
912
916
910
902
906
944
922
924
922
938
928
912
898
868
872
870
864
870
866
870
862
902
902
908
908
902
912
914
898
922
910
876
868
878
880
864
886
896
898
896
896
896
902
902
910
904
876
880
888
872
888
860
878
872
878
872
868
874
858
862
870
868
884
884
890
896
894
892
888
882
888
894
886
896
910
918
922
920
924
918
918
918
924
938
926
918
878
880
870
878
878
878
866
882
868
876
870
888
888
886
890
882
884
884
882
870
872
872
852
858
868
850
836
840
834
836
828
834
848
846
824
866
864
874
890
898
898
898
904
904
906
902
922
922
910
916
922
902
916
902
878
886
882
892
884
898
886
904
878
914
916
918
918
928
924
930
920
924
938
914
924
922
904
910
930
882
870
870
832
856
852
836
852
832
874
860
874
852
866
876
884
904
882
890
882
878
902
912
908
918
924
910
926
932
924
944
938
936
930
944
950
944
958
948
944
940
936
938
930
918
922
914
914
914
916
902
904
886
900
886
872
876
888
882
874
890
876
888
896
902
898
900
894
888
880
894
902
890
894
882
894
890
876
894
882
884
880
886
870
850
868
862
854
856
862
852
872
878
846
886
894
906
904
898
890
894
904
912
900
906
914
900
888
896
884
880
888
888
900
906
894
892
910
906
910
920
896
902
916
914
906
914
908
894
890
900
894
860
858
862
850
866
862
866
844
886
882
900
892
888
892
898
898
898
898
890
886
872
880
876
888
900
902
904
916
912
920
928
910
924
918
926
928
936
940
942
938
922
914
926
914
926
928
918
916
912
916
902
908
924
906
910
910
896
894
888
898
882
882
882
876
860
866
886
880
888
900
908
908
920
918
918
928
922
938
938
952
932
908
886
872
896
892
888
898
880
934
934
944
950
952
952
942
954
936
928
930
924
938
916
916
914
896
910
898
874
884
898
872
878
878
868
842
864
864
850
868
868
860
858
858
872
880
882
898
890
884
892
884
876
926
942
956
956
956
950
958
974
956
952
978
964
956
966
980
962
968
960
946
978
952
928
916
896
902
900
890
890
890
894
866
872
878
876
878
864
882
866
878
862
872
882
854
862
846
836
834
772
842
834
838
842
840
844
850
858
868
858
862
868
866
864
874
870
872
864
852
846
840
862
886
882
872
874
874
870
894
904
896
896
892
880
886
888
906
900
908
902
894
892
900
898
880
896
876
882
892
888
894
908
880
888
880
876
888
896
878
890
882
884
892
886
900
906
906
892
902
874
880
874
888
880
876
880
894
910
914
916
934
920
924
934
942
932
942
906
960
898
900
910
916
916
936
930
938
936
908
956
954
948
930
926
934
918
938
904
872
838
874
880
864
884
878
886
878
886
882
872
902
904
888
896
888
888
892
908
906
922
904
890
920
928
914
918
920
926
924
932
912
908
928
900
918
922
910
916
928
926
928
926
910
916
924
888
898
912
890
878
862
856
842
848
854
854
844
828
848
836
840
832
840
844
848
820
884
892
904
922
926
924
928
928
928
932
928
926
924
928
904
898
938
888
862
868
864
858
780
838
872
880
890
910
906
894
892
896
892
896
912
896
908
892
890
904
900
908
898
904
890
906
906
900
898
890
888
868
868
878
876
880
898
892
878
872
894
884
894
896
892
884
884
872
872
878
870
860
858
858
840
846
850
858
846
856
850
834
842
858
852
850
862
840
836
828
830
820
832
836
826
822
826
826
830
840
840
852
844
850
854
854
852
860
876
872
870
880
878
874
870
872
858
838
848
856
850
862
848
864
844
832
834
834
830
818
820
830
836
846
860
868
872
872
884
880
886
876
890
896
884
886
896
906
906
910
920
922
922
920
908
902
900
884
880
882
876
892
902
902
910
902
890
876
882
882
882
894
904
894
878
894
878
874
882
872
876
860
860
860
858
874
856
866
854
844
856
856
872
892
884
880
870
872
878
888
890
924
910
908
914
896
914
912
922
916
924
912
922
924
934
922
910
896
888
882
874
858
860
848
848
862
856
870
858
884
880
866
864
872
884
870
876
876
872
864
880
878
870
870
872
866
882
886
898
886
890
896
888
884
888
900
886
880
868
876
864
870
874
890
878
870
874
878
878
896
904
906
908
898
898
894
928
920
916
928
906
914
920
922
914
916
904
892
894
892
888
896
890
886
878
862
900
872
854
846
846
846
766
830
834
792
826
830
836
846
848
852
868
888
884
874
886
892
890
900
902
902
898
892
896
912
890
860
880
880
882
884
876
874
926
932
926
926
920
920
920
918
914
900
908
898
914
914
914
910
904
900
912
950
934
932
928
924
908
938
928
930
916
944
934
894
904
874
884
858
862
860
860
856
856
902
914
906
904
898
902
902
888
880
908
888
868
870
872
884
884
878
864
868
870
852
842
876
882
882
870
880
900
912
910
906
908
894
908
926
928
940
932
926
938
936
934
938
942
954
948
910
888
880
870
862
854
840
854
844
864
866
874
874
874
872
870
862
868
862
862
866
864
872
866
868
860
858
864
866
862
868
874
884
878
882
886
898
892
902
898
892
866
882
868
876
866
886
888
888
884
886
890
898
896
890
892
894
894
886
880
846
856
848
832
816
826
824
830
836
840
834
836
832
814
864
864
882
880
872
868
858
856
870
886
886
888
878
884
890
880
892
878
888
882
874
890
884
878
864
872
866
854
866
872
860
864
854
880
856
828
824
818
826
820
824
824
834
808
836
858
850
858
848
862
850
852
862
864
872
872
878
884
878
884
874
888
884
876
876
890
870
862
862
874
876
882
882
878
886
880
878
862
868
872
884
880
876
872
894
880
888
896
902
892
892
892
908
896
872
882
864
858
866
870
856
876
846
882
880
880
892
904
902
914
908
910
896
888
890
894
904
910
916
916
932
936
930
950
950
912
892
902
896
876
946
932
954
946
958
950
954
950
938
950
940
926
932
918
908
908
924
910
918
926
930
924
906
908
900
904
898
892
900
890
892
890
910
890
888
896
880
886
884
898
884
886
874
880
876
860
880
876
856
890
886
846
844
854
840
852
844
850
858
862
866
878
876
892
882
896
888
906
892
884
894
892
884
902
896
888
890
898
882
886
890
898
888
906
882
906
914
918
920
930
940
910
914
922
894
916
908
900
928
922
882
888
902
892
902
892
894
892
882
886
870
872
872
858
860
862
860
854
858
846
902
902
934
944
978
982
974
988
1010
1030
1002
996
1004
994
1002
990
938
920
918
898
920
922
936
984
968
986
986
1014
1020
1016
1026
1018
1018
1008
1004
1002
1008
994
952
942
964
950
960
958
954
956
938
928
930
914
912
910
894
864
888
892
874
884
878
864
882
868
872
896
890
900
908
906
910
906
916
890
882
884
880
894
898
902
896
892
898
878
910
904
906
898
892
908
910
914
924
928
934
924
924
916
926
914
906
936
928
894
872
882
866
868
856
862
838
848
838
836
820
820
824
814
822
814
830
830
830
826
828
836
832
850
828
880
882
878
884
900
906
882
886
906
884
890
894
892
884
890
888
888
884
896
886
896
894
902
888
900
894
904
880
884
896
886
882
884
880
876
886
874
876
880
886
870
878
894
888
906
898
910
916
888
924
926
938
936
928
924
928
938
954
952
968
970
956
946
946
940
934
934
934
920
918
910
912
892
906
902
900
908
898
912
920
932
928
920
924
940
924
910
908
908
916
918
892
916
912
908
918
914
920
920
920
904
912
914
918
918
914
926
928
922
930
928
906
904
886
878
880
870
896
900
888
892
898
884
884
872
890
880
852
864
864
870
878
850
894
886
872
878
888
882
872
892
884
872
878
884
872
892
870
874
884
870
878
870
876
870
878
862
864
866
866
876
890
884
890
892
890
908
890
870
870
760
918
966
964
968
952
940
958
932
896
882
878
880
882
860
868
862
862
858
846
848
838
828
844
822
812
830
818
824
816
822
828
824
820
830
826
820
840
832
842
856
842
860
870
844
902
914
914
920
914
908
914
920
920
924
922
916
934
908
890
864
886
868
864
856
848
862
866
846
850
850
866
858
870
880
850
906
908
906
892
902
884
882
874
876
866
882
878
870
876
874
874
890
900
876
890
892
880
898
888
876
890
894
866
888
886
868
886
890
884
892
886
896
920
918
904
908
902
888
912
900
884
894
904
888
896
884
898
904
894
916
904
890
888
892
878
892
912
898
908
908
904
886
904
910
890
892
890
874
882
890
884
880
878
866
882
878
878
908
888
900
914
898
924
932
922
924
930
920
928
924
914
936
922
930
938
922
914
920
912
902
890
882
906
884
856
860
874
858
862
860
862
866
866
868
868
854
860
860
866
860
860
844
882
886
908
908
924
936
954
968
958
944
972
970
956
972
972
952
980
974
972
974
952
944
944
950
936
926
938
926
944
922
912
958
958
952
954
962
942
970
932
882
894
906
886
896
902
890
888
872
884
878
874
878
876
862
862
872
876
872
856
874
896
896
902
912
930
948
948
954
944
936
940
946
942
926
932
940
940
936
940
928
936
940
928
914
922
908
908
912
906
912
910
916
898
910
912
902
908
916
908
904
902
892
902
906
898
908
924
906
894
894
918
956
960
978
1012
1010
1026
1014
650
886
546
684
632
644
650
628
936
986
784
942
1086
1016
1116
1024
972
1046
828
986
1166
876
1018
1044
1052
1062
1062
1024
1028
1018
1010
1010
998
1008
994
1010
988
1090
860
1124
1034
1008
1010
1014
1014
1018
1002
1004
996
990
988
996
984
1008
980
986
1008
996
998
994
1014
888
1002
1074
1000
1004
1018
514
810
1006
540
540
500
756
596
554
484
500
504
496
774
640
518
510
538
738
610
548
524
536
722
600
558
514
530
730
602
548
520
822
630
526
468
508
516
482
510
812
590
534
500
512
516
522
764
588
554
516
554
526
748
612
532
508
510
470
480
484
478
510
476
516
500
498
490
502
512
494
806
596
478
514
516
506
508
786
584
524
488
520
524
514
516
784
606
522
500
512
512
492
468
490
486
502
522
806
600
610
728
602
508
814
614
496
532
846
580
542
478
478
492
492
482
526
824
606
558
790
650
800
618
504
540
754
572
564
552
496
764
606
498
570
758
572
604
758
620
488
490
502
496
810
590
530
514
486
486
494
488
844
594
592
784
690
798
968
828
746
868
824
718
802
900
772
730
738
872
978
824
750
872
944
846
748
854
976
790
764
874
920
888
996
852
752
880
920
678
884
908
1018
1034
602
854
992
1018
554
854
914
666
902
554
776
620
518
496
488
478
470
478
488
478
544
518
802
590
476
500
486
496
500
492
818
590
586
524
740
612
546
786
620
570
754
614
568
764
658
746
608
804
624
482
494
538
494
832
576
520
648
626
808
570
868
632
528
868
602
780
632
834
624
774
604
484
494
530
522
498
468
500
776
590
528
488
478
498
518
780
582
510
484
492
498
502
502
474
474
484
522
802
590
484
482
488
484
488
492
490
852
590
508
488
516
504
740
574
506
512
522
520
716
584
510
494
508
796
572
508
484
506
836
576
530
672
642
866
592
574
518
746
618
832
782
736
828
892
626
786
666
520
726
642
770
654
506
490
772
600
618
768
612
774
608
502
456
846
894
790
652
672
708
684
830
936
954
950
814
736
846
724
762
594
888
578
636
678
816
708
600
612
1036
1140
1254
1170
1206
1222
1116
1098
1084
1074
1084
1090
1074
1076
1064
1046
1046
1062
1044
1066
1044
1070
1076
1056
1052
1056
1076
1034
974
1000
988
982
954
962
958
954
950
938
932
924
898
914
920
908
910
924
926
902
948
950
940
572
1024
970
864
566
1010
578
1042
598
974
600
976
966
616
1220
588
1046
986
588
1026
1012
592
1066
1026
590
1066
1062
582
1126
1080
574
1126
1082
586
1142
1066
584
1126
1080
582
1150
1082
584
1122
1042
582
1054
1018
588
1034
1006
576
1080
1030
592
1066
1014
594
1050
1010
994
582
1024
976
930
586
978
966
976
978
990
996
996
978
584
1050
1034
1022
1050
1042
512
1118
1066
1068
1080
1058
1026
1012
994
998
506
1050
1006
988
1020
540
990
1002
976
1004
538
1018
970
952
964
526
982
974
948
984
968
972
974
986
988
992
988
974
526
1036
1008
1000
1020
538
1004
992
990
992
586
1058
1008
998
1008
992
986
998
996
998
988
964
514
1022
998
974
998
538
1064
1036
986
1030
1014
516
1016
1028
1022
1024
1032
562
1066
1018
1012
1014
1036
554
1048
1026
1006
1034
1020
1026
1026
1020
1016
1030
1040
1050
1050
1010
536
1126
1056
1034
1068
536
1100
1010
1000
1038
1026
1046
490
832
694
628
676
646
512
820
656
436
614
604
760
664
608
644
648
582
494
530
532
496
506
498
508
510
508
504
504
494
512
504
500
492
516
486
504
496
808
654
578
504
522
536
462
486
530
804
610
538
490
518
490
528
800
612
544
506
792
616
510
574
776
622
506
508
516
504
766
636
898
906
676
846
1012
1050
992
592
834
1002
1002
1052
1010
554
848
1012
1022
1006
580
868
1008
1018
1004
1060
1038
816
976
1086
566
842
984
1028
1012
1024
1058
1028
1024
1020
1016
1036
1018
1028
866
1002
1044
1078
1046
556
870
998
1012
958
1006
1098
874
1022
608
824
608
828
644
842
646
832
986
696
806
1024
876
1064
598
840
1030
868
646
560
790
650
830
632
524
532
568
734
594
848
648
540
546
788
582
816
634
522
516
814
610
546
752
586
552
516
530
782
588
530
792
642
816
618
512
506
818
596
572
470
482
486
462
486
484
492
492
494
504
514
496
502
482
500
492
492
496
496
500
502
490
476
482
486
492
488
490
496
496
500
510
508
478
470
500
498
490
500
492
496
494
494
502
488
472
470
468
480
460
476
466
490
490
500
502
472
476
466
452
518
466
478
496
484
498
496
502
502
496
478
482
478
482
470
490
742
592
536
504
482
474
462
462
496
484
488
490
494
498
492
516
802
598
534
518
484
478
488
510
472
512
514
516
522
480
512
488
810
598
544
522
778
612
542
778
628
510
790
616
544
766
626
518
782
592
540
830
588
796
948
952
904
794
628
1016
1206
1082
1048
1014
910
950
932
946
926
1000
1012
994
1046
1040
1058
1066
1028
1002
976
996
984
998
974
964
972
982
972
1042
1024
1066
1042
1052
1050
1064
1052
1058
612
1126
634
1056
610
788
832
862
686
892
652
912
812
784
636
758
582
644
832
702
896
678
600
558
658
684
880
752
1090
888
726
834
660
746
696
714
700
654
624
688
886
684
760
672
562
736
1074
728
1274
1400
1214
1296
608
1020
934
750
872
776
958
704
580
636
820
1092
660
864
