338
338
336
678
676
686
678
684
690
694
696
692
696
692
690
692
692
690
690
690
686
688
694
692
712
706
706
712
708
706
700
696
700
690
706
708
702
704
718
710
696
690
688
686
682
680
688
700
710
730
740
730
720
724
708
712
700
688
684
690
684
674
668
670
672
670
670
672
680
676
670
664
652
658
654
656
656
662
664
666
676
692
698
690
686
682
680
666
670
670
664
654
650
638
638
634
626
624
624
614
620
622
618
616
618
620
618
632
628
620
628
622
618
624
624
624
626
624
630
640
646
648
656
660
662
660
664
662
656
652
664
680
678
686
700
708
712
708
700
708
712
718
718
712
704
702
686
682
674
680
678
682
682
680
676
678
678
670
664
670
670
668
670
676
680
678
678
674
682
676
676
678
680
680
680
674
666
674
670
672
686
688
690
692
686
678
670
658
650
648
648
648
648
648
660
670
672
672
670
676
672
672
670
660
656
650
642
644
650
652
654
658
664
658
662
646
650
652
652
660
662
668
672
658
664
660
660
668
672
682
686
690
700
694
696
696
694
700
698
692
696
692
688
680
686
676
678
680
682
688
682
676
682
678
678
678
664
668
658
656
662
654
660
664
672
678
672
676
676
676
690
692
704
698
698
692
698
698
700
700
692
700
698
694
686
676
668
658
664
664
670
686
680
696
692
698
694
690
678
672
668
686
682
682
698
696
696
694
698
712
706
710
708
724
716
716
704
698
700
666
680
666
664
648
658
634
648
648
656
660
670
676
680
674
680
684
676
680
678
676
680
676
674
676
676
676
674
672
668
664
676
682
694
704
730
728
724
730
726
720
710
702
694
696
696
688
682
686
690
696
690
702
698
716
714
714
712
708
694
684
678
676
674
670
670
662
656
644
648
638
648
648
658
664
678
678
682
680
682
680
680
684
686
686
686
678
680
680
682
686
686
702
702
698
694
682
674
672
676
676
678
692
686
684
670
662
658
654
654
650
652
662
674
668
672
672
670
664
656
650
644
646
644
640
642
642
660
670
690
710
724
722
724
720
710
704
694
686
684
672
676
668
666
662
654
652
646
652
650
652
650
652
658
664
670
684
680
682
684
682
682
670
664
670
664
662
652
640
646
646
642
636
640
648
662
664
672
666
672
670
672
658
666
662
656
656
654
658
650
642
638
640
640
640
642
646
648
652
646
642
648
648
652
656
664
658
656
660
652
652
654
654
656
662
666
668
664
656
664
662
662
668
670
668
682
684
684
694
690
688
678
670
674
666
660
660
654
646
644
648
664
680
700
698
694
702
704
702
704
702
692
690
692
688
690
692
692
688
680
672
674
674
680
678
694
706
708
716
722
718
712
702
686
682
684
684
684
686
676
682
686
686
692
698
698
698
698
700
700
690
684
684
688
704
710
712
712
720
718
708
708
704
704
684
696
694
680
690
692
686
694
698
706
706
718
714
712
708
696
688
686
678
678
680
672
670
672
672
676
680
678
676
678
678
686
680
678
678
678
676
670
676
676
682
688
694
692
704
700
700
706
692
692
680
670
668
672
670
668
664
670
686
686
690
692
688
680
688
680
684
682
678
684
694
696
690
710
708
714
710
710
704
694
688
686
680
678
674
670
674
672
664
672
674
678
682
690
686
686
674
672
670
672
668
678
680
686
682
668
668
664
666
666
668
672
670
670
668
664
654
652
648
652
650
660
662
668
676
678
678
690
690
688
692
696
694
692
690
680
678
682
680
680
684
684
686
686
674
672
666
664
666
670
674
674
684
676
684
684
680
680
678
676
670
672
688
694
700
698
692
698
690
674
674
670
674
670
678
684
680
680
684
670
674
674
672
664
670
670
658
662
662
660
656
670
674
672
670
674
680
654
654
650
652
630
646
660
662
672
674
680
690
688
688
690
702
698
698
708
704
704
706
710
702
704
704
704
696
704
700
684
676
696
682
678
680
688
688
682
680
680
674
678
678
678
682
688
686
684
680
672
674
666
654
664
656
650
650
644
636
640
640
646
652
654
652
652
652
666
670
674
676
688
688
682
686
688
692
690
684
690
682
686
678
674
678
682
686
696
706
702
702
706
702
696
706
702
712
724
718
718
726
722
706
720
718
706
702
692
682
678
676
670
672
672
680
680
676
684
680
682
680
680
670
670
682
678
676
676
666
656
658
666
668
666
668
680
680
678
678
684
676
674
678
674
668
674
678
674
672
674
680
684
690
692
700
694
692
690
688
684
682
688
686
688
696
698
698
704
704
704
700
708
712
710
714
720
722
718
720
722
712
708
690
690
678
686
686
682
684
686
690
692
688
692
692
688
686
694
694
696
694
698
702
694
706
706
702
698
700
692
686
680
684
684
676
680
686
680
674
682
662
666
654
646
660
660
656
654
656
658
640
652
648
646
646
652
658
656
656
648
660
662
658
670
664
664
666
654
640
644
646
644
636
652
650
656
652
644
642
646
642
642
642
640
644
646
650
642
638
640
642
630
636
638
638
624
638
636
634
632
630
626
624
628
630
626
626
626
630
626
626
624
636
632
630
628
630
628
628
628
628
622
628
626
626
624
634
628
632
644
656
658
666
678
684
678
674
678
676
674
676
676
670
674
672
670
664
668
666
670
662
662
666
668
672
670
672
672
674
678
680
676
680
678
664
666
670
670
670
674
680
684
688
686
668
674
672
668
666
672
670
672
670
660
654
650
650
646
644
642
636
628
626
632
632
636
642
646
654
650
660
666
658
662
652
644
646
644
632
628
626
622
622
620
622
628
628
644
652
664
668
664
666
666
672
656
662
662
660
652
638
638
638
628
632
620
624
620
620
620
610
616
616
622
624
636
638
640
642
644
640
642
644
644
644
652
650
656
652
650
638
634
632
636
644
638
652
654
648
658
656
654
656
656
656
654
660
674
670
672
672
680
682
678
680
684
686
684
686
676
682
690
688
692
694
704
696
702
702
702
700
702
714
706
714
714
700
696
690
676
678
676
682
684
690
702
696
696
698
698
702
702
706
702
654
720
678
668
666
652
652
658
664
666
684
688
698
720
724
716
720
722
708
708
700
690
686
686
688
688
684
676
670
668
680
686
686
698
708
706
724
714
710
716
712
704
716
710
710
712
704
702
704
702
702
706
704
694
684
688
686
684
684
686
692
696
688
694
690
686
690
692
694
700
700
694
698
694
680
688
682
680
684
684
678
684
676
664
672
666
662
668
678
674
682
678
676
668
672
672
666
670
668
664
668
662
656
662
660
666
662
676
676
672
668
672
668
658
664
660
658
660
654
646
646
648
642
636
642
642
638
640
646
640
650
650
650
648
646
650
646
652
644
642
652
650
654
662
668
664
670
674
660
666
662
664
666
668
678
674
674
670
664
662
664
666
664
670
676
672
672
664
670
670
672
672
676
676
672
674
676
680
682
680
680
690
688
680
678
686
656
658
660
650
644
648
656
654
654
650
654
660
656
660
662
668
674
678
680
678
680
682
682
694
690
698
704
698
702
702
702
702
698
694
694
692
692
690
690
688
692
690
684
690
688
678
686
684
684
692
696
694
712
710
702
708
710
702
708
698
692
696
698
688
696
696
694
690
690
690
686
688
682
684
684
690
686
686
686
676
666
674
674
666
670
676
672
690
688
680
682
678
670
674
670
672
678
678
674
674
672
674
670
678
666
672
666
658
662
650
650
652
654
630
648
636
654
650
654
648
650
648
664
658
658
660
666
674
670
670
680
674
684
692
696
702
706
712
716
712
706
702
706
698
694
698
686
684
690
686
682
688
684
686
690
686
690
694
692
680
682
686
680
682
672
676
682
680
688
690
692
696
690
692
680
678
684
674
682
682
684
694
694
692
690
688
700
706
700
700
698
692
684
688
686
682
688
700
700
636
700
706
698
696
682
694
682
698
688
688
686
686
692
688
692
696
700
700
700
698
682
680
678
670
674
678
672
670
666
656
656
652
654
650
658
660
660
660
662
654
660
664
668
668
678
684
684
692
692
682
688
680
680
690
690
686
694
694
698
702
698
692
706
696
702
698
684
696
688
694
694
706
706
698
694
702
688
680
692
688
692
702
694
700
698
688
684
676
678
682
654
658
662
654
650
656
662
658
658
662
652
652
650
642
644
646
644
648
648
642
642
638
632
636
634
634
636
634
632
624
630
620
620
622
624
626
644
650
652
662
658
652
656
654
656
658
658
658
666
670
666
668
668
668
668
668
662
668
666
666
668
658
656
654
656
654
654
642
650
648
644
646
646
640
638
642
650
644
644
650
652
648
658
656
654
660
662
654
658
656
646
652
652
652
654
652
650
648
652
648
650
648
648
650
650
660
656
656
650
646
650
652
656
660
672
662
664
658
656
652
654
656
646
652
652
652
648
642
638
630
632
634
634
638
646
650
646
638
640
640
640
640
636
640
638
640
632
632
624
622
616
620
620
620
624
624
632
626
628
628
626
628
616
624
622
620
622
626
622
620
628
634
636
640
652
664
658
668
674
660
666
666
664
662
662
658
648
654
650
644
646
648
648
648
652
656
652
654
658
654
652
656
656
654
650
648
638
644
642
642
644
642
640
640
640
640
640
638
640
626
632
634
638
636
638
638
638
636
648
650
650
650
660
656
656
654
650
646
644
650
648
650
654
646
648
644
644
638
642
650
642
652
652
648
640
640
642
638
636
638
642
640
632
624
626
624
626
632
632
648
656
658
660
670
660
668
644
658
654
650
646
650
648
652
648
652
652
648
644
650
646
648
646
648
656
652
664
668
676
670
668
676
670
668
672
674
676
686
690
692
694
690
690
694
676
670
674
652
666
664
666
666
672
670
676
676
676
672
674
682
658
652
652
640
642
642
640
646
646
640
636
642
648
646
640
646
644
642
634
636
628
626
626
628
622
626
622
622
614
618
610
612
610
610
614
620
626
620
624
624
620
616
608
606
608
606
606
606
602
598
598
596
596
592
592
590
588
592
594
594
596
594
594
590
592
598
606
608
610
616
620
616
618
620
618
620
632
622
628
638
632
634
642
638
646
642
640
636
640
640
632
636
636
638
638
644
650
650
652
648
642
648
652
644
660
662
660
672
678
676
682
682
690
670
670
664
644
650
654
648
648
654
656
652
660
660
660
658
652
642
648
630
642
640
642
642
642
644
650
646
646
654
656
660
668
674
664
664
668
666
660
662
660
660
660
668
636
654
628
636
638
638
620
638
632
640
634
630
640
622
628
620
620
628
618
628
640
636
636
628
632
638
636
646
652
656
658
664
662
658
662
664
660
656
666
662
658
656
654
656
638
642
644
640
642
644
632
634
630
628
626
628
632
636
632
634
634
626
640
640
632
636
636
636
630
644
606
626
624
616
620
622
624
638
634
632
632
628
632
626
624
626
624
622
618
620
620
624
634
628
638
640
642
640
636
638
640
632
634
636
642
656
662
664
670
678
684
668
686
684
682
688
688
682
686
682
678
684
684
676
674
678
668
672
670
658
676
674
674
676
688
682
684
682
682
680
676
672
684
686
686
686
684
678
684
672
672
666
670
668
670
662
662
660
660
668
670
666
670
670
670
676
660
666
648
644
658
642
654
646
640
632
638
640
640
630
616
626
618
622
612
614
616
616
622
630
626
636
632
632
632
632
634
640
640
662
666
674
682
696
686
680
686
688
686
680
680
672
680
680
680
680
690
690
690
692
692
688
686
686
676
702
698
700
702
708
702
702
692
690
690
690
690
690
686
684
682
676
678
674
664
668
668
678
680
674
684
678
678
686
680
668
678
672
656
662
652
646
654
656
654
654
666
666
666
672
672
674
692
694
694
704
706
708
700
702
694
680
690
684
668
680
668
664
664
662
658
650
656
660
652
656
656
654
656
658
650
656
664
656
660
660
662
660
664
662
664
668
672
666
674
676
668
676
680
676
684
680
684
684
682
672
678
692
684
688
690
684
682
676
668
660
664
656
656
658
648
654
644
638
646
646
648
654
660
662
658
660
660
654
654
654
642
652
650
656
660
654
650
640
636
636
634
632
632
626
630
630
616
628
630
624
636
632
636
638
648
646
648
650
654
670
684
694
694
710
722
724
718
720
722
728
720
718
730
732
726
726
734
724
712
720
716
706
714
720
718
722
734
728
726
736
726
722
722
720
712
718
714
706
712
710
692
682
696
674
662
668
656
654
658
656
648
658
660
654
670
672
664
668
668
666
666
668
666
678
674
672
674
666
658
648
652
644
646
646
638
634
632
628
632
632
646
644
652
660
664
664
672
678
670
674
686
678
688
686
684
680
676
668
664
672
672
674
680
692
698
694
706
710
714
712
714
712
708
704
704
692
696
692
686
692
692
692
688
690
696
690
700
698
694
692
694
698
702
692
698
698
700
698
696
696
688
692
694
702
698
698
702
700
696
700
698
698
698
704
710
712
708
710
712
714
702
698
704
700
702
704
706
702
692
692
690
684
680
684
674
668
672
668
660
658
654
652
650
648
648
648
648
648
642
648
658
648
658
670
670
668
676
674
672
670
672
664
662
666
668
672
668
672
676
672
668
676
666
672
676
682
692
700
718
710
732
740
750
752
744
754
744
746
730
738
734
730
722
714
714
722
716
718
732
742
752
762
768
770
772
774
774
770
758
748
748
746
742
750
746
752
750
740
734
728
730
730
730
710
716
720
714
718
702
712
712
710
708
696
694
688
674
684
684
684
678
682
676
674
676
676
668
668
670
672
678
676
684
678
678
678
674
670
674
688
688
694
698
704
700
710
714
726
720
744
740
740
736
740
732
730
724
730
730
716
716
714
710
700
708
702
696
686
698
692
680
676
676
670
676
682
676
678
682
686
680
690
686
670
680
678
666
674
680
680
688
694
694
692
698
700
696
688
686
692
690
680
674
680
690
700
704
716
720
712
718
706
698
704
698
696
706
710
716
720
724
722
724
722
716
720
728
734
724
730
730
708
706
704
704
690
700
696
684
692
686
680
676
674
670
668
672
682
694
704
708
718
728
726
724
724
722
716
714
716
716
714
712
712
714
712
710
696
700
696
692
684
688
690
690
690
696
698
694
696
694
694
688
692
690
688
686
686
680
670
680
674
668
670
670
668
672
682
688
692
698
702
702
706
706
708
710
708
706
700
696
702
700
700
696
704
708
714
708
714
716
712
704
716
716
712
708
712
712
704
704
702
696
686
682
684
684
666
672
660
660
660
660
660
662
672
666
674
666
662
668
664
664
670
672
678
682
684
682
680
672
664
672
664
666
668
672
674
682
676
676
680
678
672
672
658
666
660
652
660
654
650
654
656
652
662
660
656
660
660
652
658
656
650
656
662
658
662
668
660
660
656
654
652
654
646
648
648
648
648
650
646
642
648
636
636
638
632
632
626
626
628
626
632
632
632
632
632
634
628
630
630
620
624
622
614
618
618
620
626
630
632
634
634
632
634
638
632
638
640
636
646
644
638
640
638
632
636
640
640
650
652
648
652
652
652
658
662
664
670
678
670
678
676
672
672
668
666
670
666
666
664
656
656
656
648
652
662
658
664
668
666
670
672
666
668
660
652
660
656
650
654
652
652
660
660
662
672
672
670
680
684
678
680
684
680
678
670
672
670
664
664
672
676
676
684
696
688
700
694
698
696
688
700
684
692
668
680
674
662
666
646
658
662
656
658
660
658
656
658
656
654
660
658
662
664
658
662
660
662
660
660
658
660
654
650
648
648
642
646
644
640
654
662
660
674
668
674
668
670
672
674
684
684
700
698
702
704
708
704
708
706
696
704
692
684
682
672
668
666
662
658
668
666
660
662
656
668
664
664
666
672
682
684
690
688
690
692
678
688
682
674
680
684
682
698
702
702
700
700
694
684
692
690
686
698
696
696
706
712
702
714
712
702
708
702
708
678
692
690
682
694
684
684
700
688
684
688
664
674
668
672
672
672
684
680
684
686
682
676
678
672
668
672
662
668
672
668
670
672
670
666
668
670
670
670
672
672
662
658
668
670
666
676
674
674
684
690
698
686
690
690
686
684
678
672
674
666
654
654
656
664
670
668
674
678
680
686
682
676
686
676
686
680
676
670
668
676
668
666
668
684
680
696
686
680
698
686
694
688
686
682
676
696
690
694
694
702
660
690
686
674
696
704
710
718
724
724
724
724
708
698
700
694
690
692
676
688
690
690
696
698
694
702
704
702
712
708
706
704
706
714
704
708
702
690
694
686
682
672
680
678
670
670
672
670
674
672
670
674
672
668
672
674
670
680
676
672
674
674
658
668
660
656
648
650
646
652
654
650
664
664
666
680
684
676
686
682
674
678
672
666
670
672
668
676
674
670
670
672
668
678
666
668
658
656
654
654
662
662
668
662
668
664
660
666
664
662
664
662
664
662
666
668
672
674
670
672
658
662
660
656
650
656
658
656
666
662
660
662
660
656
658
664
672
666
680
686
680
690
688
690
694
688
690
682
688
676
672
674
676
676
666
658
674
672
672
664
662
670
680
680
670
684
686
678
686
684
678
682
674
676
672
672
660
660
656
648
646
642
638
638
640
638
634
644
644
640
640
630
630
624
630
626
620
620
622
620
622
624
622
626
630
626
634
634
634
642
642
640
644
638
636
640
646
646
650
654
658
662
660
658
658
656
656
654
660
678
680
690
702
706
704
698
710
710
708
706
700
694
686
674
680
676
668
672
684
684
698
696
722
720
726
730
716
716
710
712
722
708
714
708
696
688
690
668
674
664
654
664
656
648
650
662
676
682
692
688
696
690
690
688
670
682
676
676
676
674
684
690
694
690
698
694
686
682
690
708
714
708
724
722
730
724
726
722
726
714
728
716
724
708
716
718
714
710
712
710
710
710
710
700
698
696
698
690
694
692
690
690
678
686
694
692
690
700
700
696
710
702
706
706
702
692
684
678
680
668
674
672
662
672
686
672
700
698
704
704
704
698
688
696
690
672
688
684
682
688
696
698
694
684
688
688
696
694
692
698
702
698
698
694
684
684
682
684
680
684
696
700
696
718
718
718
718
718
716
708
702
694
688
688
678
674
686
674
682
682
678
668
674
672
686
682
684
686
690
690
686
690
690
676
686
682
674
682
682
694
690
702
704
710
710
732
736
740
738
738
724
720
714
714
710
706
698
690
684
676
680
670
662
668
666
664
674
678
672
678
676
674
680
680
682
678
672
680
676
674
676
674
676
676
688
694
704
696
694
680
684
676
666
660
650
660
662
666
672
682
692
682
706
698
704
704
702
716
716
710
696
696
688
686
678
672
690
690
700
698
696
706
700
698
706
706
708
712
718
720
712
716
718
716
724
724
732
730
740
742
736
726
734
732
730
724
720
716
712
690
698
686
680
686
682
680
700
706
704
706
704
704
700
704
696
698
698
696
690
688
690
688
674
680
674
676
674
674
678
678
690
690
686
690
702
692
696
700
698
694
700
702
716
724
724
712
726
722
722
716
708
700
708
704
706
710
710
710
692
702
694
682
692
690
702
704
708
706
702
706
700
700
698
696
688
692
688
684
680
682
686
684
686
688
696
698
696
680
692
688
686
688
696
692
692
694
680
686
674
672
664
664
666
660
656
652
648
652
652
652
652
666
658
670
682
682
692
692
688
676
684
674
678
676
678
670
658
668
670
674
676
678
690
696
712
704
704
702
688
680
682
680
676
678
678
682
678
682
686
692
708
700
714
730
736
736
730
730
724
722
722
722
714
718
708
710
718
712
716
728
724
720
726
730
726
726
718
708
706
706
706
702
712
724
728
730
732
730
716
716
718
712
702
710
696
704
696
700
700
698
702
714
710
726
724
720
722
718
702
708
706
704
698
686
696
686
688
694
708
716
714
736
738
728
738
740
744
736
736
730
728
732
736
730
728
726
710
724
720
718
726
722
706
720
710
708
716
718
716
728
722
718
710
720
718
710
706
704
708
712
718
718
718
722
726
720
728
724
736
726
730
734
734
750
748
742
736
730
716
712
688
696
686
676
676
672
668
672
672
674
684
690
698
712
722
718
742
742
742
744
742
728
722
714
714
712
712
708
704
706
708
708
708
716
718
720
728
728
730
728
724
710
718
702
706
706
700
688
704
700
692
696
696
694
698
706
708
712
708
708
708
698
690
678
678
682
688
688
690
688
698
700
698
700
694
696
696
690
688
686
690
694
690
698
694
686
688
684
682
680
680
682
694
692
696
696
692
690
676
672
672
668
664
664
672
684
686
686
694
694
692
692
682
682
672
674
676
672
674
676
680
684
688
694
694
692
688
692
692
688
680
674
674
682
690
690
694
702
702
706
708
706
720
722
726
720
722
724
718
710
702
688
698
692
684
686
686
682
684
684
690
696
696
706
706
704
712
704
696
720
694
694
684
696
700
694
692
686
688
690
690
694
702
700
702
716
714
710
712
706
714
718
714
732
724
738
740
732
740
730
728
728
720
714
720
716
724
722
722
722
732
732
728
736
726
730
720
720
718
710
718
724
716
724
718
700
710
708
704
704
716
712
728
720
734
726
728
718
722
718
712
720
716
704
712
706
714
716
718
714
706
720
680
688
680
676
672
660
670
676
672
672
666
664
668
662
658
664
660
660
662
666
666
666
662
666
650
658
662
656
656
654
660
670
666
670
680
676
672
684
680
668
674
672
668
670
672
666
670
672
672
666
672
674
668
668
678
672
672
674
670
672
672
666
670
674
670
672
672
670
678
678
678
684
686
682
684
692
684
678
684
682
678
686
684
678
680
686
682
698
702
694
708
700
700
700
704
700
702
714
712
714
712
716
714
714
718
704
712
714
704
710
708
700
710
706
704
708
706
702
702
704
702
714
710
712
724
724
718
724
722
714
720
720
722
728
732
734
736
738
738
724
722
720
716
726
732
732
748
752
740
754
748
738
744
742
734
734
720
720
718
710
712
706
700
700
704
700
700
700
700
708
704
698
700
700
694
702
708
706
712
714
714
718
724
722
734
726
718
722
716
702
700
694
698
702
698
702
702
702
700
712
704
720
734
738
746
758
750
754
756
748
750
752
744
754
740
746
746
750
740
750
752
744
746
744
736
730
718
724
704
712
712
708
706
706
704
692
686
686
684
680
674
676
678
686
684
684
702
710
698
716
718
712
710
696
690
684
674
682
670
662
672
674
670
676
674
672
674
672
670
676
678
676
688
690
690
696
706
700
702
706
700
706
704
702
708
704
696
710
702
700
704
702
692
698
694
684
708
692
694
706
716
716
722
718
714
712
702
692
698
692
684
688
686
686
686
680
682
682
676
680
678
678
686
678
674
670
672
672
684
680
680
682
666
676
674
672
672
672
674
600
756
684
682
684
680
674
678
678
682
678
676
678
676
672
674
672
670
670
666
666
674
676
680
670
676
678
676
668
668
666
668
666
666
674
680
674
686
680
682
688
692
686
688
692
696
686
688
682
686
684
686
694
708
712
706
714
716
696
694
682
688
688
674
686
682
680
698
704
716
708
716
718
716
716
704
698
694
696
694
700
690
692
682
682
680
678
680
676
678
686
692
684
696
692
692
686
680
676
688
688
690
696
694
690
692
694
696
702
708
698
704
702
692
698
678
688
682
682
686
682
686
690
696
694
706
710
706
706
714
702
710
710
704
706
696
710
706
704
704
698
702
704
706
716
712
710
700
706
702
694
684
688
688
682
686
700
700
696
712
704
696
704
700
686
702
696
686
698
694
700
694
696
690
682
688
686
678
682
684
674
684
686
690
686
688
688
684
688
682
680
684
676
680
676
676
662
660
664
672
664
660
658
666
652
656
658
654
670
670
674
682
682
676
674
678
678
682
692
690
694
704
712
710
724
728
720
730
732
734
718
724
726
724
724
714
718
706
704
706
706
698
712
710
710
716
720
722
732
736
744
746
746
756
742
748
750
746
760
754
740
750
740
720
724
720
712
726
724
722
726
716
722
718
718
708
716
714
712
706
702
700
696
698
698
696
700
700
698
692
692
692
682
674
676
678
676
672
666
666
656
644
644
644
644
644
642
636
634
632
634
632
632
638
634
634
634
644
636
638
628
632
624
630
632
630
460
410
426
720
642
458
400
378
744
634
452
766
632
632
456
392
378
758
658
448
398
390
768
660
448
396
530
680
684
668
664
658
448
402
416
776
670
448
402
418
766
656
450
402
498
598
494
224
664
648
640
642
466
404
512
660
662
640
654
648
646
648
652
654
660
658
456
404
908
676
666
658
672
656
668
666
660
466
406
488
636
790
682
694
694
672
670
680
680
674
682
680
676
678
670
670
660
666
654
654
646
642
644
640
642
646
642
640
642
644
644
644
650
646
654
652
650
664
666
662
666
664
666
664
668
672
672
678
684
674
680
684
688
690
690
690
678
682
684
682
682
678
676
674
676
692
700
700
698
696
696
704
706
704
704
706
704
704
702
696
700
696
696
706
716
720
724
736
734
754
750
744
746
742
724
718
720
708
698
700
698
694
698
690
696
686
690
692
692
686
690
688
678
690
702
700
696
698
692
678
686
672
670
666
664
674
676
672
678
674
674
676
680
676
698
696
694
696
690
702
668
672
690
658
688
696
708
698
712
704
706
716
716
714
718
718
720
722
704
702
692
698
694
686
698
696
694
702
694
714
734
722
732
732
724
710
722
698
720
700
704
708
702
704
702
700
696
696
684
694
690
688
706
698
700
704
706
702
698
702
700
694
698
696
694
698
696
684
690
680
668
678
670
678
682
678
672
668
668
668
668
666
666
674
672
682
680
682
694
696
700
704
720
708
708
714
702
696
700
696
694
712
712
708
714
710
708
704
704
690
700
706
698
704
704
694
700
698
696
700
696
686
694
690
680
682
684
666
678
680
674
684
678
672
672
666
660
668
664
660
664
666
666
674
672
668
672
674
666
664
660
658
664
662
660
666
670
664
668
666
660
672
672
668
670
674
672
668
674
674
672
678
678
678
678
678
678
680
674
680
678
670
682
676
678
676
672
664
672
674
668
676
676
678
690
698
698
716
708
714
714
712
714
712
710
716
714
708
712
700
698
706
708
702
692
694
692
682
690
690
698
702
712
706
700
698
682
680
680
682
690
682
690
690
700
698
696
710
704
702
696
700
692
684
688
686
688
692
700
698
702
710
706
708
710
714
712
712
718
720
710
708
704
692
692
684
674
674
664
654
658
656
662
660
664
662
662
668
664
664
668
674
664
672
672
668
670
668
670
668
674
678
680
698
698
692
714
720
708
724
724
722
726
718
698
708
700
692
700
696
708
718
728
740
730
736
736
724
728
726
712
704
700
706
704
698
700
690
696
702
694
686
696
688
674
678
684
684
694
692
686
688
674
678
664
666
670
666
666
672
670
674
674
672
662
666
664
662
666
672
672
668
670
672
672
672
682
674
676
678
680
674
668
676
674
666
672
670
664
670
666
658
668
676
668
674
674
676
676
678
684
688
690
690
698
698
696
704
698
698
704
706
704
716
712
710
710
702
698
710
710
708
718
714
708
714
712
702
708
706
706
710
710
604
810
712
710
712
720
722
736
744
738
742
746
746
744
742
746
740
758
760
754
768
768
754
764
752
736
742
736
736
746
756
756
768
774
772
760
766
756
744
756
752
742
750
750
734
744
734
726
734
730
720
730
728
720
726
724
718
724
724
722
720
722
716
712
716
716
712
714
712
700
702
692
690
696
688
690
692
692
686
684
682
684
678
680
674
666
670
662
650
650
672
660
660
666
668
680
684
676
682
690
712
702
722
728
734
728
730
734
726
732
728
718
712
696
698
694
696
704
700
716
720
712
714
716
714
714
700
706
704
700
698
702
702
694
698
696
698
692
696
704
698
702
710
710
710
730
718
714
706
712
706
700
704
702
704
716
724
714
722
718
698
712
702
696
702
702
694
702
714
714
734
728
720
730
728
712
714
716
712
720
720
730
730
728
730
720
718
708
712
714
696
694
708
682
690
700
684
694
690
698
712
706
718
718
720
706
718
714
728
722
720
714
706
708
710
720
722
720
718
720
708
698
694
698
700
706
716
718
738
742
738
742
742
742
734
730
722
712
714
704
696
706
704
702
718
714
710
714
712
708
718
722
724
714
724
728
716
724
722
714
716
710
706
712
706
696
706
704
706
724
736
726
740
746
734
740
744
728
736
740
732
732
734
728
736
742
738
740
748
