708
492
414
494
516
450
836
618
752
632
650
662
656
644
656
664
544
752
670
570
772
660
672
698
674
656
652
656
650
662
642
674
692
686
702
682
706
690
690
700
696
688
696
494
880
684
698
688
660
666
666
662
662
662
664
666
666
660
662
672
658
668
674
630
590
634
618
630
614
636
630
604
480
666
568
498
742
612
610
644
628
610
618
612
616
604
654
652
674
678
674
676
682
682
680
712
686
682
706
684
670
656
664
660
660
654
518
774
664
676
704
686
664
660
674
662
670
660
654
654
642
648
648
652
648
650
638
682
682
692
676
692
618
734
670
674
680
680
672
636
644
644
646
438
818
558
770
690
502
760
666
654
630
682
644
618
714
660
634
720
554
796
550
806
676
666
702
686
656
664
662
446
838
582
748
692
674
652
650
664
658
654
588
724
578
780
682
670
710
688
668
676
660
676
652
656
654
646
556
676
642
652
670
656
660
646
654
652
650
660
640
628
712
666
668
688
670
666
670
658
666
660
566
720
646
642
676
646
658
642
678
670
656
658
624
642
654
646
664
652
658
410
834
656
646
678
660
642
650
654
644
654
658
656
668
664
648
688
672
680
694
674
670
696
676
662
642
656
640
640
640
636
622
634
620
614
610
604
598
598
604
594
590
596
598
594
600
602
586
592
590
590
600
588
584
604
594
590
594
600
594
598
596
596
600
518
608
572
606
596
582
586
594
582
594
586
562
570
576
524
564
520
648
578
574
560
540
594
552
556
592
564
568
576
562
564
560
560
560
558
568
562
494
508
668
564
564
600
576
554
572
604
494
544
548
490
536
628
566
596
572
494
562
526
600
556
564
564
580
582
572
576
610
594
586
598
574
596
582
588
584
586
584
690
598
586
718
904
586
592
694
682
382
532
516
558
600
544
616
602
590
546
596
580
626
592
600
598
594
472
662
586
604
622
612
598
550
608
598
470
426
560
508
514
534
520
504
638
532
572
510
600
394
488
704
626
616
664
630
634
614
614
604
600
624
572
570
592
574
588
578
574
578
584
586
576
580
522
614
584
596
594
592
596
600
606
598
564
646
598
592
610
610
624
630
626
608
578
604
492
740
622
544
596
684
612
620
650
574
644
552
648
476
470
446
480
520
420
610
374
470
452
432
404
456
378
474
334
460
358
388
412
560
464
422
412
516
416
420
414
444
412
356
466
578
594
598
592
578
614
602
594
560
652
604
606
608
604
598
608
624
584
606
590
612
600
604
604
600
606
602
638
610
618
630
608
632
624
610
614
630
658
634
480
706
660
616
614
560
616
610
604
610
616
600
608
616
602
602
622
618
610
608
398
860
628
620
660
620
614
610
606
614
608
610
604
612
614
622
620
618
612
616
618
610
618
606
604
614
608
608
610
602
602
612
612
612
620
614
616
612
620
620
608
616
618
606
604
616
616
608
608
618
622
620
624
442
606
588
544
370
572
622
612
620
624
614
618
620
510
706
628
624
654
466
750
622
630
654
630
500
662
646
608
626
610
610
608
618
608
628
624
622
630
626
536
672
624
630
632
616
622
632
626
632
632
618
552
608
602
596
596
600
584
558
646
606
598
614
616
622
610
604
610
596
610
610
526
514
744
628
620
550
694
606
634
658
630
634
642
634
624
660
662
666
630
736
662
682
700
664
620
638
486
756
652
656
682
668
646
522
432
464
528
660
582
478
604
378
592
666
466
844
668
644
710
664
670
666
674
586
664
642
770
682
688
722
690
702
686
672
684
686
686
684
690
672
690
674
678
670
666
672
668
676
664
670
662
652
664
656
660
666
666
658
670
672
660
660
662
532
726
650
530
786
642
626
674
638
642
640
624
698
670
680
678
692
694
704
708
716
720
718
708
722
614
802
702
690
728
704
690
660
678
544
746
656
660
690
670
652
650
530
716
666
652
676
674
666
678
652
650
668
646
560
710
586
726
600
710
676
670
500
734
630
658
680
646
652
676
682
700
698
710
710
724
730
726
716
712
708
706
696
696
720
702
702
682
676
674
672
658
662
658
654
650
658
646
664
662
656
650
654
658
650
506
790
668
674
704
682
668
668
658
660
660
670
670
666
670
650
666
666
650
658
638
642
648
634
448
780
644
652
672
524
714
624
632
662
646
638
644
648
662
662
670
650
566
810
570
790
712
682
680
668
668
658
660
650
650
652
650
634
656
650
658
668
654
650
644
646
638
642
640
638
648
638
636
636
642
626
654
656
662
654
652
652
648
554
746
652
648
684
658
668
652
654
652
646
650
654
664
664
644
662
674
664
654
666
646
648
650
648
642
636
656
638
638
652
492
788
664
660
658
656
640
642
648
646
634
670
686
684
694
690
698
690
686
690
676
678
672
660
668
590
732
586
736
686
668
630
630
626
626
634
624
628
626
656
668
660
670
672
668
670
680
674
682
670
672
664
650
666
674
674
670
652
656
646
648
644
642
652
644
504
752
648
664
684
666
672
658
490
798
618
710
694
668
672
662
660
800
598
616
674
564
696
656
652
534
786
650
662
694
662
666
660
666
668
658
642
650
638
516
810
654
658
698
664
656
650
522
734
650
656
602
678
648
636
646
644
648
656
648
646
658
668
662
668
668
670
672
682
668
676
668
676
654
658
672
660
674
668
672
662
508
830
660
668
484
554
962
650
708
656
512
720
624
626
506
768
638
632
680
648
470
724
638
636
672
658
664
666
666
496
816
678
678
716
696
666
684
668
666
682
682
680
688
686
670
680
676
676
670
666
668
654
668
658
660
660
658
654
650
654
660
654
662
654
662
660
656
502
772
642
652
670
654
638
510
712
626
640
650
646
656
668
670
690
692
712
514
932
720
724
762
738
726
716
728
714
722
706
718
452
916
632
762
706
686
656
654
658
662
666
658
670
662
666
674
672
674
672
670
804
610
662
668
594
680
670
648
526
782
638
644
686
648
642
638
634
652
654
638
668
676
678
684
688
682
696
686
690
706
696
690
674
674
650
654
638
646
640
630
638
634
638
536
698
650
656
676
620
660
648
650
652
678
668
680
684
680
744
424
948
682
694
716
690
606
722
674
592
774
696
686
692
696
696
694
684
696
682
692
686
692
696
686
692
690
676
684
692
682
684
698
684
668
688
592
656
666
632
548
744
638
654
676
660
660
668
574
688
646
674
652
636
712
678
692
678
692
560
524
582
502
526
664
668
660
656
666
660
658
668
498
536
678
322
624
538
754
650
638
686
652
632
652
644
650
648
658
662
640
688
688
702
694
708
696
704
706
700
698
700
688
686
688
670
680
678
678
666
690
634
698
680
668
690
678
656
658
656
436
848
666
666
708
686
670
676
684
684
524
786
672
668
712
686
670
660
678
670
676
682
672
668
668
676
668
682
680
678
684
678
682
684
680
666
672
660
596
684
656
656
666
658
674
656
674
666
678
676
672
690
500
860
674
670
706
688
640
646
652
638
640
660
654
668
660
658
664
666
672
668
674
670
670
672
672
664
662
662
658
668
654
646
652
652
484
742
628
632
666
640
650
642
446
798
642
642
684
542
708
654
650
684
664
662
672
662
544
754
668
662
574
738
672
502
760
652
650
648
630
636
644
634
558
628
760
654
672
700
678
680
680
676
678
682
692
678
678
674
674
652
652
662
662
652
654
644
674
516
858
604
744
706
676
674
668
672
674
676
674
678
464
888
684
706
720
700
700
608
706
668
678
682
672
680
666
666
662
672
660
658
662
664
662
668
672
666
656
678
684
664
676
674
666
684
660
680
680
678
682
670
686
670
696
682
692
680
688
678
680
672
678
674
668
678
670
676
674
666
674
690
678
654
634
638
634
628
632
616
628
620
622
620
624
638
630
644
648
650
646
664
648
650
664
658
644
654
634
638
636
622
632
622
616
626
622
618
630
616
624
622
638
680
652
658
664
654
658
650
640
652
652
648
640
648
648
628
644
668
668
726
656
660
658
644
648
648
632
644
648
632
630
660
676
670
688
678
566
816
688
690
562
808
674
682
702
682
664
658
672
664
672
674
490
804
662
672
710
662
658
652
658
642
654
648
638
654
648
640
646
630
670
668
676
676
672
496
858
678
672
702
682
664
670
502
782
666
686
706
684
668
668
486
572
944
724
680
690
476
806
666
636
744
672
666
666
666
664
660
670
678
684
684
670
692
702
702
694
688
696
712
704
674
674
664
670
664
656
662
648
654
652
616
632
642
648
654
634
656
642
646
666
656
654
730
692
530
712
620
474
878
660
680
656
634
630
636
634
626
666
654
534
818
676
680
530
812
662
492
816
656
656
614
674
638
646
652
538
748
652
654
690
672
678
670
676
672
678
684
592
650
774
688
532
808
670
564
858
628
560
686
640
654
676
610
674
658
702
690
692
648
694
666
670
726
594
768
706
682
620
672
654
668
668
652
650
670
676
654
688
676
662
682
666
694
698
690
650
692
684
670
678
678
672
614
654
668
650
662
564
752
580
728
694
646
656
652
644
650
644
640
646
658
464
862
560
802
708
524
772
574
762
698
478
782
658
660
692
674
652
656
662
662
666
664
650
676
678
678
678
674
674
686
666
680
674
672
676
668
676
668
670
668
666
666
658
666
650
652
650
654
660
658
660
664
652
506
832
660
656
696
482
472
446
570
646
650
662
548
768
656
658
692
670
660
652
662
662
658
666
666
470
866
692
716
700
686
600
636
696
666
656
656
570
746
648
664
686
660
652
648
640
642
644
654
652
640
664
688
686
708
694
702
694
702
712
702
698
466
850
684
672
708
684
662
666
660
658
654
660
668
668
672
670
666
674
674
674
490
820
668
664
696
664
656
654
658
650
652
664
664
662
482
782
662
644
686
660
636
648
650
638
656
646
646
674
676
676
676
674
670
682
586
756
666
666
698
676
658
666
628
656
666
654
666
666
656
658
664
664
668
662
652
660
662
658
656
656
666
654
660
664
664
656
640
636
632
622
632
628
620
620
624
614
614
484
728
616
632
652
628
626
620
626
482
732
630
636
666
650
634
642
646
654
630
674
672
680
664
682
668
664
670
660
658
650
644
658
670
650
642
626
636
636
636
496
702
628
630
646
636
628
620
622
618
628
622
628
636
484
746
630
634
672
464
744
630
620
656
640
618
406
792
654
614
672
642
642
642
624
638
632
656
652
646
644
650
646
660
644
644
654
640
640
654
632
656
662
650
660
636
640
650
646
494
744
652
654
682
668
644
650
656
504
732
650
570
734
646
646
578
712
642
650
664
660
652
656
660
666
670
666
668
660
656
666
654
654
668
664
676
670
676
676
668
662
660
668
656
492
512
978
662
692
666
636
644
648
640
626
658
672
674
672
682
672
678
672
688
674
680
674
538
810
690
678
678
662
648
644
602
644
652
660
652
570
766
676
670
702
676
674
678
658
676
674
666
674
670
672
672
536
780
582
554
656
514
656
626
634
426
584
656
642
648
484
744
604
800
640
688
526
722
560
718
678
646
648
644
638
640
638
648
630
662
664
520
476
502
550
656
656
644
642
652
612
686
646
644
670
652
632
626
630
632
628
634
640
650
642
656
650
650
650
648
654
660
650
662
654
652
656
654
474
608
864
662
692
672
646
652
648
648
646
662
516
776
656
668
698
564
708
666
654
670
494
740
632
648
672
646
658
640
588
676
492
828
652
658
698
660
656
646
654
658
648
506
732
638
632
676
646
644
678
690
580
616
612
622
614
628
608
632
612
660
634
632
626
628
628
630
638
640
638
650
648
648
668
656
664
656
654
658
652
662
652
650
656
646
648
520
784
672
650
704
676
650
662
658
658
672
664
676
676
588
746
702
694
708
790
642
660
690
666
668
678
662
660
666
654
664
652
654
650
654
650
648
646
654
452
808
636
648
686
644
646
640
634
638
638
622
662
658
684
672
686
682
694
684
690
690
680
672
668
674
690
678
674
674
660
642
458
782
640
656
670
660
650
652
656
680
594
652
674
676
674
696
690
706
690
698
684
690
682
690
686
680
682
674
684
668
674
664
656
652
648
698
656
630
636
622
624
628
590
672
620
648
656
644
660
662
648
650
662
662
658
672
666
642
664
666
660
636
640
652
668
654
664
662
660
666
660
668
664
684
668
664
668
660
670
664
672
664
656
676
654
662
662
664
662
652
660
648
644
648
666
440
774
626
632
670
616
558
686
634
640
648
642
654
664
674
670
676
680
666
712
692
674
544
718
664
656
690
668
642
506
716
586
684
660
644
640
634
630
634
634
630
636
506
798
674
688
716
694
678
676
670
672
670
660
500
764
662
658
688
672
632
502
724
638
636
682
648
512
712
636
646
674
656
658
652
658
654
642
668
690
654
662
672
652
668
652
640
652
644
620
672
636
650
646
640
642
640
646
650
648
666
504
810
672
652
570
750
660
662
692
666
672
676
670
680
674
700
714
726
726
742
728
752
742
692
718
694
696
694
682
696
674
688
676
670
674
666
668
664
478
790
652
564
778
682
624
638
512
720
654
694
648
664
670
662
664
668
662
688
708
748
700
688
712
720
698
692
704
680
688
676
674
674
672
576
712
680
668
696
686
668
668
670
668
666
682
688
678
682
544
782
666
672
696
670
650
646
464
778
652
650
688
660
648
648
654
640
502
752
554
750
688
628
692
726
576
634
502
746
648
658
680
670
662
666
656
600
742
672
664
698
672
674
674
674
672
682
688
682
684
684
674
658
672
656
660
658
650
484
766
648
650
680
662
646
638
648
482
734
648
648
680
668
668
670
664
670
674
600
754
606
768
704
694
684
688
672
686
678
678
684
678
682
682
678
666
678
676
666
674
680
674
674
678
664
678
668
664
678
672
516
546
930
672
704
668
646
658
646
650
646
656
662
656
550
756
670
682
702
682
680
672
666
672
672
674
680
678
666
680
682
676
674
674
660
672
654
662
660
654
658
648
668
656
662
676
672
674
668
678
662
676
678
670
678
670
680
664
664
664
656
656
648
654
648
642
646
644
640
646
762
578
646
646
640
720
570
646
476
740
646
642
646
648
670
668
666
666
672
664
662
670
668
654
662
664
656
654
660
666
672
656
680
682
674
670
674
652
624
712
604
718
682
662
642
520
700
628
632
644
634
644
660
654
672
660
554
830
684
542
838
694
662
670
660
668
576
716
688
580
790
644
704
712
680
662
654
536
738
660
670
648
680
628
690
662
660
668
660
670
668
674
670
672
676
670
676
674
608
646
730
668
680
666
654
634
646
640
636
566
696
658
660
686
674
672
670
664
662
674
670
678
670
664
682
690
676
684
678
682
676
672
688
666
658
676
660
660
682
662
634
630
648
574
670
650
564
742
644
648
674
652
656
660
656
570
724
676
592
556
854
666
694
654
654
648
650
652
654
668
676
670
658
688
694
686
698
684
690
676
690
672
676
668
668
672
656
670
650
656
650
646
648
640
638
648
634
644
644
646
656
646
628
684
642
534
756
638
648
676
654
638
640
648
644
646
648
646
652
658
662
664
660
666
662
662
660
660
658
668
672
574
734
668
660
696
678
672
672
666
668
668
660
670
670
666
664
668
666
660
664
656
660
658
650
648
658
650
656
654
658
656
660
664
654
656
608
682
660
676
664
694
678
672
660
662
664
660
652
654
656
660
656
662
662
650
588
686
662
662
764
588
666
638
632
640
646
644
640
638
670
686
688
532
878
708
704
740
710
692
692
686
686
686
688
684
684
688
672
668
670
672
670
666
670
668
666
678
670
666
676
668
678
484
834
670
666
702
664
656
652
662
650
656
642
662
674
662
670
666
674
680
666
678
658
668
664
614
704
648
690
522
754
656
646
682
666
658
668
664
672
678
680
530
896
512
922
742
706
680
678
678
674
682
674
538
758
674
676
706
682
662
678
650
658
660
656
662
658
658
662
664
676
672
670
594
738
676
684
708
686
686
666
662
650
654
658
632
658
750
688
558
656
646
608
658
664
664
670
544
800
670
660
710
682
676
668
538
760
678
678
706
684
682
682
594
670
676
746
642
684
684
660
674
656
668
668
666
668
666
652
660
968
932
718
642
646
644
636
634
636
630
624
654
660
664
664
660
672
666
670
668
668
652
654
626
664
648
636
668
658
648
638
650
636
596
660
652
670
662
668
664
674
678
676
686
678
690
676
692
684
692
518
850
672
674
708
680
676
670
674
670
668
670
668
672
684
664
686
700
692
686
690
674
670
660
676
660
666
666
664
662
674
670
640
642
648
642
636
642
624
590
622
624
546
722
628
638
672
648
658
650
646
646
656
642
670
690
684
692
692
692
686
686
692
686
690
628
486
938
682
706
678
608
560
326
770
756
856
688
664
640
502
756
658
668
674
444
870
660
670
814
788
498
600
610
666
662
664
554
790
676
674
706
684
666
668
584
690
666
664
666
694
666
668
650
654
646
644
618
638
606
638
666
638
640
610
620
618
604
576
584
594
604
602
602
592
586
600
592
588
590
620
494
670
586
598
620
598
472
692
582
582
590
588
602
596
610
610
604
614
614
608
610
588
600
610
610
604
596
608
604
594
598
510
700
594
596
634
608
588
586
604
622
524
586
650
564
590
612
600
594
590
616
614
614
620
614
596
624
602
604
604
610
618
612
608
610
706
538
562
590
546
606
600
512
714
624
608
662
632
622
626
622
622
440
472
464
500
626
564
660
612
608
624
610
614
612
608
620
608
606
608
616
604
606
620
612
622
618
574
618
618
616
608
608
606
596
604
622
596
608
622
614
612
660
626
636
638
638
638
634
636
642
636
634
646
644
648
646
642
646
652
530
704
646
640
676
654
620
630
620
556
620
492
746
624
616
652
636
608
592
614
610
612
618
656
604
610
620
614
608
612
614
604
612
614
616
616
608
612
610
596
508
728
636
618
672
646
614
606
618
614
612
610
606
626
630
604
638
640
640
634
650
628
630
634
632
638
634
460
830
634
640
640
626
622
624
628
636
622
642
642
648
638
652
640
646
650
638
638
638
620
654
630
626
614
618
612
620
614
618
614
626
612
620
618
618
614
604
622
626
626
626
622
634
618
678
604
624
622
620
616
598
608
606
516
660
608
604
624
616
596
598
596
600
592
602
604
608
602
600
596
586
588
594
584
590
596
594
590
600
592
596
672
504
586
586
560
508
648
582
580
600
586
666
490
566
570
558
558
560
578
576
570
624
504
634
590
600
602
590
604
602
606
610
616
606
614
618
632
518
730
626
626
660
638
396
468
386
532
600
622
542
456
522
386
562
618
608
618
614
548
692
618
542
706
620
590
396
368
534
626
626
624
620
624
626
626
640
632
642
552
466
956
670
690
674
650
658
640
650
654
644
500
734
630
644
660
646
646
634
634
644
628
634
632
642
648
632
664
514
524
370
636
550
806
674
674
710
680
694
690
702
686
724
726
730
738
722
728
724
730
724
718
718
716
698
704
702
704
700
704
710
700
658
738
700
696
728
710
706
700
696
698
700
708
704
708
712
710
484
842
684
662
710
466
820
662
664
690
666
672
668
662
510
816
680
694
532
834
684
688
716
700
676
684
680
678
666
686
702
694
702
696
716
702
702
702
698
692
700
696
702
696
702
716
582
750
676
676
694
678
670
676
654
668
670
660
676
668
666
698
710
698
710
694
528
872
700
712
724
672
486
800
662
672
690
680
652
660
670
654
466
470
498
566
664
672
680
680
688
682
690
522
844
674
678
712
690
674
668
678
678
668
674
684
676
684
678
680
492
822
682
658
696
672
650
656
652
654
652
654
652
654
658
484
784
658
638
698
626
612
624
624
602
610
618
602
600
604
604
602
592
602
594
606
596
602
608
610
596
602
602
606
602
600
612
612
606
612
610
606
608
610
608
608
598
606
604
596
608
608
602
596
604
588
536
586
598
594
590
588
506
658
538
624
610
594
568
568
576
566
564
576
574
586
578
582
582
590
590
580
556
588
572
578
576
574
572
572
574
588
584
582
588
584
580
586
564
582
572
582
576
580
578
572
586
584
596
590
590
594
584
582
576
566
574
566
574
568
576
578
582
576
580
590
580
580
578
562
560
576
584
584
588
582
578
546
660
592
584
570
590
580
580
592
600
602
594
580
600
598
646
502
714
628
638
666
638
640
614
622
616
610
614
616
606
600
572
610
606
616
604
620
616
612
608
614
620
616
610
614
606
612
626
630
638
628
636
602
610
618
606
608
606
584
604
614
614
614
616
618
610
606
624
614
616
626
618
626
628
620
544
708
624
646
666
634
588
646
626
618
628
618
622
626
616
622
628
606
494
558
534
444
468
562
618
548
570
520
566
404
362
432
434
428
390
428
362
530
532
480
482
500
484
630
572
678
626
626
648
650
642
634
642
614
662
600
626
642
572
608
532
508
520
434
474
498
394
382
570
614
626
632
632
640
636
636
636
630
636
644
628
638
642
640
648
668
662
654
662
660
652
660
670
666
654
674
680
674
686
538
774
672
670
672
660
480
610
792
652
686
638
638
632
636
640
452
534
974
662
716
674
664
666
660
660
662
664
672
654
678
714
692
688
668
656
668
664
664
660
672
664
668
636
692
670
674
660
668
656
662
670
662
682
674
688
688
710
700
722
710
720
720
724
724
718
730
716
718
714
720
708
718
702
706
694
716
682
674
620
654
652
888
628
690
736
728
718
712
784
438
554
716
580
616
598
632
510
546
568
492
548
534
496
472
446
464
664
508
464
488
532
608
446
454
770
796
668
616
604
680
548
608
606
586
622
628
548
592
736
636
482
766
642
626
680
652
650
658
448
826
672
660
718
572
726
652
702
702
692
676
664
676
678
674
676
686
678
700
780
624
678
654
646
652
648
650
652
628
636
616
628
628
628
630
640
622
674
630
698
582
542
570
382
474
512
350
488
452
414
602
666
516
768
636
636
664
638
628
628
624
634
612
668
664
582
834
690
688
710
692
692
704
702
702
698
708
694
702
706
696
686
692
688
682
680
688
468
828
662
688
670
662
660
592
688
626
636
686
654
650
654
652
658
672
676
658
698
698
704
706
702
702
702
702
690
700
684
692
572
806
682
692
716
692
670
596
712
666
688
676
692
670
700
516
864
694
682
720
682
680
668
680
672
678
672
678
670
674
690
678
686
686
648
670
466
826
664
662
696
676
668
664
664
670
684
686
692
698
692
696
696
690
696
698
698
696
700
694
692
694
698
686
674
686
672
682
670
674
674
668
658
670
690
678
690
676
688
684
686
682
690
690
688
694
682
710
678
692
632
660
658
650
652
650
510
616
718
698
678
652
640
634
632
634
648
648
524
754
680
672
712
694
690
702
688
700
694
680
720
718
728
732
746
736
748
730
744
728
728
732
718
730
712
716
702
710
724
708
698
684
676
678
670
668
678
664
674
664
666
670
520
794
710
682
550
802
664
682
710
682
666
466
840
674
690
714
690
666
676
666
666
662
666
676
676
680
684
676
680
676
494
830
684
670
716
686
666
674
666
674
672
674
680
668
700
652
760
700
706
696
686
674
678
664
676
676
678
672
676
676
664
670
664
660
664
662
672
662
526
796
686
690
736
708
706
716
720
730
708
736
742
748
750
744
738
742
756
728
708
700
686
686
676
678
668
676
658
668
472
790
660
646
694
664
652
670
660
658
676
670
700
716
724
740
730
752
746
746
752
732
734
758
734
702
712
704
700
684
698
680
688
684
678
680
498
830
688
804
620
672
654
656
662
662
666
672
672
672
678
688
662
702
718
716
724
716
720
712
716
700
710
690
702
558
866
696
678
658
554
642
660
732
688
688
664
670
680
680
672
712
512
938
728
722
752
730
730
722
714
722
710
712
714
718
716
724
720
708
706
708
688
700
686
696
686
690
674
684
674
672
664
664
666
666
666
622
690
644
696
668
662
676
668
534
818
678
676
668
672
666
676
682
700
700
700
720
716
708
714
712
710
696
700
738
670
682
676
670
654
660
546
698
650
642
652
642
638
648
646
664
664
672
690
682
694
686
700
694
708
694
708
686
640
736
670
682
700
678
676
668
668
670
666
674
680
674
618
718
682
676
544
814
672
686
720
706
698
712
712
706
738
744
762
750
762
760
748
748
766
748
728
712
706
702
700
694
692
684
672
682
670
676
674
656
686
692
696
700
586
828
700
702
744
714
694
682
722
626
678
670
660
670
656
682
676
690
672
678
674
688
668
674
664
672
674
666
680
672
670
520
856
670
694
642
708
680
664
684
676
686
686
698
704
706
706
560
844
688
682
708
690
654
664
658
660
664
652
658
642
594
614
696
646
648
640
660
652
614
662
614
572
600
562
558
556
570
596
824
526
608
618
572
628
602
620
590
612
614
606
608
610
600
612
602
582
584
670
618
618
648
624
636
636
636
636
640
638
636
640
630
604
644
648
662
648
656
650
652
656
650
648
662
656
662
650
670
656
672
658
664
668
664
648
684
664
656
642
648
644
650
648
650
660
636
666
680
672
682
680
680
688
690
690
690
696
696
692
690
696
694
704
692
710
690
712
720
704
684
508
788
684
536
790
678
670
642
642
558
422
830
552
496
448
480
408
396
356
358
368
360
368
564
406
560
414
368
750
518
804
730
820
390
666
730
690
698
694
690
692
682
678
688
670
676
670
674
634
692
676
674
662
682
662
660
666
666
672
670
668
668
662
682
660
684
692
688
692
688
720
700
710
690
696
688
692
680
674
678
662
672
646
654
658
650
656
666
658
688
702
682
698
694
706
708
696
688
666
666
662
668
656
660
670
678
676
678
682
682
664
716
692
692
702
690
694
692
700
698
506
872
690
680
684
676
476
824
712
676
692
692
682
688
690
670
716
698
728
724
726
716
710
714
704
700
688
694
688
696
682
682
684
668
730
694
678
670
682
662
668
674
662
672
658
658
660
660
664
662
668
666
668
674
468
850
666
672
700
672
654
648
652
648
634
676
686
698
550
860
706
716
742
720
696
710
702
704
700
706
704
702
692
702
698
696
678
686
678
682
438
834
664
670
664
626
628
636
624
620
614
652
700
644
682
552
882
702
708
704
694
702
700
624
730
556
860
714
704
752
724
710
434
942
720
702
756
710
694
696
708
690
704
696
702
706
704
696
694
706
672
662
530
718
600
464
886
642
670
658
630
604
644
670
510
740
662
668
702
698
692
698
700
708
710
720
716
706
718
728
726
736
736
724
732
746
728
726
704
520
898
708
564
762
668
656
712
676
674
668
670
664
672
654
682
690
690
700
562
818
700
696
714
714
682
680
692
678
676
696
692
682
696
694
682
690
664
670
660
660
656
662
656
658
660
654
650
656
640
680
678
694
720
700
706
704
666
714
692
706
700
704
686
706
694
734
710
500
804
728
676
686
672
664
666
644
658
664
654
652
652
652
658
660
646
660
670
666
674
710
680
690
686
686
682
690
678
676
684
682
680
688
666
682
698
678
690
704
692
676
658
664
658
650
654
670
666
668
668
674
678
670
674
668
664
684
672
668
678
676
676
672
676
676
674
672
674
680
662
670
664
550
786
696
700
546
782
662
662
682
682
646
476
820
672
660
656
656
650
