324
1038
1074
1072
1064
1076
1054
1046
990
1016
1038
1040
1060
1060
1050
1064
1094
1066
1060
1078
1066
1052
1070
1072
1100
1086
1112
1104
620
1454
1066
1004
1008
1028
998
1054
1054
1098
1126
1130
1124
1140
1082
1106
1092
1092
1072
1050
1046
1068
1044
1050
1048
1056
1074
1072
1060
1076
1072
1052
1086
1082
1100
1084
1104
1074
1084
1086
1058
1048
1066
1052
1044
1064
1084
1094
1098
1114
1108
1110
1126
1112
1124
1068
1082
1084
1094
1064
1052
1084
1050
1086
1060
1054
1062
1096
1052
1054
1066
1016
1038
1008
1024
1016
1058
1038
1068
1082
1094
1088
1064
1070
1060
1104
1126
1094
1132
1130
1138
1164
1160
1162
1152
1132
1132
1110
1070
1062
1060
1072
1048
1054
1074
1098
1102
694
1328
1276
1110
1102
1068
1038
1054
1102
1130
1130
1120
1128
1158
1156
1152
1160
1114
1158
970
1048
1016
1008
1028
1062
1058
1126
1138
1144
1134
1144
1144
1150
1098
1148
1118
1146
1148
1160
1146
1158
1146
1170
1152
1098
1134
1130
1110
1070
1086
1088
1080
1082
1060
1084
1064
1148
1138
1112
1132
1140
1124
1090
1128
1124
1128
1108
1146
1134
1180
1166
1164
624
624
984
1088
1086
1100
1094
1032
1032
958
946
932
886
826
884
862
840
884
904
928
912
942
916
876
844
830
862
844
838
916
902
1008
996
970
934
914
892
924
850
874
926
998
1000
1002
1054
1058
1022
1030
1024
1050
1020
1032
1046
1020
1090
1098
1088
1116
1134
1116
1122
1140
1094
1104
1014
1018
984
946
916
942
886
918
902
964
1012
1026
1002
1046
1048
1068
1054
1028
1016
1044
1030
1034
1084
1092
1078
1122
1124
1162
1154
1144
1120
1084
1098
1112
1062
1062
1080
1054
1088
1078
1096
1122
1142
1138
1174
1182
1170
1174
1132
1144
1122
1124
1102
1066
1104
1084
1092
1094
1102
1120
1136
1138
1102
1110
556
616
1036
1108
1122
1160
1156
1170
1166
1168
1148
1152
1162
1126
1136
1134
1116
1132
1084
1072
1090
1100
1096
1068
1094
1086
1116
1094
1112
1104
1118
1090
1108
1110
1096
1140
1122
1104
1100
1086
1080
1074
1078
1092
1118
1110
1100
1112
1098
1110
1116
1110
1096
1112
1096
1128
1120
1090
1106
1112
1104
1066
1092
1102
1092
1080
1084
1094
1110
1136
1152
1126
1132
1142
1126
1134
1118
1084
1086
1072
1020
1072
1080
1112
1108
1098
1070
1094
1092
1086
1090
1124
1158
1156
1158
1156
1128
1154
1152
1126
1112
1104
1104
1138
1128
1106
1072
1094
1104
1096
1080
1110
1108
1086
1118
1146
1154
1140
1158
1154
1186
1178
1178
1174
1176
1162
1180
1122
1134
1120
1094
1062
1072
1066
1096
1080
1094
1102
1074
1124
1110
1112
1102
1118
1136
1116
1114
1076
1104
1080
1110
1084
1082
1092
1102
1104
1062
1072
1104
1124
1084
1104
1102
1090
1138
1130
1138
1120
1124
1124
1114
1124
1164
1164
1152
1130
1126
1134
1088
1122
1130
1102
1126
1134
1088
1092
1114
1086
1098
1108
1114
1134
1128
1114
1136
1132
1130
1120
1104
1090
1118
1116
1096
1120
1114
1104
1096
1096
1110
1130
1158
1190
1200
1178
1164
1182
1182
1178
1168
1178
1148
1126
1150
1134
632
616
1026
1098
1136
1178
1172
1172
1130
1070
1122
1100
1108
1102
1086
1130
1122
1098
1100
1118
1122
1126
1110
1100
1114
1084
1070
1074
1074
1126
1110
1116
1130
1134
1134
1118
1144
1126
1130
1148
1150
1142
1180
1174
966
1264
1124
1142
1148
1086
1100
1118
1108
1130
1134
1112
1140
1138
1148
1132
1096
1076
1100
1096
1080
1174
1204
1210
1194
1204
1234
1220
1212
1224
1088
1144
1136
1102
1120
1106
1116
1028
1090
1092
1058
1080
1062
1060
1092
1086
1094
1070
1100
1076
1124
1132
1130
1120
1160
1152
1144
1166
1132
1132
1156
1122
1130
1150
1132
1118
1164
1168
1160
1154
1156
1140
1152
1138
1156
1108
1108
1116
1118
1112
1082
1086
1108
1080
1094
1086
1016
1060
1102
1076
1072
1092
1138
1144
1138
1158
1158
1150
1140
1154
1164
1168
620
630
1026
1110
1144
1144
1152
1148
1126
1128
1146
1132
1128
1128
1114
1114
1112
1102
1122
1096
1104
1108
1070
1064
1082
1058
1092
1090
1090
1116
1130
1136
1132
1102
1124
1110
1148
1124
1120
1140
1158
634
620
992
1090
1118
1130
1158
1164
1160
1144
1154
1164
1158
1136
1092
1110
1104
1174
1122
1124
1082
1114
1104
1116
1114
1038
1074
1076
1066
1036
1046
1064
1046
1092
1070
1068
1096
1126
1112
1086
1062
1084
1092
1108
1084
1106
1118
1126
1104
1128
1134
1116
1136
1138
1116
1144
1120
1158
1132
1086
1120
1130
1100
1082
1034
1086
1074
1048
1056
1056
1046
1052
1054
1046
1050
1046
1118
1130
1132
1120
1118
1120
1108
1126
1068
1108
1118
1082
1128
1116
1098
1118
1108
1122
1066
1066
1090
1064
1064
1030
1042
1042
1078
1110
1114
1104
1084
1092
1128
1134
1112
1090
1064
1084
1080
1056
1076
1062
1116
1088
1088
1108
1094
1108
1114
1100
1100
1104
1084
1106
1108
1102
1144
1118
646
576
982
1112
1104
1068
1102
1112
1124
1112
1120
1090
1096
1092
1080
1072
1068
1060
1072
1078
1044
1044
1044
1046
1066
1040
1058
1064
1066
1054
1054
1054
1052
1052
1114
1060
1056
1108
1088
1090
1096
1042
1034
1050
1058
1062
1060
1068
1068
1100
1114
1102
1112
1082
1108
1102
1084
1082
1092
1086
1128
1098
1114
1090
1094
1066
1086
1100
1092
1058
1032
1036
1042
1078
1058
1052
1084
1082
1072
1066
1068
1082
1090
1108
1096
1044
1064
1066
1108
1126
1098
1098
1124
1140
1134
1094
1116
1114
1094
1098
1108
1090
1130
1124
1128
1078
1106
1104
1080
1070
1092
1074
1078
1052
1046
1074
1076
1080
1058
1038
1038
1076
1084
1072
1092
1098
1098
1082
1050
1036
1048
1030
1082
1078
1078
1070
1070
1118
1126
1092
1102
1114
1134
1142
1126
1140
1086
1118
1108
1110
1084
1070
1086
1076
1078
1062
1062
1078
1122
1138
1098
1104
1100
1082
1130
1104
1114
1096
1104
1116
1088
1110
1102
1094
1040
996
1034
964
1002
1058
1088
1098
1100
1128
1156
1134
1082
1108
1098
1054
1064
1044
1036
1052
1030
1042
1056
1030
1046
1046
1050
1020
1026
1018
1002
992
1016
1018
952
956
978
976
938
940
924
898
904
906
904
892
906
890
948
980
980
976
962
978
972
954
990
1002
1022
1010
980
1006
982
1028
1048
1030
984
1014
992
1042
1024
986
988
996
1046
1106
1094
1066
1074
1062
1060
1090
1052
1072
1014
1018
1022
1088
1098
1058
1072
1054
1046
1084
1060
1078
1052
1066
1074
1048
1052
1064
1040
1062
1058
1038
1042
1022
1036
1022
1026
1018
1008
1074
1098
1086
1068
1096
1084
1076
1100
1068
1068
1052
1052
1052
1032
1048
1062
1044
1054
1064
1092
1104
1114
1106
1116
1054
1080
1080
1084
1050
1006
1034
1024
1050
1040
1016
1012
1014
1078
1094
1050
1066
1062
1086
1096
1074
1058
1044
1046
1032
1026
1030
1058
1052
1046
1006
1028
1048
1062
1044
996
1016
1034
1010
1066
1042
1062
1064
1082
1078
1066
1066
1064
1066
1050
1046
1070
1038
1044
1066
1048
994
990
986
970
986
980
978
974
1010
1036
1064
1046
1052
1052
1040
1050
1038
1062
1030
1046
1028
1014
1008
1012
1018
1088
1038
1044
1010
1022
1026
990
974
992
1060
1062
1050
1056
1060
1046
1068
1062
1062
1012
1042
1020
1058
1050
1044
1056
1068
1090
1072
1074
1060
1062
1054
1044
1060
1074
1080
1086
1078
1094
1044
1044
1048
1024
1038
1032
1044
1116
1064
1060
1058
1054
1054
1036
964
1002
992
990
1038
1052
1046
1056
1052
1034
1042
1052
998
1008
1000
1024
1020
1016
1034
1030
1024
1016
1018
1004
1030
976
994
996
992
952
930
942
958
930
958
952
946
938
948
936
922
922
956
980
954
954
952
968
968
980
970
974
962
980
984
980
978
966
962
962
950
998
1022
1042
1026
1034
1028
1040
1048
1052
1060
1036
1038
1042
1044
994
984
1002
974
1016
1102
1060
1068
1108
1154
1140
1120
1134
1124
1136
1080
1086
1100
1054
1038
1054
1048
1070
1068
1060
1026
1050
1054
1030
1050
1056
1088
1084
1078
1078
1070
1072
1032
1054
1056
1048
1012
1004
988
990
980
964
952
956
964
938
932
918
930
926
930
936
926
1042
1056
1058
1062
1026
1026
1032
1064
1076
1042
1036
1042
1032
1042
1002
1036
1040
1012
1016
1036
1004
970
986
986
960
976
960
950
964
980
986
964
976
980
958
948
946
944
956
946
932
948
932
946
962
958
950
962
966
968
968
982
960
964
974
950
982
982
988
970
992
960
976
970
972
964
966
944
940
960
956
950
938
944
944
950
952
932
950
928
956
944
940
950
930
938
922
970
982
992
1028
1024
1038
1030
1016
1038
1014
1004
1010
980
982
972
996
990
976
1002
1004
1014
1024
1028
1022
1040
996
972
986
1020
1026
1020
972
988
1000
992
984
982
988
974
1018
1012
1008
998
998
1012
1012
1000
992
1012
972
958
978
952
948
964
976
950
940
968
964
962
974
972
928
946
946
936
928
922
888
874
856
870
858
848
872
868
890
960
982
1006
988
986
1022
1040
1052
1072
1052
1034
986
1036
1012
1018
1024
1016
982
960
984
972
988
1010
994
1020
1008
1000
1018
970
978
980
988
986
980
966
964
1022
1040
1008
1038
1008
1014
998
998
1026
1002
1008
1026
976
976
970
962
966
932
916
916
896
894
898
898
888
900
902
948
932
932
932
932
970
1012
1032
1008
998
990
982
1028
1054
1054
1050
1014
1024
1006
1014
986
970
936
966
966
950
958
954
962
946
984
996
990
998
996
1014
1002
1022
984
986
998
994
980
958
972
968
972
952
952
948
946
948
930
926
930
912
922
928
950
960
952
952
948
938
984
1004
980
974
986
990
1008
1008
990
990
1006
1014
1008
1034
1004
1002
1030
1010
1004
1008
1022
998
1010
994
972
982
988
996
996
1008
974
990
1000
1004
1014
1012
974
978
972
982
966
968
920
868
908
924
930
924
944
912
938
914
974
944
952
952
950
946
988
974
962
984
988
1012
1022
998
1026
1006
992
1022
1026
1002
1018
984
982
980
1028
1038
1028
996
966
958
968
964
946
948
956
932
968
970
962
958
954
948
964
960
954
956
958
956
954
958
954
964
956
964
962
960
970
956
972
966
966
978
960
960
962
962
956
942
932
906
908
918
914
918
918
902
944
974
990
998
986
1006
1008
990
1008
978
960
938
902
942
940
930
978
984
984
976
978
962
956
956
950
958
940
928
948
948
934
942
928
942
940
930
952
944
930
956
960
980
982
996
992
998
1022
1028
1020
1028
982
1000
1004
1026
1002
1004
998
1002
998
988
986
1006
954
944
972
962
970
954
952
950
938
986
972
974
966
954
970
956
954
978
976
964
990
988
966
942
944
958
960
952
942
960
964
972
966
978
962
956
986
984
1002
1000
954
946
906
866
874
786
620
1012
814
824
776
790
802
768
776
768
774
822
822
818
836
840
892
916
944
968
992
1014
1016
1028
1018
1044
1038
1058
1076
1058
1044
1012
1018
1006
1000
956
942
954
944
938
948
930
974
1000
1018
1012
1012
1024
1026
1012
1036
1040
1050
1026
1020
1016
1036
1022
1022
994
1008
978
984
998
988
1026
1026
1020
1016
982
1020
1010
1008
964
960
992
968
1004
1002
976
986
968
970
988
968
964
964
952
994
978
976
1002
1018
1006
1008
984
940
990
962
996
984
980
1014
1040
1032
1042
1046
1016
1034
1028
1024
1000
976
984
986
988
976
978
960
960
1008
982
992
940
962
970
966
954
952
940
934
968
982
1004
978
996
994
970
1012
1020
982
982
998
972
1028
1016
1010
1032
1026
1010
1052
1058
1034
1052
1036
1048
1008
986
988
1004
996
1016
1038
1028
982
994
1014
1008
996
986
970
994
976
1032
992
1004
976
1002
992
1014
1028
1026
976
1004
1004
980
962
974
984
998
986
988
988
998
1010
1012
1026
1012
1022
1028
1048
1048
1052
1032
1020
1006
1002
1000
984
998
1002
996
992
1004
1006
1018
1038
1046
1052
996
1018
1014
1016
996
1000
1018
1018
1006
1016
1006
1042
1024
1024
1040
1048
1036
1050
1016
996
1008
1014
1002
992
970
966
982
962
962
970
1022
1054
1072
1042
1044
1048
1030
1038
1024
1002
990
1002
1034
1048
1056
1060
1066
1008
1026
1042
1008
1052
1022
1038
998
1000
1006
990
1024
990
1030
1050
1058
1084
1062
1122
1150
1148
666
546
1038
1140
1084
1066
1100
1078
1068
1094
1042
1062
1076
1054
1030
1038
1022
1068
1050
1040
958
1004
962
954
946
970
982
1044
1062
1046
1048
1066
1048
1090
1070
1068
1078
1054
1050
1100
1098
606
560
944
1048
1084
1086
1094
1100
1056
1074
1092
1066
1094
1060
1016
1066
1054
1088
1068
1100
1084
1018
1056
1066
1048
1062
1044
1052
1050
1094
1084
1092
1032
1060
1074
1056
1050
1022
1024
1042
1042
1020
1034
994
1016
1042
1070
1054
1060
1030
1042
1052
1058
1050
1062
1004
1028
1020
1062
1040
1058
998
1034
1044
1018
1064
1056
1060
1076
1070
1104
1084
1076
1066
1070
1070
1040
1016
1054
1050
1028
1006
984
960
960
970
948
956
950
1006
1032
1022
1010
1028
1032
1028
1088
1086
1072
1072
1092
1118
1134
1132
1122
1074
1108
1116
1086
1156
1118
1102
1092
1090
1086
1088
1056
1032
1012
1034
1004
1004
990
980
1008
1006
1050
1044
1050
1026
1064
1078
1100
1082
1100
1060
1100
1130
1160
1164
1132
1124
1142
1140
1114
1062
1118
1112
1086
1098
1064
1022
1038
1002
1028
1012
1016
1024
1022
1018
1046
1076
1098
1134
1140
1116
1084
1122
1110
1122
1146
1122
1084
1076
1098
1114
1088
1112
1078
1072
1084
1054
1058
1038
1052
1038
1054
1054
1050
1046
1048
1046
1014
1000
1030
1034
1026
1082
1052
1060
1060
1066
1082
1066
1074
1070
1086
1074
1076
1078
1070
1076
1078
1070
1028
1056
1034
1094
1082
1078
1024
1066
1070
1076
1082
1082
1088
1090
1082
1054
1028
1046
1026
1068
1064
1026
1064
1050
1104
1090
1086
1094
1100
1108
1080
1052
1028
1048
1054
1062
1116
1082
1082
1096
1122
1116
1114
1082
1088
1084
1088
1058
1058
1076
1058
1070
1070
1032
1068
1066
1042
1066
1072
1042
1102
1078
1078
1016
1014
1036
1006
1048
1038
1016
1060
1114
1106
1130
1110
1076
1090
1090
1088
1060
1024
1032
1052
1050
1050
1052
1020
1046
1048
1086
1076
1082
1032
1050
1058
1048
1028
1026
1052
1028
1048
1052
1050
1006
1018
1010
1042
1032
1038
1040
1068
1056
1084
1074
1032
1046
1032
1036
1080
1038
1046
1034
1026
1080
1136
1080
1102
1106
1094
1144
1158
1130
1142
1068
1084
1088
1070
1064
1044
1016
1050
1052
1022
1068
1040
1054
1042
1042
1040
1058
1034
1050
1032
1038
1048
1028
1032
1052
1052
1050
1060
1048
1066
1064
1100
1128
1138
1106
1114
1080
1106
1120
1120
1108
1114
1128
1034
1058
1026
1000
1022
1000
944
934
968
942
940
930
1010
1042
1076
1058
1106
1136
1148
1166
1148
1136
1166
1154
1164
1112
1140
1134
1076
1108
1098
1084
1120
1112
1062
1082
1070
1072
1078
1042
1022
1046
1048
1032
1080
1048
1068
1064
1066
1060
1024
1014
984
994
1006
1004
1030
1012
1058
1196
1184
1186
598
644
1064
1222
1230
1228
1232
1150
1160
1196
1150
1158
1078
1024
1086
1076
1054
1080
1052
1072
1136
1136
1142
1112
1074
1096
1124
1100
1102
1104
1086
1110
1108
1112
1048
1092
1088
1066
1084
1084
1048
1080
1086
1032
1078
1066
1084
1072
1086
1062
1072
1082
1062
1036
1070
1072
1126
1100
1090
1108
1088
1126
1124
1100
1086
1108
1110
1092
1082
1044
1072
1070
1104
1096
1108
1058
1092
1098
1034
1034
1058
1050
1040
1058
1042
1030
1068
1068
1082
1072
1038
1048
1100
1108
1084
1068
1102
1086
1130
1112
1084
1116
1090
1112
1114
1072
1040
1056
1102
1114
1082
1032
1076
1074
1048
1078
1026
1042
1082
1092
1106
1084
1054
1016
1028
1018
1006
1046
1102
1148
1210
1170
1168
1150
1166
1116
1140
1100
1062
1098
1076
1088
1048
1060
1056
1052
1122
1108
1104
1072
1094
1094
1100
1064
1048
1048
1054
1088
1068
1082
1040
1072
1052
1044
1064
1020
1042
1080
1078
1068
1034
1058
1054
1084
1078
998
946
932
884
860
560
644
490
730
788
782
764
794
762
766
780
782
852
850
860
884
914
922
944
972
1018
1042
1060
1074
1080
1082
1096
1098
1110
1120
1102
1078
1068
1086
1108
1098
990
1076
1088
1084
1044
1064
1052
1102
1112
1096
1100
1114
1088
1140
1156
1114
1136
1142
1118
1156
1166
1156
1166
1084
1120
1118
1112
1086
1050
1072
1104
1088
1088
1082
1156
1160
1138
1162
1166
1152
1140
1128
1176
1184
1188
1160
1156
1164
1150
1152
1102
1130
1100
1118
1056
1080
1084
1084
1024
1046
1058
1052
1034
1030
1044
1092
1118
1116
1098
1082
1066
1080
1122
1102
1050
1080
1076
1074
1082
1052
1080
1062
1126
1112
1108
1072
1108
1086
1078
1094
1064
1082
1096
1080
1112
1088
1046
1070
1088
1104
1082
1074
1094
1068
1080
1096
1074
1114
1116
1112
1092
1092
1100
1082
1072
1024
1060
1062
1056
1058
1014
1034
1028
1066
1074
1064
1038
1074
1046
1050
1080
1094
1098
1100
1102
1094
1106
1104
1094
1048
1024
1074
1032
1070
1044
1044
1072
1082
1084
1070
1062
1082
1068
1076
1060
1110
1128
1124
1126
1080
1096
1138
1136
1122
644
572
972
1064
1074
1080
1076
1068
1046
1054
1114
1064
1088
1078
1116
1108
1106
1074
1070
1086
1080
1038
1078
1142
1160
1162
1148
1144
1150
1140
1140
1128
1044
1058
1072
1076
1058
1014
1028
1028
1016
1032
1060
1056
1072
1096
1106
1112
1088
1068
1102
1066
1050
1044
1044
1032
1018
1024
1076
1108
1118
1098
598
602
988
1116
1142
1108
1130
1146
1126
1128
1096
1094
1072
1030
998
1032
1012
1022
1008
1000
1078
1060
1074
1074
1072
1102
1134
1128
1100
1038
1130
1118
1124
1116
1132
1132
1114
1142
1114
1118
1116
1110
1144
1114
1114
1098
1114
1124
1068
1064
1076
1124
1114
1094
1082
1104
1092
1052
1066
1078
1128
1082
1104
1106
1146
1114
1070
1056
1068
1074
1116
1076
1092
1154
1162
1164
1172
1148
1108
1122
1110
1096
1034
1076
1066
1052
1068
1024
1046
1054
1062
1088
1056
1062
1124
1112
1110
1098
1048
1098
1096
1078
1048
1064
1106
1110
1104
1044
1094
1072
1032
994
1028
1032
1034
1094
1062
1112
1120
1134
1106
1074
1114
1082
1132
1128
1118
1098
1132
1118
1108
1048
1060
1082
1064
1038
996
1056
1030
1052
1066
972
1056
1082
1080
1062
1016
1046
1094
1096
1082
1092
1090
1104
1096
1050
1094
1072
1112
1112
1096
1054
1086
1078
1058
1104
1090
1086
1080
1114
1118
1118
1106
1102
1140
1126
1102
1084
1116
1086
1072
1036
1072
1070
1100
1102
1070
1060
1086
1076
1090
1076
1086
1076
1116
1102
1084
1114
1108
1102
1076
1058
1070
1114
1118
1114
1078
1086
1116
1132
1106
1114
1124
1116
1076
1106
1102
1094
1062
1050
1082
1064
1106
1084
1094
1078
660
580
1000
1098
786
552
556
454
436
442
414
652
454
504
1000
1084
1114
1130
1108
1156
1164
1172
1152
1138
1144
1138
1210
1206
1174
1148
1152
1176
1118
1134
1118
1130
1060
1092
1092
1140
1114
1088
1114
1114
1110
1058
1058
1076
1056
1102
1076
1082
1124
1112
1114
1106
1106
1092
1118
1094
1102
1122
1122
1140
1138
1110
1102
1120
1108
1078
1074
1104
1078
1112
1114
1068
1092
1086
1036
1056
1076
1060
1054
1070
1086
1090
1076
1094
1082
1120
1136
1116
1124
1124
1112
1070
1098
1100
1090
1050
1086
1092
1056
1026
1050
1030
1064
1042
1052
1096
1110
1086
1058
1076
1064
1082
1060
1072
1134
1122
1108
1082
1104
1088
1134
1128
1124
1134
1132
1130
1086
1090
1110
1112
1094
1102
1052
1094
1066
1086
1066
1108
1104
1096
1120
1094
1140
1110
1116
1126
1140
1130
1148
1086
1092
1114
1084
1088
1118
1128
1114
1110
1162
1174
1180
1178
1166
1186
1164
1126
1126
1126
1138
1068
1106
1096
1100
1106
1044
1052
1018
1018
966
982
862
892
834
776
840
800
792
776
786
782
770
774
786
836
904
932
972
1018
1034
1016
974
992
978
912
938
900
926
906
926
960
1070
1086
1070
1074
1150
1170
1182
1182
1162
1098
1132
1132
1172
1158
1136
1160
1148
1094
1146
1124
1160
1164
1122
1078
1122
1106
1108
1116
1108
1130
1104
1112
1120
1100
1120
1142
1120
1132
1168
1182
1174
1144
1122
1162
1132
1162
1122
1108
1136
1128
1136
1126
1106
1106
1126
1120
1122
1134
1128
1082
1084
1096
1084
1042
1060
1056
1112
1122
