660
874
870
908
896
864
902
896
882
916
920
896
916
924
896
882
630
718
1042
926
910
884
902
922
904
910
920
916
888
930
934
912
922
934
888
884
904
856
554
1020
842
858
852
804
814
860
848
862
894
864
874
922
916
894
916
924
886
882
916
898
882
914
922
892
550
1116
900
900
922
914
862
924
940
908
876
926
920
892
918
936
902
898
928
908
892
630
1090
932
940
950
932
540
1112
970
888
904
900
894
854
904
900
890
550
1102
906
918
944
916
922
926
928
894
930
924
924
932
644
1064
954
926
924
932
922
900
906
926
910
910
938
922
932
944
890
976
940
932
930
934
944
918
926
936
934
888
920
910
904
918
900
878
902
890
884
900
916
908
904
932
926
906
884
930
926
890
914
920
902
908
916
898
896
902
868
886
674
1072
910
926
932
898
916
930
910
890
910
914
894
918
930
908
918
940
920
902
938
916
910
924
938
900
880
902
686
954
882
898
662
1018
934
932
900
926
944
930
886
932
932
914
930
958
928
912
604
1090
892
654
1046
916
916
906
886
900
896
914
928
916
916
930
924
918
942
942
912
932
928
928
906
930
926
922
920
912
696
1042
738
1016
934
892
898
914
890
904
834
962
916
920
910
896
908
888
892
926
918
902
916
908
906
920
908
934
644
1038
910
876
860
864
864
892
740
1014
926
930
908
878
914
928
920
908
934
942
906
924
670
1054
930
920
914
900
928
940
908
926
936
940
914
930
956
924
890
930
912
896
926
924
892
916
916
894
914
932
912
898
910
900
918
920
904
920
932
926
892
912
906
900
920
940
914
904
922
904
876
904
934
904
932
934
922
920
950
938
942
924
936
910
920
738
1052
916
936
946
894
908
926
906
928
946
926
938
940
920
926
952
924
936
940
954
940
922
936
936
932
914
946
924
914
920
884
902
896
870
868
704
996
878
906
930
894
910
924
940
914
758
1046
802
1002
944
926
902
924
952
928
910
934
926
904
932
930
894
928
918
912
900
914
892
914
924
886
878
872
866
900
914
900
882
922
916
902
914
928
908
922
938
906
920
950
918
914
934
916
892
596
1096
958
920
968
938
896
900
920
916
904
918
906
898
912
880
876
870
898
896
890
928
904
914
942
920
908
934
914
890
878
904
912
882
890
924
900
922
954
958
934
960
982
934
954
964
918
926
948
926
910
940
902
816
1028
918
896
946
918
922
938
934
916
942
930
912
928
928
894
914
930
892
912
938
918
878
938
912
914
954
936
926
958
950
934
958
950
912
646
1092
904
926
946
912
878
916
886
880
920
910
900
912
902
900
916
882
896
924
910
904
914
880
902
902
862
878
894
652
1024
916
868
886
894
854
870
872
586
968
876
838
842
858
842
836
862
890
860
870
892
886
896
912
902
846
900
904
888
916
924
904
906
934
866
942
914
914
904
876
616
1038
896
918
958
898
884
910
926
904
938
936
930
918
926
910
902
908
880
892
914
900
882
890
884
888
914
894
888
908
890
884
912
908
904
882
866
852
866
858
844
854
844
834
856
876
864
900
906
890
908
938
918
890
930
890
840
884
876
920
934
908
928
942
934
922
940
936
892
930
922
904
932
940
918
924
922
894
914
942
908
914
944
932
900
934
916
924
950
948
606
1106
976
926
950
942
906
924
930
896
892
918
890
896
916
894
896
620
1076
914
924
952
918
882
932
618
1052
942
956
912
916
932
924
898
932
932
894
924
934
908
578
1102
980
910
940
940
920
904
922
914
900
908
914
902
894
936
944
910
922
942
936
884
928
932
910
920
922
924
904
916
912
900
908
904
894
618
1048
904
674
490
1110
944
938
624
1058
938
952
976
904
932
946
898
898
656
1030
912
744
1028
926
954
966
904
938
938
902
928
932
914
922
956
924
936
952
924
880
932
944
946
936
928
646
524
1076
930
954
948
930
952
968
916
946
604
1054
946
950
976
910
952
980
936
956
980
984
944
966
992
938
576
1132
972
934
960
968
934
942
952
934
952
930
930
904
946
916
930
966
934
948
976
948
934
948
946
924
956
944
938
962
970
932
954
976
960
918
960
926
934
908
922
938
912
918
930
914
920
956
952
926
948
966
948
960
982
958
974
990
962
960
982
958
926
958
944
922
944
948
946
930
966
954
958
972
984
970
946
970
950
930
964
960
924
948
970
932
944
670
1076
952
948
976
922
940
962
936
956
970
964
946
960
962
948
938
966
968
956
960
970
938
914
678
1104
964
956
976
948
908
942
962
938
578
1102
966
940
968
952
912
950
954
552
1102
984
936
932
952
944
924
948
938
918
946
954
920
940
950
932
926
940
930
936
962
944
922
958
944
928
864
916
910
910
884
882
872
872
898
880
894
900
890
918
932
904
916
920
902
900
924
924
902
920
920
886
914
920
896
906
936
924
906
920
656
1078
922
942
630
1048
936
942
934
902
696
1112
922
908
944
942
920
936
958
920
926
936
924
920
936
930
914
924
916
914
936
922
912
930
890
878
896
872
884
738
968
622
1030
942
890
928
616
1092
924
950
974
930
894
948
952
606
440
1112
978
566
1114
988
548
1094
996
976
944
942
540
1102
930
946
938
878
918
912
884
922
926
902
916
922
914
892
914
888
908
898
890
904
910
890
906
932
910
882
910
906
890
902
892
882
892
888
860
848
874
904
900
912
944
916
910
928
920
900
934
916
888
926
934
904
930
952
922
934
940
932
896
902
894
874
914
922
886
914
942
914
920
942
942
926
926
948
932
916
954
932
900
918
912
890
920
936
864
956
936
932
920
908
930
912
900
940
954
928
936
958
964
944
912
950
678
1006
948
914
892
872
904
922
884
906
938
946
926
938
966
956
942
968
974
954
948
966
814
1044
978
964
950
916
944
938
894
908
918
630
1040
936
588
1054
942
896
902
872
876
864
872
890
930
890
902
950
708
1040
976
928
896
912
892
862
884
898
884
924
952
926
944
958
948
934
948
962
924
904
944
946
938
924
954
936
938
960
972
748
1096
988
962
940
944
962
948
930
954
946
928
958
948
914
958
948
912
922
946
918
912
928
934
902
916
934
902
882
904
908
884
902
916
898
920
930
916
930
956
960
926
936
958
946
894
932
950
920
918
642
504
1116
968
960
932
922
950
966
932
926
704
1096
932
944
956
904
900
936
904
860
900
874
878
910
922
910
932
942
926
582
456
1124
948
938
938
936
888
920
944
918
914
934
926
920
934
950
942
930
948
928
814
1020
950
908
910
944
924
890
942
926
912
872
894
860
860
888
894
880
906
912
902
930
946
954
934
960
654
1100
968
982
988
966
948
970
780
1060
994
978
944
948
974
984
948
966
960
926
944
932
910
908
928
642
1044
940
920
904
928
926
912
892
896
864
888
928
890
884
914
880
900
910
894
898
922
896
908
908
926
894
898
874
618
1088
932
936
974
946
908
946
944
918
928
944
924
922
940
952
920
876
948
944
930
920
950
966
928
940
944
944
902
920
666
1052
950
942
928
892
924
930
904
918
954
928
928
630
1102
932
914
936
924
916
928
944
918
908
924
922
906
916
902
872
904
910
896
894
926
926
896
910
930
922
882
928
938
888
908
918
726
996
934
650
1072
874
878
844
804
808
822
820
812
792
802
772
628
464
936
806
788
794
654
838
784
776
782
760
778
786
796
780
770
788
780
776
788
790
814
796
810
778
800
772
768
782
794
796
782
792
788
778
774
776
812
836
890
894
858
854
850
850
836
838
792
806
806
780
828
820
822
862
858
838
720
912
828
806
830
848
842
690
954
862
842
828
672
1016
762
1012
894
816
702
988
778
946
870
846
840
860
852
854
882
862
872
856
844
858
858
852
866
878
864
874
888
880
870
884
874
680
1022
872
900
880
870
882
892
862
854
888
882
882
876
840
868
864
866
868
858
876
542
1056
740
1006
906
912
938
892
906
916
922
906
862
890
880
888
872
834
886
900
896
884
880
860
880
846
890
894
880
876
898
914
896
928
912
908
910
908
896
870
892
838
864
852
854
840
854
856
862
816
842
820
834
838
838
772
810
830
820
820
838
830
838
850
840
844
828
668
906
1018
876
832
848
800
822
682
944
832
702
930
816
848
822
836
852
834
848
880
878
866
910
932
906
892
950
930
916
880
866
872
830
870
882
862
884
900
904
896
866
886
886
874
902
906
870
862
884
872
876
894
880
872
894
898
872
908
924
898
892
918
898
876
906
926
886
908
920
878
892
912
872
900
896
870
896
904
876
914
928
896
916
932
904
914
932
896
896
922
900
904
914
918
908
916
946
908
942
956
918
916
942
928
920
944
946
904
928
936
930
880
918
928
904
924
932
908
926
954
658
1062
952
914
918
946
928
902
934
916
890
564
1094
934
938
918
856
900
894
884
698
1070
898
898
870
892
922
902
946
950
908
942
952
536
1122
980
924
930
956
950
940
948
964
936
926
946
940
926
946
936
894
936
946
916
938
958
920
918
942
928
930
950
934
932
960
950
534
1140
976
920
944
904
900
916
888
908
898
866
876
854
900
892
916
944
926
920
950
934
910
938
936
920
930
934
914
948
942
908
938
940
902
938
930
906
936
942
916
934
958
946
924
942
962
948
930
954
936
928
948
934
942
970
962
944
960
966
954
936
956
938
934
954
956
946
742
1086
936
650
1096
938
934
934
902
928
888
906
886
878
896
890
938
944
920
940
924
908
522
1116
932
956
978
934
952
970
940
958
988
938
940
950
936
906
926
912
898
920
916
912
934
932
924
954
968
930
598
1118
926
948
642
1070
970
958
932
914
934
926
918
938
944
932
940
968
938
950
974
928
950
950
918
926
932
886
898
896
876
882
882
878
894
890
886
908
880
866
902
862
616
1052
946
918
908
952
960
918
952
976
950
946
980
956
958
980
958
926
960
910
938
956
930
932
944
916
918
936
906
900
912
894
906
902
892
928
928
932
928
882
890
766
1008
886
888
916
884
870
880
878
872
890
916
888
900
902
914
890
896
900
860
860
838
840
870
856
722
458
966
750
984
874
858
864
830
840
852
858
848
824
820
830
778
818
800
792
802
776
790
794
768
792
788
780
782
786
756
770
770
766
770
782
790
770
778
794
796
802
802
802
820
822
778
788
800
804
822
808
810
814
812
794
808
758
778
710
468
904
780
738
794
748
714
734
732
734
738
738
730
732
742
752
742
748
714
726
734
728
740
752
732
738
760
740
734
748
736
724
732
744
750
742
738
758
778
770
760
764
762
766
726
742
736
718
720
704
730
724
716
736
740
750
752
756
748
636
850
744
736
688
810
666
886
778
768
774
734
760
752
758
768
788
764
778
800
788
794
768
798
802
796
790
800
774
760
774
768
800
798
782
724
806
782
788
528
958
610
902
828
810
816
810
806
816
812
802
814
812
826
828
848
842
830
836
846
844
844
820
838
842
854
858
786
840
850
854
842
780
830
846
856
832
840
854
862
874
856
864
824
854
874
886
892
878
874
838
862
862
866
876
856
834
828
858
856
858
850
858
848
866
882
894
890
882
846
872
874
884
880
846
872
854
864
862
866
870
822
858
872
866
866
868
856
870
830
854
862
878
884
886
844
868
858
828
840
808
806
812
832
852
836
848
848
868
866
866
878
826
860
860
844
852
852
864
866
812
850
854
838
848
854
856
842
858
866
856
858
856
860
864
846
852
872
860
872
824
862
838
840
846
858
860
870
844
848
862
848
864
882
878
884
874
880
832
856
858
854
850
850
832
840
846
846
850
828
798
824
824
832
824
840
856
852
848
848
822
818
830
832
844
848
836
830
788
780
810
816
826
840
836
804
834
846
820
834
848
842
830
834
834
830
850
836
844
838
824
836
832
822
820
844
856
848
848
850
860
870
862
876
796
848
798
778
808
820
818
858
874
884
880
516
992
874
882
902
890
912
916
916
924
912
858
864
880
842
858
858
864
864
864
888
886
886
868
880
878
868
844
866
870
860
852
860
858
844
496
982
868
850
830
852
500
954
838
852
850
856
842
830
846
844
834
842
836
850
830
842
834
840
842
832
828
766
810
814
824
830
818
820
824
828
834
820
828
820
812
822
824
824
826
844
854
844
848
830
846
810
840
834
846
852
832
826
838
848
844
842
832
836
838
842
852
832
840
842
836
852
794
832
830
842
842
836
848
844
850
840
852
856
820
830
838
852
838
850
856
866
874
854
856
840
844
860
870
866
868
500
972
868
872
894
870
902
908
894
910
846
884
878
872
868
884
836
836
844
842
852
840
806
838
846
846
834
836
846
848
840
840
846
494
966
850
832
838
840
838
830
836
824
822
812
826
836
834
840
822
838
842
838
842
834
840
840
850
810
832
834
814
832
822
830
850
828
824
808
832
848
848
834
838
846
848
836
850
824
844
816
842
838
840
842
834
770
806
824
822
830
826
828
828
836
844
834
836
838
828
838
830
830
830
840
834
824
830
824
818
830
838
846
834
836
850
848
852
848
860
858
858
854
860
552
378
764
810
914
860
852
854
856
882
904
890
478
1022
866
858
882
860
854
862
494
974
852
854
868
852
824
844
850
832
848
846
844
838
856
818
844
844
824
844
846
832
830
832
838
838
840
830
824
832
826
792
818
832
826
826
822
832
830
816
820
788
820
838
826
836
838
856
828
844
856
830
828
834
842
786
820
834
822
828
830
822
822
834
830
828
834
828
830
834
832
832
776
810
518
974
836
826
808
814
834
836
826
836
848
842
856
836
852
850
852
848
834
840
834
828
840
850
844
852
824
838
840
850
844
836
856
874
878
872
850
870
866
866
872
866
856
854
856
866
848
852
856
852
862
870
834
840
876
876
874
888
844
866
858
856
864
854
838
850
858
836
806
828
836
846
854
860
868
870
866
844
852
852
846
850
848
860
840
812
804
822
812
826
808
816
826
824
830
846
856
862
860
842
854
850
846
860
826
838
840
848
848
830
832
834
830
836
830
828
834
840
798
778
808
808
828
826
820
838
850
832
530
1014
856
848
828
458
458
742
838
828
844
846
838
834
846
856
860
858
846
852
860
860
858
840
844
844
836
838
818
832
838
836
838
824
838
846
832
834
836
852
838
842
802
788
816
832
838
840
836
848
862
858
850
868
826
846
848
858
870
868
852
868
484
974
874
820
836
840
836
830
842
792
834
838
848
846
844
842
852
846
856
808
834
844
838
818
836
826
824
828
820
820
824
488
938
818
820
832
820
834
788
816
818
824
830
792
816
820
826
824
802
822
816
808
804
582
948
830
804
822
802
816
798
794
802
816
790
792
818
844
864
866
870
866
826
844
838
844
820
836
840
842
486
944
840
470
936
822
828
826
826
822
824
792
820
806
828
826
840
840
808
838
818
844
844
854
854
848
814
858
858
846
842
842
852
844
858
836
848
856
856
828
840
864
868
522
976
872
852
822
838
842
846
508
962
876
860
856
848
858
878
862
862
852
848
508
972
882
854
850
848
810
834
786
808
810
806
806
796
830
842
854
846
848
858
844
840
846
478
958
856
476
958
848
478
928
842
832
842
842
856
840
846
848
854
844
854
854
852
848
836
842
840
812
826
822
844
844
842
836
840
828
848
846
808
832
826
852
854
512
968
874
850
856
860
852
842
856
820
844
864
888
884
902
892
850
864
874
876
864
884
826
858
860
856
872
824
834
842
846
830
834
852
836
848
846
830
834
838
832
830
840
852
852
830
824
832
824
806
824
828
830
816
828
822
822
836
830
844
844
838
840
842
844
828
834
842
832
826
836
818
782
802
804
822
822
480
948
858
832
830
840
790
826
834
512
928
860
844
858
790
834
836
826
836
842
858
864
860
862
480
960
874
856
850
856
818
838
852
848
810
816
788
818
840
844
836
822
838
852
822
840
840
860
860
854
864
858
848
852
858
854
834
852
854
850
846
854
820
838
844
826
822
490
944
856
838
848
830
832
844
856
840
844
856
856
848
852
854
826
842
848
850
806
832
824
830
826
838
846
822
844
854
856
852
858
852
864
856
862
824
848
844
844
840
844
510
956
860
852
864
856
832
848
842
850
856
862
856
822
844
844
844
836
820
826
800
800
818
816
814
824
830
838
832
846
792
814
812
484
928
836
814
822
768
800
802
498
414
892
846
814
802
808
774
790
798
820
800
808
818
820
802
810
804
806
806
798
816
812
818
812
814
818
806
810
808
808
812
808
808
804
800
816
776
756
770
746
794
788
814
816
818
834
828
822
828
832
826
814
822
820
812
828
818
824
774
798
796
812
806
818
814
820
818
792
796
810
798
772
810
808
806
812
808
810
806
808
812
814
824
824
830
838
804
818
818
812
810
824
794
786
796
800
798
788
790
790
800
786
780
800
798
802
812
808
806
810
824
828
816
812
806
798
812
784
784
744
762
764
770
740
728
752
752
746
764
780
770
500
910
808
766
772
772
774
774
504
902
816
790
802
820
832
844
866
868
858
874
844
826
882
874
862
864
780
804
804
766
752
756
754
750
772
764
762
758
768
772
772
772
772
698
478
960
820
812
822
792
814
820
816
812
818
828
788
798
810
794
780
770
790
786
802
792
800
798
800
800
796
804
772
804
782
770
748
760
760
682
856
766
772
790
764
772
782
762
776
778
792
796
786
790
780
782
780
768
766
768
766
764
774
770
768
754
770
746
748
740
736
740
732
750
752
754
752
754
734
742
738
740
732
742
734
728
748
734
750
752
738
750
612
824
744
738
756
740
768
754
752
772
764
754
766
758
758
754
746
756
740
736
720
716
646
524
762
870
760
588
620
638
900
608
970
808
822
810
796
816
816
804
828
800
812
822
806
810
798
804
810
802
792
808
824
820
816
800
820
818
812
842
828
846
854
842
850
848
830
860
848
838
848
852
834
832
816
800
808
812
814
794
800
806
798
790
790
794
798
780
780
786
776
770
776
774
780
762
774
762
780
770
804
792
796
486
922
798
800
816
796
768
738
776
736
746
746
730
742
744
728
734
740
740
736
726
730
730
718
706
730
732
726
734
724
724
724
622
794
726
726
742
728
680
754
724
744
752
728
734
700
722
724
734
584
882
576
914
792
770
768
742
772
770
766
776
794
786
800
784
792
798
782
794
788
818
798
822
828
810
830
832
812
816
812
822
812
816
772
802
798
788
788
768
770
772
780
764
750
788
758
794
772
778
776
788
778
788
798
794
816
798
806
806
788
800
774
774
772
784
750
744
748
746
758
750
754
764
752
750
764
754
762
756
754
748
734
744
752
664
844
756
758
768
730
744
736
748
738
756
758
764
632
930
800
698
934
818
794
824
800
784
776
752
764
752
750
766
746
766
760
758
780
762
756
770
752
760
754
764
782
772
780
790
780
786
800
780
790
794
776
770
778
758
764
768
760
776
764
778
772
776
752
766
788
770
786
800
778
790
792
784
782
788
794
784
788
804
796
798
806
790
784
790
764
782
778
762
792
776
784
790
772
790
790
776
776
806
798
798
816
816
810
830
832
746
896
846
846
856
840
858
834
828
850
832
824
838
848
828
848
844
818
808
820
840
840
864
650
446
412
436
426
606
502
516
536
584
556
536
544
482
672
1190
890
1006
886
954
918
670
480
760
542
732
1114
924
924
936
860
900
802
776
1056
902
868
906
926
904
890
840
858
852
888
880
886
908
902
896
918
912
920
918
924
888
916
918
894
908
920
898
876
900
870
844
866
852
844
848
906
890
874
900
894
880
862
866
854
830
840
502
960
836
806
574
1010
862
864
888
852
860
898
528
1020
938
940
972
912
940
938
918
916
914
914
918
926
918
914
898
898
914
904
918
732
980
902
896
896
846
840
852
892
852
884
888
874
782
820
1026
906
938
966
898
914
900
894
880
864
846
862
844
870
882
886
878
882
888
846
870
864
856
850
846
878
862
896
918
888
928
938
940
938
914
900
896
864
856
866
912
888
914
950
946
936
934
936
916
936
626
1054
936
962
970
924
922
948
922
898
922
924
900
918
910
894
916
918
898
902
914
896
894
912
914
900
916
910
918
644
1042
896
892
900
888
884
880
884
876
906
892
902
926
918
912
922
930
722
1054
942
920
914
934
934
880
914
902
896
900
556
1024
926
942
934
884
916
908
902
922
908
906
874
864
876
874
920
930
906
922
934
958
926
936
946
936
928
940
886
916
894
878
870
896
934
936
912
942
944
920
924
936
934
942
936
964
948
976
980
970
970
978
972
926
962
940
584
426
1126
1006
986
704
1064
982
966
932
578
1090
968
930
988
972
940
902
918
892
906
892
874
878
906
878
918
954
944
930
958
948
934
940
956
956
932
944
904
938
936
902
926
924
896
902
