636
532
514
518
504
514
492
494
494
506
508
498
502
518
534
520
518
506
516
500
508
512
518
486
506
504
506
496
508
504
506
510
522
528
534
510
530
520
498
490
498
478
486
494
488
466
486
480
502
502
506
518
506
490
500
494
490
496
516
482
502
506
478
510
500
498
498
490
496
490
494
492
496
494
490
490
488
488
492
488
488
478
484
488
500
490
514
468
506
496
490
492
472
486
476
480
482
472
474
476
476
488
504
482
488
492
486
474
494
474
470
474
474
480
476
468
480
474
468
468
464
470
468
480
462
472
478
472
500
482
484
486
496
490
494
510
516
496
518
514
520
526
518
522
512
510
504
508
502
504
490
498
494
510
500
508
482
500
484
488
500
494
486
480
478
492
472
488
470
470
470
466
480
516
472
504
508
528
520
542
548
532
542
544
546
538
528
520
500
518
514
514
514
506
512
510
530
524
530
518
508
512
512
500
502
488
504
494
504
498
506
504
504
500
524
512
510
496
508
504
510
510
496
504
498
498
508
510
510
482
496
498
506
506
490
500
498
510
376
638
498
486
494
492
428
570
510
520
534
538
542
538
546
514
542
528
522
532
500
520
524
534
528
538
552
558
578
580
600
584
590
576
578
550
560
560
556
550
558
578
530
552
544
550
538
542
526
536
526
522
528
526
534
544
538
558
396
710
544
554
554
576
560
568
560
562
468
410
330
508
568
574
568
602
602
598
580
592
606
592
600
576
594
586
624
616
614
606
610
586
594
576
578
574
594
600
624
602
628
654
630
636
632
636
636
630
620
618
610
610
610
610
606
608
616
634
640
634
634
652
622
626
610
618
618
628
620
624
630
634
636
636
442
764
636
628
618
576
588
588
572
578
586
588
592
602
584
596
598
612
610
628
606
598
592
598
586
578
604
622
606
612
602
596
602
608
618
590
600
610
608
618
596
606
616
606
614
616
622
598
618
604
606
596
590
596
610
636
624
626
638
656
644
634
636
620
608
594
588
586
606
608
622
634
626
628
622
624
616
602
628
626
614
578
574
570
570
574
572
582
602
594
580
586
588
562
578
576
582
570
594
594
616
590
570
582
580
598
588
606
604
614
616
628
626
632
622
600
602
584
584
570
582
578
548
578
582
602
612
616
606
588
572
598
586
584
572
560
550
574
566
576
526
540
530
516
516
502
530
520
542
540
534
546
538
538
540
528
538
524
532
516
530
522
530
542
536
548
542
548
546
568
572
576
582
588
612
618
606
612
612
600
610
612
616
598
616
614
608
608
608
602
610
612
624
630
602
620
624
614
616
620
630
644
632
636
628
614
630
620
626
626
634
644
638
632
626
664
642
660
640
666
668
668
674
684
674
664
672
670
668
676
694
678
688
704
690
694
682
680
664
678
686
676
668
678
676
650
678
668
670
690
670
674
684
670
678
684
676
674
680
682
680
686
694
684
672
660
684
676
678
666
672
664
644
626
636
630
640
656
636
634
656
668
668
662
642
660
670
660
682
676
686
672
682
674
676
684
676
672
672
688
688
658
668
666
660
666
656
662
654
640
654
646
674
670
724
694
710
724
710
688
666
674
650
662
662
642
642
638
648
658
636
636
656
644
650
642
702
640
622
614
608
596
600
602
618
620
640
662
646
628
640
644
632
632
636
646
660
660
638
652
638
628
646
626
598
620
614
594
596
590
592
592
602
618
614
632
636
652
640
660
652
650
646
646
642
644
634
636
618
648
664
670
676
678
690
696
690
696
678
678
682
678
650
662
678
676
672
676
680
688
692
672
676
672
654
640
500
780
632
642
626
618
634
680
688
670
680
662
638
646
650
640
630
634
618
616
598
612
626
640
634
652
642
646
646
644
644
624
634
626
628
620
634
624
640
642
638
628
634
606
620
622
660
652
664
652
648
648
666
672
652
660
674
662
654
652
658
682
684
680
692
706
646
622
592
598
748
682
678
668
686
680
684
652
648
660
678
670
662
656
660
658
650
636
634
644
658
634
632
636
656
648
648
646
646
646
644
646
634
640
644
616
608
596
572
590
586
610
624
648
658
656
676
668
666
668
676
668
680
672
664
682
668
662
662
644
652
646
670
632
628
622
616
604
626
628
640
634
640
654
642
656
628
636
656
640
646
660
668
666
414
876
632
640
638
634
638
648
666
672
670
674
664
668
652
660
652
642
626
606
618
578
608
610
644
636
650
670
682
684
680
676
680
680
674
678
678
674
662
658
660
652
644
654
676
678
680
680
644
650
406
912
638
628
622
640
654
652
640
660
664
672
676
670
690
686
680
662
676
658
654
644
652
640
650
644
650
628
626
612
606
614
612
616
636
630
626
642
640
644
666
674
654
662
658
656
620
646
646
678
668
664
674
686
650
648
634
598
596
598
600
620
626
638
636
628
630
622
644
638
632
640
638
656
644
648
648
644
666
656
652
646
640
652
642
632
616
622
614
638
638
656
664
676
670
648
636
624
636
634
630
652
662
636
650
644
646
636
640
620
608
610
620
602
616
616
610
644
672
654
664
688
686
690
686
680
684
692
680
670
680
678
666
674
670
652
670
666
650
606
626
612
616
618
602
592
600
602
596
592
606
632
636
624
628
642
662
644
652
660
670
656
668
676
660
692
674
672
680
658
676
670
666
632
656
630
642
616
622
596
608
590
594
600
628
636
676
656
670
692
680
656
654
666
656
648
616
616
624
618
624
638
648
674
676
704
688
680
698
656
646
652
652
632
632
622
630
630
630
614
630
626
650
666
684
686
696
706
684
688
670
664
658
670
666
664
668
666
660
624
620
624
616
628
624
638
656
640
646
660
676
668
688
684
686
692
668
682
668
664
664
688
658
670
652
670
676
666
664
662
670
658
660
666
676
694
656
632
658
648
640
648
650
660
658
658
674
666
668
668
686
672
664
686
690
666
660
662
656
660
662
684
680
682
668
670
662
666
644
626
628
618
626
614
618
608
616
598
656
656
648
642
656
674
672
644
666
676
668
674
662
658
636
636
638
630
620
644
648
664
648
666
678
664
662
656
674
664
644
634
634
632
632
640
626
620
654
662
648
668
676
664
676
654
648
658
664
656
664
672
670
680
680
666
680
698
682
674
684
696
688
682
676
690
676
676
648
644
664
662
644
658
664
662
660
628
626
638
628
590
622
598
648
654
666
656
672
680
670
654
642
628
640
638
642
638
658
676
672
662
666
664
664
668
668
650
648
668
648
656
658
654
654
644
658
668
672
668
674
662
674
672
674
662
658
674
666
668
658
672
650
684
668
648
674
666
668
664
666
666
668
676
670
666
672
670
660
650
664
652
638
614
626
632
618
626
614
640
622
626
630
662
624
644
652
654
648
642
658
648
642
644
646
642
654
646
646
648
652
666
642
654
650
674
640
662
644
632
628
634
618
634
632
636
624
602
606
602
614
616
600
596
604
618
600
622
626
642
640
640
632
610
616
602
600
606
590
588
600
616
600
618
610
632
614
620
620
620
620
632
624
626
632
614
626
606
606
608
608
640
626
656
660
682
688
676
682
642
666
656
638
620
652
650
640
644
622
648
630
646
626
648
642
640
630
640
640
638
658
658
646
646
650
642
626
628
626
632
638
634
634
640
638
628
626
618
618
622
624
622
622
632
636
632
634
630
632
640
654
648
650
654
658
658
656
644
650
670
646
656
658
676
662
660
658
668
662
670
662
656
666
660
666
658
666
670
696
660
674
678
670
656
648
654
644
656
648
652
652
672
658
672
660
664
676
674
692
684
700
692
702
674
666
682
688
686
666
670
674
682
656
660
664
652
662
678
666
652
678
672
692
694
682
700
704
690
672
678
672
680
678
660
680
672
682
672
674
670
676
678
674
676
674
674
650
656
660
680
658
672
678
676
688
682
684
666
676
684
696
690
690
710
694
690
692
690
696
694
700
696
702
684
702
686
690
692
694
694
684
700
690
686
682
690
688
692
702
688
696
696
704
690
672
702
694
690
696
700
674
682
674
666
688
702
712
698
716
704
694
684
696
698
704
682
702
714
696
682
682
692
688
698
676
692
692
692
684
676
436
964
692
674
680
676
676
662
676
676
706
698
682
696
704
722
690
674
688
684
684
668
678
692
688
692
672
698
704
696
434
940
694
662
670
664
670
668
686
696
682
690
706
698
676
686
712
696
698
686
720
698
680
688
682
674
684
680
696
688
710
686
694
674
700
690
676
680
692
682
694
684
668
676
678
686
678
680
694
696
680
678
694
692
694
692
706
696
698
700
682
674
684
680
672
678
676
676
674
674
682
690
704
700
718
716
688
710
692
692
700
702
708
696
696
692
698
696
712
692
706
704
700
702
690
696
680
694
700
688
676
710
694
684
676
690
682
686
686
692
690
684
690
686
674
694
700
696
680
692
690
708
708
698
722
722
724
730
732
720
706
684
690
690
690
696
702
714
712
706
714
726
706
720
712
702
716
708
690
692
696
702
698
718
730
714
706
692
688
674
670
688
690
690
706
696
700
686
686
690
704
700
712
732
716
718
702
716
692
706
682
696
700
678
688
670
692
700
704
700
692
716
692
698
676
682
698
690
684
680
698
688
688
690
692
712
702
690
686
710
690
682
670
684
694
672
686
684
694
682
688
678
692
696
684
680
680
676
688
694
688
680
684
682
688
678
684
672
672
664
662
674
682
690
678
700
688
688
690
678
714
682
692
700
708
702
704
698
684
688
702
678
686
694
696
670
672
674
690
690
692
694
720
704
698
702
694
712
702
686
686
706
704
684
670
680
674
692
674
680
688
690
696
688
684
696
700
678
684
688
678
668
670
668
670
684
684
682
692
698
710
688
710
702
738
718
708
710
714
706
708
708
716
710
718
716
714
710
694
700
696
720
706
714
710
736
732
720
708
712
708
710
694
716
720
734
684
676
666
664
664
656
656
662
654
664
662
660
672
676
684
676
686
694
672
676
670
678
692
680
684
702
702
690
688
674
686
692
680
678
694
702
696
682
690
700
714
688
712
716
708
700
724
700
684
698
682
690
698
712
672
682
686
690
688
686
692
688
706
694
684
676
684
682
680
684
700
688
664
680
674
668
694
674
700
678
680
666
658
666
656
670
664
664
664
672
666
660
666
694
672
676
676
676
676
682
674
684
670
680
678
676
678
678
664
664
672
668
674
678
684
664
680
690
684
684
672
674
666
676
668
660
676
658
662
670
654
668
694
668
678
680
678
672
666
658
668
688
672
690
692
696
692
694
674
686
690
692
684
696
694
690
686
670
670
682
686
670
678
700
690
672
684
686
692
682
684
698
686
676
668
676
662
670
678
686
672
696
678
700
688
698
700
706
710
712
708
704
710
716
702
706
722
708
712
722
708
690
708
702
698
696
690
692
684
686
686
674
676
680
702
678
690
690
698
676
684
690
692
686
682
700
680
688
688
680
680
680
690
684
692
704
686
696
688
678
692
696
692
686
682
686
688
676
672
686
690
678
668
694
682
684
662
676
674
682
654
692
674
688
686
644
674
652
678
650
662
670
694
670
680
662
678
692
684
692
688
680
678
676
672
676
686
678
662
696
702
684
670
674
672
688
674
670
684
702
700
684
668
694
704
700
684
694
694
698
686
684
688
718
690
686
694
696
706
680
682
680
704
684
688
688
694
718
696
684
682
692
698
670
676
688
686
684
662
680
684
682
684
686
686
716
696
706
690
700
712
698
700
702
700
682
686
690
680
684
670
682
706
688
692
686
696
728
702
692
686
732
708
704
708
702
700
702
702
700
716
700
688
688
690
714
694
698
702
716
704
704
712
694
708
726
714
716
712
716
688
694
700
696
702
694
718
710
686
700
670
684
664
680
668
670
672
672
674
672
672
688
676
656
682
674
678
682
670
670
678
700
662
686
674
680
666
660
680
684
690
684
686
688
686
692
674
674
680
694
680
686
704
698
696
694
692
692
708
696
708
692
700
702
700
694
704
718
708
722
734
708
722
708
696
722
710
746
710
726
734
744
710
718
752
704
724
732
736
724
704
690
722
710
714
696
718
732
708
684
708
714
710
706
708
738
716
714
702
684
704
700
696
680
694
692
686
688
686
686
694
698
708
700
694
682
696
684
688
690
690
712
718
696
680
684
688
692
688
688
688
698
690
732
668
684
690
692
666
682
702
698
690
674
692
704
706
690
688
694
696
700
678
684
702
686
668
686
712
690
692
682
692
698
700
704
708
704
690
696
708
714
722
718
722
706
730
728
720
720
708
726
720
698
718
716
706
710
690
702
690
706
680
688
670
678
686
662
670
680
686
668
662
674
652
636
634
640
646
638
632
644
650
666
672
662
654
678
698
682
672
684
690
658
658
644
646
632
642
632
662
666
656
668
670
664
672
688
662
674
666
670
660
650
644
652
666
664
668
658
684
676
688
680
698
702
706
702
686
706
698
698
690
686
706
696
704
694
698
710
688
692
688
712
700
696
708
714
688
694
710
700
700
704
698
700
706
700
696
688
694
698
682
692
708
696
680
702
698
702
706
710
706
736
738
724
716
730
710
748
712
730
710
696
696
696
684
696
708
688
698
706
702
678
682
698
688
680
680
408
984
666
658
652
664
684
704
684
726
740
732
734
714
718
716
716
712
698
714
684
706
696
698
710
708
704
714
724
700
716
712
724
736
712
724
738
742
732
694
694
718
714
706
700
712
716
716
734
726
750
736
738
730
718
730
716
720
708
744
726
734
750
738
724
736
704
740
752
734
730
720
746
732
738
768
740
750
758
766
788
736
746
742
776
764
750
752
770
738
736
716
750
744
732
762
760
762
748
746
764
756
724
748
738
746
746
734
742
722
732
740
736
746
720
708
704
718
728
714
732
742
728
750
734
736
732
720
746
730
730
732
726
706
716
728
712
708
722
710
704
700
710
708
720
726
720
742
740
716
722
710
736
722
712
722
718
710
716
728
730
750
722
718
762
738
720
724
724
710
726
728
722
740
710
718
720
716
720
728
720
728
740
738
722
710
734
728
740
720
728
730
718
712
720
720
720
718
720
748
728
728
720
716
726
726
722
730
736
728
730
734
752
734
726
724
748
732
700
736
724
730
730
730
738
736
746
728
724
736
726
728
730
748
728
714
714
706
722
714
710
716
702
724
688
688
698
698
684
692
712
696
682
676
694
690
688
692
688
696
716
700
696
706
730
738
724
730
736
730
726
730
726
740
710
732
708
750
730
726
728
730
726
710
730
738
726
730
736
718
736
744
730
736
750
742
734
732
726
716
720
720
738
750
734
724
716
746
752
732
718
762
748
738
732
748
744
730
738
780
746
744
742
744
748
732
736
740
760
748
738
750
752
752
744
736
754
758
732
732
736
736
738
750
752
762
750
758
746
752
752
728
754
736
742
742
750
762
744
746
750
736
740
744
734
732
746
746
728
756
742
726
720
716
732
722
718
730
732
722
742
738
734
730
734
734
734
742
712
732
726
744
764
744
744
752
732
738
716
722
724
720
736
728
752
740
742
748
736
732
728
724
730
734
740
720
740
752
724
750
744
746
744
732
738
738
736
744
716
742
756
734
728
724
730
748
726
744
738
728
740
722
728
732
716
726
736
728
700
728
734
722
730
732
738
736
738
738
720
732
732
734
740
742
748
734
732
746
742
726
734
734
730
726
732
728
742
746
734
746
764
738
734
732
732
738
738
738
732
746
750
724
722
706
730
714
718
736
704
720
744
740
754
748
762
756
764
766
746
756
748
762
752
774
756
786
734
784
766
780
776
774
774
746
760
768
774
766
748
744
762
762
754
756
740
748
748
738
754
748
734
726
738
744
738
740
762
750
424
1060
722
734
728
456
1010
716
730
728
722
732
748
758
746
766
758
758
758
760
758
760
750
774
762
754
750
732
754
748
758
766
756
754
764
740
768
770
746
732
724
730
694
704
708
696
712
704
712
712
708
710
684
688
698
696
700
702
714
726
740
740
732
752
764
770
782
764
758
762
770
764
762
750
768
758
730
738
734
738
752
762
760
786
768
762
784
792
772
750
780
792
780
774
750
770
786
760
766
774
796
780
764
780
786
778
774
758
774
776
766
772
766
756
762
762
768
752
752
750
752
752
754
748
754
748
500
962
730
738
734
730
738
734
740
736
736
744
752
756
764
762
762
750
756
770
742
758
792
768
772
762
768
774
774
778
774
768
788
768
784
800
782
762
746
768
774
762
750
748
752
746
764
766
772
760
748
756
750
760
766
754
734
738
740
732
742
742
738
408
1008
850
728
724
722
718
716
722
742
748
750
750
768
774
778
776
798
794
796
782
792
812
792
802
798
794
794
780
788
782
754
774
798
776
772
786
774
778
772
758
772
770
768
770
762
776
768
750
790
774
770
770
742
782
780
768
772
782
774
774
778
772
750
764
778
778
772
758
756
782
800
780
830
798
778
780
778
778
760
762
768
774
772
772
766
764
760
762
756
764
748
746
752
754
762
756
766
764
766
764
760
754
774
772
768
784
748
752
740
748
756
752
786
794
776
784
778
786
804
754
764
782
782
776
756
754
748
764
774
776
772
772
740
760
776
764
770
770
774
778
764
758
754
758
762
776
764
748
768
778
796
774
776
804
786
802
772
758
776
778
766
774
778
774
760
762
764
752
758
764
748
756
762
758
770
760
752
760
776
766
740
746
762
774
740
754
762
768
776
754
764
764
764
744
758
746
728
756
756
746
756
744
752
752
740
722
724
738
756
738
736
770
772
758
750
758
772
770
766
770
774
778
762
772
770
754
758
752
754
736
720
740
748
750
738
758
758
752
752
732
742
742
726
738
738
734
736
730
740
746
748
762
754
758
770
754
762
772
762
784
788
788
778
770
756
782
768
750
768
782
768
778
762
744
766
768
784
772
784
774
772
746
766
758
756
768
760
736
752
766
768
740
774
750
750
742
742
762
768
768
758
762
766
762
768
740
758
764
750
742
776
760
754
718
738
762
744
762
770
760
732
738
742
754
746
756
778
774
766
754
768
780
764
766
780
790
784
772
756
772
780
762
780
776
766
750
744
752
774
768
800
782
784
790
784
774
784
780
784
790
782
786
786
792
790
772
786
794
770
764
736
758
776
768
778
764
746
754
758
762
764
760
802
800
782
782
772
792
790
754
778
796
780
796
768
766
780
796
774
780
810
790
768
746
760
760
756
786
750
742
752
754
772
760
728
752
746
726
696
702
720
718
732
734
762
752
748
748
744
744
750
748
770
770
738
754
744
750
742
744
760
750
746
746
722
742
756
742
756
756
752
748
732
756
744
736
754
768
762
768
740
752
744
758
750
774
768
762
766
762
774
772
766
770
760
750
736
744
766
770
756
766
784
770
756
750
752
744
754
736
758
740
746
748
744
774
746
740
762
758
742
722
736
732
728
734
732
744
732
714
722
718
744
728
728
738
748
740
736
730
730
734
718
702
722
714
704
684
706
730
706
722
738
736
738
730
720
718
734
736
742
738
740
720
708
702
674
642
542
734
556
710
664
664
662
664
550
730
656
654
654
652
624
636
618
630
620
606
622
612
620
618
616
600
582
586
578
582
574
578
592
594
592
598
604
612
622
626
620
614
634
620
640
552
592
584
590
594
584
586
588
598
602
604
612
622
626
650
636
624
628
626
626
596
594
596
586
592
580
576
586
602
588
578
570
576
574
574
576
586
578
586
612
600
600
606
576
588
592
574
566
560
566
556
552
558
564
550
552
572
582
578
582
586
586
598
582
590
596
618
628
612
628
644
636
646
642
660
644
668
682
648
650
662
662
650
614
604
594
588
604
600
622
622
626
622
630
632
626
630
662
636
638
662
666
674
666
668
680
688
678
664
662
660
648
652
642
646
652
648
642
624
638
628
622
600
600
600
594
594
586
592
590
604
600
598
604
596
612
628
618
608
618
632
612
590
574
594
576
608
602
622
618
654
630
634
616
620
632
638
630
640
670
678
666
670
674
650
676
694
694
660
698
696
694
670
682
682
684
684
678
694
696
688
702
680
690
700
704
698
706
724
702
706
692
696
692
692
694
690
682
668
666
638
656
666
660
664
670
696
672
658
654
666
664
672
660
654
670
672
666
672
676
674
700
680
668
700
684
668
654
650
654
652
634
642
608
622
602
604
608
608
622
658
650
662
700
682
662
658
670
670
684
664
678
690
698
682
670
682
694
718
702
700
716
712
700
674
688
678
700
694
686
686
692
710
684
694
692
726
708
696
702
728
706
698
690
692
696
698
678
686
708
692
690
684
698
694
700
690
692
704
688
700
696
676
696
698
690
704
710
682
700
696
700
694
674
662
664
700
684
684
690
688
714
708
700
708
740
706
688
712
700
704
706
710
714
722
708
686
692
688
688
668
676
704
720
716
714
716
690
722
708
702
700
704
688
692
686
710
692
682
694
712
694
690
704
706
710
700
706
704
708
706
680
690
706
726
712
710
722
730
704
686
674
670
672
668
670
672
678
682
670
670
668
660
676
664
676
678
690
680
670
688
694
702
718
730
710
688
674
668
664
654
646
656
690
682
700
696
716
690
686
692
690
708
688
700
698
696
698
696
686
680
692
672
680
650
654
682
670
660
682
694
678
684
680
682
682
678
682
690
702
702
708
690
688
696
690
692
692
712
704
714
710
698
714
728
712
720
710
712
712
690
704
720
714
716
726
730
724
730
722
718
722
716
716
712
720
694
700
702
706
702
694
700
716
706
704
694
694
694
696
692
692
706
700
682
682
686
684
700
690
702
692
682
662
636
658
652
666
648
660
678
666
672
654
670
700
670
660
678
686
702
690
674
696
694
706
690
696
704
694
700
694
688
678
668
680
662
678
692
686
676
692
692
710
706
708
696
704
702
692
684
672
694
700
676
690
698
692
682
678
680
678
690
686
698
718
700
708
702
690
710
700
708
720
726
706
716
716
752
776
784
776
776
736
740
716
706
714
712
700
708
732
700
708
714
706
720
720
726
726
740
730
724
728
734
742
726
724
722
698
702
696
708
704
706
692
684
716
698
692
688
688
678
700
688
690
702
706
718
696
704
716
708
714
688
712
702
700
700
704
700
718
708
720
710
716
718
688
704
696
692
688
676
688
686
692
684
692
688
690
688
708
694
694
696
684
680
698
688
702
710
704
698
696
694
704
708
698
716
710
716
696
704
690
702
708
700
694
698
710
700
700
702
700
706
704
722
712
704
704
684
696
688
704
680
694
706
692
698
706
724
726
734
740
710
728
732
712
716
728
742
730
722
740
728
728
720
716
718
736
738
730
734
734
730
734
734
734
732
710
752
718
728
734
724
738
748
738
722
744
728
724
722
726
746
738
738
750
746
742
742
728
736
742
728
732
740
738
730
730
732
732
722
724
728
726
728
722
720
728
742
724
732
748
736
744
736
730
750
734
742
776
750
736
720
734
728
720
726
730
744
710
708
738
722
732
748
728
738
732
742
726
728
724
740
724
734
732
714
734
740
736
742
744
736
732
742
726
726
738
752
744
736
734
732
712
696
726
720
752
728
724
750
734
730
736
700
712
708
696
696
704
702
704
710
692
714
734
706
716
718
732
712
706
714
718
732
722
730
730
728
728
716
720
720
742
738
732
762
732
736
742
728
734
740
740
768
736
744
736
760
764
760
768
792
764
772
750
742
762
754
774
758
772
760
704
724
736
726
758
764
756
724
740
742
744
718
738
746
750
712
726
720
742
746
716
742
734
726
732
732
726
722
740
746
748
748
748
736
742
762
746
746
744
752
746
726
738
730
730
748
740
764
748
732
730
722
730
730
718
714
722
740
724
722
742
728
732
710
728
760
708
716
698
704
706
706
722
718
724
728
736
730
730
740
728
744
772
750
736
746
728
754
724
726
738
750
738
722
716
748
740
722
734
748
722
728
718
684
706
706
710
718
710
714
684
706
700
708
694
694
710
708
706
714
692
704
708
710
702
714
720
714
716
728
734
714
724
740
750
724
736
730
732
754
712
408
408
358
388
330
360
424
420
468
560
664
470
556
520
450
408
416
414
370
370
386
378
390
380
394
392
436
440
408
348
348
430
464
386
952
736
794
794
774
756
776
754
760
762
760
752
764
734
742
750
746
760
738
742
746
750
742
736
736
736
738
718
716
732
720
734
750
746
748
742
720
746
732
728
738
732
718
696
698
708
716
708
706
710
720
724
718
716
738
736
762
740
758
748
734
736
728
732
738
726
752
736
740
728
728
750
740
744
748
762
756
740
736
746
762
748
766
752
744
754
728
736
726
730
732
736
740
736
746
754
754
768
732
746
762
744
748
728
738
744
736
750
744
762
768
730
740
742
736
744
748
752
750
732
736
744
750
742
754
764
748
754
756
754
754
754
742
752
754
760
758
742
760
752
756
760
756
758
752
750
758
750
734
744
742
752
742
742
744
728
738
736
742
742
722
716
416
1006
714
690
702
698
694
702
706
726
708
738
736
740
738
750
748
726
732
734
720
714
730
716
716
694
712
730
718
704
710
718
708
712
698
708
720
696
700
704
720
692
682
694
670
678
676
694
704
694
694
686
696
702
728
724
720
730
734
736
718
700
710
728
720
724
720
720
720
706
724
720
716
720
718
720
720
730
732
718
740
736
720
722
742
724
728
710
734
724
740
742
766
766
752
760
748
752
752
682
752
758
710
712
712
732
742
724
748
752
714
716
728
720
736
730
740
736
736
734
718
728
736
744
734
754
752
746
758
748
746
758
750
752
766
758
758
740
760
770
772
764
760
748
752
752
760
734
756
740
734
742
724
730
734
722
740
732
726
730
734
736
726
724
734
736
716
718
716
718
718
742
726
738
740
754
744
720
674
664
668
650
644
618
616
638
620
624
624
630
622
642
634
644
654
674
680
670
690
686
702
706
698
718
728
746
718
720
702
720
732
712
720
744
740
720
712
736
718
736
722
712
732
708
698
700
704
724
708
702
708
714
700
686
694
688
700
700
704
732
712
716
708
704
712
