1106
1076
1112
1100
1078
1110
1104
1112
1120
1096
1094
1094
1114
1118
1098
1116
1110
1114
1120
1128
1126
1094
1090
1072
1044
1036
1000
1030
1030
1020
1026
1028
1028
1038
1020
1036
1028
1042
1048
1042
1062
1062
1058
1064
1068
1062
1076
1070
1066
1070
1076
1086
1082
1084
1084
1050
1042
1030
1036
1040
1002
1016
1012
1014
1012
1032
1000
1018
1008
1016
1018
1018
1026
1008
1004
1008
1012
1038
1022
1024
1022
1008
1034
1038
1024
1044
1034
1034
1070
1078
1054
1068
1056
1050
1056
1052
1042
1060
1036
1056
1062
1066
1070
1052
1070
1074
1062
1082
1078
1094
1092
1070
1060
1072
1070
1050
1056
1040
1050
1040
1058
1062
1054
1064
1056
1060
1052
1042
1020
1046
1030
1026
1048
1052
1048
1068
1076
1064
1066
1066
1060
1080
1070
1056
1022
1006
1014
1008
1004
1030
1010
1022
1022
1036
1044
1038
1042
1034
1034
1042
1042
1044
1056
1046
1034
1048
1044
1032
1046
1040
1050
1042
1062
1054
1062
1062
1054
1064
1052
1034
1048
1040
1050
1042
1056
1068
1054
1052
1062
1050
1056
1054
1060
1056
1044
1032
1054
1042
1024
1040
1022
1018
998
990
1004
1000
998
980
1010
1034
1026
1028
1034
1028
1040
1018
1020
1026
1016
1042
1050
1028
1056
1042
1042
1058
1056
1056
1060
1074
1068
1056
1042
1054
1028
1026
1046
1038
1038
1044
1038
1048
1044
1060
1068
1060
1066
1058
1052
1054
1044
1060
1046
1024
1028
1042
1024
1022
1010
1036
1036
1052
1048
1046
1056
1034
1044
1046
1028
1038
1026
1030
1022
1020
1038
1038
1034
1052
1038
1044
1062
1054
1044
1064
1038
1004
1008
992
1004
992
996
988
1004
986
1034
1008
1038
1038
1026
1046
1034
1042
1056
1048
1064
1044
1056
1052
1054
1066
1060
1064
1074
1054
1076
1066
1076
1070
1078
1058
1030
998
1016
998
992
992
984
988
998
972
960
954
966
950
936
994
1002
994
996
1002
1026
1034
1024
1052
1042
1036
1054
1060
1056
1052
1064
1056
1050
1054
1050
1058
1054
1054
1054
1044
1034
1018
996
994
976
966
974
958
940
954
934
936
920
956
972
974
980
996
984
1000
1026
996
1026
1048
1038
1056
1052
1038
1052
1052
1036
1044
1038
1028
1046
1040
1038
1022
1044
1026
1004
1016
1006
1004
1014
1010
998
1010
1016
1016
1004
978
984
998
976
976
998
976
992
1002
1004
984
1020
1014
1022
1012
1034
1030
1030
1046
1018
1022
1038
1028
1030
1040
1054
1044
1032
1018
1010
1020
998
984
980
982
982
974
984
988
964
988
978
964
1020
1002
1030
1038
1042
1062
1042
1066
1070
1038
1074
1056
1072
1054
1028
1016
1036
1010
1026
1022
1012
1020
1026
986
966
984
968
958
982
986
990
988
998
996
1026
1024
1022
1030
1038
1058
1088
1074
1080
1066
1054
1086
1054
1024
1018
988
1010
996
1010
1024
1006
1014
998
1002
1002
1008
982
990
980
988
994
984
990
996
970
988
984
990
966
1006
1016
1032
1024
1072
1062
1058
1076
1044
1050
1062
1054
1052
1076
1066
1034
1048
1056
1034
1046
1034
1030
1038
1028
1034
986
982
982
972
958
970
964
938
946
954
956
966
958
948
992
1004
1010
994
992
1002
992
992
1008
1000
988
992
1010
986
1014
1016
1022
1036
1036
1044
1018
1074
1082
1060
1076
1070
1062
1074
1080
1026
990
990
992
994
994
992
978
1000
990
994
990
996
990
968
994
976
978
992
972
962
980
960
948
1004
1006
1000
996
992
1012
1014
1010
1018
1014
1016
1034
1032
1014
1026
1016
1016
1022
986
986
998
980
990
972
1018
1022
1004
1022
1010
962
982
990
980
998
988
1044
1072
1064
1084
1088
1072
1104
1088
1074
1080
1100
1076
1064
1026
1028
1020
1016
1018
1000
1048
1052
1030
1040
1034
1014
1040
1026
1006
1024
1032
1024
1046
1036
1030
1030
1020
1030
1038
1032
1024
1048
1016
1000
986
988
996
980
990
990
978
1020
1036
1016
1016
1018
1040
1042
1042
1050
1034
1038
1066
1050
1056
1024
992
992
974
974
940
952
962
956
948
944
922
948
924
914
934
926
914
920
916
904
904
906
894
906
900
900
896
900
868
880
878
882
886
888
888
882
886
892
896
896
896
898
898
894
898
892
876
844
832
852
844
848
840
836
834
832
824
832
832
810
824
806
798
798
788
764
786
780
766
780
770
754
764
776
766
780
792
780
788
780
776
786
780
770
782
772
750
764
754
748
758
760
760
750
748
742
738
744
740
746
744
728
744
744
758
744
752
764
764
758
756
768
770
748
760
776
762
786
776
794
778
768
746
754
752
748
754
750
746
742
748
738
742
738
734
744
728
720
728
718
730
714
714
722
720
704
718
712
716
690
732
738
746
766
754
754
764
782
784
786
784
794
786
786
804
818
804
820
806
822
834
840
852
886
882
868
894
892
888
898
898
886
894
872
880
890
870
866
890
832
790
794
780
784
776
778
788
784
780
764
778
784
762
806
798
806
794
812
808
804
802
804
808
818
830
826
810
826
860
828
894
870
880
866
884
884
832
834
848
806
818
810
804
828
828
832
828
824
834
830
824
832
842
836
844
822
854
880
866
888
884
878
886
876
876
872
846
836
840
844
832
844
836
832
838
822
826
838
816
824
816
808
810
796
812
796
798
810
796
812
806
788
792
788
788
790
790
792
770
804
796
810
798
808
808
790
784
782
774
778
784
784
792
786
786
782
778
806
784
780
798
792
772
772
770
754
770
762
754
768
748
736
742
740
738
756
740
756
760
744
746
742
736
754
750
744
754
742
742
736
726
734
732
728
736
720
720
726
714
714
726
726
718
732
726
728
734
724
730
730
728
742
732
726
730
720
728
726
710
728
724
710
720
712
722
720
714
722
718
726
720
718
716
724
716
736
732
726
734
740
730
738
742
756
770
738
774
780
768
746
742
776
750
774
790
782
776
752
752
750
726
748
726
708
726
712
716
706
714
710
704
708
684
702
692
690
704
694
692
698
702
700
696
688
696
702
698
710
702
716
706
704
702
702
682
692
706
714
706
704
698
698
702
696
694
678
716
700
716
708
706
706
714
706
724
718
708
716
702
704
710
700
720
718
712
718
722
714
718
708
708
730
708
728
714
712
716
710
698
714
704
706
710
696
694
710
704
692
716
698
698
712
692
720
722
702
690
710
696
696
716
704
702
720
712
724
720
722
724
726
712
724
716
718
722
722
718
740
726
732
754
734
748
750
748
740
746
752
746
748
746
750
736
746
744
740
736
738
724
726
738
730
734
726
730
728
730
724
708
754
746
756
732
744
748
738
762
766
738
750
742
732
742
744
732
742
726
746
742
732
732
738
740
778
742
766
762
758
772
776
772
790
802
810
794
802
790
790
798
786
796
798
790
810
814
810
808
804
788
784
798
804
796
780
824
828
828
824
820
816
828
834
838
842
836
822
832
816
820
826
810
808
820
810
818
820
826
824
824
810
828
812
812
806
822
848
834
840
834
842
854
858
860
868
870
868
856
856
866
856
866
848
848
838
824
820
830
828
820
832
808
816
836
824
842
854
852
860
880
894
908
908
910
928
920
894
878
866
888
878
878
884
864
870
874
876
856
908
912
972
980
954
956
962
948
926
912
932
924
944
948
950
940
952
960
960
928
942
956
962
938
962
970
956
950
964
948
952
948
946
944
950
942
944
952
942
928
950
930
936
934
922
948
922
904
896
872
908
912
958
944
936
946
936
938
952
942
954
942
948
952
952
964
958
948
938
930
940
934
954
964
946
938
966
960
930
916
936
930
924
934
932
938
926
934
922
912
926
912
928
928
930
924
928
932
928
918
912
910
896
880
880
874
868
884
876
876
874
866
870
870
874
886
856
900
902
896
894
894
890
882
896
898
878
894
898
888
890
884
880
876
900
876
876
894
896
894
894
908
912
918
916
922
910
922
910
916
898
902
896
902
890
848
860
852
860
860
858
852
850
854
846
838
842
838
838
826
810
824
794
800
800
784
794
780
774
782
762
770
764
766
770
764
760
770
758
754
766
762
762
760
762
768
760
756
766
770
762
776
764
772
772
768
776
768
766
794
776
772
764
756
762
748
738
754
740
754
754
742
740
748
744
746
752
744
752
752
750
754
748
746
756
752
746
760
750
764
760
762
766
756
760
744
738
752
756
736
752
732
738
742
726
742
736
738
746
740
724
742
730
716
744
732
726
740
740
710
736
726
728
728
726
738
726
732
736
718
730
722
736
724
732
752
742
746
736
742
734
752
720
766
768
774
762
778
750
786
796
780
778
802
780
790
784
802
796
790
788
800
802
786
788
802
796
784
774
784
780
784
774
780
798
796
796
802
800
808
810
806
818
802
808
800
810
800
804
810
802
792
808
784
798
806
788
794
798
790
790
788
786
796
790
790
798
792
784
798
790
794
804
800
802
812
828
826
830
846
844
846
834
834
824
840
840
844
848
842
862
854
834
832
844
830
854
856
860
858
852
856
850
838
882
888
900
902
894
896
902
858
868
850
824
838
808
818
828
826
828
788
806
798
808
798
792
780
782
778
770
770
778
768
758
764
760
758
762
756
752
760
760
756
758
754
762
760
756
762
754
758
754
776
766
766
762
764
772
762
764
752
762
748
740
752
756
738
756
750
730
752
746
734
744
740
738
742
726
724
734
736
722
718
724
712
716
722
720
720
728
734
748
744
754
764
768
786
792
788
802
794
804
806
780
818
818
842
842
830
838
856
848
844
852
840
836
840
820
836
842
824
844
834
826
838
842
834
846
844
850
856
840
842
854
868
882
898
898
914
908
896
916
914
908
908
910
914
900
904
900
890
906
908
876
878
884
882
878
898
902
888
898
896
892
884
904
894
902
860
858
850
856
858
850
852
858
852
836
904
868
900
910
902
912
892
886
898
910
902
892
908
880
876
906
892
852
848
868
854
860
858
866
854
866
874
872
870
862
870
868
862
880
888
854
892
884
866
874
870
862
866
868
866
878
858
858
864
862
880
868
860
850
856
854
856
854
848
848
866
854
824
816
786
806
800
794
814
824
828
828
842
842
842
852
842
824
840
844
836
840
842
830
816
826
826
824
828
834
828
830
830
834
840
842
830
834
836
838
826
830
824
826
816
836
836
844
846
850
850
850
850
840
848
838
842
834
838
838
828
826
826
826
834
816
816
822
824
818
828
834
836
842
844
854
852
842
848
826
870
866
876
862
860
878
876
844
822
828
818
824
818
816
802
838
844
844
844
852
850
868
860
852
850
848
852
852
842
852
852
858
860
882
898
908
920
918
904
918
904
884
892
886
898
892
880
894
862
864
868
846
852
842
840
836
840
842
850
840
836
846
840
846
836
832
836
814
848
834
840
848
880
870
898
886
912
908
914
906
898
902
906
904
910
900
910
876
850
858
830
838
836
826
828
830
806
824
812
802
834
844
844
840
834
820
852
842
852
856
864
840
860
844
844
856
852
856
836
850
850
846
872
876
874
862
872
888
890
892
888
872
882
862
880
894
878
828
838
832
804
788
818
796
780
830
826
820
806
808
820
818
814
818
812
794
798
780
810
810
780
784
788
780
784
786
772
764
802
818
814
808
826
818
808
826
818
832
826
814
830
836
822
840
838
842
828
826
834
824
828
832
836
840
852
858
848
854
848
868
862
820
832
826
818
814
822
828
832
832
816
816
816
822
812
818
806
810
824
810
822
822
812
802
802
796
800
798
778
796
800
788
784
784
790
794
786
802
804
788
800
784
782
798
772
780
776
758
764
748
746
754
750
762
742
740
738
724
742
736
724
734
722
738
736
724
718
720
704
724
716
702
718
702
690
690
700
688
698
696
710
706
700
720
712
692
704
704
726
726
722
742
728
746
740
740
744
746
746
728
744
736
742
744
764
746
762
758
756
748
756
754
754
762
752
760
756
776
766
758
766
776
766
764
772
752
754
762
750
780
774
780
774
788
782
770
820
800
788
798
814
820
768
790
794
788
778
792
770
786
786
784
788
780
786
792
784
790
792
802
812
784
814
820
826
828
848
840
856
844
832
866
838
848
846
854
856
862
864
854
862
860
860
876
886
884
878
882
882
872
894
872
874
870
854
870
848
866
858
858
854
856
864
854
872
876
866
860
836
856
862
866
846
892
880
882
900
894
904
906
912
912
900
900
908
906
916
918
898
912
902
912
908
884
900
886
866
874
872
878
882
882
880
878
876
874
884
884
882
882
860
846
818
850
830
814
832
812
818
812
816
818
818
810
810
806
804
810
808
802
804
808
800
794
786
780
796
784
774
780
760
770
778
760
784
770
762
816
776
798
802
808
828
832
834
830
820
816
822
828
840
828
836
830
842
828
828
854
842
840
844
848
840
844
852
860
862
854
852
848
844
846
848
834
848
832
840
844
850
858
856
858
856
864
868
880
884
880
898
890
898
910
908
876
872
866
870
860
858
874
856
876
880
888
886
884
882
900
890
890
882
870
880
876
864
890
882
886
892
882
900
902
906
908
904
904
896
886
888
884
888
894
850
868
850
852
844
858
862
846
846
860
848
844
860
850
844
826
822
810
826
812
806
802
784
786
772
782
784
784
792
792
790
790
784
786
804
770
822
828
828
838
820
818
818
826
832
822
834
820
820
816
814
816
814
802
802
808
804
806
808
796
810
798
790
798
790
794
790
780
792
770
774
776
778
774
786
792
782
796
786
790
794
790
784
778
772
784
768
768
772
790
768
768
770
744
748
744
748
754
742
736
746
734
748
748
754
754
766
754
754
752
742
736
756
742
760
760
750
754
742
756
748
756
764
774
768
770
754
758
768
770
782
784
794
798
802
788
784
792
794
794
792
804
794
784
794
800
802
804
796
810
796
792
802
804
804
800
806
804
798
790
800
792
802
794
796
794
798
804
796
790
794
800
816
790
802
804
806
806
814
816
822
800
808
806
790
788
788
792
790
790
794
818
834
844
858
874
878
894
880
874
884
868
886
878
874
870
864
860
844
852
872
866
852
848
864
848
858
862
856
856
824
854
848
824
844
826
820
822
824
832
832
826
820
824
822
830
816
858
874
892
878
886
892
884
894
876
876
872
844
796
820
826
808
810
802
806
784
794
782
794
802
794
798
806
808
818
818
816
836
818
828
824
820
816
814
822
822
818
820
826
834
842
844
854
864
854
850
846
854
856
852
856
850
838
836
844
844
848
850
848
848
846
850
858
858
868
850
896
896
900
920
930
930
942
954
946
888
906
884
878
882
868
870
878
880
856
876
872
884
876
890
892
910
904
908
902
902
900
894
906
916
920
920
906
898
902
898
906
908
910
904
930
950
940
960
952
950
938
930
944
920
938
936
928
928
926
934
936
926
924
912
904
926
932
942
946
934
928
936
952
956
958
966
970
970
992
990
1010
1002
976
968
950
948
946
958
946
946
948
940
952
946
946
940
976
988
974
974
984
972
982
994
968
964
964
950
956
974
960
926
922
916
914
910
904
912
904
908
912
904
926
908
940
944
952
940
946
944
952
954
964
976
958
964
966
978
980
978
970
970
976
960
962
956
958
944
958
938
928
914
930
902
908
908
896
900
902
898
906
910
904
916
908
902
912
912
908
922
924
938
924
924
926
924
930
936
928
918
906
914
914
926
904
904
910
904
914
910
916
928
914
914
922
918
936
930
936
938
936
934
940
946
946
948
950
948
948
948
946
956
952
966
964
974
948
984
1012
1022
1000
1004
1026
998
958
940
942
928
908
924
924
910
964
976
982
988
1000
992
990
1010
984
974
1002
990
948
958
948
942
948
954
954
948
954
964
946
956
970
970
946
970
970
960
984
974
922
936
934
926
928
922
932
930
932
914
962
964
962
968
972
964
970
978
958
970
970
976
984
982
978
996
976
946
962
958
954
956
938
950
936
926
932
918
912
906
918
914
906
914
926
926
920
938
932
928
944
930
952
942
944
950
948
946
948
948
942
932
940
930
934
936
940
946
924
934
934
934
936
926
934
928
918
932
922
922
924
920
926
900
916
906
888
942
926
936
926
934
946
946
948
950
940
944
942
928
942
932
940
932
930
934
936
940
934
930
940
930
934
932
936
938
938
926
920
914
910
904
900
928
928
932
936
934
946
948
944
956
952
964
956
974
978
982
1000
980
988
974
982
970
972
982
956
964
946
948
940
934
940
924
920
926
914
928
918
932
948
932
950
960
970
980
976
974
960
978
970
988
990
978
976
964
964
976
976
966
972
980
966
956
938
948
948
942
952
952
966
966
962
954
952
958
934
956
948
960
970
962
972
970
970
990
978
982
980
976
950
956
938
952
946
926
940
938
922
920
932
926
924
932
922
912
940
962
960
948
962
956
964
978
974
992
1000
984
1000
984
996
1002
984
1004
1018
988
988
974
984
976
976
966
928
940
928
914
928
930
916
916
914
910
932
934
944
932
948
956
926
968
954
968
956
960
966
982
986
976
980
960
972
972
980
980
960
966
948
940
946
964
962
920
910
916
920
918
920
920
918
928
908
940
934
946
940
958
958
968
960
954
966
950
960
954
948
974
940
926
912
926
924
926
942
928
938
944
940
916
920
916
896
884
862
860
876
870
878
866
866
858
860
868
856
866
866
864
868
868
870
852
842
828
810
802
800
790
796
780
776
782
770
758
760
758
760
750
732
738
738
734
716
714
712
716
716
702
702
696
690
678
688
692
684
672
694
684
676
670
664
672
672
668
674
664
662
662
662
664
664
654
656
650
646
646
640
642
630
632
638
628
610
630
612
624
618
620
622
620
606
620
608
610
610
608
608
608
606
598
604
604
598
596
596
588
596
592
586
596
578
590
590
588
584
584
580
602
596
590
594
588
586
604
592
588
592
584
598
602
598
598
600
594
598
592
606
598
606
584
590
586
592
594
586
600
594
578
582
588
572
584
572
558
598
592
602
612
604
604
602
588
594
600
602
604
614
606
608
608
590
584
576
584
592
584
592
602
598
602
606
618
618
626
640
626
634
652
656
636
644
632
622
624
624
624
632
630
628
620
626
622
616
618
620
620
620
632
624
628
630
624
628
630
632
624
644
650
638
652
658
640
652
646
634
636
652
640
642
658
648
656
680
656
668
672
674
672
672
690
682
690
698
704
698
726
700
720
718
724
742
728
738
718
700
714
698
674
726
726
734
778
742
756
792
774
772
772
754
806
766
768
812
792
808
796
776
792
804
762
770
776
778
740
766
752
762
752
746
770
758
764
742
770
768
748
774
782
794
802
802
810
540
602
628
444
568
630
638
840
670
814
770
898
988
1038
1310
1094
620
1188
624
742
762
804
678
968
922
720
682
674
576
610
612
724
654
626
628
646
666
722
604
514
510
482
482
478
744
900
628
612
844
680
564
752
602
476
458
486
458
794
868
634
754
970
758
782
462
828
610
612
520
488
902
572
460
494
432
472
484
478
742
880
590
484
848
536
496
622
792
554
578
512
508
502
512
540
518
532
508
516
516
516
526
522
500
506
498
992
620
522
852
692
518
520
516
508
502
516
520
962
556
544
506
498
506
510
504
514
520
528
530
538
536
540
520
508
528
510
512
502
518
508
590
576
582
532
518
502
518
670
592
588
624
508
506
528
534
652
574
462
508
502
508
514
510
606
630
560
664
744
564
632
582
626
668
644
634
614
634
604
616
592
672
678
608
526
600
602
586
598
558
656
596
624
530
726
618
566
536
604
634
608
760
702
636
550
638
682
620
626
646
610
534
614
606
578
706
614
628
652
644
606
544
606
600
586
548
610
608
570
710
646
598
638
612
630
592
624
622
578
572
596
572
582
530
612
622
602
658
632
632
640
608
736
672
592
674
652
562
654
642
764
674
730
730
728
632
688
698
704
686
598
646
806
618
764
594
512
446
460
444
838
570
520
470
502
470
506
458
470
474
470
830
856
1026
1004
978
1032
820
928
916
936
632
770
536
518
470
506
710
558
538
486
504
488
752
586
542
760
592
500
476
494
482
770
594
494
510
740
858
590
678
698
670
680
542
480
478
472
760
602
510
490
792
596
556
532
780
588
502
522
802
602
512
562
758
592
508
850
538
524
578
712
590
522
768
586
542
516
742
596
602
742
604
808
628
500
526
730
624
532
712
646
476
766
610
492
822
602
516
552
744
606
508
566
752
596
548
460
514
830
592
504
886
758
680
774
744
726
732
738
710
648
714
662
772
692
700
590
520
568
746
608
522
834
616
524
822
640
552
450
512
804
588
548
820
612
510
478
836
906
1072
1098
1384
1052
1322
1444
1184
1308
1366
738
1380
1008
730
766
622
624
688
546
484
478
524
476
512
468
498
502
472
828
574
534
518
796
