718
824
784
828
852
778
820
844
800
794
830
830
804
830
820
800
830
820
804
812
828
846
848
832
788
820
828
802
782
820
858
798
818
828
830
790
832
840
826
790
838
836
820
822
794
790
802
804
812
830
818
794
818
902
864
852
850
856
846
848
818
776
832
826
794
792
838
816
802
834
822
784
828
842
848
862
798
818
842
794
828
826
792
816
852
786
778
824
836
816
816
762
772
794
796
794
800
788
802
796
756
762
794
778
752
792
858
862
820
760
810
834
822
786
802
810
810
766
776
798
812
804
798
760
786
792
816
802
814
820
782
784
772
772
788
766
760
786
810
774
746
800
824
798
762
812
814
774
800
800
812
772
752
756
660
696
684
692
702
704
810
1020
958
860
852
832
814
768
800
726
692
822
960
950
860
852
846
860
848
812
794
830
812
812
812
812
826
794
810
842
852
856
864
870
870
890
874
840
810
840
850
800
814
852
814
792
862
846
796
820
810
768
786
734
694
964
868
790
808
784
812
860
872
852
862
864
870
878
884
862
804
832
852
818
794
844
858
798
838
852
830
824
838
830
830
848
840
784
796
806
818
816
774
816
822
812
768
766
782
830
840
836
828
842
768
808
830
842
788
816
820
852
828
788
858
864
806
798
836
564
1050
888
812
822
840
832
812
838
840
824
838
856
838
814
848
844
828
814
830
838
790
836
828
818
806
838
568
1068
866
840
792
836
834
826
792
834
852
804
832
854
820
826
840
792
840
844
816
822
858
830
788
868
828
798
854
862
802
844
854
826
814
830
832
764
876
824
814
844
816
824
860
822
806
844
808
824
842
824
838
838
812
814
838
826
826
832
814
794
838
860
796
828
850
508
990
758
682
670
680
678
728
744
768
622
996
944
892
878
860
774
784
808
788
780
832
792
814
824
782
814
814
802
822
808
836
834
812
788
826
808
792
786
836
820
798
818
834
796
820
828
804
788
820
814
826
838
808
848
826
782
830
832
808
812
854
824
830
794
848
796
820
866
506
1020
948
848
838
820
824
802
832
822
784
838
824
808
826
846
826
822
830
836
826
830
856
810
844
840
814
840
840
812
852
842
794
828
836
804
830
844
798
830
826
826
796
826
832
834
806
832
786
842
840
786
852
850
804
836
836
818
842
792
854
832
794
816
834
816
822
812
828
800
824
840
794
828
812
834
848
784
838
822
826
830
814
842
804
820
820
806
836
828
822
826
828
796
818
822
800
836
832
808
832
790
846
814
790
832
790
820
814
798
790
806
806
800
822
792
798
806
828
770
812
832
792
812
792
808
822
786
818
808
800
792
796
796
816
792
848
818
794
810
808
794
812
784
834
818
778
812
804
800
798
802
806
772
802
792
790
762
778
768
770
758
762
792
802
804
798
790
758
788
798
796
790
800
790
802
810
764
822
806
782
798
796
792
806
778
828
804
788
792
808
776
824
806
788
826
810
784
828
820
784
834
818
794
838
794
810
818
786
824
834
784
814
822
798
810
794
820
816
786
802
822
796
802
816
806
834
806
816
856
826
840
848
826
828
808
818
838
790
824
852
804
836
830
796
834
846
822
846
844
800
806
808
830
820
820
796
764
754
792
786
814
846
822
834
812
804
832
826
812
770
808
828
820
800
780
766
790
820
786
782
788
778
756
798
828
834
820
824
776
816
816
790
770
810
836
830
798
786
818
820
864
830
784
826
842
830
780
826
824
778
808
818
826
754
802
826
820
832
762
756
804
796
770
792
766
762
762
734
764
670
668
676
650
664
644
630
622
616
636
634
666
696
676
680
686
772
778
684
712
672
726
758
738
746
740
740
688
682
1006
944
884
778
796
852
834
784
824
824
812
812
814
758
792
802
768
770
782
782
796
780
790
754
776
792
750
798
784
790
778
776
800
774
752
752
750
724
776
836
766
832
842
774
748
794
790
756
804
788
850
868
778
832
862
836
824
896
938
916
916
874
820
862
878
886
876
814
824
858
850
846
792
838
866
796
784
834
838
818
802
794
818
780
808
858
840
836
786
858
836
790
856
866
834
814
792
816
792
780
740
662
648
668
690
664
688
958
876
842
792
776
776
758
782
764
746
784
758
762
756
768
754
766
778
764
788
782
800
804
784
824
872
848
822
816
826
812
744
760
764
752
680
646
666
652
744
748
810
1010
844
840
870
814
780
808
832
818
754
848
866
780
766
842
688
686
664
658
674
860
866
864
838
838
770
804
760
776
736
760
758
726
724
734
730
730
766
740
732
780
794
790
762
742
780
746
798
748
750
782
756
762
832
876
896
872
824
828
854
782
766
808
894
810
834
750
830
844
830
798
846
848
790
832
828
812
820
784
800
828
842
800
816
836
804
810
828
784
820
806
774
824
806
824
834
772
810
816
788
828
810
804
816
804
786
828
830
788
842
828
774
822
830
802
786
842
798
820
838
840
800
792
830
832
794
832
826
804
808
822
820
792
832
806
776
834
804
800
854
800
816
832
790
832
834
794
846
842
786
836
826
816
820
800
840
816
788
834
812
792
846
820
820
850
798
844
830
800
862
850
806
856
842
806
848
820
808
858
844
792
830
806
796
838
818
818
836
808
820
840
838
824
842
830
780
834
838
798
832
854
802
828
838
802
832
846
816
838
838
792
836
864
804
852
840
804
836
798
808
838
792
818
850
816
828
856
814
832
806
792
862
818
792
876
816
832
866
794
844
830
798
844
854
822
794
854
824
782
828
814
778
860
832
800
832
798
816
852
846
838
812
834
802
798
844
826
804
852
868
792
836
834
798
796
862
818
800
848
812
816
842
808
838
854
796
850
852
794
838
844
808
848
832
828
842
812
838
858
810
830
822
828
854
798
870
846
808
838
808
860
848
802
856
816
820
848
806
844
824
832
862
810
836
848
812
836
814
864
842
802
852
822
844
830
824
874
812
858
836
826
866
820
860
854
798
822
854
818
844
854
820
838
810
846
852
794
860
850
826
804
848
814
842
844
832
854
818
812
860
836
810
868
870
822
842
860
820
848
872
848
854
836
844
866
798
866
856
822
860
824
824
860
834
834
856
806
840
844
814
844
808
852
882
798
860
858
820
858
838
870
858
810
864
824
846
866
824
856
858
816
874
832
808
882
836
810
870
814
850
848
822
852
868
784
864
838
810
850
832
852
872
808
864
844
826
886
812
852
824
848
844
824
830
888
812
836
856
834
866
850
830
866
862
806
808
844
798
830
852
822
784
850
820
828
844
832
844
834
816
850
838
802
848
830
814
830
800
814
832
816
810
842
822
780
840
838
836
796
824
854
790
808
856
806
796
862
808
808
828
844
798
826
852
828
812
846
848
804
836
844
844
838
818
776
766
856
846
848
836
818
802
840
834
834
836
864
846
846
800
842
844
780
886
848
802
870
834
802
856
854
804
850
822
790
804
872
830
818
830
780
768
810
830
812
810
776
814
838
810
800
818
820
818
818
856
858
804
786
852
806
802
842
778
820
858
880
850
810
840
832
798
788
840
852
842
804
814
854
844
816
826
836
802
814
840
800
802
852
804
828
844
832
784
826
834
820
786
842
844
856
802
850
866
798
794
846
806
808
790
816
776
806
792
814
824
774
806
774
814
816
772
842
834
784
828
820
788
802
826
818
778
806
836
872
846
846
854
862
840
780
816
810
812
850
808
844
836
806
840
796
846
860
800
822
784
814
794
786
794
790
800
780
758
816
826
812
816
804
828
836
792
828
840
786
858
854
800
858
840
806
854
858
828
858
818
820
828
820
806
830
780
772
846
844
848
840
806
860
852
810
804
854
832
802
854
856
838
828
844
858
846
806
858
856
804
824
860
846
800
866
868
820
832
852
814
842
862
812
850
846
806
834
838
816
864
824
854
836
810
858
842
812
878
848
824
800
876
814
824
872
840
828
850
818
832
836
822
844
850
796
840
840
818
842
834
840
828
836
802
836
870
890
846
808
838
796
820
772
816
878
890
880
886
840
830
788
848
822
774
840
878
882
860
852
856
814
806
828
816
776
814
820
782
842
830
858
866
786
786
840
794
810
788
810
784
782
844
902
860
782
824
850
808
834
820
798
834
850
802
830
862
870
874
860
774
816
818
812
790
816
780
814
824
764
826
844
794
812
868
854
810
794
828
782
830
840
816
826
818
804
774
804
792
812
816
840
806
774
828
850
808
814
838
822
780
834
856
796
832
824
806
848
824
824
852
814
824
846
822
838
846
832
874
834
832
862
826
842
856
836
858
804
844
840
810
840
836
804
844
810
826
862
810
832
864
822
822
870
812
844
860
816
858
836
816
842
810
808
848
804
794
790
758
816
814
776
836
822
810
768
838
836
800
826
876
784
802
836
820
814
852
824
830
852
796
852
856
796
838
862
814
842
828
830
852
826
576
1104
886
838
860
810
836
848
820
864
812
840
856
836
830
834
846
804
828
814
842
818
830
862
806
770
832
858
804
836
832
842
846
824
854
832
828
862
844
834
852
828
850
838
800
870
810
778
828
786
788
776
806
870
824
788
768
812
782
808
850
782
830
820
800
834
800
802
832
810
788
780
780
792
794
788
820
818
792
810
836
834
804
848
828
828
856
804
864
848
818
854
856
802
832
830
822
836
816
842
866
788
852
838
812
836
846
842
848
800
848
806
822
862
792
840
820
824
846
800
826
846
800
824
802
826
820
804
842
816
838
822
832
862
806
836
836
874
854
816
852
828
866
856
828
852
790
852
832
834
838
834
840
818
844
816
814
834
810
830
824
820
808
836
798
808
832
786
818
826
800
840
856
828
788
786
810
810
810
770
768
802
762
786
808
778
822
834
788
840
850
794
834
842
800
830
854
812
834
804
816
868
796
828
842
818
828
804
842
828
824
856
822
846
864
806
872
816
816
872
828
838
826
820
834
794
848
868
820
832
838
816
842
812
866
858
804
836
808
840
840
804
866
808
820
846
796
832
828
850
838
812
820
828
786
842
806
820
850
810
828
844
792
822
836
788
782
812
792
838
820
816
838
828
786
822
814
832
818
832
812
830
826
792
824
792
818
830
792
820
776
834
826
790
828
834
796
826
792
818
828
824
834
862
842
816
840
810
852
810
834
856
796
854
824
850
810
844
830
812
840
792
834
822
804
850
808
814
812
808
824
802
830
844
800
820
818
812
826
816
842
840
828
794
840
822
818
846
820
826
806
830
848
796
840
828
850
832
808
842
816
822
842
800
826
834
822
800
838
830
808
834
804
794
848
800
840
826
840
868
782
830
838
800
808
798
812
806
764
816
868
794
778
832
780
808
828
848
840
780
838
850
784
812
824
794
814
834
794
840
824
820
862
810
840
818
840
858
806
832
846
830
794
856
802
826
784
820
814
778
850
802
808
822
780
834
840
830
834
848
828
758
796
772
774
832
860
780
822
818
822
750
796
772
828
770
800
756
762
810
804
756
814
788
806
794
826
812
794
816
790
784
766
762
790
760
766
770
768
716
738
666
660
684
636
654
680
652
648
660
692
694
684
722
810
818
914
900
764
778
760
748
738
744
740
716
726
706
756
776
720
752
794
758
730
770
782
780
740
780
790
754
774
746
766
766
790
820
824
810
766
810
862
826
804
750
764
740
660
646
646
640
628
662
650
660
658
642
634
654
642
642
666
638
640
666
684
696
656
730
652
740
680
714
692
678
696
676
722
680
678
670
676
752
714
968
868
784
766
732
678
666
656
686
678
718
738
694
716
706
666
668
650
660
966
820
770
722
764
726
722
720
726
786
750
766
832
794
798
814
804
788
796
738
790
770
802
754
830
772
784
748
752
752
722
726
728
718
746
720
752
740
728
714
666
662
646
660
646
696
656
692
656
682
666
724
680
722
756
680
728
874
888
920
848
800
786
754
742
734
728
730
752
736
742
754
746
754
740
748
744
764
734
754
760
758
738
736
746
722
728
728
720
712
702
624
658
660
672
646
678
668
672
682
666
654
670
660
692
712
680
704
704
734
668
700
656
680
662
726
676
664
688
726
688
676
680
664
710
684
722
686
768
708
730
968
886
864
822
746
750
722
738
736
758
744
782
786
744
776
704
734
734
714
712
730
726
746
740
740
744
730
728
718
708
720
658
634
630
614
664
654
666
662
662
656
714
652
740
664
684
648
674
648
650
638
622
638
648
654
660
638
674
634
654
672
656
640
654
688
644
658
670
680
772
714
692
954
796
778
730
826
870
782
806
800
794
784
784
750
802
760
784
800
772
794
750
810
792
808
810
800
798
760
776
776
770
794
780
782
802
754
796
822
812
810
784
802
732
674
690
652
714
674
878
930
916
824
772
806
796
808
802
818
798
842
792
814
830
816
806
806
816
794
806
806
820
794
794
802
792
826
824
794
838
812
788
834
840
798
840
834
836
816
824
810
852
840
858
806
838
818
806
846
826
824
848
786
824
770
838
814
800
838
816
836
830
822
864
816
836
842
854
820
848
840
842
818
800
822
792
802
770
786
798
772
804
820
796
814
800
846
812
828
870
848
836
864
800
856
838
878
860
826
812
778
796
792
856
822
788
814
762
794
834
772
838
856
820
846
832
868
862
876
916
848
884
848
854
862
846
882
864
846
872
848
864
822
878
840
856
810
866
846
884
870
922
892
894
838
872
882
852
922
848
894
854
886
844
882
922
864
896
848
908
844
890
870
884
884
884
900
880
888
922
924
858
896
862
900
844
898
824
904
850
880
858
900
890
932
872
914
912
878
856
896
838
858
860
830
834
872
854
878
852
816
824
820
800
810
816
822
818
806
856
822
782
860
904
828
850
846
866
826
894
884
868
874
816
808
814
790
808
800
774
780
800
786
778
756
754
784
784
776
766
808
792
832
812
822
806
802
802
810
804
786
810
780
782
776
776
766
770
752
764
762
736
754
750
774
764
750
764
758
756
744
776
756
752
756
776
746
758
736
740
654
636
636
604
626
624
662
628
688
686
744
804
788
724
716
662
686
654
660
680
642
670
736
664
678
664
672
666
706
658
680
710
664
708
636
668
622
668
630
628
612
636
642
648
620
650
646
668
650
634
664
666
680
680
658
1022
938
808
766
472
960
684
722
804
710
676
676
744
1010
768
736
706
1074
960
810
850
774
818
844
856
800
822
850
844
822
814
814
766
854
884
880
826
798
796
848
848
880
870
882
868
838
798
796
836
898
822
860
778
854
830
816
852
896
864
862
862
864
792
838
912
886
864
832
818
760
796
750
644
634
626
664
664
1024
936
816
820
832
808
784
832
870
846
900
870
838
814
824
836
824
776
850
864
852
860
864
860
804
836
842
788
842
798
850
846
872
866
806
782
822
784
820
782
818
844
830
828
828
848
788
778
814
810
768
798
812
794
816
798
790
810
770
810
834
810
820
808
786
808
820
794
840
862
858
882
876
830
828
798
844
800
844
812
800
850
836
846
836
790
824
820
808
778
848
846
788
846
794
830
824
774
840
846
856
786
850
844
828
808
828
828
810
798
808
776
818
798
782
828
802
834
788
816
826
792
810
734
730
646
646
682
698
770
872
860
864
842
798
910
792
780
726
676
692
704
708
680
764
798
694
690
680
690
686
656
692
678
714
708
660
702
666
700
682
754
658
770
778
690
744
696
694
710
650
688
672
704
688
688
716
686
694
696
660
684
662
672
654
688
648
690
668
668
696
656
630
652
624
654
628
606
672
640
678
674
634
638
638
602
598
658
646
682
654
642
612
638
654
634
666
628
666
672
660
644
656
652
656
636
640
638
656
644
654
670
670
678
694
690
692
674
702
672
700
678
698
646
654
628
644
642
654
636
654
640
666
646
684
648
698
674
662
684
632
672
664
656
664
628
664
654
660
666
668
686
670
688
658
672
674
674
686
708
758
682
780
692
780
702
702
670
700
684
688
690
668
690
656
684
642
728
668
692
634
704
660
694
680
694
702
782
682
802
698
812
734
812
788
798
804
730
754
726
806
764
768
720
674
662
648
660
652
664
656
684
728
672
752
688
656
698
680
654
710
674
728
706
756
728
702
718
716
750
700
820
742
672
716
668
674
704
680
690
694
654
742
670
710
664
712
682
702
670
676
648
662
676
664
646
640
660
650
616
632
622
624
680
674
670
704
706
714
660
732
686
712
672
674
686
708
682
692
660
678
678
676
848
780
872
786
740
742
706
696
710
678
654
746
700
672
700
722
718
712
708
730
692
710
694
706
698
700
650
682
646
672
642
730
682
674
816
858
722
704
688
684
708
686
700
702
732
696
692
694
816
680
760
706
974
818
844
780
808
804
798
850
808
836
784
800
812
796
806
816
796
816
764
796
792
778
774
776
760
758
768
772
778
762
802
752
802
786
792
784
812
814
818
824
774
800
798
786
794
778
802
780
828
902
960
874
908
882
890
890
860
898
852
896
836
892
816
882
816
884
810
884
856
898
814
830
800
792
854
850
826
858
812
854
850
848
848
856
880
904
906
832
884
876
942
858
876
834
892
852
862
848
798
830
792
870
866
882
864
896
858
884
842
880
874
908
886
928
904
842
906
842
906
876
842
842
852
874
822
794
780
786
772
802
788
838
790
804
778
790
768
744
758
730
744
724
736
736
706
678
678
652
640
650
656
666
658
674
668
660
668
698
700
668
658
704
660
680
630
682
644
672
664
702
700
688
682
676
670
692
670
670
686
722
690
668
698
686
708
700
734
748
804
798
862
874
850
810
852
794
820
782
834
828
842
780
778
748
752
734
746
736
738
702
730
762
716
738
726
728
746
714
742
736
742
722
742
744
724
704
708
692
674
664
646
662
714
690
696
750
694
722
722
686
862
728
732
740
726
934
862
836
784
784
756
740
734
738
724
714
712
734
732
724
724
718
756
718
750
722
772
758
780
760
818
782
816
774
848
812
874
852
880
868
862
864
864
836
874
874
836
778
828
894
872
804
844
832
840
816
868
862
818
780
802
792
758
780
776
810
804
794
854
776
852
796
832
840
792
804
772
770
724
728
738
738
710
742
720
704
748
694
678
686
698
708
924
894
818
768
748
748
684
682
686
720
746
708
690
704
818
798
720
858
782
844
808
888
884
818
808
814
808
776
826
802
844
778
842
814
826
820
848
820
842
814
798
822
798
812
830
810
802
772
804
754
760
772
772
732
756
794
786
782
766
728
746
746
714
732
736
728
732
726
762
732
740
762
742
754
748
766
764
834
788
816
796
764
760
756
728
762
712
740
746
724
736
706
724
740
734
718
714
730
732
744
724
712
716
710
670
642
640
628
612
634
620
666
640
664
644
690
636
664
640
648
654
624
642
616
620
632
640
622
622
606
654
626
642
634
670
630
646
598
628
616
612
626
626
620
612
634
622
618
648
676
844
746
808
808
808
726
698
670
654
680
702
656
716
970
838
752
756
684
716
682
666
660
712
738
682
726
714
694
710
734
966
806
830
760
760
742
774
770
808
774
822
814
886
874
800
832
810
780
772
760
742
758
742
738
746
764
842
882
886
802
828
854
878
852
828
884
776
804
782
822
792
852
802
848
798
870
824
862
794
856
820
838
848
890
834
856
876
842
846
844
786
808
772
770
802
770
786
768
826
840
844
788
810
780
744
770
794
756
772
804
844
880
788
812
856
918
874
812
860
852
808
840
890
924
908
910
858
806
840
576
1004
736
766
784
736
872
932
862
786
778
798
782
778
754
782
796
746
758
758
752
762
720
754
718
742
736
720
696
646
630
658
654
698
654
704
658
688
694
658
676
676
660
678
652
702
658
732
668
700
696
694
646
678
660
666
702
696
676
670
642
644
628
654
632
686
642
680
648
764
702
722
712
652
686
646
674
702
656
678
640
684
664
650
664
684
666
688
654
656
650
662
654
632
652
626
672
672
684
696
760
682
708
708
654
698
674
692
642
654
622
644
636
640
640
640
662
666
636
658
638
630
670
640
666
654
652
634
638
628
602
674
648
628
694
664
674
710
676
724
804
988
884
780
792
780
728
766
786
772
754
792
770
780
780
754
774
738
750
764
750
768
772
744
796
744
798
794
774
792
740
768
796
802
760
790
802
802
768
782
748
770
740
806
736
794
794
810
832
806
830
824
836
772
818
784
822
764
832
796
838
794
820
800
788
762
794
794
740
796
784
818
836
842
828
834
786
810
856
800
822
874
842
852
812
800
848
790
856
802
842
818
800
840
846
782
846
804
840
776
838
816
800
860
808
860
834
838
826
856
840
832
858
792
852
822
898
842
864
868
844
852
772
854
782
834
830
856
838
834
864
830
830
778
842
816
800
852
802
824
784
852
804
826
818
832
834
824
864
820
856
782
818
800
824
836
438
536
422
490
426
408
482
416
438
660
560
502
442
448
632
786
884
462
416
412
414
420
430
1050
918
802
496
822
612
464
512
504
434
482
452
526
980
1132
780
1014
410
1004
964
930
862
862
806
804
784
796
766
758
770
762
756
776
840
772
834
838
784
824
888
878
870
928
884
786
858
902
942
864
802
816
818
806
818
870
858
878
872
814
794
820
854
794
832
862
820
848
848
854
852
836
860
852
862
808
794
830
812
794
850
836
792
858
814
840
862
790
886
886
856
862
864
850
858
876
834
792
844
848
804
844
828
816
836
796
840
806
822
866
870
876
848
784
826
834
792
840
810
824
852
848
850
852
850
802
826
818
782
838
816
812
540
1070
934
806
848
800
816
846
810
834
844
824
794
834
836
804
814
840
794
798
854
826
794
840
798
794
798
794
794
818
800
862
806
822
840
792
816
840
856
824
806
824
850
852
852
790
842
796
798
808
790
800
824
844
830
832
764
784
812
770
780
834
836
834
854
854
862
858
830
814
832
796
792
844
808
806
864
806
838
862
868
864
862
880
858
816
840
820
862
840
820
870
832
852
836
830
862
810
878
830
852
854
846
860
816
842
842
846
854
824
880
798
868
844
860
822
838
862
824
846
820
860
860
816
854
850
836
874
832
870
816
844
856
836
824
868
842
852
816
858
838
840
896
824
870
826
850
854
842
864
852
866
824
866
848
828
858
828
872
834
846
868
830
850
830
832
834
868
818
864
810
868
838
866
852
832
886
812
872
858
866
840
842
866
822
872
878
856
830
822
850
806
876
838
852
856
816
842
840
818
846
828
874
828
818
852
816
844
856
832
854
850
822
862
848
816
888
832
856
832
842
842
834
838
848
856
800
850
816
