1134
1102
1080
1080
1078
1080
1076
1082
1032
1050
1050
1016
1018
1038
1026
1240
1174
1120
1076
1120
1086
1152
1138
1114
1140
1098
1092
1110
1090
1094
1096
1074
1082
1078
1092
1100
1116
1088
1080
1116
1136
1148
1166
1178
1152
1166
1164
1168
1162
1156
1144
1170
1160
1156
1154
1154
1142
1148
1136
1094
1134
1122
1136
1128
1110
1114
1106
1090
1104
1094
1070
1084
1152
1170
1162
1164
1166
1172
1154
1084
1088
1108
1110
1122
1118
1104
1100
1102
1092
1108
1090
1130
1142
1156
1126
1144
1148
1138
1154
1154
1134
1094
1082
1104
1082
1088
1124
1094
1124
1136
1136
1136
1124
1142
1108
1064
1064
1064
1076
1126
1166
1118
1076
1066
1072
1068
1190
1038
1340
1100
1084
1064
1052
1064
1044
1020
1020
982
958
990
964
970
958
966
960
916
958
956
964
968
964
962
954
908
898
924
904
890
1066
982
968
954
926
932
912
898
892
872
882
878
888
872
888
842
876
826
848
838
838
836
838
834
796
816
818
812
820
818
834
830
802
820
828
798
812
814
810
812
822
826
824
820
826
826
810
810
796
806
810
800
804
808
794
798
776
776
782
770
758
746
748
736
736
726
742
734
736
742
736
736
744
736
740
756
760
772
760
768
766
764
762
762
764
756
738
726
732
724
724
730
722
732
732
734
736
744
724
770
776
788
778
780
788
794
810
794
790
802
812
792
800
804
814
818
808
816
824
802
852
864
876
862
878
890
870
860
844
846
856
866
860
874
874
876
884
938
932
928
950
920
860
898
872
866
858
838
828
828
824
830
836
830
852
824
882
914
912
938
966
958
978
978
980
998
1002
1022
996
1000
1022
1006
996
986
988
988
918
984
952
956
948
946
1022
1016
1046
1042
1014
1028
1016
1012
1026
980
1016
928
974
950
942
954
962
944
952
942
950
962
930
958
938
970
960
950
938
906
880
886
872
874
882
858
852
912
958
974
992
992
964
952
940
942
932
930
932
926
942
916
890
888
878
886
878
866
876
874
882
886
894
900
910
906
902
892
898
898
880
872
890
888
902
890
932
924
928
932
920
926
906
908
894
896
926
872
920
886
902
884
888
874
868
846
878
882
820
890
910
920
894
892
918
910
892
898
894
918
860
858
870
874
838
832
832
852
844
864
858
854
884
902
900
880
924
912
876
884
896
864
898
874
918
946
938
938
904
882
874
874
894
890
888
882
872
878
888
850
880
868
870
862
870
872
870
882
874
886
882
880
882
890
880
900
892
896
908
902
900
898
918
916
926
928
890
858
880
860
864
860
862
870
844
828
826
836
826
814
864
862
838
880
876
876
886
898
888
894
898
880
910
904
910
884
872
898
852
866
882
840
852
844
818
808
822
812
824
826
886
894
872
894
882
910
960
962
984
1004
1002
990
1032
1016
962
946
920
900
888
876
860
846
826
848
848
854
842
832
896
916
926
892
910
968
936
956
982
1004
994
984
962
950
936
942
952
946
954
948
942
940
934
890
900
908
870
842
870
870
904
912
944
966
946
966
964
954
888
904
924
878
908
920
924
978
986
944
868
902
892
882
882
884
882
946
922
908
944
920
920
942
908
856
860
862
852
876
874
846
934
918
916
940
940
906
900
892
882
898
874
918
924
938
926
922
916
942
928
934
904
886
860
856
868
866
862
862
878
864
858
856
862
840
870
846
878
848
870
862
856
864
862
866
836
846
806
830
820
822
902
904
918
922
932
928
936
956
934
940
902
922
864
872
884
868
874
882
822
854
858
830
874
856
856
844
848
856
870
882
908
908
902
922
916
882
876
880
872
880
876
882
874
886
894
878
878
882
868
888
856
860
854
850
858
854
856
864
860
856
876
874
860
866
866
858
854
850
844
816
850
830
810
818
778
768
782
766
792
766
814
840
832
854
864
878
860
878
888
886
864
882
886
886
876
852
834
832
832
834
830
830
852
858
828
884
886
902
908
902
926
924
912
888
882
896
858
960
1014
1048
1078
1056
1036
1062
1050
1026
1066
1064
1064
970
974
968
956
968
958
870
946
988
916
934
932
936
902
922
912
910
924
928
1002
998
1018
938
992
934
910
898
908
924
908
916
914
908
892
958
958
966
964
954
974
914
918
914
904
888
896
870
842
852
856
840
916
916
888
926
914
886
878
894
890
902
898
912
916
914
922
916
890
912
900
906
896
916
926
898
950
944
954
970
982
976
982
972
994
958
932
902
900
882
876
886
882
878
846
866
966
976
958
966
990
978
966
960
990
952
936
930
940
942
928
918
956
970
942
958
936
952
942
946
948
942
958
968
936
994
1032
1024
1058
1066
1054
1066
1044
1078
1074
1088
1124
1096
1116
1118
1108
1106
1060
998
946
956
948
920
942
934
934
942
934
928
934
932
916
1002
998
986
1050
1060
1094
1118
1074
1098
1048
1028
1040
1044
1032
1014
1014
964
1002
990
954
976
952
934
944
930
924
872
918
906
884
926
916
924
924
914
938
938
930
940
952
932
928
930
918
924
940
916
916
924
920
924
932
924
924
912
926
930
918
908
914
914
924
870
860
880
894
926
944
932
954
940
936
928
938
932
934
980
968
986
986
972
996
990
988
1008
1002
1016
1002
1004
980
1004
1008
1012
1030
1002
1064
1052
1026
1066
1004
892
980
964
958
968
970
962
964
954
998
994
1002
1020
1006
1000
982
990
986
970
970
946
954
964
946
936
930
912
918
914
934
940
922
968
990
978
982
996
994
980
978
996
1014
1032
1020
1014
1024
1014
1026
1010
1026
1002
1002
990
970
958
956
912
906
900
884
898
878
876
866
858
860
862
868
864
858
822
850
854
840
842
876
872
874
888
886
878
904
906
908
910
910
910
914
908
916
922
924
922
904
924
914
918
930
924
914
942
950
936
942
950
964
1012
1038
1044
1040
1048
1038
1028
1024
1024
1008
1010
986
950
898
936
918
1004
1002
974
992
992
992
1012
992
980
978
978
996
1000
1000
994
980
994
1002
992
988
996
974
972
976
954
958
956
964
956
954
952
934
938
942
944
934
950
970
970
1008
996
982
992
1000
1012
986
982
994
980
994
1008
1004
964
984
960
980
972
964
948
946
962
944
972
946
986
976
972
960
964
972
978
970
952
970
978
966
992
982
934
920
930
922
906
928
924
918
912
912
926
930
926
932
940
938
942
934
956
942
930
932
930
944
1014
1022
992
1002
994
982
980
980
968
996
986
998
988
968
982
962
964
962
960
964
934
948
940
918
892
908
920
912
932
928
944
922
956
970
976
992
990
998
992
1000
1018
988
940
938
922
922
900
894
912
902
920
930
934
928
918
898
888
900
902
906
896
900
916
914
914
932
930
904
956
914
926
924
916
920
926
914
902
936
910
936
944
930
930
928
922
928
926
918
924
932
930
918
930
938
936
946
936
944
946
934
934
938
932
924
916
912
918
922
908
916
918
912
908
908
912
922
972
978
974
974
958
990
978
950
942
938
936
924
924
920
918
924
910
936
922
930
924
934
912
920
906
908
918
934
988
976
1026
1034
1088
1070
1084
1060
1038
994
1004
1006
996
984
960
946
922
904
906
904
896
908
904
894
892
872
894
890
868
910
924
922
906
932
930
930
912
906
926
892
886
876
892
888
872
858
846
864
852
902
920
900
896
896
882
900
888
896
924
938
930
938
958
946
946
938
940
944
942
944
924
928
916
906
912
900
890
880
876
892
874
866
858
848
856
856
830
850
848
852
838
850
854
838
888
902
884
912
914
912
898
896
932
904
972
982
988
970
972
964
950
950
954
940
932
926
932
962
952
942
970
928
920
920
918
918
924
918
916
924
920
920
930
936
934
928
928
938
922
926
916
922
910
908
908
900
894
906
898
904
902
898
910
904
900
910
912
904
926
928
924
928
938
928
926
926
932
930
938
920
932
930
930
934
942
932
932
918
934
940
934
920
944
922
894
916
906
890
902
956
976
928
946
974
966
966
964
926
914
916
898
904
888
888
892
888
882
872
886
870
880
884
890
894
888
870
882
876
874
878
880
882
882
870
876
860
886
850
828
820
810
790
796
804
798
792
790
778
774
752
748
758
746
754
760
756
760
752
758
776
784
768
780
788
766
748
758
746
760
750
760
764
760
762
766
762
772
746
812
790
772
806
778
766
766
766
768
770
768
766
764
770
784
756
804
810
808
812
822
818
802
804
808
812
790
796
814
798
850
848
836
830
828
816
816
814
802
792
782
806
816
840
860
932
892
910
892
844
844
832
826
824
836
818
790
794
802
782
786
782
770
814
810
800
812
814
816
822
816
804
824
838
828
816
806
812
808
794
796
792
782
808
800
796
792
790
780
774
800
784
784
780
770
794
810
808
814
822
832
810
812
836
826
802
814
816
818
810
816
814
812
760
796
766
780
782
758
774
784
772
790
840
832
840
842
846
848
806
796
814
790
790
736
764
766
746
754
760
764
754
750
766
742
734
732
724
714
712
712
708
702
698
700
678
704
678
692
700
700
688
702
686
742
746
752
748
766
760
756
764
780
770
734
728
728
734
736
730
734
746
746
748
750
752
758
758
762
774
782
786
780
778
784
786
786
784
784
786
776
780
776
794
788
784
780
784
772
776
774
786
796
774
808
816
830
848
826
842
876
858
874
874
882
866
878
882
870
880
872
880
864
874
876
860
878
876
876
868
862
886
860
836
842
832
820
820
828
824
818
820
806
820
808
828
836
822
830
842
830
840
840
828
842
826
828
822
816
832
832
832
830
828
836
838
848
846
848
852
852
854
842
834
850
830
834
834
822
838
842
848
840
840
840
852
830
834
834
826
846
846
830
846
808
796
780
806
784
772
816
830
828
808
806
806
812
802
800
816
814
818
814
796
820
810
814
818
816
800
814
814
812
804
800
806
796
784
776
774
798
796
784
782
804
812
822
854
846
856
856
834
866
850
826
804
816
818
808
806
822
814
816
812
808
808
804
808
818
820
816
822
808
800
806
798
780
828
830
814
820
818
814
818
824
818
822
806
806
826
798
860
872
878
854
850
870
816
840
840
832
834
834
800
806
808
800
794
798
788
774
770
774
780
768
784
776
766
804
780
816
826
842
866
876
842
858
846
870
846
830
826
814
826
822
804
812
802
802
784
792
780
776
770
766
756
760
766
766
758
748
758
748
732
776
776
786
790
786
780
798
794
788
788
780
784
806
812
808
808
796
806
816
814
820
816
816
812
814
836
814
788
782
784
786
786
778
772
780
784
776
778
818
834
828
822
844
830
808
802
792
796
794
782
782
772
772
772
760
758
770
746
748
746
754
754
768
768
776
778
780
774
786
764
780
788
784
784
778
782
766
762
766
758
766
762
744
778
758
766
768
770
780
770
786
786
780
782
784
786
798
796
806
796
806
820
814
788
804
804
790
814
810
786
832
822
830
836
816
820
832
828
794
806
786
806
786
796
788
786
804
806
808
822
808
812
812
814
808
816
782
788
806
796
802
792
856
876
890
894
888
878
882
884
828
810
832
812
826
816
822
812
822
820
824
826
826
822
826
820
788
776
772
766
760
760
774
750
756
750
752
762
752
768
764
768
770
780
744
746
760
758
746
770
770
766
772
766
742
748
748
746
746
750
752
748
750
754
764
748
754
758
756
754
754
744
744
746
742
738
744
738
730
712
732
722
714
736
734
734
746
744
750
742
756
754
754
750
762
760
772
774
770
780
780
786
780
798
792
792
792
780
780
788
786
778
782
792
792
788
784
774
778
758
758
762
758
738
754
746
748
736
764
768
776
774
776
774
792
792
796
796
796
802
778
786
766
776
786
782
774
782
782
770
768
780
774
780
792
802
796
798
800
808
800
818
804
806
808
806
814
796
788
766
772
770
772
772
758
764
770
766
766
772
770
774
786
774
776
776
782
774
774
784
776
782
794
764
774
774
770
772
768
776
780
766
760
784
782
780
784
778
780
774
774
776
756
768
742
764
760
750
756
758
758
762
766
774
780
778
776
780
776
778
774
776
772
764
778
762
758
762
756
754
812
814
828
816
824
830
824
818
818
806
812
804
790
798
816
812
804
816
810
800
806
818
802
830
832
846
864
884
892
914
908
924
916
866
868
838
836
842
842
834
826
826
796
770
780
788
788
790
778
840
834
836
842
852
836
824
838
844
828
830
822
818
816
814
806
818
820
818
822
830
846
826
864
842
836
836
830
828
828
832
814
812
818
796
796
808
792
792
796
784
780
778
776
760
762
766
768
762
754
760
758
756
750
754
758
758
756
754
760
756
748
744
760
754
780
764
778
772
762
772
772
798
796
800
818
828
822
810
802
800
800
794
788
790
778
810
788
760
784
760
770
770
772
774
770
748
778
748
766
760
760
756
756
740
726
758
738
726
724
724
712
740
754
760
766
770
780
768
834
788
776
766
780
766
754
776
782
782
772
762
762
770
766
774
760
768
760
758
756
760
766
778
770
782
764
762
760
758
762
770
750
776
764
758
764
742
754
754
742
748
734
720
760
758
748
758
748
752
748
750
760
760
756
758
744
746
738
754
736
758
756
778
768
776
776
784
786
788
802
796
782
788
786
784
790
788
784
792
782
766
790
800
794
798
816
798
782
766
728
756
746
804
804
786
814
824
824
810
822
832
808
822
822
810
820
804
766
760
754
730
732
726
720
722
718
726
722
716
756
758
766
778
770
774
776
754
772
760
764
748
768
756
760
772
770
750
764
756
752
760
760
764
766
758
754
756
770
764
766
752
754
754
758
744
746
738
728
726
718
734
734
748
732
746
752
746
734
736
742
754
758
758
764
772
780
776
770
778
804
804
812
818
822
814
818
818
802
824
804
798
796
780
774
776
770
766
770
772
764
768
754
758
762
750
762
754
760
756
750
736
742
746
744
754
760
770
762
760
760
760
766
766
780
770
780
784
772
760
758
762
768
774
764
762
758
772
766
778
786
806
792
798
794
786
790
794
782
780
772
762
752
750
746
746
742
762
760
748
750
756
758
756
756
756
770
770
758
766
772
752
748
744
756
742
764
750
774
768
776
782
790
784
800
786
786
794
786
790
782
776
780
778
770
770
764
770
756
752
768
756
760
766
776
766
776
768
774
786
790
786
788
794
798
794
802
790
784
796
780
780
790
774
768
758
778
772
768
764
770
756
760
784
780
750
754
752
760
764
760
752
756
758
752
772
772
774
774
772
766
756
758
770
768
782
772
770
784
770
768
774
750
804
790
788
790
776
778
782
776
782
772
788
776
780
784
802
792
804
802
800
812
812
806
818
816
816
834
818
822
820
820
820
822
818
828
808
816
818
798
798
804
790
798
796
794
796
800
790
788
802
804
798
798
796
800
796
796
796
804
804
804
806
810
806
794
794
806
802
798
810
808
798
802
782
790
798
790
780
788
774
764
758
756
762
768
748
796
786
794
792
776
786
792
786
788
792
786
808
790
768
778
760
768
754
730
728
720
712
714
710
692
736
742
736
734
742
738
748
764
772
748
764
766
746
754
758
754
742
786
772
788
774
778
766
776
788
796
786
790
794
794
802
806
814
816
814
808
804
794
794
786
792
782
790
770
766
770
762
752
756
760
746
752
746
742
744
748
740
746
740
742
734
744
756
764
764
758
760
758
748
762
748
760
760
762
764
766
762
768
772
768
780
762
754
748
754
734
744
764
756
756
760
748
744
742
748
750
760
760
764
754
756
744
748
752
760
766
754
764
764
760
750
766
770
770
772
782
778
774
778
776
790
798
790
786
796
786
782
776
776
780
772
764
772
754
756
752
746
748
756
750
740
752
762
756
766
770
778
774
760
756
760
748
746
746
740
752
750
756
736
742
746
742
750
748
760
766
748
752
758
764
770
780
774
788
776
770
770
792
784
788
792
804
794
790
794
804
800
800
794
800
792
794
788
802
810
796
790
804
796
800
802
802
798
800
788
788
782
790
786
778
782
786
770
764
766
772
776
784
790
792
786
784
780
772
778
774
774
774
766
762
784
786
750
752
768
750
760
758
742
754
762
740
732
782
780
788
770
764
760
762
782
774
778
760
752
754
756
754
766
768
774
774
776
772
768
776
780
786
778
774
782
786
774
762
750
752
754
752
740
744
748
744
738
744
758
748
748
748
732
780
778
786
776
782
792
786
780
786
790
790
782
782
794
784
776
784
786
790
780
782
784
786
788
782
784
784
786
784
782
790
774
762
796
780
740
722
732
712
718
720
714
730
734
730
740
736
740
736
754
746
742
750
748
740
730
724
732
734
722
708
758
762
758
750
756
766
776
772
776
780
776
760
772
772
770
788
774
780
772
772
756
766
758
774
756
756
756
760
740
736
742
734
738
736
746
752
748
754
758
760
758
754
760
740
744
734
742
732
744
740
750
752
748
756
760
758
758
772
772
774
776
778
784
784
790
794
798
792
802
786
802
796
790
784
796
784
778
782
782
774
782
768
770
762
776
782
770
774
786
778
770
768
780
776
766
766
768
760
756
764
762
766
772
786
790
792
790
790
776
788
792
798
796
804
802
792
784
790
790
792
790
784
774
774
772
770
776
782
780
778
782
782
776
782
794
802
806
806
816
812
798
804
794
798
804
802
796
788
786
780
800
786
798
766
748
762
750
742
732
744
736
734
732
718
722
726
722
726
708
712
722
714
714
728
710
728
710
702
722
730
736
740
734
748
746
750
748
756
734
740
750
752
748
758
758
754
754
750
748
744
744
748
750
744
744
750
740
740
746
754
748
748
756
752
742
736
748
736
738
750
746
726
728
730
694
718
722
708
736
732
730
734
728
742
728
742
752
744
746
752
752
754
762
762
762
764
768
758
750
768
776
772
772
764
764
764
774
752
758
768
756
748
744
744
714
730
720
724
722
716
740
734
746
748
746
766
732
772
786
796
778
776
768
788
780
758
746
734
750
762
742
784
788
794
804
798
800
820
810
790
782
740
780
776
762
786
756
816
800
802
790
808
752
746
744
718
746
734
726
714
712
734
732
738
746
744
740
756
754
754
768
760
764
772
748
776
758
748
728
720
718
732
706
708
710
702
700
710
704
706
688
732
734
708
710
708
692
696
704
698
682
686
682
674
674
682
682
684
698
686
698
690
680
670
680
686
674
676
680
678
682
688
666
670
666
668
662
668
668
670
672
664
662
656
654
654
648
664
662
678
654
656
666
662
658
546
720
680
668
674
672
670
666
662
648
638
652
642
642
652
636
640
634
644
630
634
644
644
648
652
646
656
648
662
656
650
648
658
666
662
666
662
664
654
656
656
650
656
664
656
658
660
672
650
668
666
652
664
660
668
668
678
662
666
670
666
660
664
670
668
666
686
686
678
682
686
666
662
678
674
656
666
678
678
664
680
674
670
678
678
668
672
678
672
658
664
654
652
658
656
646
646
648
644
638
640
636
626
630
640
632
630
638
636
638
634
634
632
640
646
646
636
640
648
642
640
638
634
638
648
652
638
642
648
634
622
630
618
622
632
640
644
642
660
648
646
656
642
634
640
638
642
636
632
632
620
630
618
606
622
624
620
616
614
616
612
614
612
600
602
616
608
610
616
608
610
610
608
596
608
614
610
610
612
612
610
604
612
602
608
610
604
610
610
612
612
608
620
628
614
616
616
612
622
618
622
616
612
620
616
624
618
608
618
618
616
608
628
608
610
614
602
602
606
602
596
596
600
598
590
594
592
596
594
586
578
592
590
592
598
596
592
598
600
594
588
586
590
588
584
594
588
584
590
586
588
578
576
570
578
582
574
582
584
578
584
588
576
582
582
576
584
582
590
582
578
592
588
578
580
578
578
576
578
574
570
568
578
564
566
570
566
562
560
568
568
566
568
562
568
562
566
562
566
572
564
570
568
564
564
554
558
554
556
552
554
544
552
552
542
550
548
532
552
550
538
536
550
538
542
546
556
548
540
540
544
546
546
544
546
538
552
540
550
548
544
540
540
540
540
532
538
532
534
534
540
534
534
530
534
524
532
538
534
534
528
540
538
536
542
538
536
538
540
536
536
532
526
534
534
524
524
532
532
518
524
528
520
520
516
522
522
518
530
522
528
524
532
530
536
530
538
528
526
528
536
532
532
532
530
530
530
522
524
522
510
518
516
518
508
526
524
516
524
526
518
518
514
514
508
516
514
510
518
512
518
520
518
518
518
508
504
514
510
510
516
522
514
514
516
514
518
510
502
494
512
500
500
512
510
512
502
514
512
500
504
508
498
498
506
508
514
510
520
510
506
522
512
508
510
510
500
506
508
508
506
514
506
502
504
506
504
500
498
500
502
500
518
504
510
504
504
504
508
520
510
502
510
502
508
518
522
508
506
516
512
518
512
514
516
512
510
516
516
514
516
508
506
516
512
502
520
516
512
504
524
516
508
512
510
518
516
516
520
514
522
518
518
518
526
526
522
516
530
526
526
524
532
524
522
526
520
526
518
528
524
520
530
530
528
522
532
524
520
540
540
532
526
536
532
532
532
526
532
526
518
546
540
540
546
542
548
546
540
550
542
542
544
550
550
546
554
542
556
550
552
550
542
544
540
544
548
546
548
550
540
544
548
546
542
536
540
542
542
544
550
548
550
556
556
550
546
548
554
560
568
562
576
588
592
596
594
598
594
594
606
598
594
596
594
600
588
588
594
588
582
584
578
580
576
584
580
584
578
574
580
572
556
580
580
566
584
588
590
592
592
602
602
592
600
600
606
618
624
616
618
620
614
618
612
614
622
626
626
632
638
648
636
650
650
644
640
656
654
648
660
652
656
656
668
668
660
678
682
678
666
672
668
656
652
658
646
656
662
666
644
656
652
654
656
660
654
670
680
502
616
592
476
564
598
556
520
554
470
458
496
476
494
700
638
942
570
478
446
504
522
722
606
522
548
450
498
498
520
506
424
494
466
512
518
494
490
524
562
544
530
558
752
558
500
754
486
434
418
454
598
510
592
550
540
566
492
540
524
512
526
480
434
436
432
528
486
444
428
442
426
432
408
422
430
436
434
428
422
430
434
424
412
418
434
428
428
412
418
414
430
424
428
416
416
424
418
410
414
424
424
422
414
412
400
414
388
414
464
416
418
424
416
432
424
434
430
426
444
424
426
426
426
424
426
432
424
418
416
424
424
424
406
408
426
432
430
420
414
416
434
422
422
418
418
422
426
428
426
424
436
438
436
430
416
442
428
440
434
426
424
418
430
432
420
422
430
416
408
418
422
420
420
426
434
436
414
406
410
414
416
410
416
418
420
414
424
412
402
410
428
416
418
428
404
410
412
410
430
436
420
438
420
434
428
430
420
410
428
432
426
434
438
398
430
440
428
412
422
398
416
416
410
426
424
420
410
422
416
420
408
410
400
416
414
412
418
424
422
424
424
424
424
420
414
406
420
418
424
432
430
424
428
426
430
432
412
410
412
416
424
426
412
412
418
416
422
432
428
430
418
414
404
418
412
420
414
428
416
412
432
410
482
410
416
412
422
402
418
410
428
414
416
426
426
420
446
432
432
442
420
414
410
420
412
426
428
414
408
