488
658
660
658
658
666
676
672
668
682
684
682
686
692
694
694
676
688
688
694
692
692
698
690
694
698
706
698
700
702
700
708
702
706
714
712
714
728
736
730
736
730
726
730
742
744
752
756
760
740
752
742
732
730
736
746
748
740
746
746
742
746
746
742
746
758
760
754
756
746
736
748
746
742
738
742
744
736
738
738
738
738
736
740
744
740
742
732
738
726
730
732
730
734
754
746
758
762
764
764
780
776
772
774
764
756
756
756
758
746
750
746
752
750
750
758
758
764
760
760
760
752
740
750
742
744
754
766
756
758
758
758
750
748
754
768
756
752
750
750
730
742
738
736
746
756
750
748
750
750
746
738
742
742
746
740
734
716
738
732
736
748
740
736
738
740
756
734
748
770
774
784
796
786
790
790
794
774
776
768
758
766
750
758
754
756
772
776
768
772
774
770
772
774
772
770
776
784
776
792
808
816
798
786
780
774
760
772
778
770
778
776
774
780
786
784
796
796
786
786
784
786
772
776
780
784
768
774
780
784
784
790
786
794
784
788
786
778
782
784
782
768
776
774
774
766
766
780
776
776
776
796
782
788
798
794
790
794
794
778
774
766
754
748
750
760
758
758
760
764
774
774
760
768
768
766
756
768
776
774
776
788
786
782
782
780
780
786
772
744
760
754
750
754
762
772
764
772
774
774
758
762
764
764
772
770
762
756
758
762
776
774
786
786
780
774
764
760
750
754
754
762
766
762
758
740
744
746
752
762
756
760
760
760
750
758
750
758
776
790
784
782
764
778
776
774
766
760
766
758
758
762
764
756
762
774
766
772
792
806
804
790
802
796
796
788
790
792
788
774
784
800
806
810
812
808
798
798
808
814
812
824
812
818
828
844
834
832
800
790
796
794
788
776
786
808
804
788
782
786
784
790
802
778
786
790
798
804
796
806
818
810
804
818
842
830
840
852
852
822
824
830
828
840
842
836
832
836
836
840
856
856
866
840
846
852
832
838
836
834
820
830
836
834
850
860
852
838
836
844
850
852
848
830
830
826
830
824
832
844
852
850
848
850
844
822
828
830
806
822
820
820
832
856
842
836
834
834
818
814
824
824
836
830
834
834
812
826
828
830
828
828
844
816
812
824
818
818
820
818
810
808
804
814
820
812
816
816
790
794
800
786
796
810
810
804
812
800
792
802
802
792
798
812
814
808
820
820
820
820
828
822
826
836
822
830
840
844
834
832
844
836
826
834
834
804
786
798
818
842
848
846
816
824
826
822
822
822
828
830
838
824
830
832
850
834
836
832
830
832
804
826
824
820
796
804
804
800
802
810
824
812
814
816
806
798
808
814
822
822
828
804
804
812
812
808
818
828
820
812
820
816
806
810
802
800
794
780
804
816
820
834
828
816
818
814
806
810
812
808
810
810
794
804
820
828
838
840
820
822
818
806
812
816
810
812
816
812
800
810
816
818
816
808
796
792
800
796
798
814
820
806
808
812
810
812
830
834
824
826
820
818
808
808
812
800
810
820
800
812
816
816
814
814
808
800
802
802
806
814
818
818
806
804
804
796
798
790
792
802
806
794
790
794
806
794
796
800
820
814
798
810
806
816
820
814
814
814
828
830
814
820
822
822
814
808
820
832
842
850
810
804
800
800
794
806
806
798
796
804
802
812
800
802
806
796
786
782
774
754
756
760
754
746
742
740
742
740
750
742
740
740
742
732
736
740
744
756
760
762
758
770
762
770
778
772
774
774
754
764
760
758
752
750
766
750
754
758
754
762
768
760
766
770
772
774
778
778
782
790
782
780
792
792
796
788
800
794
772
762
742
750
750
760
752
772
762
744
758
756
758
764
764
782
788
796
794
780
772
784
774
788
798
800
812
826
828
828
822
824
802
816
804
780
776
780
764
784
780
782
786
796
790
786
798
800
794
794
792
786
782
766
778
776
788
788
778
776
768
766
760
764
766
772
766
762
754
750
756
768
770
770
762
764
766
768
770
782
778
778
768
776
764
762
766
764
766
780
786
790
784
768
776
768
752
764
754
760
774
784
782
786
776
780
776
776
780
782
782
780
776
780
772
768
774
778
774
774
774
766
762
766
772
780
774
776
760
756
754
752
754
748
738
746
758
758
754
762
768
756
764
776
784
784
762
572
856
736
756
770
778
776
790
786
796
780
786
796
800
792
794
790
792
796
778
796
802
812
804
816
822
808
810
812
818
814
814
816
810
812
794
804
804
820
806
810
802
804
804
798
784
790
782
788
786
794
798
786
780
784
784
782
796
822
830
818
826
830
836
830
824
832
830
830
820
810
808
794
800
824
802
808
816
798
802
800
792
806
808
798
808
806
804
812
826
826
828
828
822
808
806
812
830
834
824
822
820
822
800
806
804
790
796
800
796
796
794
810
796
800
806
804
802
802
802
810
812
798
806
804
808
810
814
800
808
808
816
804
814
824
816
814
814
814
798
800
776
778
786
792
776
778
782
796
796
800
786
788
794
800
794
802
812
812
802
798
794
798
792
790
794
800
802
820
808
772
774
770
770
778
774
776
774
770
772
772
778
774
786
780
792
792
796
806
798
816
824
818
806
810
804
804
804
810
808
798
796
802
806
814
806
824
836
824
812
798
786
776
768
764
756
768
774
794
808
812
810
814
830
820
828
830
820
836
844
822
828
812
812
810
816
816
814
804
798
786
786
780
766
786
788
792
788
792
800
804
798
812
812
830
810
802
796
792
784
776
764
750
744
738
732
752
792
822
812
822
836
850
824
836
842
842
840
858
870
846
850
854
842
838
832
816
820
818
816
814
816
818
812
816
816
820
810
802
796
788
768
772
778
772
790
802
788
800
798
800
814
830
816
820
804
810
794
796
774
772
756
750
738
738
746
790
804
832
816
834
848
832
842
850
850
844
848
846
848
834
846
842
842
848
856
858
838
838
838
822
836
854
836
818
824
822
798
798
782
768
756
746
732
736
738
758
770
794
802
830
840
842
832
832
814
832
832
842
838
856
866
852
860
862
844
842
850
824
842
848
848
866
862
852
846
862
846
840
840
828
834
834
848
820
822
818
810
812
818
826
826
832
836
824
800
810
810
810
806
778
776
766
746
740
736
734
742
762
774
792
802
812
818
826
830
836
814
818
818
822
822
828
826
840
842
836
838
836
842
836
836
840
842
840
838
838
842
826
826
830
822
822
828
820
820
818
802
798
782
776
768
764
748
750
752
730
746
760
756
778
792
792
788
796
802
806
810
814
824
802
814
812
818
814
820
820
822
800
804
800
796
802
808
808
808
810
810
798
802
804
796
804
808
802
794
802
792
790
794
800
788
784
786
774
780
780
784
782
782
782
776
764
748
744
736
728
728
730
718
728
750
762
770
774
790
778
780
790
806
814
800
802
800
802
798
810
824
814
800
776
752
770
750
748
750
744
742
734
734
722
724
720
724
722
722
724
730
728
732
746
746
748
752
762
764
768
768
766
764
772
758
754
756
758
744
748
752
742
744
746
736
738
740
740
742
738
734
730
742
732
712
724
710
704
704
686
688
692
688
684
684
676
674
678
668
666
672
664
658
664
654
660
648
652
646
644
646
640
638
642
636
640
640
644
644
642
638
638
636
636
638
634
638
634
630
628
618
628
624
624
628
626
634
634
630
632
632
626
628
630
638
650
654
646
654
664
664
660
670
682
686
698
704
702
704
710
702
694
694
694
704
708
702
718
730
722
712
716
716
732
718
722
720
728
724
718
706
718
714
712
708
712
710
712
716
724
734
732
730
710
708
700
704
702
690
700
712
708
692
712
706
714
710
718
732
734
730
732
734
734
748
754
744
750
750
754
756
742
756
752
766
758
752
770
774
746
752
756
752
752
758
760
764
772
782
780
784
786
778
780
780
782
770
776
784
796
786
794
790
772
758
774
766
764
770
760
760
742
754
760
760
760
760
770
760
754
760
766
754
770
782
776
768
782
788
770
772
794
792
806
812
802
796
802
800
788
794
794
794
788
778
762
774
772
770
766
760
758
762
750
766
770
766
780
764
764
778
778
774
772
774
790
788
790
798
788
792
796
790
774
774
778
762
774
778
780
780
782
786
772
764
750
732
758
754
744
734
742
742
740
746
758
758
748
760
758
754
756
754
754
756
730
722
732
720
724
748
748
754
754
752
762
754
748
748
740
744
752
744
746
750
754
760
768
768
786
776
776
780
784
776
774
776
776
780
772
780
764
772
778
792
804
780
784
776
778
780
772
788
800
790
806
820
814
818
840
826
806
826
818
818
828
816
822
826
814
822
826
812
826
846
848
844
846
836
826
836
804
822
820
804
806
792
800
798
802
818
812
834
840
816
800
814
810
806
804
808
800
794
800
810
804
816
814
810
814
804
798
808
824
804
800
794
796
772
786
806
800
814
824
804
802
808
798
798
796
790
778
790
780
778
786
798
782
776
778
776
766
756
768
782
782
794
798
788
786
786
786
796
798
804
822
810
812
828
826
810
818
816
808
808
810
812
792
804
796
794
798
790
802
816
812
822
824
806
800
798
804
806
806
806
792
808
810
788
800
798
794
796
800
812
812
794
794
800
796
806
814
794
798
798
798
808
806
798
792
794
774
788
802
816
802
810
808
800
784
794
770
794
796
802
798
786
792
804
808
806
782
788
782
780
786
812
814
804
806
826
824
826
842
854
840
844
840
824
824
828
836
830
842
848
832
832
836
830
824
830
836
820
826
818
796
818
830
834
826
846
836
822
830
836
828
830
826
824
798
818
828
824
832
828
834
824
830
836
834
844
840
828
828
800
794
796
778
786
786
796
788
784
784
774
784
804
790
802
794
802
818
828
818
826
822
798
796
800
790
804
800
808
804
800
794
794
794
800
800
804
816
810
814
824
816
814
814
806
790
792
800
806
816
834
840
812
804
792
760
786
778
764
762
752
756
748
754
758
772
776
768
762
758
746
754
762
776
772
774
780
782
782
782
780
778
770
778
774
772
756
764
764
768
788
784
784
794
792
788
792
796
776
768
762
746
736
742
748
760
760
780
776
782
780
778
786
786
790
788
782
774
762
760
754
760
760
764
748
752
736
760
762
768
756
766
760
748
758
748
752
766
760
760
760
756
750
746
752
772
786
784
780
790
776
778
782
780
784
784
782
788
778
782
796
798
794
802
798
790
776
756
756
760
760
768
770
754
754
746
738
752
770
770
784
796
800
794
796
798
798
788
770
768
752
756
746
752
760
770
766
782
770
772
762
758
768
798
790
780
776
778
758
770
780
768
762
770
770
790
776
778
788
784
782
784
788
776
778
784
770
782
778
766
774
774
772
766
780
776
772
782
784
790
790
802
822
820
816
812
790
796
800
796
800
810
808
806
808
808
814
806
812
824
806
794
804
802
782
800
820
804
816
808
794
798
814
796
806
806
798
800
798
784
798
810
808
818
830
806
818
820
810
820
830
826
808
822
820
814
820
840
830
826
836
834
816
828
826
810
814
802
796
804
794
820
832
808
822
828
810
822
824
814
816
812
814
806
812
830
830
830
834
828
796
820
828
820
822
830
824
814
810
820
812
812
822
822
806
808
818
822
832
848
836
836
826
798
816
796
810
818
806
810
812
824
832
798
816
812
810
796
802
808
800
812
826
830
808
806
814
812
802
808
814
826
826
814
820
820
806
816
824
828
828
820
822
830
854
836
840
838
832
832
822
822
832
834
828
814
824
822
824
828
828
836
842
840
822
830
830
834
826
832
832
812
820
822
834
820
824
824
806
806
818
810
802
820
822
806
796
796
796
778
790
790
792
784
790
792
788
784
790
806
790
782
788
796
792
792
814
814
806
798
784
774
786
790
786
786
808
812
806
816
830
822
816
808
816
798
804
804
802
810
818
808
822
842
836
848
842
840
838
816
818
818
826
822
830
844
834
836
826
820
822
808
812
804
810
790
808
818
804
808
818
822
794
798
802
794
806
816
810
806
810
806
784
794
802
792
792
794
794
792
792
804
822
816
822
828
830
822
806
790
794
788
774
794
806
814
804
832
840
830
844
834
840
840
836
838
836
838
840
838
838
838
856
846
844
842
854
838
844
846
858
840
844
848
838
836
830
820
826
820
834
808
828
828
822
838
842
826
816
824
834
828
830
844
838
832
838
838
832
848
852
858
866
842
854
862
868
856
846
848
862
852
826
844
854
864
842
862
848
850
854
844
850
862
862
860
842
850
852
842
848
848
848
834
838
840
862
850
836
846
846
838
844
858
858
860
860
838
844
844
834
842
846
828
840
852
844
854
870
858
848
860
854
854
856
872
866
850
856
854
838
848
856
846
840
840
838
824
832
844
842
840
848
842
830
840
850
854
846
854
862
842
844
850
848
838
856
862
844
842
850
846
834
844
838
832
842
848
842
850
862
852
844
850
854
840
848
830
828
836
830
818
824
828
822
820
824
826
802
788
802
790
798
798
802
808
818
828
820
836
840
838
822
834
838
838
840
864
866
848
838
818
826
832
824
834
844
848
836
842
846
844
852
858
834
836
840
826
834
844
856
834
832
844
846
826
838
840
834
830
834
834
830
844
850
836
834
836
842
826
838
842
824
830
812
794
798
806
822
810
826
836
822
826
830
824
826
826
826
808
814
822
822
816
824
842
828
808
826
826
818
826
834
826
826
828
820
820
828
828
832
838
830
822
830
848
832
840
840
844
830
838
856
852
846
854
846
824
836
838
834
838
840
838
814
820
822
808
816
830
818
818
824
816
808
820
844
832
838
840
830
826
840
844
826
834
836
830
818
828
840
834
834
842
836
814
832
832
828
832
840
824
814
824
820
810
818
818
814
808
816
796
776
790
786
780
788
782
786
800
786
794
804
800
786
790
794
800
812
804
810
812
810
796
800
804
806
814
806
810
808
800
808
816
816
800
808
810
802
804
810
810
794
796
800
796
784
786
794
798
788
788
790
788
790
794
796
794
792
790
792
782
788
776
758
768
768
758
768
768
764
746
760
760
762
784
792
798
810
826
824
808
806
802
794
782
796
802
806
816
808
786
786
780
776
774
784
792
790
808
822
828
832
820
820
812
808
792
792
804
802
814
814
818
812
814
818
804
814
828
818
810
820
810
790
794
800
796
790
796
808
792
800
808
802
814
834
818
824
826
812
822
826
840
820
828
816
816
828
838
830
850
848
844
840
846
844
846
826
832
834
832
816
826
830
830
814
814
818
814
814
826
834
820
826
832
826
816
824
824
820
820
822
808
810
812
810
808
820
814
798
808
806
792
802
802
784
786
780
776
766
786
792
790
792
796
792
782
788
784
784
784
776
770
776
774
772
786
808
810
810
822
808
798
802
802
788
798
796
788
794
804
794
810
816
808
810
812
806
798
798
796
796
786
792
792
796
794
794
804
810
798
798
800
800
786
804
812
796
800
798
788
786
770
766
748
730
736
722
716
714
698
714
714
722
716
720
728
738
764
770
792
802
796
806
802
800
782
794
792
794
802
794
796
796
788
788
790
788
790
792
800
786
792
792
796
784
792
790
798
782
784
780
784
786
790
790
774
778
780
778
772
766
756
752
758
768
766
770
770
770
770
774
772
772
782
776
774
774
774
774
784
788
786
796
810
802
800
802
812
806
806
814
824
802
812
812
800
802
822
822
804
818
828
806
814
804
796
802
788
776
764
780
788
798
780
794
796
792
792
802
812
804
812
822
818
824
824
816
820
840
848
842
856
864
858
830
846
836
842
852
852
828
832
842
834
836
836
846
824
816
822
824
812
818
818
814
804
820
832
818
834
838
830
824
832
830
828
832
836
834
832
836
834
828
836
846
830
830
832
820
826
846
834
836
838
830
812
824
832
828
834
838
842
824
834
838
834
848
856
840
850
858
838
856
858
846
850
856
826
836
834
826
836
848
830
836
832
844
858
874
876
856
830
818
820
822
816
828
810
822
822
826
826
820
812
806
796
806
794
786
788
802
832
814
802
816
842
870
890
892
870
848
836
822
832
830
840
838
838
826
822
810
820
824
824
814
808
796
800
788
796
792
784
794
786
776
796
814
828
828
810
818
814
816
812
800
814
832
838
828
832
844
834
852
854
860
854
856
840
820
830
832
854
852
824
830
838
852
866
874
860
840
846
846
844
840
842
850
856
842
850
860
856
838
850
844
842
832
826
826
830
822
826
826
826
828
832
856
870
860
850
854
842
828
810
828
834
832
832
824
828
830
826
828
806
830
840
844
838
840
850
846
826
806
800
794
786
780
790
800
796
786
776
788
790
812
822
840
826
824
830
842
842
842
812
816
806
806
804
802
812
818
822
824
810
804
800
796
810
808
796
798
800
806
812
806
810
814
822
826
820
814
800
786
772
778
776
778
800
812
800
820
830
828
826
810
808
814
816
816
808
804
810
812
818
814
822
832
830
824
802
810
810
812
824
822
818
810
806
810
806
792
812
822
832
822
814
804
790
778
782
796
796
790
782
782
778
786
802
790
792
780
782
784
804
802
814
824
850
844
840
826
832
818
824
810
814
822
834
840
818
824
826
824
812
810
796
790
794
792
782
786
788
788
778
788
790
802
804
798
800
802
792
796
796
792
814
816
808
824
842
850
852
834
818
816
810
802
796
800
800
804
804
812
810
810
824
830
830
820
798
800
782
784
786
808
818
806
804
802
808
798
806
818
818
802
814
824
842
844
838
816
824
816
818
834
828
826
814
816
812
802
796
790
796
810
820
826
824
804
804
814
818
832
834
832
832
828
818
824
826
836
812
826
828
856
844
844
836
830
814
818
808
810
812
824
808
820
830
834
836
828
822
832
830
826
816
814
820
832
832
830
840
840
854
844
844
848
846
846
830
816
820
816
808
816
828
820
812
816
816
816
804
818
832
836
814
824
820
806
816
832
820
798
770
768
758
752
742
748
746
740
740
744
754
742
746
748
746
748
742
740
744
744
756
768
776
772
782
774
782
776
770
758
754
758
762
774
774
780
796
796
778
776
782
786
810
792
790
794
792
788
786
784
778
792
816
822
822
828
810
808
814
808
802
794
786
792
780
800
816
826
824
810
822
836
832
830
836
854
854
848
822
838
834
828
838
852
860
850
850
852
862
856
844
844
854
838
846
846
836
820
824
840
814
824
824
816
804
798
776
780
770
758
768
784
804
792
790
794
784
800
810
824
810
816
826
816
804
816
832
816
820
824
824
824
810
812
818
800
812
810
816
802
814
818
820
802
812
824
822
802
808
810
814
812
822
828
806
814
810
810
802
814
822
810
804
810
818
812
816
826
828
808
816
816
812
806
814
816
808
794
802
802
796
792
802
802
780
780
772
750
752
750
742
744
754
746
758
776
774
788
796
786
812
822
826
802
822
826
828
836
842
852
836
832
836
834
840
854
842
830
832
844
832
836
840
832
818
828
810
820
838
822
818
828
842
824
842
862
842
868
862
840
852
854
844
852
862
854
842
854
866
842
836
846
834
830
840
858
838
830
842
844
824
828
832
830
822
828
836
814
826
828
820
824
838
830
822
832
832
820
828
828
838
820
830
832
830
832
850
842
822
836
840
838
824
834
830
810
816
810
812
836
846
830
852
846
850
836
840
850
838
838
844
840
826
838
842
834
850
868
844
846
852
856
836
842
852
844
842
842
844
836
844
850
858
842
846
850
836
846
846
846
824
828
814
804
818
840
818
844
864
842
844
852
848
844
854
862
852
858
870
860
866
880
872
858
868
870
864
858
864
870
856
860
870
854
860
872
840
854
854
840
852
870
862
850
858
856
836
842
852
842
840
846
858
838
844
858
864
854
848
854
828
834
838
834
828
832
830
820
826
834
822
826
838
836
830
832
836
832
834
842
848
822
838
840
828
832
844
848
832
844
840
822
834
848
834
838
848
834
842
852
832
838
842
836
834
844
852
832
842
842
838
834
840
846
834
844
854
844
834
846
852
842
846
854
846
822
830
834
846
834
838
850
842
822
830
844
840
838
860
864
838
842
834
834
836
854
844
844
856
854
838
848
870
844
846
852
826
834
838
830
834
846
850
836
844
854
840
846
848
854
824
828
820
808
818
826
822
826
846
832
830
834
850
830
844
856
836
840
850
846
834
836
818
790
800
806
812
824
824
826
822
826
824
818
822
830
826
824
822
826
834
838
836
838
840
842
838
836
840
840
840
840
822
806
816
820
826
820
780
798
782
780
784
780
786
786
792
794
794
786
780
764
768
762
750
750
746
742
738
744
742
754
748
754
754
752
768
770
778
772
782
780
784
782
778
780
786
782
768
764
756
746
746
746
740
742
738
730
726
716
704
706
698
694
690
698
710
710
708
710
710
718
722
722
724
722
724
728
732
738
742
744
738
712
728
714
718
728
754
784
788
792
790
782
748
762
750
738
732
738
738
760
654
648
886
434
1194
760
728
704
702
696
692
682
682
684
672
670
668
656
656
646
650
648
648
648
648
646
646
642
642
644
640
632
642
636
642
634
634
630
634
632
632
634
642
638
634
634
632
630
646
658
664
668
678
692
690
708
708
730
734
736
744
734
710
688
708
712
730
750
754
748
752
750
758
754
758
758
748
738
736
718
712
720
732
746
718
732
720
710
710
712
706
708
704
710
724
722
720
714
718
710
716
730
726
724
736
744
726
732
746
760
756
784
428
538
544
586
704
608
558
982
592
510
486
494
740
604
672
806
792
886
602
488
774
508
632
472
678
640
830
566
434
598
578
900
474
494
756
550
770
758
602
482
452
434
782
754
596
456
876
612
544
472
782
590
684
444
696
746
862
466
820
566
852
856
852
972
750
446
786
522
436
614
528
448
440
494
604
594
828
698
824
722
580
978
758
482
414
472
524
646
858
608
524
662
714
670
670
574
674
616
630
730
516
704
872
790
798
678
634
622
996
630
602
770
796
438
570
496
652
726
588
810
812
748
612
812
692
556
820
482
608
672
708
940
754
880
598
688
770
594
496
446
424
432
564
542
820
628
668
552
702
558
710
716
790
744
576
496
746
768
534
782
610
782
646
444
910
832
562
1144
562
818
842
628
520
912
608
706
698
560
658
660
646
572
664
578
552
830
820
650
702
578
664
1072
616
586
648
666
940
664
720
578
570
686
530
538
466
1318
830
500
844
924
928
512
638
516
568
524
544
616
528
814
620
1324
692
652
490
580
948
584
632
562
664
572
1060
538
614
616
646
686
856
688
574
536
748
1066
696
1256
522
646
732
684
666
1086
638
636
774
1000
636
550
928
904
564
634
732
634
678
616
536
516
786
1000
990
674
734
850
732
536
888
920
944
758
874
870
716
488
624
858
778
558
732
544
782
706
678
536
472
514
676
866
612
746
708
662
834
926
518
1070
662
836
662
648
572
790
780
754
742
640
528
516
672
748
1038
804
876
776
794
722
712
726
542
640
842
620
902
630
806
622
938
814
558
488
778
726
630
846
536
518
558
538
512
878
582
622
788
564
614
856
824
554
730
962
628
920
888
562
602
478
682
930
796
584
608
652
716
894
662
578
616
628
526
518
532
638
756
716
540
582
474
516
452
496
560
842
818
522
526
1012
1024
666
752
542
696
874
612
916
706
594
740
1002
630
570
592
734
1012
536
554
1178
674
910
578
860
580
542
742
622
642
486
510
994
858
512
600
1082
728
528
610
844
870
1012
644
686
618
554
774
602
704
838
856
570
972
730
564
694
666
546
584
592
886
530
1034
600
702
604
710
708
766
1016
702
556
796
576
618
614
668
546
786
804
942
600
1028
504
612
816
662
802
536
472
716
798
738
660
740
836
682
538
614
464
680
670
704
490
582
584
934
536
668
1040
1110
870
670
720
982
728
810
734
630
704
566
896
606
742
694
586
896
1062
886
726
612
916
964
632
722
748
760
534
554
982
822
808
622
572
600
880
554
784
666
940
776
802
618
842
686
836
578
504
690
812
760
718
692
596
722
728
602
530
640
1166
598
518
658
558
510
740
688
798
552
722
556
672
788
668
730
872
606
452
676
854
576
924
930
804
1250
690
780
740
590
712
812
964
788
862
894
848
542
650
556
516
800
740
498
716
648
962
520
908
728
672
576
786
762
1146
538
494
1034
836
610
584
712
862
1062
834
1006
676
772
566
518
632
726
720
496
694
550
694
518
742
722
774
702
834
638
656
546
764
626
644
656
1000
740
544
692
710
630
770
566
714
706
1308
580
1022
602
730
536
842
1102
732
602
670
576
516
674
712
704
636
798
520
576
690
594
968
1146
560
686
660
788
788
660
776
552
710
512
764
562
784
792
606
476
784
548
806
768
514
870
948
862
566
636
536
962
810
566
486
694
572
698
936
656
888
700
518
1152
686
822
756
600
634
754
610
546
518
560
698
848
714
892
856
606
536
1054
720
548
584
670
586
684
762
552
508
544
688
716
490
768
528
594
546
582
596
730
610
696
826
498
674
740
864
654
622
882
582
616
892
502
780
646
704
564
648
622
910
616
854
672
768
536
500
716
964
546
766
520
580
616
462
1046
634
694
776
686
562
540
738
834
574
788
980
894
550
646
944
668
602
726
600
538
500
540
664
610
570
546
866
512
556
886
1130
714
728
830
556
822
912
1094
962
968
732
800
666
778
576
608
630
772
586
692
530
628
744
700
906
506
738
790
844
952
634
672
548
534
754
1026
1224
670
512
910
974
596
1104
652
586
914
1098
792
686
702
616
536
588
592
1024
908
928
574
708
534
996
608
976
578
522
794
714
580
868
670
506
726
622
636
598
918
976
550
526
662
790
608
576
850
832
652
568
562
676
612
790
594
528
708
568
692
1156
810
692
566
514
642
618
788
936
546
936
962
810
600
700
704
768
762
622
630
554
760
892
552
886
550
538
612
474
618
508
836
568
578
570
482
468
654
816
1036
620
536
516
578
1036
882
690
520
754
1056
526
948
784
766
586
618
834
942
670
578
682
444
716
1144
650
1012
588
608
652
674
600
566
852
574
546
590
698
558
628
576
964
634
696
740
560
684
554
834
576
608
1094
810
538
632
554
736
922
550
700
858
746
540
978
772
784
768
608
552
728
738
680
974
892
766
850
566
580
634
776
988
684
652
772
882
834
872
918
644
566
614
638
900
704
702
416
460
694
476
594
734
614
582
714
998
560
814
588
562
684
602
538
492
564
552
860
942
1176
608
954
638
1070
726
1086
586
570
758
596
526
632
750
662
584
1162
794
758
604
954
538
890
626
1022
674
538
624
878
816
512
956
544
626
888
882
746
672
614
732
808
672
828
518
670
894
804
620
678
624
804
894
718
1114
986
618
1038
698
738
576
1004
844
992
642
1074
1154
512
1124
824
926
494
730
748
652
626
826
764
596
642
572
590
564
988
674
776
736
670
570
818
722
738
772
528
692
804
668
1130
652
836
1080
836
924
792
1536
784
672
572
504
650
1192
756
710
716
630
560
698
932
864
642
986
914
798
512
558
996
756
570
526
650
638
780
776
600
598
900
518
548
524
522
616
522
522
782
654
712
798
1088
1408
824
960
1028
1022
824
692
578
880
770
868
674
656
498
918
886
752
828
690
1344
824
636
1102
614
638
926
668
560
932
1082
834
442
706
690
622
634
1120
806
908
786
836
802
840
624
710
518
748
706
534
688
532
878
632
930
860
1182
702
598
666
654
1240
676
540
796
756
600
1082
630
650
566
810
766
524
848
1090
954
506
474
804
902
848
564
710
696
640
750
682
1244
776
706
976
678
496
806
1118
608
1010
778
728
568
838
686
552
574
662
554
564
852
822
722
514
566
966
784
662
962
656
712
536
842
718
742
710
560
908
748
760
788
606
596
718
810
702
652
562
728
726
812
636
868
744
658
842
496
480
1568
552
672
704
586
858
662
850
552
908
842
552
798
586
900
940
832
874
594
556
708
1092
588
738
566
640
824
1448
518
1256
754
858
866
594
568
858
794
792
1026
848
588
614
708
668
1204
654
534
638
894
614
682
614
704
912
616
1016
554
558
556
764
802
790
716
804
590
768
866
786
540
934
620
534
674
1014
560
536
628
806
620
804
964
1164
616
888
982
838
806
692
526
836
884
898
896
830
698
680
694
994
628
904
742
846
792
658
486
1040
632
784
774
838
630
804
620
876
656
556
600
606
696
556
580
570
848
702
648
668
510
1212
594
532
856
974
578
542
616
1040
874
970
592
798
554
610
770
628
552
778
684
1060
556
604
648
580
508
972
812
864
776
616
664
732
812
1014
756
720
522
792
916
1080
788
664
714
914
870
942
812
602
814
610
848
664
792
722
994
772
830
1138
650
768
564
648
540
644
752
604
524
606
1084
672
946
624
668
948
836
780
572
540
524
840
960
908
712
734
862
540
812
680
920
750
602
804
888
570
1006
1314
828
1148
996
744
684
756
802
966
834
856
730
890
604
538
660
702
592
780
676
616
634
796
948
1158
648
768
588
1036
820
910
886
718
692
612
674
834
848
1120
1024
1058
804
888
728
1196
648
564
846
980
592
538
1192
606
696
696
898
836
800
780
1084
750
794
614
1014
866
752
976
542
756
770
724
552
774
830
788
1106
668
538
782
582
836
1044
736
982
592
770
568
524
798
826
638
532
840
980
1316
808
640
838
800
544
954
1160
814
876
766
818
788
860
716
820
770
758
716
858
1050
708
534
714
838
480
898
532
606
730
940
1056
980
576
792
646
802
580
786
856
600
818
934
642
1050
530
646
534
814
654
620
526
736
524
750
772
692
832
730
702
854
608
832
538
900
604
722
734
780
612
862
640
772
496
798
756
608
796
702
772
510
530
630
562
522
806
636
802
694
528
658
744
540
466
440
698
458
504
1014
622
526
544
740
928
778
792
628
578
768
754
736
758
748
654
524
642
612
522
592
608
758
560
818
738
820
672
626
592
892
470
556
1032
766
578
814
636
660
916
766
706
470
432
596
500
454
756
626
606
552
522
800
564
484
654
596
612
734
690
652
548
538
612
898
652
528
510
560
440
454
690
916
624
548
754
614
500
580
458
736
730
454
602
674
592
474
470
520
558
484
494
538
480
510
688
550
656
832
716
650
716
566
776
860
558
566
898
618
642
590
636
1004
556
878
576
626
950
772
494
694
650
616
828
714
882
824
678
898
552
476
820
768
728
964
680
802
980
588
758
506
736
726
942
704
454
1300
646
952
526
504
460
904
580
486
708
578
492
786
572
830
778
802
934
528
878
498
536
502
682
576
784
844
586
566
552
880
534
548
490
560
568
760
566
942
704
608
672
676
664
492
844
482
798
742
624
790
616
550
502
740
696
632
622
568
600
832
666
520
672
742
644
996
764
570
638
758
912
638
572
622
900
736
720
768
632
922
632
572
626
986
544
934
608
788
626
632
746
946
500
840
888
638
654
542
938
858
474
562
522
814
582
644
740
582
664
656
720
496
910
852
748
850
598
732
508
460
554
580
622
582
1016
856
536
568
788
658
630
436
574
762
562
550
494
706
786
928
592
718
738
582
940
638
556
796
636
792
974
734
566
568
564
582
722
660
652
534
878
512
630
642
546
530
794
656
578
498
750
754
860
564
888
596
776
728
514
1272
582
620
642
516
600
742
1026
730
582
674
1148
1158
474
618
534
918
608
792
702
898
544
608
644
724
706
564
510
654
706
570
562
620
882
572
642
510
700
722
876
740
616
846
698
1066
724
504
588
616
588
682
786
566
824
672
536
474
1174
540
492
636
714
952
698
960
564
1156
670
922
490
726
490
868
620
624
560
936
772
508
734
828
532
776
610
546
550
916
614
770
634
924
586
704
544
468
674
672
730
710
878
818
752
744
918
582
472
920
558
878
876
1040
614
796
552
854
700
868
758
552
894
650
782
578
1174
618
582
536
782
504
714
654
526
542
582
872
524
848
528
836
788
726
702
928
528
670
1014
500
1214
694
652
674
1010
512
568
818
620
480
1142
534
920
702
598
974
652
604
578
864
794
852
610
918
576
702
946
1124
564
790
536
522
616
748
622
874
882
722
754
538
910
598
814
556
590
864
760
884
710
610
1020
826
832
852
634
976
508
620
530
742
594
550
816
806
872
838
560
954
772
912
510
754
478
594
580
704
538
678
922
922
782
812
548
548
820
698
538
638
724
548
654
1010
518
768
894
556
730
734
772
824
676
602
684
606
854
604
520
794
636
614
574
894
762
1084
552
558
926
534
840
602
764
576
534
754
780
774
534
756
614
650
668
630
572
620
494
764
660
672
870
648
788
650
598
664
654
596
862
542
700
588
680
1032
662
582
748
568
886
568
552
540
824
516
578
510
966
778
640
632
546
592
872
558
632
1056
628
724
592
632
738
574
850
762
552
696
608
818
684
588
526
568
640
868
510
838
556
906
568
532
748
614
546
974
726
942
732
576
852
528
552
610
698
626
468
680
690
616
812
764
542
474
516
510
552
648
648
634
562
714
816
640
628
866
876
634
484
946
976
908
1242
774
988
774
544
670
588
750
704
736
866
616
670
606
714
770
536
676
696
570
918
546
588
820
924
566
652
738
624
534
502
478
712
918
836
676
622
664
856
524
652
764
550
640
684
546
598
770
698
540
512
744
882
772
532
424
706
596
722
612
848
576
720
644
898
704
826
840
710
720
526
548
460
806
766
788
884
1086
640
516
646
630
586
706
694
760
780
968
660
824
560
508
606
792
902
600
602
858
804
800
638
526
828
600
984
584
534
844
846
614
984
698
594
474
696
698
544
618
626
520
516
604
1218
770
654
872
598
590
522
662
596
550
590
618
550
634
650
578
804
584
626
560
560
648
700
848
568
486
674
652
596
806
598
848
506
560
928
614
510
746
638
666
628
570
740
686
1034
552
834
544
742
774
656
552
932
576
496
738
610
694
628
544
680
580
474
536
740
524
550
752
602
494
872
820
552
634
786
580
780
848
728
554
604
786
580
462
660
664
496
554
454
852
660
436
476
534
722
528
638
486
482
468
452
518
646
570
586
458
684
480
594
590
654
632
530
430
600
594
558
744
446
472
832
706
462
676
802
598
408
736
486
640
546
666
450
438
612
674
752
610
772
668
508
628
834
428
506
484
840
538
668
660
828
782
608
602
782
730
618
568
570
664
562
538
1026
778
560
934
576
778
692
588
904
696
518
430
542
662
586
568
508
476
706
798
664
588
528
708
872
748
554
542
634
726
890
670
788
604
618
906
510
776
690
932
718
558
468
552
938
710
612
830
594
612
498
806
766
824
718
780
698
568
524
526
662
1038
720
916
684
804
484
514
702
638
788
630
588
560
518
824
756
672
542
600
616
724
468
514
512
844
684
568
784
1040
670
830
732
794
496
620
726
682
690
742
570
922
680
892
650
740
820
880
572
834
788
794
972
1000
624
754
724
830
726
912
678
642
1324
716
602
972
868
496
600
860
670
1088
500
558
630
830
608
684
624
612
574
874
546
846
704
1014
626
732
828
642
840
994
706
636
702
864
626
460
858
878
588
704
754
680
694
538
548
578
562
464
532
808
730
676
634
726
610
476
656
554
864
666
814
676
584
562
700
746
884
462
694
616
582
944
884
758
678
744
704
498
956
506
1078
882
1194
900
610
586
760
546
702
586
762
736
680
998
780
786
734
604
574
482
860
864
864
674
616
492
544
702
698
572
812
642
700
730
728
714
842
584
562
586
806
710
730
674
706
612
766
806
714
486
514
506
642
494
874
612
530
768
526
866
458
526
670
678
622
608
742
664
742
598
604
680
546
738
516
764
738
500
852
650
500
754
606
980
622
790
950
558
768
494
554
960
576
650
652
522
626
668
816
792
566
710
650
610
794
582
798
606
700
564
666
914
518
516
460
840
564
712
912
424
742
532
544
514
606
570
802
546
724
846
704
466
482
424
604
508
564
526
728
720
522
784
646
692
530
638
484
814
676
518
760
570
778
448
538
604
702
668
570
622
764
588
554
496
484
662
524
536
660
474
552
690
508
726
454
558
728
534
818
512
768
766
612
746
582
602
774
750
544
558
782
696
528
734
722
508
788
600
648
462
770
684
612
736
516
874
656
684
736
652
602
1056
628
1254
592
1122
592
554
572
556
648
932
664
694
650
626
1028
780
558
706
842
496
804
1006
900
792
666
666
906
590
490
726
962
604
664
958
630
554
872
674
830
662
1020
800
890
718
732
644
698
1152
646
694
746
748
688
788
588
550
968
708
832
540
1002
728
576
868
822
666
568
860
560
452
1194
862
624
650
608
518
494
558
670
702
904
746
554
796
674
672
692
538
812
770
614
736
670
560
772
668
598
780
532
858
544
644
654
794
764
932
570
1024
720
782
840
820
708
748
592
496
560
978
606
542
790
692
638
740
510
638
596
526
560
502
552
704
586
576
1174
678
762
756
522
748
606
1020
888
630
876
838
734
742
584
498
740
428
590
628
606
688
566
626
580
730
882
544
716
468
498
626
518
416
424
764
816
708
802
492
628
668
574
726
696
542
744
606
568
806
736
594
714
766
772
644
886
826
1118
724
496
490
738
782
638
498
580
504
568
524
612
666
426
618
570
588
594
574
504
582
572
772
490
594
466
594
688
818
844
734
598
778
610
474
864
688
740
482
540
682
558
716
624
668
548
710
536
470
840
482
552
628
604
760
532
532
734
862
734
544
558
502
512
612
624
472
538
688
766
732
936
682
574
528
570
748
518
516
688
734
636
520
578
784
602
696
916
630
472
624
548
862
636
504
722
540
584
770
696
842
790
780
794
784
680
646
552
740
704
806
472
558
502
674
598
632
568
924
622
576
562
588
968
930
826
1074
616
550
714
470
762
486
652
558
870
762
648
786
458
748
542
520
708
758
674
672
752
898
574
636
766
706
794
574
502
604
466
728
778
498
776
812
1114
584
894
534
816
594
848
672
488
506
568
780
512
684
812
728
724
488
572
576
518
534
766
746
676
698
728
588
534
596
572
580
614
496
634
584
566
600
740
670
554
446
768
602
944
668
662
680
682
620
508
514
606
524
502
510
788
560
618
722
514
710
574
636
632
512
558
644
628
586
552
548
480
512
646
506
714
638
580
622
710
600
714
686
696
506
578
828
654
582
606
520
848
570
516
514
504
530
516
446
464
624
610
520
688
632
534
902
736
602
522
518
492
542
726
556
460
652
570
548
486
846
794
896
504
692
566
664
748
738
522
470
934
814
848
726
540
732
558
460
542
802
576
556
672
470
452
574
644
620
470
528
682
784
514
582
664
562
702
444
522
558
528
858
442
532
474
654
648
582
610
690
506
712
628
542
636
620
1010
530
484
744
852
506
566
506
852
732
456
626
770
638
556
542
560
534
562
714
614
664
592
714
814
476
552
508
438
520
810
578
518
424
824
530
788
668
786
688
756
576
646
750
448
824
804
872
774
408
466
714
528
566
482
524
798
516
500
612
650
622
550
1068
456
598
554
646
512
654
592
586
758
516
478
526
760
500
620
560
498
582
786
908
530
582
658
538
708
586
920
630
556
714
560
714
628
734
918
442
554
514
530
746
456
518
526
704
644
706
572
546
698
606
468
598
558
526
624
502
744
580
776
700
584
628
584
644
486
884
674
700
472
500
936
576
504
520
568
472
574
528
600
550
464
688
518
728
710
774
484
558
458
634
632
810
726
566
768
670
522
436
732
524
572
486
538
592
652
524
806
582
874
790
584
582
490
510
494
640
690
572
416
520
764
530
608
528
532
778
704
522
544
548
456
408
580
610
560
558
606
626
508
546
538
744
468
704
848
686
542
806
596
594
590
828
534
486
646
656
748
578
442
470
496
692
514
638
492
498
492
474
498
656
542
822
666
690
724
572
506
748
936
844
506
676
664
458
500
668
526
508
520
634
532
504
556
634
600
552
602
666
514
570
552
554
724
486
780
532
738
524
762
754
488
452
790
534
598
564
508
688
592
506
830
574
680
464
844
750
488
750
564
670
658
812
864
768
506
1026
474
740
440
638
704
710
788
520
546
512
750
478
560
906
616
448
756
616
734
548
698
722
546
904
606
470
532
998
578
596
454
454
574
842
648
524
534
708
584
478
572
554
766
540
944
768
574
982
466
600
732
612
620
572
662
474
502
828
470
784
712
594
452
580
530
692
686
556
936
570
554
536
830
640
784
706
636
500
540
986
628
498
782
744
510
588
636
710
700
520
594
532
586
378
776
726
448
906
786
522
634
654
598
484
550
832
556
840
694
508
760
668
584
616
462
640
530
560
838
758
460
788
730
698
472
500
788
670
444
506
452
546
548
586
634
482
450
894
580
650
1126
690
526
774
520
596
528
732
510
506
888
576
916
566
546
484
900
700
550
766
558
718
730
588
640
766
764
506
770
854
578
834
678
704
668
518
468
532
912
618
742
722
516
460
616
666
712
562
612
580
634
504
534
478
650
824
718
1134
566
572
638
886
444
466
788
834
594
664
882
610
530
828
630
532
768
506
476
572
612
908
828
884
694
772
804
522
616
520
778
620
636
750
718
560
562
874
564
528
550
640
672
520
502
766
620
818
706
896
976
602
562
770
852
540
702
862
780
622
554
658
786
626
540
660
796
608
660
690
806
506
726
538
596
546
852
974
538
488
782
584
518
786
656
780
516
718
516
694
874
818
620
884
792
812
816
788
790
816
746
572
498
990
710
774
794
810
506
508
720
784
486
502
624
470
622
742
842
528
508
474
674
618
604
610
648
718
734
700
798
754
652
804
502
510
596
784
930
492
582
810
892
522
464
820
606
486
732
574
550
718
778
636
498
928
576
694
736
502
702
666
652
452
798
732
698
526
640
660
674
644
520
738
472
596
534
496
676
564
630
456
518
976
712
516
972
516
718
544
488
562
582
668
634
720
714
858
708
680
646
508
520
754
990
622
594
668
512
732
938
728
520
536
520
686
706
542
850
774
504
554
964
724
1286
438
470
882
600
626
758
684
740
704
742
574
514
714
800
756
816
968
562
676
1074
664
500
410
734
910
936
540
816
740
504
692
568
508
720
826
564
652
484
624
586
698
850
736
590
468
482
728
800
780
600
818
640
530
408
462
738
688
494
544
1228
758
598
680
766
804
652
606
514
618
566
908
596
660
976
732
730
828
552
906
520
532
440
770
702
546
738
552
524
494
460
800
740
606
492
638
814
454
492
532
642
818
786
554
786
602
838
636
626
856
622
586
734
588
670
496
660
848
668
532
818
556
528
470
562
914
660
766
638
670
664
952
764
774
506
750
632
616
676
520
590
842
562
786
776
540
908
1190
536
724
662
812
550
500
818
550
662
716
516
798
744
854
794
986
534
444
570
1526
832
862
626
562
504
834
804
538
526
774
508
720
922
712
716
468
870
788
658
502
844
578
934
596
640
622
758
798
652
852
696
812
506
672
562
510
526
746
524
786
616
554
680
598
802
814
582
668
480
832
660
560
618
548
528
912
582
858
576
536
1094
924
602
786
496
772
656
628
610
538
560
1070
1340
500
510
606
478
756
636
598
484
988
534
548
624
600
600
620
732
638
952
746
762
612
598
686
1198
600
872
692
894
708
580
592
498
1034
1312
472
880
704
666
956
492
592
540
534
896
902
748
894
734
600
558
864
614
692
704
808
484
496
728
730
512
642
580
526
628
854
658
716
920
534
844
546
818
708
732
1064
1042
776
754
724
580
550
570
524
796
754
816
636
678
782
522
872
534
782
732
710
524
816
568
796
756
860
530
532
764
570
778
774
714
512
522
872
576
952
976
814
648
762
518
594
660
556
976
1050
658
728
518
488
634
620
676
486
614
934
822
782
606
666
510
530
624
572
650
934
814
572
710
542
616
532
852
664
760
716
560
494
612
846
574
684
622
938
974
960
970
988
610
798
614
778
874
622
746
748
628
776
1312
776
692
516
830
602
498
926
912
796
528
706
904
644
718
1112
902
832
900
616
564
772
582
626
612
748
746
736
676
636
496
548
1214
812
492
678
588
844
656
886
830
758
470
1026
760
780
770
818
690
942
774
744
774
512
560
788
706
872
826
696
822
532
744
538
522
838
680
650
502
754
782
470
706
532
494
574
694
536
944
1042
654
942
868
1082
732
504
628
782
564
536
616
792
722
860
948
1098
838
524
784
672
538
638
710
714
748
940
632
718
648
822
890
624
618
828
536
668
628
538
930
750
730
552
774
1144
680
996
886
810
632
688
706
712
670
804
746
604
1080
854
908
896
604
726
654
806
782
802
816
820
566
606
824
562
778
914
910
904
770
710
946
648
684
734
792
702
658
974
752
798
490
666
630
902
838
744
602
514
828
800
842
596
842
758
532
586
762
894
778
490
886
856
746
504
756
690
910
594
612
560
522
740
1030
772
572
534
444
568
936
668
836
754
588
590
558
840
654
598
564
604
614
836
886
748
632
742
540
800
834
532
596
832
810
888
696
528
704
640
692
656
506
460
586
556
660
850
920
1024
726
844
800
546
830
882
592
490
618
558
776
632
706
732
594
970
738
856
684
582
844
538
870
620
686
528
504
764
864
638
1088
598
768
750
650
542
466
574
588
708
550
584
512
870
550
748
884
540
834
1174
926
618
1068
788
902
1024
610
492
814
566
828
612
626
866
974
606
864
612
656
770
858
802
782
540
466
754
1092
844
1242
1034
688
690
856
1130
812
476
494
794
698
498
1012
892
790
866
676
506
572
652
530
1006
652
510
560
764
652
688
786
832
1044
764
556
1290
638
526
640
704
816
578
776
766
832
576
572
516
1050
688
534
658
674
666
674
634
524
626
1118
752
974
622
1110
548
684
706
606
784
564
608
944
748
732
596
1074
582
686
492
570
680
712
834
638
924
758
582
1092
862
742
756
912
834
610
806
572
610
866
750
540
564
698
1008
630
772
952
882
556
756
790
728
788
566
708
716
658
596
474
1214
970
644
756
718
874
738
874
666
620
616
862
506
572
516
532
758
728
870
522
698
690
766
772
514
510
756
874
566
556
662
1020
638
558
804
498
744
540
566
924
782
530
438
714
584
762
498
460
714
668
494
720
572
534
548
708
578
496
904
866
888
968
760
758
830
624
718
828
676
1018
840
814
568
598
568
1038
802
550
612
880
942
688
658
562
904
552
588
630
724
562
948
592
942
698
548
608
712
714
792
686
422
662
650
1040
736
768
760
1002
716
820
546
580
568
590
902
812
782
1000
440
618
630
530
750
598
590
866
1216
526
638
740
668
478
840
536
550
592
966
666
560
878
930
558
606
906
558
838
522
892
796
794
906
614
972
514
586
596
604
508
768
476
470
422
820
684
786
678
490
612
790
906
730
844
530
512
1008
620
640
860
534
1086
546
540
644
578
744
616
564
938
744
546
838
794
608
588
510
904
592
530
744
590
546
550
790
794
734
1004
770
520
570
716
852
514
780
564
586
878
514
502
576
982
560
562
660
616
784
740
800
940
780
562
450
720
678
770
492
500
998
502
590
852
770
636
606
608
520
540
732
614
846
926
622
742
1030
544
648
660
442
572
796
570
586
520
410
1426
770
552
822
648
790
668
410
814
664
646
790
470
522
530
478
560
696
646
700
722
918
670
1152
608
420
610
704
1264
1084
1110
692
654
884
514
916
906
648
890
732
840
568
682
636
926
644
768
756
554
830
1100
910
876
912
556
536
632
870
626
514
656
748
662
656
554
626
468
516
512
692
616
734
918
668
576
716
1110
800
982
552
796
558
602
836
814
932
906
680
790
704
994
852
542
632
762
828
718
588
874
1030
990
690
776
580
804
938
636
792
676
744
546
946
780
974
840
726
490
760
776
694
668
502
650
572
730
696
700
796
594
516
834
856
630
848
710
718
688
538
746
828
928
806
772
742
528
586
702
600
730
666
864
686
818
764
730
800
982
920
614
646
886
752
544
664
952
780
1154
680
520
580
622
834
1096
780
756
740
696
968
644
1064
776
972
1098
698
492
636
490
554
1192
756
746
600
852
644
556
974
634
486
544
496
632
878
906
874
600
578
782
726
562
504
1008
520
472
740
816
528
830
710
972
1440
1094
902
552
804
550
848
658
774
692
1080
1022
770
752
628
982
794
838
764
706
764
830
680
920
602
586
888
750
710
1116
778
516
568
460
872
552
600
806
904
832
1026
766
582
702
788
806
526
576
804
568
910
980
722
796
736
520
856
770
934
694
808
782
584
852
484
540
640
788
736
974
994
838
456
812
588
768
1086
710
626
1082
542
914
964
1074
650
1268
544
466
796
884
696
740
690
610
840
742
862
940
646
730
604
538
556
566
742
852
876
786
574
660
656
778
810
514
592
602
854
858
942
942
548
536
678
514
604
682
496
958
784
1146
1222
730
672
760
660
644
550
1028
932
974
1038
960
760
710
508
558
756
646
770
610
1166
658
762
768
848
808
594
516
714
674
998
778
826
608
1006
700
940
974
648
774
624
802
892
1014
974
568
994
576
512
734
580
696
578
758
734
836
862
882
936
584
578
574
832
842
896
628
734
508
1040
1118
644
618
490
984
682
814
766
852
766
502
592
522
742
620
584
882
722
586
756
666
986
784
580
686
722
794
748
662
688
728
594
932
612
626
846
982
576
704
482
1038
1044
908
928
582
592
740
1058
928
714
994
560
918
652
710
666
768
860
838
706
746
608
618
628
760
870
1020
744
534
502
840
656
528
530
606
778
640
688
846
756
934
818
774
868
994
850
948
532
784
582
532
548
734
588
526
522
562
714
942
884
608
952
594
570
860
626
646
584
616
748
530
750
644
630
988
930
762
950
750
648
510
802
532
866
944
778
822
898
762
538
524
602
548
660
796
870
1068
894
644
786
846
844
842
692
616
526
898
720
1370
1062
690
1066
566
540
708
542
522
666
794
626
650
724
1052
744
646
592
1006
766
638
612
592
528
690
636
1060
954
672
794
538
548
692
720
1016
576
1056
498
818
796
538
956
598
914
744
748
984
940
630
890
698
648
854
642
606
838
1012
830
576
638
610
698
980
656
880
622
490
792
822
1246
616
586
774
766
800
1066
592
1266
870
784
702
546
630
710
970
702
606
618
644
582
650
842
848
494
566
776
742
836
576
698
666
682
696
670
616
776
1048
816
766
812
782
694
1282
636
716
910
1018
696
654
540
690
850
578
612
1070
822
702
844
1044
856
800
720
1012
660
854
736
884
810
594
762
818
776
708
868
628
644
528
1022
646
870
680
1002
802
768
664
944
542
676
874
750
1154
1118
1102
518
568
1024
792
718
582
594
918
860
548
726
970
798
568
536
788
1184
736
586
608
636
974
736
1002
764
868
542
604
732
796
678
582
984
838
606
818
794
604
932
574
980
544
472
700
810
700
868
726
874
934
854
1238
564
526
632
844
642
744
630
542
632
848
802
618
876
584
724
574
588
840
826
1154
526
842
868
666
564
532
946
600
846
534
828
928
522
878
752
772
514
518
594
520
548
934
840
720
920
546
554
916
730
528
522
514
624
1108
904
564
780
1036
534
782
590
562
592
522
570
540
548
674
1252
630
516
634
596
920
902
960
664
588
878
916
594
918
784
546
802
868
646
890
602
620
880
798
912
614
828
952
514
782
824
1234
910
860
904
924
892
642
1026
1132
686
576
646
524
762
576
950
698
576
1010
578
584
848
968
778
678
816
674
648
508
546
530
964
634
578
524
760
1020
872
720
716
500
458
828
912
846
588
494
516
590
744
626
942
564
982
990
488
692
892
560
798
752
622
876
660
676
644
536
444
684
644
826
536
612
840
808
830
806
780
700
798
876
1034
832
742
704
816
570
916
638
1112
570
924
928
894
734
946
624
774
744
540
1086
786
588
440
720
780
730
796
592
704
792
888
952
794
852
914
654
784
970
748
570
606
600
648
652
758
802
664
1022
942
502
728
878
606
522
824
682
584
732
686
884
562
760
686
550
782
916
794
548
770
802
522
566
836
992
966
1000
732
914
974
622
616
966
810
704
810
616
578
600
514
850
1316
708
732
568
586
534
896
636
768
736
546
690
740
884
750
714
724
796
518
966
494
806
994
834
620
1108
904
584
762
552
622
744
552
736
758
814
660
512
804
734
952
622
622
606
1106
1040
578
954
550
742
918
550
714
664
1226
1020
1044
692
522
1182
584
882
584
666
768
960
502
506
924
886
948
518
486
516
1200
840
518
652
856
912
794
596
568
642
860
1188
786
596
584
498
750
962
654
780
774
732
762
656
832
702
562
562
692
656
700
732
616
738
618
700
622
1106
674
564
648
800
674
634
832
638
610
916
616
1148
728
518
520
856
628
944
632
800
1410
658
562
796
782
680
590
618
638
736
726
906
572
970
592
812
696
968
706
950
786
632
586
548
538
518
642
1022
1350
520
580
630
762
866
762
724
656
912
632
996
614
896
766
774
812
830
672
724
618
1012
614
614
1002
792
660
884
792
700
486
874
832
782
688
648
580
568
578
494
556
582
822
670
572
490
504
628
532
664
464
704
680
594
552
650
548
528
710
532
834
592
654
1210
510
556
610
594
586
618
550
548
556
1224
616
772
994
846
958
1026
546
790
854
778
846
896
526
536
824
740
712
848
986
480
482
490
734
486
514
626
764
614
440
500
704
760
494
848
638
486
602
492
580
612
604
580
568
594
598
582
1012
618
556
624
898
616
542
502
676
566
566
508
496
826
690
688
674
444
730
554
546
576
560
600
616
538
608
658
824
1004
712
588
498
570
616
1056
532
622
522
554
624
728
690
714
654
534
500
544
496
822
616
810
544
684
652
742
668
750
824
808
808
1014
676
456
860
716
834
970
716
514
514
668
644
490
600
1080
520
490
444
528
762
542
998
660
560
546
632
534
656
780
664
606
614
682
612
656
774
650
656
890
746
612
678
776
496
704
434
708
590
714
1004
462
856
452
722
518
524
702
456
564
582
542
1140
954
666
578
666
820
524
764
800
502
948
524
500
496
732
588
622
938
584
688
686
498
700
628
616
728
844
762
468
504
974
608
686
816
532
710
570
790
852
498
592
540
822
694
740
594
680
502
656
770
558
532
770
794
624
502
620
596
1252
864
544
556
766
714
648
478
940
826
828
764
518
718
480
728
898
688
722
594
562
484
1034
558
756
606
770
598
688
590
718
538
780
752
532
736
864
722
526
770
610
570
506
688
546
648
644
1060
502
544
606
586
752
552
746
560
530
748
600
674
610
610
834
510
714
736
620
690
658
620
800
538
588
528
598
538
544
936
782
540
516
632
810
506
690
684
662
514
658
556
538
690
530
742
474
660
858
528
1094
654
620
482
732
776
614
544
856
634
474
558
806
576
784
616
718
864
538
700
656
748
550
710
572
594
508
560
790
620
654
608
626
490
744
604
812
434
472
668
738
620
724
514
564
486
568
690
542
710
480
518
452
560
756
614
490
734
758
712
764
946
554
768
500
484
786
522
944
742
504
890
660
780
556
468
926
592
542
512
512
632
1022
662
540
548
540
568
638
594
588
646
582
522
484
1074
612
560
546
642
674
804
490
800
492
720
728
794
790
782
448
524
488
740
700
526
724
442
612
624
538
510
636
664
770
684
578
774
486
524
592
850
522
724
690
516
508
526
440
852
474
584
696
558
426
512
694
524
638
668
464
598
466
548
500
628
750
670
748
564
606
520
596
508
566
870
686
814
790
574
726
490
746
656
592
540
570
566
466
1102
898
726
546
538
772
486
408
824
776
1082
652
810
508
866
592
508
572
450
754
530
578
834
568
598
832
842
868
680
532
736
956
554
764
838
522
466
592
616
730
800
642
680
502
718
796
824
614
640
940
854
632
780
952
500
484
856
862
832
522
632
640
540
488
570
516
764
602
480
488
526
632
612
508
868
638
846
512
556
582
562
772
678
460
502
638
738
854
722
774
1100
644
642
464
822
710
754
632
526
908
544
746
606
474
682
1134
716
568
916
1058
822
502
664
472
620
752
502
846
848
498
502
542
662
552
722
582
726
540
658
584
786
814
628
454
448
612
920
450
552
898
632
578
492
858
1084
872
854
614
786
550
574
512
530
598
454
490
854
694
680
734
540
812
710
722
590
494
712
758
506
658
514
686
458
454
520
808
520
842
548
748
528
800
704
666
484
640
642
548
738
640
514
572
602
632
606
432
456
440
598
722
644
720
566
702
456
654
576
844
492
640
530
734
1128
464
544
606
808
732
716
572
752
770
758
536
512
618
498
504
824
480
534
694
514
702
514
730
712
470
660
556
702
536
558
608
754
780
844
624
850
712
864
570
718
610
682
770
522
596
638
550
904
616
614
708
450
630
626
714
774
578
478
836
802
592
570
642
706
602
558
942
616
800
568
656
932
626
546
570
596
518
700
768
746
1120
472
474
770
894
662
760
734
592
554
550
844
520
430
964
752
732
706
482
640
504
1342
620
472
592
582
542
572
730
1096
776
826
696
810
754
648
756
672
806
546
432
696
680
546
648
716
486
746
546
714
738
462
484
674
1038
426
704
724
688
570
754
644
590
810
474
640
666
478
478
932
568
468
518
1010
874
582
1070
528
516
748
600
458
640
818
710
698
636
734
1046
766
612
512
534
594
588
638
740
788
698
626
780
602
718
662
684
732
618
782
482
624
712
786
638
658
572
706
530
690
568
444
450
754
656
708
960
620
708
622
470
690
630
442
676
520
544
646
606
656
656
542
532
982
702
574
806
640
582
494
566
646
646
634
742
562
518
752
592
806
682
742
560
748
1006
594
718
732
626
474
584
536
530
704
780
798
612
646
712
448
494
770
550
768
802
498
526
754
646
780
458
616
550
800
624
518
754
564
622
712
784
782
536
642
582
860
494
692
766
686
628
668
536
926
522
752
570
548
440
572
524
586
500
518
468
818
596
498
546
588
514
730
544
898
756
810
788
488
516
720
676
486
714
642
1004
626
612
572
854
582
554
548
754
598
524
544
1098
884
658
696
508
754
530
452
790
436
570
658
606
674
750
676
638
504
674
970
574
534
506
666
594
524
734
490
766
570
662
898
564
664
520
512
572
568
730
828
802
672
530
800
554
662
694
708
474
794
846
838
716
890
560
858
684
1080
508
454
644
442
476
618
534
620
616
682
566
796
876
562
830
534
652
638
588
892
730
674
612
514
554
620
592
582
532
576
490
708
688
622
778
562
648
670
468
594
596
1164
866
656
594
560
652
810
844
814
590
522
540
584
636
724
788
542
468
578
684
544
590
696
666
660
820
716
468
524
488
554
970
538
746
648
442
684
710
642
682
514
480
726
528
510
654
614
666
630
506
598
696
540
414
478
488
634
534
758
530
542
836
554
506
666
644
694
564
620
768
548
902
534
556
960
518
504
510
918
484
574
560
450
938
732
474
770
848
1008
718
620
486
524
566
630
498
628
896
698
866
714
768
556
550
514
602
544
482
946
864
452
512
560
752
796
600
696
858
648
466
756
628
486
628
626
530
466
470
752
694
482
662
546
696
450
524
714
588
1090
668
722
720
524
820
946
768
708
826
670
456
1138
858
730
814
678
472
534
714
624
618
536
644
570
840
1080
626
634
560
540
550
556
810
506
496
772
482
644
578
680
662
540
580
838
432
712
634
546
506
1188
486
578
714
834
696
544
586
600
526
566
706
792
860
620
814
604
452
780
586
854
638
1086
636
892
540
690
486
506
550
528
932
728
610
540
818
574
480
784
844
752
610
722
758
502
494
670
480
790
678
464
740
1050
604
836
678
826
516
558
1072
500
752
604
758
556
1016
540
572
558
842
582
840
532
860
806
760
754
786
794
930
604
500
468
510
658
710
632
550
568
510
742
824
576
756
908
686
532
682
682
584
676
560
514
562
500
496
748
574
820
550
638
786
576
822
512
536
524
584
842
580
1202
554
680
644
856
678
540
536
658
536
566
708
716
768
586
922
636
558
688
770
516
736
858
538
686
634
528
494
932
490
598
562
860
762
666
534
832
1052
684
772
764
618
512
488
1078
532
710
822
650
566
554
786
552
482
674
754
734
652
524
970
556
674
798
680
592
564
774
808
570
778
650
732
492
588
570
468
1082
628
542
762
558
458
736
552
568
820
512
618
498
616
824
808
582
862
596
530
786
778
754
948
694
546
736
606
628
718
718
562
838
648
704
790
964
530
576
634
502
618
718
742
724
620
952
646
624
738
754
678
584
788
812
750
638
750
498
548
686
802
716
708
610
678
628
624
602
564
632
578
722
492
554
612
724
812
588
804
850
944
650
686
550
526
558
594
808
668
654
808
660
1024
692
518
682
732
670
504
482
542
518
836
614
770
632
610
590
1034
848
678
566
504
664
586
808
522
690
804
680
558
590
1054
554
862
680
600
568
514
540
612
638
806
504
916
770
730
420
520
650
566
530
694
876
1098
536
686
672
628
788
990
556
940
474
678
906
616
852
1014
536
630
678
648
846
712
578
760
934
566
504
430
1434
500
504
744
1082
556
648
660
450
796
922
714
616
526
516
580
634
774
688
524
546
712
896
844
604
478
622
724
532
494
728
576
930
736
548
636
836
514
568
818
702
924
508
532
502
598
484
496
590
802
628
596
474
488
546
660
958
754
526
536
556
584
526
778
956
510
752
792
534
744
818
676
612
676
764
638
758
632
646
810
630
748
594
532
520
514
952
706
758
796
588
534
804
556
490
542
704
936
660
526
518
542
548
558
770
588
616
552
708
478
520
780
598
640
882
596
700
788
708
480
662
518
502
454
634
554
516
660
646
624
808
984
576
626
714
762
576
646
580
556
714
692
500
464
490
572
660
864
540
498
788
722
794
822
452
688
628
564
634
706
486
716
564
664
618
518
606
786
746
740
564
546
1092
518
456
594
554
532
500
634
816
800
698
696
578
496
538
500
714
532
622
736
864
784
496
874
646
768
990
770
630
602
830
642
758
594
822
762
796
550
564
732
992
688
820
608
644
790
788
660
586
634
512
798
524
854
580
598
512
986
590
464
748
524
500
576
796
940
802
796
660
582
794
730
604
530
476
544
626
722
526
562
518
486
558
670
538
494
862
734
816
668
516
630
654
592
778
824
712
468
610
682
668
984
698
546
522
630
624
586
694
654
552
592
674
674
680
632
740
938
788
774
472
734
614
774
552
468
672
504
482
646
794
562
518
470
532
456
478
520
532
636
662
584
642
638
486
728
526
530
634
706
620
626
578
716
744
560
604
494
534
546
542
666
616
680
728
460
604
424
574
682
560
496
516
790
1032
728
544
424
822
568
812
722
548
468
644
648
580
706
666
624
592
562
504
564
626
532
584
496
528
928
570
428
692
526
796
554
450
738
742
600
466
466
1180
558
678
546
718
638
658
584
450
500
490
506
498
502
832
574
592
850
876
680
790
738
800
532
676
812
742
528
492
826
478
496
764
892
934
538
666
720
646
776
756
522
708
564
810
696
756
644
528
534
532
740
730
810
520
650
530
634
628
454
534
948
994
900
664
934
536
620
868
556
848
762
572
482
810
600
542
728
910
814
780
852
522
1100
464
530
906
578
524
748
578
444
532
836
474
554
1240
528
488
814
606
618
500
756
648
640
650
704
622
694
768
762
468
548
612
576
506
602
866
580
926
604
770
806
502
478
630
782
664
520
928
824
704
562
458
518
586
1076
756
566
744
554
728
622
544
888
626
754
752
618
744
676
494
476
552
824
756
516
480
598
754
736
820
582
496
432
518
552
486
462
686
562
626
806
600
882
510
632
676
840
624
944
454
542
580
820
816
566
888
872
608
540
548
508
746
858
608
458
736
664
518
604
604
952
500
636
652
512
844
580
648
646
794
528
726
816
876
690
644
614
594
768
562
672
454
700
670
524
816
628
470
834
638
516
480
592
830
698
886
520
872
574
524
544
516
1020
592
776
886
598
702
536
550
604
474
926
674
614
572
680
756
662
734
708
516
500
680
536
840
798
962
1022
876
936
650
810
632
638
532
820
800
586
512
570
706
544
602
756
634
558
832
830
518
520
584
740
548
938
786
762
650
952
776
792
668
598
450
598
992
572
690
684
596
542
796
1052
836
552
426
724
504
532
840
572
878
616
994
494
780
542
618
542
684
540
774
852
582
772
786
598
710
1178
544
540
814
862
650
628
620
734
594
552
516
956
550
566
532
638
572
944
932
516
822
506
628
684
816
572
856
508
550
926
536
512
518
504
550
844
608
720
594
514
636
846
750
578
556
728
638
534
460
890
680
576
636
488
720
558
516
824
724
710
746
572
544
552
962
678
920
700
806
552
436
720
932
862
520
732
552
690
756
488
1068
566
914
888
688
774
726
588
540
658
838
998
492
460
466
928
654
796
742
964
518
692
700
648
904
696
748
662
542
886
562
752
1026
634
554
632
546
748
692
724
536
976
474
532
682
460
804
768
524
518
596
630
632
598
548
814
942
628
642
608
736
742
698
756
528
508
574
716
512
688
530
568
512
652
494
1346
484
692
550
890
634
674
830
836
838
1078
736
680
574
660
640
622
588
474
680
758
520
562
490
580
568
490
948
654
838
748
564
602
696
1026
588
582
584
436
788
520
456
440
840
648
690
560
728
590
502
538
922
578
592
762
910
566
668
612
858
766
602
586
686
524
540
590
576
694
598
604
554
638
622
746
726
516
874
614
460
506
408
706
582
744
518
696
576
620
670
988
802
840
502
630
862
594
884
678
728
638
886
926
740
708
532
474
438
928
788
534
554
804
788
574
536
694
522
522
752
592
608
744
496
744
760
710
490
784
552
490
534
550
968
478
460
856
522
478
768
590
518
930
586
498
932
674
658
740
808
562
688
434
452
650
514
672
798
720
818
582
496
556
588
512
724
520
810
750
730
516
522
430
574
748
590
472
622
632
508
538
652
518
768
702
696
506
1004
676
712
408
526
462
472
462
464
434
446
440
454
450
454
452
456
462
452
450
452
448
446
450
452
448
446
440
444
444
446
438
436
440
442
448
444
444
450
456
712
624
628
654
776
592
816
652
576
560
684
508
528
668
476
692
612
618
604
824
570
638
692
724
748
766
556
462
794
756
514
768
892
766
572
504
536
642
546
524
564
714
830
614
632
518
624
1076
744
710
466
830
888
632
670
556
762
562
696
520
770
524
756
730
616
608
802
414
752
784
470
670
638
428
750
700
426
530
484
616
794
606
670
464
534
562
462
588
480
606
764
702
674
670
718
700
554
806
752
560
416
696
770
608
778
520
464
556
870
804
694
576
534
454
880
632
698
646
520
700
530
492
674
488
492
786
632
732
616
768
768
526
664
568
444
530
790
460
516
524
714
924
428
504
488
472
446
632
758
556
716
452
408
856
736
568
776
736
674
670
550
644
564
426
842
648
568
728
448
516
394
530
568
408
764
602
448
584
556
838
882
460
802
682
688
710
740
682
652
664
668
824
758
516
620
508
608
602
498
530
636
478
696
574
656
628
804
620
862
582
660
510
574
740
608
838
558
468
566
588
532
548
614
548
836
704
572
572
608
608
818
600
484
724
542
658
682
554
774
682
820
760
546
528
490
538
558
536
600
522
672
744
666
734
540
780
558
748
430
666
600
488
638
482
724
536
510
720
578
418
826
678
558
590
746
622
618
504
602
470
756
640
820
524
476
604
576
824
582
618
684
480
490
824
748
706
612
484
634
566
1000
600
544
556
902
534
524
762
608
758
518
620
554
826
808
568
636
568
922
462
454
472
704
748
572
544
440
536
660
668
570
912
678
802
546
558
720
814
568
484
412
526
540
696
560
588
622
820
540
820
578
566
480
652
654
552
598
574
558
736
448
562
612
542
586
896
552
522
682
580
622
682
594
676
790
808
708
682
718
774
584
546
838
728
448
410
586
616
642
522
846
586
690
574
588
804
552
588
606
626
540
594
476
530
624
502
700
444
556
492
688
638
624
498
576
572
702
758
646
486
822
588
478
488
732
668
486
572
574
596
562
776
788
712
756
656
576
714
478
538
762
624
458
712
986
420
540
684
736
630
752
566
512
764
538
878
612
578
720
512
538
668
938
698
514
478
478
750
582
850
624
604
770
908
484
530
562
782
556
428
650
484
764
486
764
520
876
642
592
460
704
640
654
600
780
1196
498
682
732
572
718
884
620
652
720
560
564
642
706
744
784
812
596
810
532
498
538
636
580
518
844
612
1026
494
644
790
512
670
566
780
766
520
466
558
624
742
570
464
716
582
840
542
882
594
630
688
480
670
428
464
908
570
732
490
726
892
636
566
774
586
524
498
614
574
1116
582
542
578
674
522
520
598
824
836
502
672
806
660
560
746
786
854
856
950
482
570
586
700
756
710
576
706
512
802
478
768
708
538
800
670
684
642
508
744
978
510
694
774
982
494
1188
658
860
794
710
764
720
580
588
526
864
714
552
746
488
832
678
738
678
864
742
822
640
916
608
750
578
514
940
1006
810
776
622
776
772
520
756
1036
584
702
554
856
1088
836
970
512
500
782
870
748
772
548
806
500
590
528
698
576
738
642
486
752
560
730
578
622
546
892
594
814
546
960
560
558
808
544
614
852
804
856
1054
1142
558
852
802
842
676
848
582
776
486
504
900
1234
554
1024
800
618
702
684
760
730
776
1104
626
714
884
528
824
752
668
612
482
510
646
602
926
764
774
696
610
550
728
874
1062
674
464
1338
866
720
932
942
638
798
886
612
892
588
768
912
790
732
556
588
628
1266
776
706
700
906
1044
616
646
658
502
646
770
650
510
588
570
664
760
720
498
1034
838
666
714
814
558
1556
622
644
626
536
686
566
554
840
626
788
882
842
972
580
1170
610
864
748
812
728
996
1016
918
674
1026
746
474
892
802
514
690
830
1058
788
630
594
688
828
582
558
922
626
456
760
836
524
812
606
872
678
514
758
726
574
718
640
652
732
1170
580
698
744
780
758
588
628
526
500
584
794
560
870
648
588
910
556
750
566
632
582
508
586
878
666
736
620
1082
808
1064
568
528
948
802
684
532
708
842
756
962
562
798
942
590
552
800
968
654
658
814
868
626
768
474
514
576
586
844
680
552
810
978
630
764
512
736
618
784
688
644
546
506
550
682
638
764
884
532
976
762
706
702
784
746
540
894
666
638
798
634
770
866
630
876
970
682
594
964
906
736
742
686
526
478
434
1248
798
514
598
812
748
650
652
920
612
530
800
1058
560
894
976
640
560
534
1036
936
528
944
536
838
810
664
700
680
724
760
1016
1262
692
1234
506
808
732
640
710
892
1268
586
1058
572
806
842
524
790
624
746
534
766
628
874
766
1184
1038
786
684
790
722
536
670
890
550
578
1376
782
626
516
688
824
912
660
834
950
854
776
1210
610
770
736
538
726
916
898
882
780
648
698
778
954
848
1386
486
602
760
952
600
1160
836
526
654
778
832
992
778
756
584
552
1002
656
798
1002
588
538
1012
778
598
590
878
950
596
714
542
754
780
716
788
588
836
622
738
596
548
912
688
564
700
634
802
924
640
946
726
646
740
610
1046
814
552
488
1172
998
886
558
1016
540
738
776
874
724
888
504
750
648
844
744
652
822
622
874
598
1014
612
694
774
806
722
810
564
666
556
1238
1014
1054
810
1316
644
924
994
726
1016
538
840
600
834
1176
704
940
530
534
546
1218
558
526
1006
722
854
734
696
532
618
608
634
860
722
662
1086
840
606
874
562
602
1152
592
936
700
798
872
628
738
842
582
714
664
846
596
774
544
544
886
1042
624
568
812
664
704
566
932
622
838
808
780
546
828
708
862
1074
580
824
610
626
886
1126
750
668
776
532
498
820
776
992
904
622
614
726
858
1034
636
586
586
566
516
894
730
666
794
670
750
720
564
498
608
908
512
602
726
556
914
746
510
642
608
526
840
640
726
602
608
834
876
480
638
764
586
964
872
632
856
850
810
660
692
1066
830
556
666
568
1086
662
836
700
978
584
578
792
774
712
538
586
852
748
794
854
736
560
884
724
904
794
574
742
742
840
682
762
802
626
878
1020
682
1186
578
898
928
604
816
634
678
680
1022
752
816
558
730
524
816
600
708
518
702
588
556
704
496
466
776
634
546
864
914
936
592
550
570
544
616
696
864
714
894
560
938
868
724
856
1298
528
914
1106
558
490
826
582
902
552
526
556
940
758
704
642
566
632
576
1032
926
920
692
828
926
550
1100
798
834
672
676
662
698
822
638
928
866
700
932
816
620
510
918
814
922
968
736
736
960
852
660
736
984
674
504
874
936
932
786
530
862
916
668
570
808
644
708
730
572
670
724
622
538
584
984
726
666
650
600
562
700
1042
982
576
694
606
788
574
552
776
528
764
520
756
782
870
770
1160
578
840
858
750
646
592
796
724
802
850
844
634
994
688
940
828
642
606
842
848
718
824
886
668
680
788
786
1034
628
916
804
592
1270
638
548
810
854
592
562
756
600
1056
742
620
886
596
714
728
776
608
790
1212
898
542
542
580
1076
964
1054
556
806
636
732
910
734
834
568
748
936
944
834
650
590
866
726
878
724
706
556
496
896
662
772
570
784
698
908
694
840
692
778
794
874
560
576
612
536
1030
1170
838
852
666
656
540
604
722
758
626
748
798
806
592
748
790
954
560
710
576
728
646
580
950
730
732
880
730
734
616
1284
1066
992
1048
720
544
528
762
728
544
626
812
562
618
850
942
860
580
1030
862
632
564
914
576
524
888
806
746
816
778
600
660
898
594
988
604
518
844
576
902
736
598
1416
912
666
530
534
724
578
842
880
740
768
558
534
678
740
722
622
532
950
600
598
822
632
778
600
880
822
644
1102
572
678
574
600
610
780
806
534
592
654
564
742
800
976
734
964
540
958
518
722
720
594
638
848
694
912
856
736
642
956
858
576
820
790
946
494
888
828
590
546
594
854
646
676
970
568
694
738
534
646
698
548
564
1146
1024
612
914
590
596
714
824
618
942
810
932
630
818
808
550
1566
1030
1022
1012
1010
980
1010
1008
960
966
964
952
902
900
892
866
900
922
956
910
926
926
898
908
920
920
884
916
918
922
926
918
888
898
902
896
906
912
912
888
870
880
884
896
920
898
906
910
916
910
878
888
874
900
924
936
922
904
918
904
912
904
894
918
920
902
914
914
920
912
890
882
862
858
868
880
866
886
914
896
914
922
894
912
916
900
900
916
912
896
908
908
884
900
924
914
932
938
926
916
932
940
922
938
944
920
932
936
914
926
950
924
934
930
912
926
938
918
926
926
900
920
944
920
942
954
934
912
878
870
878
882
890
890
904
892
884
898
906
936
906
942
960
936
916
934
948
924
938
926
946
946
932
932
908
912
916
908
902
904
878
876
880
900
890
928
950
954
956
940
918
912
914
916
918
918
914
888
894
892
902
910
898
922
910
936
952
960
918
938
928
938
948
954
938
928
922
920
884
860
870
878
884
898
926
930
922
956
934
940
934
894
916
886
888
858
864
870
864
866
872
874
888
902
906
914
930
940
940
922
904
890
902
884
894
914
920
894
916
906
880
884
890
894
896
900
916
920
894
908
920
926
894
894
896
886
894
902
880
886
894
896
912
924
898
910
926
896
916
928
924
920
906
874
856
860
852
868
878
894
916
920
908
928
950
962
926
936
896
914
926
912
932
914
912
920
914
914
916
896
884
882
894
910
918
922
890
870
862
860
874
916
902
920
932
920
916
888
904
890
910
914
904
910
912
910
916
912
906
910
924
938
910
928
948
928
930
936
918
922
942
950
