910
606
624
640
600
644
606
618
598
596
624
646
620
618
652
642
626
630
650
656
652
648
624
622
634
674
660
658
658
656
614
658
672
670
654
670
670
724
672
688
732
774
796
784
792
860
760
784
784
716
762
784
798
810
734
830
826
854
810
878
860
798
754
808
758
760
770
778
770
764
742
744
728
714
730
698
736
708
680
654
698
728
748
802
790
758
738
740
756
764
776
826
784
726
760
804
742
760
750
750
822
758
758
730
724
732
714
756
758
842
802
864
850
824
856
830
776
824
816
794
810
792
746
770
758
830
804
794
828
816
766
754
786
760
742
802
764
740
768
804
782
810
772
786
800
804
764
768
780
730
770
818
792
784
820
838
834
830
750
768
716
726
722
732
758
760
766
762
596
894
736
780
782
760
734
728
704
640
726
770
694
732
712
678
716
690
702
680
726
758
736
742
768
746
716
740
768
716
750
752
736
724
736
736
730
752
764
828
814
776
634
1066
738
718
756
784
756
724
700
672
620
668
658
574
634
680
650
632
644
640
644
706
694
700
674
726
728
728
752
792
756
778
776
730
758
716
726
692
714
662
668
694
662
702
708
704
696
706
698
744
724
720
746
800
822
798
792
832
830
880
800
832
946
822
846
794
842
854
816
806
780
770
720
696
702
716
730
734
764
804
784
758
790
770
784
842
798
802
868
826
810
820
884
852
844
844
848
830
778
776
810
816
838
800
808
866
826
874
820
806
794
740
748
788
796
816
818
822
794
764
772
780
794
774
808
816
794
806
788
804
804
764
740
746
740
758
782
798
782
778
782
736
728
752
778
830
846
778
862
868
860
820
798
792
738
746
766
744
750
748
770
782
808
762
742
710
736
742
766
766
796
800
776
694
776
784
800
790
806
810
792
756
784
790
802
764
714
728
710
714
740
744
678
786
818
792
768
680
756
670
704
714
704
728
724
722
798
822
786
844
830
814
826
840
824
858
834
828
796
786
800
796
804
800
800
774
742
760
778
794
784
780
800
768
762
758
720
828
834
826
804
742
758
770
816
842
826
808
770
788
798
812
810
830
838
782
774
756
796
866
836
870
876
848
810
826
832
828
832
812
786
762
746
700
740
692
740
710
638
702
816
758
788
756
768
858
810
812
840
840
788
820
854
812
806
810
812
838
768
808
774
758
756
784
808
830
830
864
842
836
846
844
876
860
820
762
720
714
716
686
874
842
808
936
946
1032
982
880
934
878
944
920
912
888
860
846
890
878
884
858
866
854
794
852
842
790
796
808
766
736
726
738
776
766
844
856
776
852
908
780
832
900
900
876
806
874
810
834
824
830
790
836
932
968
952
940
904
932
922
920
916
962
924
880
896
848
842
856
872
804
772
792
794
752
780
784
732
750
748
708
808
810
796
804
714
734
712
722
726
750
772
766
730
750
800
846
860
898
924
894
842
822
870
846
844
894
886
844
794
834
854
802
828
824
808
814
814
820
768
834
860
788
834
926
864
822
760
866
842
800
816
860
796
762
958
822
812
820
788
802
802
792
798
780
802
846
844
872
922
866
900
934
932
926
924
912
828
806
826
824
824
870
780
862
854
834
834
794
872
830
820
788
786
788
772
752
776
776
786
800
788
788
834
828
868
814
794
762
762
770
762
756
768
764
766
738
752
750
746
748
772
788
788
848
878
826
814
892
826
812
768
848
842
842
780
846
800
844
880
900
888
936
900
844
870
868
848
810
804
736
708
748
782
854
844
894
908
824
838
860
846
846
870
876
866
878
856
918
936
894
910
852
886
868
832
780
844
820
790
764
766
778
792
826
852
852
834
834
848
866
848
844
852
852
838
764
822
812
816
852
846
848
854
812
800
804
818
780
776
872
828
824
822
784
772
752
818
780
826
822
828
782
802
804
824
832
858
836
808
822
808
814
818
774
822
846
786
786
788
782
788
756
774
772
748
746
776
758
788
802
782
736
860
814
818
782
782
832
812
798
780
784
788
788
800
834
842
826
846
850
844
832
808
812
798
806
822
850
818
824
798
818
848
840
826
814
818
778
782
788
802
816
782
720
860
808
804
828
794
812
794
718
722
726
688
676
694
696
698
710
710
688
652
684
674
694
720
696
716
736
674
668
704
724
708
714
710
756
892
836
812
792
820
792
814
776
792
798
782
836
912
870
826
718
796
774
764
752
784
766
730
752
770
782
768
756
766
754
746
744
740
756
790
800
832
840
856
836
782
798
774
770
738
748
774
804
780
800
788
750
748
744
702
772
826
796
814
812
790
830
810
812
818
812
762
752
712
724
744
752
760
766
756
760
742
700
740
776
834
798
822
808
764
756
736
770
740
736
738
706
706
698
752
782
754
782
790
700
758
814
748
746
720
734
774
752
726
726
780
776
720
780
764
766
752
742
752
748
752
766
776
794
798
834
808
818
808
766
736
734
758
782
788
810
818
800
768
756
738
776
774
782
728
804
802
822
812
804
890
840
848
818
794
826
798
798
832
838
822
762
784
830
826
814
842
878
830
764
780
792
802
804
778
736
736
708
708
716
728
720
712
740
752
732
736
826
790
798
732
648
838
874
848
820
848
770
766
776
754
762
744
748
734
742
764
794
788
786
792
758
740
732
744
742
744
750
792
752
760
760
740
754
780
748
764
738
740
702
680
684
746
746
756
776
734
732
738
764
744
772
792
768
728
738
734
766
776
788
822
820
804
728
764
756
762
768
776
774
778
736
724
752
770
698
744
772
744
746
756
720
758
706
730
772
672
674
768
704
730
716
694
722
756
732
688
736
754
710
700
694
704
690
712
724
756
744
754
776
774
744
742
770
740
730
762
772
744
764
762
760
748
768
748
776
728
708
718
716
724
774
754
712
790
768
754
748
726
726
744
756
756
728
696
716
716
720
732
772
768
716
738
746
752
768
766
770
778
766
714
742
758
746
746
752
784
758
750
728
734
736
726
738
732
728
716
644
732
742
734
702
684
722
724
728
682
688
698
712
706
712
706
720
724
686
712
730
742
726
732
744
780
744
736
748
772
748
748
738
722
716
654
690
768
718
732
738
654
724
724
728
730
702
744
726
722
686
692
776
780
758
770
688
760
786
756
760
768
744
750
710
706
704
670
646
694
772
644
730
764
702
688
732
774
722
732
742
716
716
682
702
742
730
728
730
692
690
758
736
778
770
724
786
770
768
728
766
730
722
718
720
778
764
776
800
760
756
726
728
736
716
742
748
740
760
736
778
800
804
848
872
854
848
852
852
846
824
846
842
728
702
760
788
754
778
772
816
792
776
772
714
716
738
752
748
738
730
714
676
668
682
684
718
692
692
714
724
722
678
722
734
726
682
724
744
676
766
736
720
746
756
746
740
874
876
840
796
760
772
782
766
740
822
818
854
848
824
788
772
754
764
728
708
710
712
716
696
684
698
700
690
704
700
692
708
710
706
742
732
750
742
692
732
726
740
770
742
738
722
728
736
710
692
818
794
752
758
696
772
748
778
798
814
786
776
754
736
744
784
786
754
782
772
730
704
740
772
776
776
762
760
770
742
780
780
806
772
774
786
786
742
748
790
760
812
824
766
730
902
798
804
798
836
858
830
842
876
820
840
802
818
814
858
852
900
860
840
830
852
838
844
862
874
848
840
842
868
868
886
870
852
784
762
768
790
838
836
794
744
850
794
832
834
764
746
766
804
778
800
844
796
786
784
788
762
746
734
738
748
748
726
724
744
760
780
756
770
808
752
780
758
738
798
792
802
820
808
842
796
778
850
800
802
758
824
796
820
796
828
832
814
830
870
846
866
908
866
878
868
866
886
914
882
842
878
866
830
854
872
848
814
846
864
836
840
848
816
770
800
788
802
832
804
812
792
792
776
752
770
856
930
912
880
844
876
792
838
920
848
814
828
792
742
760
708
730
732
724
748
812
782
868
796
760
908
838
886
820
842
842
810
848
820
826
816
822
870
928
874
872
804
830
818
804
826
828
850
892
822
830
824
874
894
808
858
844
802
764
766
798
784
810
780
722
774
768
754
778
730
776
772
742
706
690
726
718
704
720
410
1044
724
712
770
800
822
862
878
852
794
830
834
830
850
834
868
846
828
822
852
850
832
812
808
812
810
786
738
746
894
796
816
828
816
820
824
814
836
796
800
818
822
810
806
788
840
814
816
822
840
818
814
816
848
826
810
768
790
828
794
776
804
808
790
792
792
806
778
776
786
734
782
824
826
794
708
774
758
780
782
816
850
812
770
820
790
788
812
806
802
786
728
772
776
806
842
808
808
806
802
804
824
908
842
848
830
830
808
792
818
804
806
792
740
834
872
888
894
862
828
820
822
844
874
864
858
868
812
844
840
826
846
866
828
790
780
870
876
822
868
850
808
786
840
818
806
782
802
732
754
824
800
796
780
770
780
776
738
758
770
734
704
724
696
710
700
684
676
692
630
680
710
722
744
748
744
724
726
726
744
742
752
806
778
812
778
826
788
888
834
848
850
878
850
830
798
794
760
750
766
742
804
804
822
886
878
880
894
870
822
856
810
814
778
818
812
814
774
800
834
866
798
812
826
790
796
864
816
762
898
806
822
782
832
818
808
800
816
806
798
814
820
806
786
816
800
784
806
822
812
820
814
842
842
872
842
832
854
842
790
802
836
802
780
762
774
780
776
818
824
748
858
846
812
784
746
818
788
850
776
810
780
796
816
830
814
832
844
828
750
808
828
852
798
828
820
806
772
798
756
806
844
802
792
808
820
816
814
822
812
796
802
776
788
856
810
872
800
792
762
798
784
832
810
744
774
726
740
800
802
820
874
850
820
786
836
840
760
750
752
756
764
776
822
870
834
872
856
836
846
856
848
806
798
744
678
740
802
836
828
760
862
866
832
816
896
880
850
794
816
842
878
872
860
908
890
848
826
886
886
866
876
864
836
788
846
872
856
870
820
802
768
798
756
782
790
708
740
854
784
822
724
738
758
820
758
778
806
824
792
810
868
802
818
826
832
852
778
826
800
758
772
824
874
830
822
786
790
772
746
776
796
832
792
770
788
824
884
884
780
848
828
786
798
782
872
864
882
860
866
850
854
898
888
856
770
756
756
772
850
840
806
794
778
756
766
780
780
740
772
782
738
720
746
750
776
774
796
774
718
744
750
676
736
886
804
824
734
804
824
812
802
866
840
784
826
834
860
808
834
792
784
822
808
832
824
836
850
858
832
810
836
810
848
834
840
832
792
798
804
796
842
792
756
754
776
748
784
812
854
822
854
876
884
874
806
810
842
852
878
842
816
834
850
880
880
906
890
844
826
828
842
840
884
840
806
808
826
778
788
818
788
674
848
800
802
742
734
840
802
770
746
814
794
728
796
788
760
770
792
826
814
802
774
770
758
778
812
824
834
846
836
836
826
856
868
878
878
892
846
868
840
818
794
794
828
840
772
758
744
762
798
856
812
834
858
854
854
902
898
894
856
848
858
804
834
866
848
846
844
834
820
822
896
862
866
798
854
836
824
852
838
800
820
740
732
646
800
830
786
802
762
834
832
846
792
872
852
836
820
850
832
814
884
880
876
876
834
820
812
786
738
742
764
754
772
844
888
746
802
836
850
828
844
842
772
774
728
820
792
790
852
780
842
842
822
786
820
800
724
772
766
822
814
772
882
866
864
838
816
786
802
820
902
850
846
822
872
872
858
886
898
884
820
862
818
830
876
798
822
882
838
840
722
804
786
764
816
804
688
868
808
842
844
832
804
834
826
758
700
764
798
828
894
840
844
856
842
818
792
746
838
830
806
732
742
760
788
786
784
738
754
750
796
796
836
824
790
814
756
800
824
848
820
784
714
768
794
750
768
754
788
794
836
862
920
860
908
804
848
828
828
838
856
824
844
894
840
746
758
742
714
720
732
706
654
674
676
688
666
638
644
668
652
654
672
658
774
750
714
730
708
698
696
676
682
668
786
758
714
748
730
714
744
718
738
734
732
724
718
736
722
708
724
714
696
704
702
700
716
700
716
704
702
704
710
710
690
702
700
696
676
686
672
636
654
746
696
682
700
638
668
672
668
698
700
696
680
658
658
670
702
728
766
756
744
744
700
708
710
716
730
736
734
710
724
696
680
668
680
692
708
700
728
718
716
696
634
662
676
686
678
694
672
604
692
702
656
672
676
670
678
674
674
684
682
710
682
646
678
710
696
698
704
716
720
694
708
706
702
718
726
726
710
716
716
734
720
734
722
724
714
690
726
736
722
730
708
648
686
716
668
702
706
744
722
758
722
736
730
762
780
804
784
780
790
808
804
802
832
792
772
770
754
754
766
800
764
726
750
742
706
686
706
716
712
700
696
688
684
674
682
702
686
654
682
728
708
730
690
688
718
698
712
702
772
746
716
754
772
764
730
766
760
734
724
738
746
748
654
724
728
726
722
692
726
748
700
696
684
694
686
668
664
682
672
666
670
672
632
704
732
720
744
710
650
712
698
714
696
694
730
694
674
652
674
664
680
696
688
720
690
644
628
632
656
682
686
682
694
716
650
626
658
652
674
690
672
678
684
676
650
644
656
690
666
670
672
686
666
600
714
714
686
704
692
664
716
702
694
682
698
716
650
652
682
696
684
684
692
712
696
686
692
686
688
672
664
676
702
714
690
688
650
640
648
702
718
694
700
702
710
678
670
676
720
700
714
690
686
678
752
732
724
742
712
684
724
716
746
690
714
710
714
724
744
778
778
764
770
790
784
802
800
814
846
786
740
746
764
716
738
750
748
716
678
722
724
752
750
744
786
752
704
708
726
682
714
766
740
726
714
680
758
750
736
770
764
736
700
730
738
742
710
732
722
704
686
680
720
720
710
716
718
672
740
702
696
692
688
732
700
652
706
716
712
708
702
714
686
658
686
646
744
712
698
720
682
640
680
686
696
674
690
702
688
696
694
694
694
710
714
704
710
710
688
682
704
676
674
692
688
696
690
666
668
698
724
696
692
734
708
716
664
672
662
674
688
692
706
680
644
710
696
680
704
712
726
724
744
732
718
734
724
708
740
744
722
714
736
742
718
730
732
734
734
734
734
744
752
722
716
688
660
742
724
732
698
704
712
718
698
680
668
692
684
674
686
690
664
730
732
662
696
690
698
746
708
716
708
716
738
746
742
770
790
754
722
760
744
742
750
752
744
738
734
738
722
724
728
708
722
736
720
730
698
718
708
734
720
702
712
734
726
716
722
670
670
760
730
724
762
710
744
706
748
738
736
746
756
736
754
748
740
748
748
752
738
738
738
740
728
732
744
744
740
752
766
754
752
760
764
712
744
682
732
734
740
760
740
740
714
828
852
796
796
704
772
788
796
778
772
746
728
716
730
668
678
660
696
712
736
714
732
720
744
724
706
718
692
696
698
718
782
798
784
766
722
740
726
724
712
714
716
774
798
818
766
732
836
798
774
764
702
764
766
782
774
782
744
720
748
722
728
740
758
754
748
726
716
694
700
702
700
692
664
672
678
714
752
768
806
824
820
786
778
780
762
772
750
790
750
686
800
740
736
756
688
726
722
710
718
740
766
752
734
744
760
764
774
784
800
772
768
766
782
780
818
834
760
814
814
788
798
782
794
790
830
812
716
776
792
746
770
746
742
770
752
742
676
712
706
698
704
706
702
694
698
698
698
698
726
734
722
686
694
696
702
728
762
762
760
782
768
798
784
780
796
770
754
708
704
722
728
694
728
772
752
746
672
672
730
688
700
672
676
694
686
680
736
716
710
762
760
764
778
778
788
748
758
766
748
754
728
732
740
734
784
770
768
744
694
706
718
714
718
696
804
840
790
810
814
822
870
856
864
782
758
748
780
770
784
786
774
758
684
718
738
784
816
820
808
794
808
768
814
834
802
790
808
692
764
814
778
798
770
802
794
748
794
740
770
788
778
790
798
798
822
850
790
798
762
750
724
746
764
756
732
750
718
718
736
732
744
734
730
702
716
688
696
700
720
686
642
742
716
742
770
724
730
764
750
722
720
768
754
746
760
804
782
760
782
770
776
788
790
786
790
758
744
770
762
790
814
802
802
786
766
774
794
798
812
780
754
746
830
792
832
862
788
750
748
728
784
768
796
798
834
838
810
848
838
810
798
796
780
786
790
824
844
822
786
800
802
790
762
748
722
816
748
810
832
762
796
768
730
762
768
712
800
864
810
788
734
868
852
890
856
820
820
810
812
768
790
726
766
778
816
812
838
830
814
806
816
802
796
814
788
824
794
792
796
752
822
808
782
828
844
804
800
836
794
788
824
848
826
834
856
846
790
800
806
792
760
738
752
752
760
778
760
696
806
812
778
770
716
762
710
718
704
698
714
738
716
706
780
784
764
800
788
760
750
742
746
752
754
738
760
744
734
822
796
862
866
840
762
756
772
760
752
758
704
774
828
804
842
796
832
888
836
788
830
826
808
774
784
754
800
786
806
802
782
784
808
828
806
808
794
806
808
768
756
794
778
764
766
756
804
788
774
834
796
800
810
754
732
808
762
766
776
710
832
784
832
834
834
784
752
776
786
808
778
802
802
794
806
822
848
836
840
830
836
840
788
780
840
832
794
792
752
794
764
744
786
772
774
846
826
872
862
866
908
882
868
826
848
824
830
836
870
822
842
846
846
792
778
778
756
726
698
870
908
826
874
820
826
846
820
814
778
742
734
710
808
830
768
784
834
838
804
806
838
798
796
806
782
782
784
782
736
844
812
822
808
796
830
854
828
836
818
794
800
826
820
794
794
784
806
786
750
816
796
752
750
722
776
774
902
838
794
864
840
836
814
850
836
802
844
824
800
812
826
846
812
778
816
796
772
806
826
802
814
846
792
770
760
754
790
834
870
852
802
774
808
866
860
802
806
792
744
764
758
744
786
800
828
832
828
808
854
884
842
814
820
824
794
772
816
796
792
786
820
782
762
790
762
720
754
808
740
730
764
792
722
724
722
724
680
672
682
694
656
716
716
656
680
684
708
746
754
722
738
712
716
838
842
832
834
798
800
838
818
846
842
806
800
802
826
792
848
816
804
828
838
826
830
820
814
788
730
692
766
832
758
782
756
734
756
764
768
882
860
818
818
784
766
780
800
780
786
780
780
762
764
774
790
758
798
764
750
752
746
774
746
744
740
732
760
758
768
764
734
728
738
712
650
790
746
742
734
714
738
732
692
714
716
770
752
740
752
704
680
712
732
766
768
702
750
760
818
810
840
822
834
812
832
812
794
810
774
758
754
758
754
728
776
806
732
770
752
750
772
782
750
750
762
756
746
752
784
780
788
826
780
784
804
796
826
802
810
812
792
796
814
832
786
802
808
796
804
804
798
778
788
790
784
796
784
724
810
784
728
780
714
740
780
752
758
692
720
752
732
786
800
792
832
828
804
814
814
838
822
842
816
782
754
784
768
826
806
856
798
836
798
830
786
806
812
800
786
806
762
744
848
798
798
734
720
774
762
752
724
740
740
734
732
766
810
796
868
892
894
874
884
882
816
798
812
796
754
766
774
732
746
786
794
802
822
788
828
818
802
812
852
804
782
878
880
820
820
838
824
828
802
818
814
794
776
682
960
928
922
888
864
784
762
802
854
832
828
838
836
782
772
786
786
754
814
836
816
824
806
816
798
806
782
702
760
764
730
750
716
764
790
794
770
778
834
810
778
792
798
790
736
762
764
756
792
810
820
814
870
890
892
872
854
850
866
856
860
838
804
830
774
802
818
852
850
788
812
880
852
852
858
854
856
882
862
884
894
874
914
898
892
878
886
870
866
864
872
904
876
888
840
872
874
872
902
876
794
832
824
826
816
814
818
800
804
782
676
772
764
740
792
734
816
810
780
810
852
874
856
910
922
940
962
954
950
920
912
900
908
914
880
888
912
914
882
874
808
804
794
776
762
772
774
790
810
834
988
908
926
856
940
936
964
946
950
862
818
810
802
818
854
844
854
840
832
878
874
918
898
912
916
980
928
954
868
852
830
868
886
882
904
870
858
990
892
880
920
900
894
904
946
854
860
850
868
854
848
858
856
862
908
958
942
954
900
866
848
834
830
864
870
916
780
866
904
948
932
892
872
892
848
914
900
972
972
972
972
948
938
930
936
850
820
872
896
944
942
960
974
954
956
956
944
942
904
874
830
894
908
888
884
864
886
892
932
856
886
944
878
892
868
926
850
818
818
780
768
776
830
824
848
902
922
906
916
916
912
918
876
858
892
966
968
900
956
862
882
882
870
858
870
864
876
902
892
936
984
932
914
880
912
938
936
972
958
962
934
910
906
898
856
850
850
860
896
932
976
964
974
908
938
936
908
880
866
846
850
810
816
828
868
892
858
886
996
924
936
958
994
1014
1012
1008
960
920
916
920
956
1016
1032
1000
1000
976
1028
1034
1054
1016
880
868
870
846
778
802
776
784
704
716
730
794
756
820
760
760
870
800
806
446
954
504
938
466
864
466
858
492
854
538
512
948
972
444
946
464
938
468
504
412
408
394
424
406
716
450
514
412
460
408
380
428
472
552
532
408
382
596
562
688
686
408
444
518
512
446
330
476
450
642
504
412
390
412
398
400
402
402
436
452
412
408
408
410
390
404
388
402
418
422
416
424
416
408
412
408
400
408
404
398
406
400
400
398
394
394
386
396
388
396
400
382
388
394
384
386
390
394
394
390
388
384
382
390
374
374
368
390
366
370
390
652
470
682
456
430
518
430
672
408
408
654
430
408
704
414
656
446
692
444
362
368
376
374
366
400
352
330
360
370
390
534
424
398
650
416
370
366
392
380
396
666
410
576
748
480
682
410
410
384
420
448
406
574
458
394
426
392
410
416
592
460
652
488
606
460
412
378
390
394
386
388
386
384
394
388
382
384
378
386
378
602
514
502
638
628
856
384
524
558
480
478
616
762
626
664
606
550
596
804
1022
640
442
564
568
602
668
614
636
574
1056
826
596
552
1032
826
684
868
546
492
620
500
694
720
628
470
630
966
660
644
822
748
676
548
638
702
576
652
506
640
600
624
490
416
454
398
506
688
652
582
506
620
520
540
564
642
708
552
814
558
504
440
534
396
510
678
762
614
572
536
562
418
408
654
496
610
1176
982
944
1002
994
952
936
984
976
944
874
926
886
902
846
880
858
822
852
816
796
824
748
702
800
752
766
822
752
840
810
806
854
952
944
950
932
872
872
906
932
908
910
894
876
866
874
936
934
934
924
892
906
900
916
890
924
906
852
842
860
856
780
926
870
800
774
760
786
776
852
898
904
884
948
908
906
928
954
932
928
992
926
910
910
928
974
928
942
938
910
830
860
876
878
842
898
902
880
894
864
846
920
890
894
836
908
866
922
884
910
850
866
884
858
888
900
912
866
848
876
858
792
870
854
824
816
846
880
884
934
898
904
894
904
900
894
910
926
902
838
970
948
932
890
928
940
928
916
928
934
924
904
968
936
888
886
890
888
912
940
946
880
870
832
796
792
796
806
812
866
802
832
794
914
902
882
898
840
806
922
862
846
834
880
922
884
944
982
930
952
906
928
846
896
880
858
860
864
888
836
860
870
896
892
906
894
898
850
868
864
882
870
858
826
800
798
786
728
774
816
834
832
846
944
952
944
936
946
932
938
914
908
906
886
894
886
886
864
858
882
894
912
914
894
878
898
828
856
908
888
866
860
868
852
824
858
800
886
848
800
728
712
826
842
840
826
836
812
794
816
864
852
882
896
890
888
914
912
918
906
838
854
840
814
808
798
802
770
762
768
792
786
778
848
808
794
828
830
822
900
864
874
842
908
924
906
934
974
936
910
884
856
806
796
816
794
826
810
810
906
948
974
980
958
956
968
1000
930
896
856
800
786
808
800
788
768
808
788
928
922
