1166
1056
994
980
962
988
980
968
1034
1034
1030
1040
1034
1030
1030
1036
1026
1016
1020
1008
1004
1008
998
1006
1014
1018
1028
1008
1032
920
970
964
998
1000
996
1032
1042
1062
1082
1056
1058
1044
1056
1048
1038
1036
1060
1026
1046
1014
1026
1018
1048
1030
1014
1034
1024
1016
1012
1000
1010
1024
1022
1032
1040
1034
1054
1062
1040
1040
1066
1018
1012
1032
1014
1008
986
990
990
958
948
944
996
1012
978
1010
908
944
954
976
994
1000
1000
1034
1058
1044
1056
1062
1042
1044
1038
1042
1060
1058
1064
1032
1062
1052
1002
1002
992
982
976
998
1000
984
1032
1040
1036
1046
1046
1052
1038
1054
1040
1044
1028
1038
932
970
876
948
930
920
918
922
924
920
922
922
924
932
928
942
958
942
928
944
944
954
946
948
958
944
966
970
974
978
958
950
956
968
978
976
988
988
966
966
960
954
976
916
904
896
890
914
912
916
928
924
924
916
942
930
918
920
920
908
898
904
910
894
896
898
900
896
890
874
938
928
936
948
954
972
964
974
974
978
994
952
922
926
916
910
914
912
920
916
934
926
934
922
966
940
952
946
934
928
936
936
936
936
926
930
936
934
978
966
958
976
976
992
982
972
1000
936
942
932
858
886
892
868
922
906
912
940
948
950
978
982
980
1020
1004
1008
1004
996
1046
1052
1054
1066
1000
992
938
964
976
974
968
986
968
982
964
1014
1022
1022
1048
1032
1030
1050
1028
1018
1020
1012
1010
1036
1036
1046
1044
1040
1044
1054
920
1020
1012
980
1030
1036
1024
1014
1018
1030
1024
1026
1068
1068
1066
1060
1076
1066
1064
1052
1072
1016
1012
1024
998
992
984
1000
1004
980
1032
1002
1004
998
1010
1004
1006
1000
982
994
1022
1024
1016
1018
1008
1016
1042
996
1114
1050
1048
1086
1036
1036
1036
1020
1014
1006
1006
1004
1052
1008
990
1018
1040
1064
1068
1058
1060
1046
1018
1026
1012
1018
1022
1014
1002
992
996
972
974
978
970
978
1016
1024
1002
1016
1022
1026
1018
998
1014
1016
1028
1040
1050
1054
1036
1022
980
1036
1052
1048
1066
1080
1046
1064
1050
1046
1048
1060
1070
1048
1044
1052
1040
1038
1054
1044
1068
1072
1044
1060
1050
1048
1054
1038
1002
1004
1022
1040
1024
1038
1032
1054
1034
1056
1044
1060
1050
1016
1002
1004
1012
1024
1038
1018
1030
1036
1012
1028
1046
1032
1036
1046
1054
1040
1056
1050
1050
1048
1038
1036
1020
1012
1022
1030
1020
1022
1024
1018
1024
1018
1010
1038
1030
1012
1026
1022
1020
1036
1030
1022
1032
1030
1038
1052
1042
1058
1056
1064
1070
1070
1076
1070
1044
1048
1046
1048
1056
1040
1034
1026
998
1012
1012
990
1006
1028
1024
1028
1006
988
992
1006
994
1014
1026
1014
1012
1036
1056
1072
1084
1072
1068
1064
1082
1074
1082
1060
1050
1044
1018
1034
1038
1024
1000
996
992
1018
1020
1026
1034
1030
1036
1046
1028
1028
1016
1012
1002
1024
1028
1040
1008
920
940
1028
1024
1032
1052
1062
1084
1078
1074
1060
1048
1056
1046
1052
1074
1074
1038
1056
1042
1054
1056
1072
1064
1058
1056
1056
1034
1020
1022
1032
1040
1060
1060
1060
1052
1044
1096
1076
1040
1034
1030
1038
1044
1054
1044
1048
1038
1050
1050
1072
1058
1052
1030
1030
1028
1034
1028
1028
1020
1022
1044
1052
1044
1040
1042
1036
1026
1006
1018
1008
994
1008
1014
1030
1024
1034
1038
1032
1062
1056
1036
1040
1010
1002
1002
992
982
958
972
968
952
1000
1034
1012
1028
1036
1040
1042
1048
1046
1026
1028
1022
1032
1034
1034
1022
1016
1066
1034
1000
1022
1018
986
1000
958
992
996
994
982
980
988
984
964
970
952
956
978
980
994
1012
1016
1036
1040
1046
1058
1036
1036
1044
1008
1000
996
912
982
990
1002
992
1022
1022
1010
1018
1018
1030
1048
1064
1052
1054
1052
1048
1068
1062
1050
1060
1052
1054
1076
1060
1074
1060
1038
1066
1052
1012
1016
1008
994
1012
1028
1010
1028
1044
1030
1042
1070
1064
1062
1058
1034
1032
1040
1030
1036
1040
1054
1070
1078
1080
1080
1078
1092
1086
1056
1074
1060
1040
1048
1030
1022
1034
1006
1008
1016
1004
1024
1018
1044
1054
1054
1072
1076
1082
1082
1070
1072
1066
1062
1062
1050
1050
1060
1072
1068
1076
1068
1064
1076
1078
1080
1098
1050
1056
1044
1060
1050
1048
1048
1040
1056
1030
1066
1078
1068
1086
916
1038
1070
1066
1090
1086
1090
1092
1092
1080
1074
1086
1056
1076
1078
1052
1110
1106
1124
1136
1102
1108
1100
1082
1088
1092
1068
1080
1066
1062
1072
1066
1062
1074
1078
1086
1096
1098
1094
1082
1082
1088
1092
1104
1086
1084
1058
1068
1070
1080
1072
1072
1058
1080
1076
1080
1066
1088
1086
1078
1070
1068
1072
1052
1056
1080
1062
1042
1056
1056
1058
1062
1062
1062
1068
1078
1082
1072
1056
1020
1044
1044
1020
1070
1070
1044
1048
1042
1038
1036
1058
1014
1012
1028
1004
1046
1064
1044
1044
1034
1054
1044
1064
1074
1076
1092
1046
1068
1064
1062
1064
1052
1046
1062
1056
1054
1066
1056
1070
1080
1080
1088
1092
1096
1096
1086
1084
1048
1058
1058
1064
1054
1056
1054
1044
1060
1062
1040
1074
1074
1082
1070
1056
1058
1060
1064
1048
1068
1062
1056
1062
1046
1060
1082
1090
1070
1098
1088
1092
1094
1058
1034
1036
1024
1034
1020
1026
1018
1000
1022
996
1020
1006
1028
1028
1018
1024
1018
976
984
950
960
944
958
960
952
948
964
948
964
958
978
968
956
962
932
936
928
954
932
934
920
924
930
936
952
944
932
1012
972
990
1008
1008
1016
1012
998
926
1030
1002
968
966
994
992
988
1002
986
990
1004
1008
1002
1002
982
996
978
982
988
966
930
948
946
954
974
964
968
984
1006
1002
1012
1022
1002
1000
1010
1016
1024
1012
1012
994
984
998
996
1000
1002
994
990
984
990
980
956
974
946
960
930
882
970
950
950
928
928
940
928
952
924
934
946
922
968
974
984
1020
1048
1034
1034
1042
1026
1062
1074
1086
1068
1094
978
1008
1034
1012
1006
1040
1044
1046
1048
1012
1018
1040
1020
970
992
954
980
958
986
1018
1032
1026
1044
1020
1024
1008
1018
1026
974
1022
1018
1006
1034
1026
1040
1046
1048
1044
1012
1034
1014
1012
1040
1034
1070
1036
1044
1034
1022
1054
1062
1050
1036
1066
974
1008
1012
988
982
1010
1000
1000
1000
1046
1018
1024
1006
1018
1048
1048
1046
1030
1036
1064
1094
1120
1108
1074
1082
1080
1088
1096
1084
1100
1094
1096
1094
1094
1094
1090
1086
1072
1098
1092
1096
1082
1092
1090
1074
1096
1076
1070
1068
1090
938
942
1010
970
1008
986
974
968
1006
1024
1060
1074
1096
1138
1120
1144
1164
1140
1136
1012
992
1054
1018
1044
1054
1062
1036
1056
1016
1044
1074
1108
1094
1098
1092
1060
1098
1126
1188
1128
1174
1182
1182
1208
1194
1204
1218
1116
1122
1112
1114
1098
1088
970
1034
1076
1068
1094
1094
1076
1080
1078
1034
1008
1078
1104
1080
1118
1118
1108
1100
1098
1086
1088
1148
1154
1122
1160
1168
1178
1142
1100
1066
1058
1078
1038
1078
1074
1068
1054
1064
1084
1066
1080
1086
1100
1072
1106
1122
1086
1126
1124
1104
1076
1122
1092
1096
1092
1030
1084
1108
1070
1104
1102
1086
1114
1106
1146
1124
1150
1158
1138
1190
1188
1154
1196
1024
1140
1062
1058
1048
1044
1046
1020
1046
1020
1042
1052
1052
1034
1088
1130
1126
1138
1166
1134
1162
1148
1136
1148
1124
1142
1118
1126
1124
1112
1138
1114
1130
1134
1134
1084
1046
1058
1058
1052
1056
1036
1064
1054
1052
1076
1048
1076
1072
1042
1058
1042
1052
1026
972
1012
1058
1052
1064
1074
1060
1072
1064
1082
1050
1042
1046
1086
1116
1106
1138
1152
1124
1140
1142
1154
1140
1110
1116
1120
1080
1104
1098
1096
1102
1088
1096
1090
1074
1098
1086
1096
1104
1082
1068
1062
1068
1078
1040
1020
1040
1058
966
960
988
1030
1050
1046
1056
1038
1058
1012
1046
1034
1108
1120
1106
1128
1128
1124
1112
1130
1124
1120
1124
1090
1120
1108
1110
1074
1058
1056
1042
1116
1118
1108
1112
1108
1114
1118
1110
1128
1066
1042
1042
1038
992
982
992
1068
1060
1066
1064
1056
1062
1044
1034
1048
1036
1042
1040
1036
1038
1024
1072
1064
1040
1048
1054
1008
1028
986
1022
1020
992
1020
1014
1074
1056
1058
1046
1060
1046
1054
1056
1072
1084
1100
1124
1136
1128
1130
1148
1100
1082
1074
1058
1076
1058
1042
1022
1020
992
996
996
1002
994
1010
1000
1014
992
1018
1034
1026
1012
1040
1022
1050
1038
1038
1042
1054
1046
1038
1044
1028
1018
1022
1014
1012
1014
1012
1014
1016
1024
1022
1040
1040
1034
1048
1042
1062
1060
1058
1048
1076
1034
1042
1014
1026
1016
1012
1008
1008
986
1020
1020
1022
1006
1014
1014
990
1024
1000
984
974
998
996
998
1004
1012
988
1034
1058
1070
1068
1058
1060
1066
1090
1096
1072
1078
1068
1062
1050
1046
1028
1030
1022
1038
1012
1010
1066
1040
1090
1084
1088
1094
1078
1118
1108
1132
1116
1114
1114
1144
1150
1152
1130
1128
1138
1130
1140
1154
1134
1156
1128
1092
1098
1120
1066
1124
1122
1104
1118
1116
1110
1104
1124
1124
1124
1106
1106
1100
1116
1122
1094
1112
1110
1118
1120
1104
1106
1110
1086
1136
1140
1130
1156
1070
1104
1098
1070
1086
1102
1100
1114
1108
1086
1106
1044
1054
1032
1050
1042
1004
1022
1028
1008
1030
1002
1052
1056
1070
1066
1058
1100
1122
1090
1104
1110
1108
1080
1072
1086
1066
1110
1120
1102
1132
1156
1150
1144
1130
1050
1074
1064
1048
1056
1058
1020
950
1000
1038
1072
1082
1078
1064
1074
1090
1056
1078
1078
1108
1160
1154
1162
1172
1110
1116
1124
1108
1116
1116
1120
1136
1130
1114
1132
1144
1152
1152
1146
1146
1090
1098
1118
1122
1096
1048
1068
1052
1048
1018
1056
1052
1040
1100
1106
1104
1098
1088
1096
1092
1084
1086
1082
1054
1082
1082
1074
1048
1044
1024
1014
1028
1002
1054
1056
1084
1080
1094
1158
1136
1136
1124
1112
1108
1098
1094
1088
1088
1092
1180
1174
1156
1116
1118
1112
1112
1102
1104
1112
1124
1122
1134
1136
1134
1132
1140
1128
1118
1102
1104
1084
1096
1064
1066
1050
1024
1016
984
992
1008
990
1008
990
1048
1022
1030
1034
1036
1040
1036
1058
1032
1048
1086
1084
1108
1124
1120
1112
1116
1128
1034
1082
1098
1060
1060
1056
1094
1100
1108
1136
1170
1170
1142
1160
1106
1090
1090
1092
1064
1062
1078
1072
1168
1150
1154
1148
1124
1120
1134
1112
1104
1110
1120
1126
1100
1126
1114
1126
1130
1134
1126
1144
1064
1038
1062
1048
1034
1040
996
1024
1022
1010
1020
1006
1018
1012
998
1028
1026
1028
1040
1044
1024
1088
1082
1100
1082
1088
1092
1082
1076
1104
1076
1070
1072
1060
1100
1104
1134
1100
1136
1170
1144
1140
1114
1072
1048
1072
1038
1026
1044
1020
1038
1034
1012
1044
1042
1064
1056
1058
1062
1058
1048
1070
1034
1016
1008
1024
1030
1038
1048
1032
1054
1042
1060
1036
1078
1068
1064
1072
1090
1084
1092
1078
1068
1072
1080
1110
1096
1090
1080
1084
920
1034
1020
974
1016
1024
1026
1052
1032
1070
1068
1068
1086
1114
1104
1110
1126
1100
1096
1098
1104
1084
1084
1032
1032
1030
1024
976
1004
994
938
1000
990
1032
1052
1070
1056
1092
1070
1082
1080
1090
1064
1026
1080
1048
1086
1114
1130
1120
1158
1144
1064
1070
1070
1072
1054
980
1048
1030
1054
1018
1056
1098
1066
1052
1094
1106
1056
1112
1146
1070
1134
1120
1112
1102
1104
1022
1118
1078
1080
1096
1096
1076
1142
1086
1100
1122
1110
1072
1128
1078
1022
1070
1044
1048
1174
1080
1060
1062
1054
1088
1060
1048
1030
1032
1046
1044
1024
1020
1036
1012
1034
1108
1046
1058
1168
1148
1142
1090
1062
1092
1098
1066
1132
1078
1046
1054
1062
1036
1068
1016
1012
1034
1000
1048
1062
1086
1058
1178
1136
1070
1122
1112
1112
1072
1188
616
1274
636
1336
630
1240
1070
1096
624
926
1446
640
1274
1078
1046
612
1324
632
1244
1138
626
1232
1132
1088
1132
612
1360
1050
990
1076
1058
1102
614
896
864
1288
1232
622
1240
1118
636
1288
1150
1182
656
1116
1302
1018
628
1216
1038
610
810
1228
1050
1040
564
1114
618
1038
996
1006
1030
988
1030
974
1026
1010
1000
1010
960
968
960
964
946
932
950
1026
996
998
988
976
980
1000
988
1004
990
1008
1012
1004
992
948
966
948
958
1020
1016
1028
1000
1002
1036
1022
1012
1028
1026
1012
1042
1044
1014
1034
1050
1044
1030
1036
1050
1024
1040
1046
1046
986
1020
1042
1036
1036
1018
968
1014
968
972
996
970
986
1020
1004
1010
1002
1022
1026
996
1032
1038
924
1134
1032
1010
948
974
984
970
982
986
968
982
992
986
1008
996
910
968
974
958
948
920
926
920
904
908
902
908
938
972
1016
1050
1078
1058
1104
1114
1104
1056
1094
1102
1102
1084
1044
1028
1056
1028
1060
1092
1064
1022
1056
1038
1042
1050
1138
1070
1092
1104
1102
1116
1120
1004
1062
1124
1134
1114
1078
1022
1046
1064
1062
1012
1036
1054
1046
1032
1012
1008
1018
996
1148
1086
1062
1038
1036
1078
1048
1048
1070
1048
1080
1048
1042
1032
1056
1102
1044
1034
1080
1038
1098
1058
1052
1070
1086
1068
1084
1050
1050
1026
994
1034
1002
1102
1026
1058
1052
1060
1050
1030
1036
1088
1110
1062
1066
1098
1100
1032
1064
1066
1034
1064
1104
1080
1030
1068
1074
1118
1070
1064
978
1022
1016
1010
1028
1040
1026
1030
1046
1036
1054
1128
1164
1130
1160
1092
1170
1168
1156
1172
1038
1066
1074
1040
1042
1034
1022
1032
1038
1032
1042
968
1000
1036
1006
1082
1138
1098
1110
1144
1086
1162
1168
1084
1078
1166
1094
1160
1164
1106
1052
1094
1104
1082
1072
1070
1030
1034
1030
1030
1022
1044
1030
1016
1042
1080
1078
1222
1090
1080
1066
1074
1070
1084
1160
1142
1118
1066
1086
1082
1066
1066
1128
1062
1056
1062
1032
1040
1032
1012
1040
1044
1022
1106
1074
1074
1174
1150
1122
1112
1094
1076
1066
1084
1080
1066
1040
1054
1046
1060
1070
1044
1060
1036
1064
1066
1036
1038
1042
1060
1056
1048
1076
1044
1156
1042
1080
1044
1064
1064
1072
1096
1062
1028
1098
1076
1034
1022
1004
1020
974
986
1000
1002
1038
1032
980
1028
1084
1096
1102
1108
1080
1028
1028
1046
1034
1040
1052
1114
1086
1136
1110
1034
1044
1076
1032
1164
1092
1126
1064
1110
1070
1018
1006
1018
1006
1166
1050
1178
1148
1126
1178
1136
1114
1232
1124
1094
1134
1132
1110
1130
1086
1088
1040
1068
1080
1060
1040
1068
1020
1004
1046
1030
1018
1056
1054
1034
1052
1062
1060
1072
1052
1054
1092
1044
1028
1034
1040
1012
1102
1136
1152
1114
1134
1048
1062
1058
1070
1060
1066
1050
1022
1016
1048
1048
1082
1048
1086
1120
1100
1064
1084
1048
1040
1062
1020
1016
1030
1040
1070
1092
1098
1066
1008
1050
1050
1104
1096
1094
1032
1030
1026
1036
1090
1132
1080
1008
1062
1042
1136
1114
1130
1134
1132
1146
1028
1008
1046
1076
1032
1070
1096
1106
1130
1028
1068
1070
1068
1096
1052
992
1044
1086
1118
1142
1148
1108
1016
1060
1078
1110
1084
1066
1050
1034
1082
1114
1132
1156
1146
1120
1032
1074
1058
1054
1054
992
1042
1008
1028
1060
1094
1094
1086
1060
1076
1092
1078
950
1020
1002
1034
1102
1114
1140
1132
1118
1132
1008
1002
1042
1012
1044
1034
1034
994
1002
1048
1118
1140
1138
1058
1142
1138
1158
1182
1192
1214
1090
1226
1200
1174
1212
1034
1094
1094
1082
1054
1088
1090
1086
1084
1080
1172
1132
1150
1060
1132
1130
1098
1080
1064
1046
1082
1074
1086
1066
1010
1036
1050
1032
1052
1050
1044
1052
1086
1100
1066
1126
1046
1122
1130
1130
1066
1060
1008
1026
1042
1046
1032
1002
1010
996
1062
1034
1096
1110
1056
1130
1130
1048
1084
1156
1064
1190
1206
1192
1132
1044
1090
1074
1052
1044
1052
1004
994
996
1006
998
1140
1068
1136
1146
1128
1152
1066
1168
1100
1090
1130
1120
1096
1116
1092
1140
1162
1164
1152
1156
1150
1066
1076
1056
1054
1030
1038
1048
1056
1038
998
978
996
966
988
1044
1008
1124
1052
1108
1116
1124
1148
1154
1126
1146
1106
1044
1062
1080
1078
1078
1088
1068
1076
1080
1082
1070
1074
1052
1074
1050
1086
1070
1064
1062
1060
1062
1066
1068
1074
1054
1054
1040
1040
1010
1004
998
990
984
1000
1036
986
1002
1000
1012
1026
996
1028
1012
1070
1088
1094
1048
1040
1034
1034
1086
1142
1100
1166
1164
1058
1070
1092
1056
1112
1218
1096
1056
1032
1060
1056
1028
1076
1066
1056
1060
1056
1068
1052
1074
1112
1120
1122
1138
1122
1104
1130
1120
1124
1106
1066
1084
1102
1086
1050
1076
1050
1070
1052
1022
1032
1028
1014
1024
1006
1046
1046
1030
1034
1046
1026
1022
1018
1050
1040
1030
1052
982
994
998
982
1142
1058
1050
1118
1146
1156
1172
1104
1128
1188
1134
1100
1130
1124
1136
1106
1092
1110
1084
1086
1076
1052
1070
1062
1024
1014
1026
1014
1050
1092
1036
1082
1050
1076
998
1052
1038
1022
1140
1058
1076
1098
1086
1072
1096
1086
1048
1078
1070
1060
1060
1040
1000
1016
1016
996
994
982
966
980
980
964
1100
1126
1134
1132
1148
1070
1144
1164
1082
1188
1144
1110
1106
1112
1104
1088
1092
1084
1064
1084
1080
1060
1074
1058
1032
1002
1010
1000
986
974
984
982
986
986
942
1014
1028
1006
1006
1016
1010
1068
1088
1066
1060
1054
1056
1042
1044
1048
1044
1040
1026
1032
1024
1028
1032
946
1018
962
960
988
1006
980
996
996
946
940
948
932
936
928
948
954
950
1032
976
964
1014
1022
1002
1034
1048
1042
978
1018
1064
1088
1090
1036
1072
1076
1048
1086
1090
1066
1022
1024
1018
1138
1096
1050
1056
1134
1092
1130
1066
1130
1170
1166
1078
1088
1096
1128
1142
1156
1086
1078
1048
1056
1034
1028
1064
1040
1060
1058
1066
1104
1084
1090
1096
1074
1226
1066
1080
1086
1034
1062
1068
1052
1036
1036
1038
1030
1052
1026
1056
1036
1050
1068
1044
1058
1040
1198
1138
1170
1192
632
1350
1166
630
1258
650
1150
662
1228
640
956
1032
1056
820
1294
666
1100
1486
1564
690
1376
1262
1484
1328
1190
606
1238
1184
638
1166
1078
640
632
770
1184
1002
772
972
770
662
990
1064
656
620
840
770
1042
886
892
814
414
822
1338
918
1026
854
718
732
768
950
908
762
804
978
1330
878
732
1260
692
876
1064
1024
848
678
1306
1024
1034
972
1032
1032
844
1296
1074
932
920
606
480
822
980
966
852
750
832
1280
1042
840
754
796
848
978
940
996
700
686
702
1070
788
832
584
952
1034
750
804
984
1028
1118
1106
1368
990
1006
908
978
742
986
1016
926
992
968
938
1024
1024
826
822
854
998
684
868
780
1090
1404
638
530
1006
674
600
1372
1052
1404
1034
838
816
834
586
618
970
1584
1054
1500
1080
1068
1352
776
1430
1634
676
1296
1400
1588
1192
880
1100
1046
1484
946
982
898
660
908
974
690
1208
1240
986
620
996
760
990
612
1140
1410
854
1122
1298
1236
984
872
1330
952
746
702
614
742
778
684
660
1062
1026
1076
970
1334
1104
1042
704
1064
848
758
950
1470
938
1080
890
650
946
806
894
768
938
1048
1018
758
1002
1140
756
938
1070
1252
1350
962
896
876
998
1166
728
736
858
674
830
958
1088
850
820
822
670
708
672
844
918
990
1034
816
1170
906
728
1262
798
986
918
884
1138
1224
1280
838
1324
948
588
1166
946
868
780
842
738
802
618
886
780
698
726
1036
884
872
770
638
972
1200
1058
1024
746
1020
1064
726
728
986
976
1422
1164
792
1060
858
860
706
832
1104
1286
880
852
866
956
984
706
1074
892
886
1034
1328
740
1046
786
1134
992
1040
900
668
948
1416
900
940
1138
770
284
1354
1686
1458
936
1046
1128
694
1200
