422
626
658
644
636
640
648
634
630
630
616
628
620
622
624
630
626
628
644
632
630
656
642
660
658
658
682
668
664
668
662
664
660
656
656
664
666
666
664
664
674
650
638
636
636
636
644
654
652
656
660
658
660
632
654
644
662
660
656
662
654
644
634
652
644
634
640
642
628
628
630
636
626
640
644
636
636
646
650
642
672
664
656
658
660
664
654
664
652
648
646
654
658
654
676
654
652
668
676
676
672
654
664
658
662
652
656
662
662
664
632
652
646
654
660
644
676
656
662
672
658
668
644
654
658
648
646
664
664
690
700
704
714
708
710
684
686
676
654
656
650
630
628
636
624
622
618
634
630
620
634
634
636
650
632
646
644
648
630
636
612
612
626
614
618
624
612
618
616
630
632
636
616
632
626
618
620
624
624
620
628
616
614
632
628
622
636
626
620
628
638
628
626
650
646
634
654
644
640
654
652
630
640
638
642
634
628
620
624
634
630
606
632
614
622
626
618
614
626
622
616
612
622
616
636
626
646
654
648
654
648
650
650
640
648
644
648
668
660
656
666
652
660
662
652
640
638
632
636
624
628
622
636
636
636
636
632
644
640
644
642
634
650
636
634
632
652
652
652
646
652
628
652
650
634
652
644
640
658
656
650
662
662
642
650
652
646
644
648
646
646
648
656
656
648
660
650
656
650
646
648
660
648
648
668
660
658
658
660
668
678
660
672
676
670
642
672
660
640
660
658
648
648
660
650
672
680
664
670
682
688
698
680
686
694
664
672
682
670
654
656
654
660
638
650
650
634
642
638
632
650
658
658
650
652
672
652
668
646
648
648
648
632
642
634
640
636
630
630
624
636
634
626
638
654
646
638
654
668
650
654
644
648
658
650
652
650
652
652
648
668
658
660
668
672
664
660
672
658
668
630
648
646
662
648
662
670
658
666
666
666
676
660
668
688
666
684
674
674
674
684
670
676
672
664
656
660
670
664
668
672
644
664
664
656
652
650
646
642
640
646
644
642
652
650
656
654
648
654
660
644
646
654
658
662
656
648
632
652
664
664
658
658
640
638
652
646
644
638
642
632
646
628
630
632
636
640
628
636
650
642
648
650
638
654
646
642
656
658
654
658
658
654
666
672
668
662
668
644
650
652
648
660
656
646
650
662
658
662
660
666
664
672
646
660
660
640
658
648
644
628
638
636
628
644
632
640
644
636
640
636
642
640
650
646
644
664
662
660
662
664
628
660
634
646
652
638
644
648
650
650
674
656
668
662
662
662
638
658
660
632
656
644
650
642
670
666
676
678
668
676
668
664
662
662
646
660
654
628
640
638
672
672
668
674
668
676
676
674
684
652
656
672
658
662
656
650
630
638
634
648
648
644
656
650
658
658
658
640
658
650
666
678
688
702
698
694
678
674
654
674
666
680
670
682
658
650
658
660
670
672
662
662
672
666
676
628
652
658
642
642
646
634
664
658
660
652
648
660
656
662
676
682
680
672
664
646
658
658
656
640
662
664
662
658
678
686
676
682
680
680
648
664
664
646
648
644
648
636
656
640
636
638
630
628
638
638
632
638
638
642
638
622
622
628
622
626
638
640
650
658
654
658
658
656
654
660
658
652
662
666
678
670
676
698
694
680
684
684
692
670
670
678
672
678
670
666
674
676
670
672
630
648
630
628
636
624
628
622
632
632
646
654
646
648
646
668
662
658
654
664
670
684
682
672
676
644
662
654
644
658
660
646
650
662
658
654
664
652
650
658
664
666
664
686
674
674
676
678
680
654
662
664
652
672
656
656
666
650
656
658
672
662
674
676
678
676
676
684
664
676
644
666
658
658
636
648
664
664
670
674
672
672
660
652
646
644
664
664
664
670
700
676
670
666
642
660
672
672
666
666
674
664
670
688
680
692
684
676
688
686
674
692
676
666
656
666
660
666
678
672
660
670
654
644
662
638
644
660
650
654
648
658
644
666
662
656
666
678
662
672
650
644
648
652
664
678
658
658
644
644
630
636
628
638
642
630
644
644
634
644
630
628
646
640
646
644
644
624
624
636
648
640
646
652
650
656
654
636
634
640
644
640
638
638
646
632
640
644
658
668
658
652
650
636
628
618
622
624
646
656
666
660
652
644
640
620
614
616
628
636
626
632
636
646
634
636
638
646
642
650
654
652
672
662
668
670
668
676
674
664
646
638
654
650
654
646
656
648
612
644
634
638
632
628
624
624
632
630
642
658
664
674
662
654
662
618
648
646
630
646
636
638
650
646
646
652
644
660
674
686
682
690
674
670
666
668
670
664
646
664
666
636
660
658
654
654
662
642
646
650
648
654
644
650
654
650
658
660
662
658
666
662
644
656
638
636
640
648
626
646
620
634
630
638
632
650
644
638
646
640
642
644
638
650
630
634
634
634
626
630
636
626
646
640
644
662
660
646
656
654
640
636
638
650
640
642
656
654
648
658
648
654
652
642
642
644
638
646
646
648
650
676
662
662
670
654
634
634
624
630
626
618
628
626
634
632
628
626
628
632
638
638
638
622
640
626
630
634
642
646
640
638
636
626
610
614
610
612
612
616
608
624
658
666
670
700
682
680
684
674
658
654
660
660
654
652
656
662
660
658
682
700
698
720
714
706
712
708
724
734
726
724
742
720
700
704
720
742
744
732
738
740
718
716
718
724
730
752
768
752
756
776
780
762
770
772
778
730
750
740
728
716
732
718
722
730
732
740
738
728
712
714
680
680
682
684
660
670
678
660
660
654
644
642
634
610
624
618
634
630
632
638
646
642
634
646
626
634
636
632
640
640
638
652
640
650
630
636
642
636
642
660
656
668
682
690
702
710
712
716
712
706
694
704
662
686
668
666
668
674
684
682
690
704
724
726
720
736
740
728
752
752
748
756
752
748
710
726
704
700
696
698
704
706
710
708
706
698
704
684
696
686
696
698
696
704
696
690
698
702
698
694
682
690
694
682
696
694
706
708
724
724
732
742
740
762
776
748
754
760
764
766
762
768
722
716
734
716
716
734
740
744
764
746
748
754
750
762
754
758
760
750
756
754
768
772
784
772
766
780
768
740
732
752
744
720
728
728
732
742
734
760
746
742
756
742
720
740
738
718
724
722
716
718
726
714
728
732
706
722
710
700
712
716
714
722
694
714
704
718
714
722
740
758
740
760
748
762
756
762
760
766
758
756
754
762
738
744
730
726
736
724
732
710
716
704
708
706
712
702
700
714
700
700
744
722
738
736
724
712
710
696
704
694
694
684
690
698
700
710
716
710
714
714
716
704
704
702
728
710
722
736
740
740
700
720
724
720
698
710
710
714
714
720
738
738
738
754
788
764
770
774
792
782
772
766
772
768
752
746
762
762
754
762
754
730
752
742
734
756
752
756
722
726
730
722
718
762
762
750
736
728
724
712
726
722
718
724
720
718
734
760
756
762
782
778
774
780
766
764
754
750
742
758
760
752
764
766
770
748
756
740
742
752
764
762
780
778
784
778
736
756
760
758
766
764
816
820
820
816
820
806
772
780
764
752
746
756
754
734
734
730
722
724
732
732
728
740
724
718
734
718
718
714
714
728
724
748
744
746
734
740
734
730
744
758
746
750
742
742
750
722
724
736
726
736
736
738
732
726
738
728
738
724
730
740
744
742
746
748
746
738
748
706
714
706
708
710
718
722
702
712
712
714
708
738
752
750
750
766
746
746
760
756
764
758
762
762
756
780
784
776
772
740
758
762
784
804
782
778
762
748
742
748
746
776
782
770
764
740
740
740
746
736
702
726
730
712
736
744
768
774
758
750
762
762
746
734
754
758
756
748
754
774
788
788
822
822
814
792
782
778
782
754
734
730
692
696
712
674
688
700
696
718
728
708
716
716
720
712
698
708
720
726
724
738
750
750
764
752
750
770
758
758
758
734
746
752
736
750
740
738
738
752
746
762
752
774
770
724
760
746
760
756
788
788
792
824
844
852
854
850
844
840
788
768
738
754
752
742
758
780
766
774
742
748
760
782
760
776
736
722
728
742
792
818
840
854
856
850
802
816
816
808
810
812
812
820
820
822
826
846
846
840
854
818
794
776
776
778
786
780
790
792
786
786
766
742
736
724
720
718
706
720
728
780
810
806
814
822
820
818
824
828
824
812
816
794
782
776
780
778
800
796
804
796
790
796
792
794
790
784
800
802
786
782
774
744
738
746
762
772
768
760
768
754
744
740
748
760
772
788
806
808
806
806
804
794
800
792
800
792
786
762
780
780
776
772
788
784
788
798
796
800
794
802
818
802
812
796
790
790
768
754
750
732
724
712
708
740
740
734
760
762
756
760
772
764
760
762
778
780
772
776
762
742
748
732
736
730
746
736
740
736
726
700
712
712
706
730
742
764
760
756
760
756
742
744
722
732
732
754
764
748
750
768
790
770
774
782
782
788
760
766
762
744
750
758
742
758
766
756
766
748
740
740
752
754
762
758
744
736
748
756
770
788
796
784
786
798
794
800
796
804
814
808
800
822
814
814
806
778
794
790
824
826
824
826
834
816
820
822
830
822
818
800
808
808
798
776
764
770
776
780
786
784
766
760
774
772
760
758
742
730
744
726
730
750
748
752
750
750
760
758
778
776
770
782
788
780
780
778
796
792
788
802
764
760
760
754
742
744
752
730
718
736
724
732
732
736
746
746
738
746
744
740
746
766
786
790
792
786
786
790
770
774
776
780
776
770
778
754
756
766
780
790
778
780
782
778
782
802
802
798
806
790
798
816
842
834
828
822
802
796
764
760
766
774
778
774
764
748
738
746
740
748
768
760
774
774
782
780
750
736
756
754
752
772
790
780
782
772
770
768
752
746
750
752
754
770
768
786
808
812
820
810
804
816
804
784
804
788
798
786
788
802
814
812
836
818
824
826
824
814
808
812
820
808
776
796
780
792
788
758
756
742
724
738
740
776
804
826
832
830
812
798
774
772
780
774
792
792
782
792
758
754
756
752
750
776
770
768
772
790
788
796
786
792
772
778
780
752
756
762
754
754
750
782
820
826
832
854
850
844
846
834
784
776
778
784
778
772
782
766
770
764
792
778
782
784
762
764
764
754
782
780
780
788
776
786
750
774
764
776
776
778
744
754
758
744
772
776
768
772
776
774
776
774
778
778
782
770
744
732
746
768
794
802
812
804
794
806
808
824
834
826
828
822
776
774
770
738
760
776
792
794
812
826
840
848
856
854
852
844
840
818
828
822
828
826
804
808
790
800
786
794
760
760
776
776
788
794
786
798
774
752
754
756
750
744
728
740
724
720
720
728
710
716
710
694
682
682
694
694
730
752
770
778
802
800
792
776
766
752
746
726
720
708
706
694
696
724
732
740
774
768
774
772
792
798
778
772
744
752
748
736
734
738
728
706
722
726
720
720
704
714
710
714
714
712
702
702
724
734
750
750
762
752
738
754
746
750
768
758
760
750
720
724
720
716
724
716
734
722
724
706
700
688
686
690
694
686
660
674
668
684
678
672
684
682
712
716
730
730
728
726
724
704
698
690
698
686
698
706
698
704
718
712
720
726
762
764
750
742
750
744
766
772
764
760
760
754
760
762
770
774
752
726
752
734
742
748
746
748
754
748
756
750
734
744
748
748
740
740
740
724
714
720
734
738
738
746
736
722
694
716
704
698
706
706
710
784
794
804
792
780
776
778
786
784
780
780
780
776
754
744
756
750
780
802
806
800
800
780
766
758
738
740
740
754
750
756
750
752
738
730
708
728
746
754
772
780
768
770
752
750
752
748
758
746
736
728
728
722
726
716
728
724
712
706
708
716
678
700
682
682
696
696
700
734
748
762
736
730
738
742
738
738
732
712
722
720
710
736
736
742
760
782
794
790
780
784
768
772
782
756
746
736
702
712
716
706
702
704
732
752
754
742
752
760
756
768
754
764
774
792
806
800
774
774
776
780
768
784
754
762
752
764
778
798
800
792
778
790
784
788
794
794
746
764
758
756
746
714
712
720
716
712
734
764
760
750
776
776
780
772
784
788
784
786
784
750
736
726
734
752
732
762
804
812
818
798
788
796
796
788
806
792
802
762
756
754
746
750
746
740
730
740
746
734
726
720
722
710
696
694
692
696
708
704
714
738
734
738
738
734
724
728
698
706
724
752
748
766
774
782
776
772
776
772
762
770
776
768
780
764
776
760
740
722
744
738
736
748
742
764
752
752
762
740
746
734
734
740
756
786
792
774
772
772
760
748
750
760
762
752
750
764
752
758
768
788
766
772
776
770
772
768
762
776
766
774
770
768
778
782
782
778
782
784
776
788
750
774
758
766
778
806
786
800
786
798
786
762
788
784
788
778
792
774
784
748
776
762
778
800
788
792
786
776
758
762
758
760
752
742
756
742
744
724
726
726
726
726
740
732
754
778
796
788
790
794
786
788
748
772
778
774
796
814
806
810
812
822
822
816
830
800
802
788
790
782
762
744
766
750
774
762
768
758
748
726
748
732
746
750
756
754
754
754
760
758
746
746
760
784
774
768
758
746
734
720
728
768
808
794
812
822
828
814
814
814
772
768
770
768
746
754
756
772
788
766
778
770
806
856
868
838
826
804
768
782
786
772
798
798
802
800
806
800
798
800
796
794
786
776
782
766
768
758
750
740
726
730
750
752
750
774
764
792
806
824
806
836
820
812
826
836
826
844
838
854
850
860
862
848
842
816
804
812
808
812
808
792
784
754
750
726
744
774
802
806
788
796
814
794
808
802
806
786
770
788
786
784
790
776
758
738
750
770
792
794
814
810
792
778
766
776
792
800
822
826
820
820
832
828
836
864
864
856
874
870
868
838
846
840
840
836
790
792
800
786
804
794
804
800
802
794
772
760
760
758
758
764
754
752
756
782
810
814
806
798
788
782
768
750
756
742
724
726
730
762
754
764
790
792
806
810
822
816
822
818
860
852
808
832
796
796
772
776
752
758
762
748
760
760
754
752
748
756
750
760
762
754
764
740
744
720
716
730
712
726
748
770
786
804
792
792
798
798
770
766
750
746
708
738
706
716
712
712
712
734
732
740
742
734
736
734
750
750
716
724
702
718
732
718
730
746
744
752
756
752
748
752
760
738
726
724
720
714
744
742
758
772
792
814
816
834
830
848
834
838
818
800
806
814
810
806
812
812
808
788
796
794
782
776
774
786
772
764
780
772
814
802
796
804
786
782
780
770
760
738
748
766
798
796
814
836
830
822
812
810
804
772
776
780
768
788
802
790
792
764
774
784
810
818
830
818
792
766
832
876
892
952
940
952
950
938
936
940
936
928
930
904
870
900
884
914
932
928
924
856
838
808
834
832
808
828
864
866
870
864
870
860
850
846
828
824
824
832
824
820
820
822
820
822
816
838
832
826
824
798
796
804
790
802
836
860
856
852
838
844
828
806
782
790
778
788
780
796
796
800
796
792
804
804
812
816
810
810
798
814
794
790
802
780
756
756
746
736
742
740
742
732
776
824
840
844
856
848
840
824
810
808
804
768
774
750
746
726
722
726
722
730
740
762
774
790
804
828
828
850
832
838
826
812
780
798
788
778
794
782
796
776
778
786
776
784
776
774
758
758
758
754
782
794
808
806
798
800
796
780
792
796
798
804
782
802
792
830
844
838
828
824
820
784
774
784
786
790
792
818
802
826
844
826
824
828
812
816
796
808
810
810
786
802
802
794
754
774
790
792
796
826
830
820
820
822
788
750
772
742
742
740
752
766
780
784
804
792
776
780
774
774
790
810
816
786
788
770
758
754
756
764
754
772
790
784
790
786
786
790
792
768
750
760
754
746
762
756
728
730
726
728
720
722
742
740
756
764
774
756
758
756
752
788
784
788
802
794
802
816
810
806
800
800
798
788
792
534
1008
788
756
754
750
748
752
740
748
738
732
730
740
760
766
768
768
768
764
778
794
810
814
830
844
822
816
824
820
800
788
780
780
786
788
782
774
770
778
778
748
736
760
746
742
750
744
758
744
746
742
754
756
744
744
742
760
790
792
800
798
806
810
824
820
820
816
788
764
764
750
754
754
760
734
744
746
742
736
754
768
780
790
808
798
786
782
782
772
774
776
778
770
758
746
752
752
746
750
746
764
762
772
784
786
788
770
776
764
748
746
744
732
726
742
752
776
792
806
832
862
866
868
872
840
812
812
788
776
800
808
848
830
824
832
832
838
826
834
784
792
778
788
818
826
826
810
810
800
806
772
764
752
742
732
728
762
806
836
866
864
906
912
908
916
898
902
906
900
906
834
794
778
782
778
778
814
802
808
784
776
778
784
788
798
794
788
794
792
788
794
778
770
734
740
744
736
738
738
736
736
734
752
760
756
760
754
780
784
778
778
756
758
764
768
758
760
760
754
764
750
748
736
752
744
748
754
734
748
732
740
734
734
744
762
762
760
754
754
740
748
726
736
742
728
742
752
756
770
790
782
790
810
794
804
796
804
792
788
798
764
768
750
742
760
716
724
716
712
720
710
718
716
716
718
726
716
722
710
718
726
722
724
718
714
728
726
724
698
706
706
720
708
726
714
720
726
706
720
716
714
696
686
700
686
708
690
712
720
722
710
714
722
722
730
724
750
736
740
740
742
722
724
706
718
720
724
724
726
724
726
724
708
702
686
696
684
688
694
704
710
710
730
746
752
750
774
784
798
786
790
766
758
758
768
768
764
764
802
834
834
842
832
832
830
836
808
800
788
790
792
788
768
788
772
784
760
782
764
762
768
768
768
772
772
786
782
780
784
784
782
786
788
782
782
784
788
792
792
744
742
734
730
724
726
720
720
714
724
730
724
738
736
738
768
758
770
770
780
766
770
768
776
776
772
748
750
748
722
746
782
820
816
806
814
808
808
814
812
796
782
782
786
778
758
754
752
746
736
740
746
736
748
738
760
762
758
758
750
762
742
754
748
762
776
784
786
778
796
794
788
800
758
740
716
730
722
754
754
778
772
764
782
794
792
788
798
810
808
810
812
814
788
782
790
764
744
768
768
774
790
812
842
842
812
812
812
804
802
772
760
764
754
754
758
760
766
732
736
746
732
768
796
776
778
786
780
798
786
768
760
748
754
752
742
750
756
746
734
736
746
744
734
748
746
732
714
728
720
732
736
740
736
738
742
742
762
748
760
784
792
770
784
784
804
806
808
808
794
758
756
728
752
746
754
768
782
774
774
760
752
752
752
778
770
766
772
764
770
762
764
740
720
696
712
706
704
720
710
716
718
696
666
672
666
660
674
680
690
690
714
700
698
714
692
694
678
686
694
694
696
698
704
704
700
706
718
706
704
706
728
724
744
738
748
750
752
748
724
722
734
736
740
766
772
784
774
780
772
732
712
732
728
730
726
762
764
752
744
754
758
744
726
710
718
718
696
694
702
690
712
720
718
750
758
778
782
754
768
770
784
774
774
748
748
742
738
742
760
766
764
766
788
780
788
798
794
800
792
792
748
758
746
748
742
746
748
724
742
732
738
738
738
762
762
762
756
760
784
788
776
784
780
762
726
734
740
742
744
740
738
758
792
816
800
790
790
800
788
792
790
802
794
768
760
768
758
742
756
748
766
754
764
768
770
770
760
766
770
754
746
750
746
758
742
778
796
808
804
794
786
752
738
766
752
756
728
736
748
740
732
738
754
746
744
752
728
726
726
716
720
734
732
728
736
746
736
756
774
776
776
774
774
778
772
774
754
732
704
666
680
660
656
650
644
646
644
640
634
618
622
610
622
624
616
624
614
620
608
618
610
618
624
614
624
614
610
616
610
610
618
620
614
612
614
616
612
614
608
610
606
602
610
590
590
600
590
592
592
590
598
592
602
592
594
596
600
600
602
600
602
600
594
590
596
594
590
598
600
594
596
602
600
600
600
598
616
618
610
624
624
614
