824
764
764
730
726
722
720
724
724
722
720
736
734
734
734
728
724
730
726
726
728
722
728
730
726
732
730
714
730
724
720
726
722
724
714
712
710
706
714
708
734
740
736
748
732
742
746
744
768
744
740
742
736
724
734
712
710
736
716
718
724
722
706
726
716
726
714
742
724
748
726
734
730
738
726
724
736
728
730
718
738
718
718
726
732
728
746
728
732
744
732
722
728
748
730
752
742
750
740
746
738
740
732
746
738
746
744
740
740
758
740
742
742
734
732
738
736
736
732
742
728
732
722
742
730
728
736
730
732
732
724
736
732
740
740
734
734
740
736
736
738
732
732
734
742
740
736
740
714
708
702
714
714
712
702
716
702
706
722
720
730
740
738
748
748
740
738
736
730
732
746
738
746
746
756
746
758
760
758
750
754
732
732
724
714
722
698
712
708
724
724
732
734
726
726
718
724
730
728
732
732
726
732
724
720
732
726
718
722
738
738
738
736
738
738
726
724
728
738
714
740
750
738
748
734
756
738
742
748
726
734
714
708
712
716
718
716
700
722
724
728
724
728
734
746
738
756
742
744
740
760
744
742
728
724
730
732
730
736
718
722
714
710
712
714
718
714
714
718
718
728
730
738
740
720
750
746
758
748
744
736
742
726
752
760
754
730
722
720
710
714
708
722
718
700
730
728
726
720
728
724
724
744
752
736
748
744
734
732
742
734
750
750
742
740
742
724
732
736
728
748
742
744
740
738
730
728
728
736
734
750
740
742
738
738
732
722
732
728
730
740
760
750
742
720
716
732
722
720
724
728
706
716
700
712
710
704
716
722
700
748
738
750
742
742
740
746
738
748
746
736
742
732
728
730
736
718
754
726
718
728
726
716
712
726
728
712
732
738
720
736
726
712
722
734
724
730
750
730
744
728
736
720
732
708
720
736
718
712
716
710
706
716
716
726
802
750
752
746
742
742
740
730
734
746
738
734
738
738
716
712
710
710
718
718
710
702
700
710
686
694
704
712
716
704
724
734
736
726
738
712
720
732
728
724
734
728
748
732
718
742
736
734
744
742
744
744
730
722
724
722
730
750
732
736
734
742
728
732
734
738
740
744
740
738
740
724
726
724
734
764
736
746
742
726
726
726
722
728
720
726
726
710
732
740
722
738
722
742
736
750
734
740
740
726
726
728
726
724
734
720
722
718
732
716
722
734
788
742
738
742
744
740
740
746
746
744
748
754
750
746
746
746
734
738
734
724
738
732
736
724
726
722
728
732
734
734
716
740
732
744
732
736
728
734
734
742
734
738
738
730
722
726
758
738
744
760
726
732
726
724
714
710
722
714
716
726
734
736
730
730
730
732
738
728
734
734
740
740
728
744
726
724
728
720
726
726
722
724
726
722
722
724
736
734
736
736
736
742
718
724
716
724
716
722
724
722
702
714
708
710
728
710
736
742
744
750
740
750
752
758
760
752
780
776
776
740
738
732
732
740
732
732
728
724
728
734
718
726
720
724
722
726
726
730
728
728
726
724
730
722
718
728
724
718
704
716
708
708
720
710
738
742
726
728
718
730
718
730
736
748
730
744
740
730
738
742
732
756
742
730
740
736
734
698
712
720
710
706
730
740
746
730
722
720
722
724
720
720
722
716
714
714
716
718
732
722
726
722
736
730
730
724
732
726
726
738
732
714
746
722
700
700
700
702
694
714
716
712
726
720
716
720
720
718
704
726
746
732
728
734
732
736
734
730
740
734
728
730
724
724
712
732
714
724
722
730
732
710
716
700
754
716
728
726
696
712
710
696
698
702
686
702
696
696
700
700
698
694
700
696
708
702
694
726
718
718
732
716
726
722
712
720
718
714
710
724
710
708
724
718
722
724
730
730
718
706
704
712
700
710
714
724
716
722
720
714
714
716
708
720
710
708
710
714
716
710
718
716
722
714
720
726
734
732
724
724
728
716
708
712
716
716
708
716
704
714
702
696
702
694
700
726
690
718
714
716
718
716
712
736
730
726
740
720
734
716
726
720
748
746
742
736
742
724
716
726
732
714
744
734
736
724
718
746
722
718
710
724
720
718
726
726
720
716
728
714
734
716
742
734
738
732
748
730
742
752
722
730
734
726
728
712
714
724
712
720
726
716
712
722
712
712
714
716
716
730
726
716
742
718
724
718
720
710
720
730
718
714
706
714
708
700
736
716
720
724
726
728
724
720
722
718
722
714
720
726
734
724
728
718
714
718
724
724
714
724
732
724
718
720
702
704
700
696
704
712
718
712
720
718
726
728
732
736
732
730
724
734
706
712
702
700
708
690
714
716
710
708
706
704
706
712
716
712
718
706
710
700
696
712
698
742
712
720
724
712
710
704
712
712
710
710
694
730
730
706
720
742
728
720
700
714
708
700
706
710
708
704
704
714
706
720
718
718
716
716
716
708
714
712
724
702
726
724
730
734
744
734
734
728
724
734
724
728
722
716
708
706
704
712
694
724
724
710
710
706
704
718
714
730
722
730
718
730
716
720
720
734
726
732
736
716
718
702
722
714
708
714
722
730
716
718
720
718
708
714
712
718
710
716
702
710
704
694
704
696
714
716
730
718
718
722
716
716
718
714
726
726
730
732
722
718
724
714
716
718
714
718
720
706
716
712
726
714
714
714
710
712
712
716
722
722
728
722
714
714
712
718
720
720
716
716
716
716
728
714
714
714
712
692
692
678
678
690
680
686
702
696
698
704
700
690
696
696
698
682
708
706
702
710
696
704
702
712
702
720
700
710
710
692
704
694
694
712
706
700
708
702
700
696
688
690
696
696
686
710
694
696
698
686
688
692
694
692
710
704
698
718
702
698
706
702
692
704
704
744
726
718
710
708
706
696
710
694
710
702
710
710
720
712
708
706
704
704
706
716
720
712
710
716
706
686
704
700
702
702
708
704
698
706
686
688
686
670
724
708
712
718
696
700
714
702
702
716
716
702
706
704
692
704
698
702
706
718
700
714
718
696
708
704
712
702
716
714
712
710
716
724
708
704
706
708
716
720
706
710
710
700
710
708
700
702
722
706
714
714
720
720
724
714
724
718
714
728
704
710
702
700
700
712
694
708
718
714
710
716
710
704
710
710
714
730
718
726
712
722
702
732
718
712
722
716
726
732
732
726
726
726
734
736
732
744
738
734
734
712
712
722
720
722
734
728
732
730
724
724
724
726
720
714
718
718
728
722
722
724
718
718
706
736
730
730
724
726
734
726
724
734
746
728
732
742
738
732
734
728
724
742
730
726
744
728
726
730
724
724
732
724
732
728
730
728
728
728
720
714
736
730
726
736
732
724
722
726
714
730
736
728
726
736
718
714
714
702
716
728
712
716
706
702
706
696
694
710
712
718
728
724
716
718
710
726
736
716
730
744
730
728
728
708
724
720
714
724
730
722
716
718
700
710
712
700
718
728
726
738
716
724
722
732
716
750
742
736
718
720
712
710
716
712
720
714
728
718
706
724
722
712
718
714
730
714
748
728
750
754
724
732
742
734
740
748
770
740
740
748
742
724
742
730
724
746
738
726
742
726
714
728
720
740
740
754
740
744
732
740
730
726
740
740
744
736
734
758
730
710
718
720
714
740
742
732
734
734
734
744
732
744
746
738
742
756
740
730
720
726
716
732
732
736
740
734
728
736
720
728
724
734
734
730
738
730
730
734
726
736
728
742
734
730
732
730
726
728
736
720
730
718
714
710
732
728
736
728
730
736
754
730
740
736
738
730
738
736
728
738
734
738
716
718
706
712
714
706
714
712
704
702
712
704
696
696
706
704
702
710
716
726
706
710
710
694
724
730
750
726
732
730
746
730
710
726
730
734
746
734
748
736
740
724
716
734
718
734
728
724
730
730
736
742
734
742
726
742
750
748
732
736
736
734
718
734
736
730
748
728
716
726
734
718
730
744
738
738
732
730
730
726
720
714
726
736
732
738
728
736
728
730
726
734
740
748
754
754
736
754
728
756
744
734
720
716
716
724
724
718
728
726
718
722
724
732
722
720
726
708
706
720
710
712
710
706
708
704
700
700
700
702
706
736
740
732
734
726
744
726
734
748
736
728
716
722
710
714
712
722
734
732
730
726
732
720
722
736
734
724
766
724
736
728
724
714
714
712
698
710
716
706
702
726
710
732
726
732
716
736
730
726
730
736
722
746
726
726
728
730
744
738
736
746
742
742
746
734
740
752
748
752
754
740
734
726
732
728
744
740
736
738
740
722
734
734
732
732
746
730
750
736
736
734
732
742
752
736
734
736
726
730
718
738
744
752
742
750
736
738
734
732
746
742
750
746
758
742
756
736
748
746
746
738
756
742
752
742
732
730
728
730
726
726
720
722
710
716
716
710
716
728
724
744
744
748
748
748
746
742
750
742
754
746
754
754
752
744
746
748
756
770
758
764
766
752
748
752
738
748
754
764
750
760
758
738
744
750
746
760
754
772
748
748
742
744
738
748
750
748
734
734
722
728
726
730
738
740
758
750
746
752
754
748
766
750
762
756
752
744
746
738
750
742
750
750
756
752
750
754
748
758
740
750
742
742
746
748
738
734
732
714
714
714
714
714
730
732
712
744
742
740
752
742
752
748
750
762
764
760
758
750
764
814
762
766
758
764
734
732
728
722
724
738
736
746
752
740
742
742
748
734
734
746
724
754
740
722
738
726
744
750
756
758
754
746
740
728
736
744
752
754
762
750
752
750
738
754
748
760
762
756
744
746
768
754
738
748
732
750
740
746
724
746
742
736
742
726
744
734
728
724
716
706
706
702
704
704
694
708
696
714
706
710
706
712
710
700
750
754
758
762
746
744
768
748
754
734
738
730
742
720
734
712
728
728
720
740
732
738
744
742
742
742
736
736
746
738
736
758
738
734
740
728
738
742
748
742
748
722
728
724
722
720
718
706
740
724
736
728
728
732
716
728
732
722
716
736
712
720
734
724
738
762
738
750
748
748
746
728
742
726
742
738
738
750
762
758
746
744
762
760
780
762
754
764
740
736
740
754
756
768
752
742
758
730
732
738
740
732
734
722
740
726
724
726
736
722
742
756
740
750
766
748
732
722
730
730
730
748
732
746
730
730
736
732
734
722
744
746
750
740
738
744
744
766
754
770
768
768
788
772
738
726
738
748
720
758
752
774
754
756
758
760
748
750
770
754
770
752
750
752
744
732
750
728
734
730
732
720
744
732
728
726
736
724
728
730
734
730
728
730
734
738
750
736
742
744
736
756
748
742
750
744
746
752
762
750
756
752
748
750
748
752
756
768
772
762
754
744
754
750
748
750
736
762
742
766
772
760
766
764
770
750
738
744
726
720
738
726
734
778
752
760
772
766
756
740
758
756
758
762
752
766
770
776
780
782
768
760
768
756
750
756
760
748
754
758
750
740
750
744
736
742
732
738
746
740
734
748
736
732
744
726
730
738
732
730
738
734
728
732
730
732
742
754
744
756
760
746
752
760
758
754
778
764
758
756
758
778
754
748
738
740
738
740
744
746
714
714
704
702
688
732
720
744
740
730
740
740
750
770
752
758
754
774
760
758
750
760
748
748
740
736
738
722
724
718
716
720
722
718
716
714
716
698
746
750
736
756
794
770
770
764
754
752
750
742
734
736
726
732
738
734
732
730
738
736
730
732
728
732
726
722
726
724
724
734
738
738
750
744
740
738
736
710
730
730
724
738
736
740
740
736
738
744
728
736
740
718
732
710
716
716
712
698
760
740
760
740
752
746
712
716
718
714
716
704
748
736
746
738
738
728
732
724
712
710
712
696
706
700
708
714
734
734
724
744
736
720
730
738
742
724
752
750
738
742
734
730
728
718
720
726
736
714
726
730
720
724
728
726
730
728
728
746
722
734
734
734
730
740
758
748
752
760
748
748
756
738
750
750
734
744
750
744
730
734
752
742
764
770
768
748
776
758
744
762
766
752
766
750
774
762
744
778
748
748
736
740
746
752
742
750
726
736
732
718
768
784
770
780
790
770
754
758
732
756
740
742
752
744
738
746
744
744
728
754
756
738
736
730
718
720
724
724
722
726
726
722
728
724
716
748
724
756
746
756
762
744
752
760
748
754
764
752
766
770
754
750
762
746
772
740
754
754
746
748
740
734
746
740
754
760
748
760
758
746
752
756
766
746
772
770
772
756
786
764
774
794
878
852
854
816
750
742
748
740
750
762
758
758
766
758
756
766
768
742
756
774
770
752
770
776
774
764
762
774
756
754
756
748
736
752
730
750
782
762
768
750
746
750
738
746
754
760
764
756
762
758
766
732
758
742
752
748
756
750
754
720
722
712
714
720
704
748
754
758
758
770
778
776
806
806
800
766
766
756
736
740
740
748
732
774
746
764
774
756
772
744
748
758
746
756
750
746
758
748
762
750
750
758
760
758
772
762
768
748
750
734
752
744
750
746
748
746
754
726
734
738
730
742
744
728
732
732
748
754
738
776
760
762
768
754
752
776
758
772
760
756
754
740
734
730
728
714
728
724
728
740
734
756
760
752
752
752
754
750
748
750
732
752
744
732
738
762
742
748
740
738
732
744
728
728
758
754
752
766
760
756
752
752
750
738
738
736
738
744
726
734
740
718
762
764
766
762
760
780
764
748
750
736
750
742
740
744
730
726
736
736
734
732
738
742
742
744
738
738
736
738
738
742
740
736
732
744
726
730
712
720
730
716
726
718
728
716
722
728
726
726
726
724
728
732
726
706
710
710
712
714
718
722
722
720
724
716
720
724
720
728
748
752
750
744
742
762
748
758
764
746
752
748
746
748
742
730
744
736
738
742
738
734
738
722
726
722
736
720
714
720
724
714
720
730
708
754
774
776
778
792
764
718
728
728
744
740
734
746
738
742
722
716
706
712
710
702
704
688
724
704
704
706
728
722
738
738
740
748
754
764
750
720
714
722
716
722
728
714
704
718
720
718
718
734
724
770
766
760
750
776
762
758
756
738
728
722
720
716
716
726
722
728
720
722
722
730
728
736
724
730
734
744
740
742
740
740
742
722
730
738
740
738
730
728
718
742
722
720
724
730
718
736
734
722
724
728
728
736
746
742
736
746
738
746
744
750
740
728
728
718
722
698
702
682
690
694
690
686
678
730
730
746
746
766
760
738
738
732
738
724
720
726
726
706
702
712
714
720
718
714
720
700
688
696
700
692
702
690
742
724
746
736
722
750
732
728
724
724
730
726
732
718
726
732
716
728
728
722
712
722
726
714
706
708
712
722
710
710
714
728
702
704
708
714
714
724
712
710
724
730
724
734
726
736
738
744
744
732
724
752
722
702
696
694
688
682
674
720
726
724
718
718
718
728
732
748
742
750
752
762
756
754
766
768
748
754
744
768
734
716
702
710
698
708
704
686
684
684
690
688
682
678
726
754
702
734
746
722
730
740
730
740
758
758
754
736
712
716
722
720
724
716
706
730
740
748
744
732
732
732
722
740
734
728
728
742
732
732
726
724
728
722
714
716
716
716
714
706
712
714
712
706
710
702
702
696
716
708
698
708
716
722
716
716
722
720
720
704
722
752
744
746
756
744
744
760
746
742
790
754
762
750
740
732
736
736
744
752
728
740
734
732
728
722
746
734
718
730
734
730
726
718
702
704
706
706
700
702
738
744
752
742
766
736
766
762
748
778
752
726
724
740
700
716
716
716
728
734
722
740
734
740
740
708
722
722
700
742
762
744
762
750
718
730
732
728
742
730
726
730
710
726
726
728
734
724
724
740
734
730
734
728
738
728
734
744
726
750
748
756
744
754
770
764
758
750
758
746
750
742
748
750
734
738
738
724
732
714
718
732
732
760
752
738
744
734
726
742
720
712
714
714
706
722
724
730
750
740
748
750
740
736
754
758
752
742
744
754
746
754
754
752
754
756
748
750
746
738
756
754
742
750
736
734
738
728
730
746
734
752
756
744
726
730
722
720
734
704
750
742
744
748
758
744
750
746
750
754
756
754
746
728
730
720
732
720
732
726
728
732
736
732
728
726
736
736
742
740
740
742
738
720
734
720
726
736
742
746
744
748
728
736
734
736
742
744
726
736
738
728
722
728
726
732
728
726
722
700
702
686
686
684
690
682
688
678
682
690
688
684
698
688
710
732
710
714
718
698
716
700
694
668
666
682
678
662
686
682
680
674
668
678
666
676
666
660
670
656
662
658
646
670
678
696
704
706
706
704
722
702
704
650
692
680
676
680
686
690
680
682
674
680
704
702
700
690
688
706
700
670
664
684
680
678
686
678
686
684
688
680
682
682
720
718
694
694
706
706
686
694
704
704
712
716
710
732
710
734
718
686
680
686
674
672
668
668
650
662
652
662
660
664
676
670
700
708
722
714
712
710
724
722
704
724
692
712
698
698
694
702
686
692
700
676
718
720
740
740
730
718
732
708
710
718
730
722
720
728
712
714
716
716
722
718
714
714
720
700
704
708
718
724
724
720
718
708
710
712
718
716
732
764
754
756
764
766
734
744
738
738
740
746
748
750
724
708
732
722
708
720
722
714
722
724
724
720
720
726
710
698
706
696
694
690
682
718
726
728
732
746
734
730
730
728
724
730
728
726
762
724
758
746
744
738
728
722
720
720
720
732
724
728
732
726
732
716
730
724
712
744
724
734
730
732
750
730
772
764
744
756
754
732
746
748
744
756
764
750
750
746
738
736
734
732
728
752
740
744
748
752
730
740
724
730
724
716
712
714
704
694
718
700
718
734
724
732
746
736
732
730
742
730
736
748
742
734
746
732
710
718
724
716
712
730
726
718
734
728
726
724
728
732
726
718
728
710
742
722
732
730
724
724
724
724
730
728
732
734
720
732
726
740
738
740
730
734
728
746
718
692
710
712
702
720
712
696
688
704
694
708
742
748
748
740
764
744
744
736
736
736
730
742
738
732
722
714
728
728
716
736
712
738
736
720
742
736
710
726
718
730
720
714
724
738
726
722
746
722
712
700
686
692
686
692
706
710
712
712
720
724
720
720
718
716
722
710
714
698
732
710
706
704
710
716
704
694
692
696
700
710
718
716
710
716
710
700
702
706
716
718
716
718
718
714
716
716
716
716
710
712
694
680
678
690
688
686
686
738
716
726
714
730
722
692
696
708
706
708
704
714
698
684
688
692
684
700
688
720
718
716
736
716
702
714
712
712
702
710
720
714
698
708
704
702
706
724
714
716
712
702
710
700
708
710
712
714
710
708
714
698
710
692
698
694
710
716
714
704
700
700
696
700
692
704
714
712
736
726
742
728
720
732
738
736
738
728
744
760
744
700
716
706
696
706
710
686
720
706
716
710
710
718
716
708
710
710
714
718
720
712
724
724
722
712
732
726
720
716
726
724
724
742
756
734
730
738
748
758
742
728
738
738
734
726
730
734
710
706
708
698
688
704
708
710
710
724
716
718
720
724
728
736
734
730
730
738
722
718
710
700
708
706
708
708
702
714
700
706
714
690
702
700
710
702
710
704
706
706
706
736
746
738
736
736
744
726
714
700
704
714
704
712
716
724
724
728
708
734
740
740
748
732
736
722
726
724
722
710
746
760
744
762
748
748
734
744
704
730
700
706
684
692
698
696
686
700
678
724
736
750
748
778
750
728
724
714
720
712
720
722
712
710
706
710
706
704
698
710
704
702
704
700
700
704
702
700
712
720
714
716
722
696
696
696
700
674
690
686
666
698
714
696
708
712
714
702
714
710
714
724
726
712
718
720
716
734
730
734
734
732
736
724
722
718
726
732
728
716
722
706
704
698
698
700
700
704
698
692
694
712
700
718
756
716
730
732
704
706
688
680
686
684
694
702
704
696
716
712
704
706
684
700
688
696
696
704
702
696
688
700
694
694
704
682
704
702
696
720
702
698
716
692
692
702
708
718
706
698
704
692
700
708
730
736
734
732
734
722
730
728
720
718
708
732
710
724
728
708
714
726
716
718
752
736
730
738
742
720
730
748
728
720
708
716
710
726
724
718
710
714
718
718
720
722
730
736
728
732
724
722
726
724
726
728
732
730
730
738
730
744
746
744
748
752
730
738
726
736
736
726
738
746
748
742
744
718
730
718
720
722
718
718
710
710
702
706
696
696
700
692
696
708
712
704
712
714
724
726
720
764
734
752
756
744
740
760
748
760
760
732
734
742
718
724
734
714
716
718
722
728
728
724
728
724
724
718
734
734
724
724
722
730
708
708
716
714
718
724
708
706
716
698
698
698
708
688
734
724
726
736
744
730
702
720
700
708
710
704
716
708
714
710
714
762
732
730
730
732
722
722
704
712
714
714
718
716
714
720
704
692
696
704
698
696
694
706
698
688
722
732
734
744
730
752
734
742
730
728
724
746
722
702
696
704
708
698
708
710
700
700
702
708
688
726
706
696
710
700
694
698
700
676
682
700
724
714
722
708
720
716
720
726
744
736
730
728
740
722
722
738
746
726
724
718
714
720
708
708
698
718
706
702
742
730
736
730
728
728
732
730
728
752
732
742
732
728
714
724
724
728
790
738
724
724
722
722
724
730
732
724
740
730
732
734
712
714
718
720
722
718
712
718
722
720
716
716
718
714
718
702
730
728
720
718
722
710
724
704
726
734
736
738
734
726
728
722
722
730
730
730
736
728
750
736
714
706
716
720
708
716
716
706
710
708
702
708
704
720
720
734
722
710
720
714
710
702
706
710
686
696
698
682
694
692
688
690
696
712
704
712
706
708
704
706
692
704
712
712
700
704
716
694
712
716
720
710
730
716
710
700
700
700
694
700
694
694
714
696
722
718
722
734
736
718
730
726
724
746
734
708
708
708
704
714
706
722
724
732
734
734
738
720
746
722
726
706
710
700
702
688
686
678
678
676
676
690
662
666
680
666
662
718
750
734
778
786
782
776
798
768
754
738
734
742
756
746
746
752
732
720
724
720
732
720
726
734
714
714
710
720
716
712
702
768
732
746
744
728
696
718
716
712
702
728
740
736
740
734
730
728
748
746
730
738
734
726
726
726
712
726
736
724
732
736
726
748
722
712
702
694
706
710
718
726
704
722
724
730
734
762
760
754
748
744
768
746
720
734
736
726
724
740
730
734
716
714
712
714
718
724
714
722
726
730
730
718
710
716
714
722
724
708
726
748
716
744
736
742
728
718
720
710
714
698
716
722
726
734
734
718
724
726
710
718
720
716
710
738
708
740
732
724
576
786
504
444
756
504
432
428
430
430
416
490
444
448
432
436
442
460
460
430
438
444
502
444
456
446
444
470
448
436
438
450
450
458
464
446
452
462
446
452
442
448
444
446
440
430
436
440
428
440
460
470
454
464
440
446
442
426
430
428
426
426
448
450
438
436
440
446
448
438
428
444
434
432
436
448
458
440
450
454
446
446
436
426
474
448
434
426
438
404
540
498
482
466
436
434
396
420
448
424
502
414
432
410
404
392
438
412
426
426
434
436
440
438
440
432
442
432
432
442
422
428
430
442
438
426
432
448
434
454
444
444
452
402
500
442
430
432
442
416
418
430
442
428
420
418
416
424
410
464
456
432
442
402
466
476
424
430
440
426
464
444
432
422
432
418
424
418
422
422
406
464
440
434
464
452
446
446
420
406
604
524
380
422
408
402
406
400
406
384
410
414
398
456
460
452
416
408
410
416
456
428
428
426
444
432
420
408
408
408
434
508
478
592
430
406
418
410
408
404
408
424
436
414
442
418
392
390
402
420
404
646
448
374
410
418
394
422
412
476
428
418
440
486
418
412
426
418
424
420
430
426
426
416
424
424
412
424
458
434
432
428
422
436
412
434
426
414
422
418
416
424
420
458
432
440
422
424
418
432
442
432
428
432
424
400
442
430
460
422
418
404
420
408
404
472
434
426
406
400
416
410
418
450
444
444
446
442
442
438
338
522
458
492
462
418
438
422
420
400
414
472
434
438
418
424
428
420
420
422
424
422
448
434
424
518
406
420
430
404
408
418
444
426
426
422
428
404
414
404
480
412
430
436
434
396
428
422
412
412
426
432
436
432
422
420
432
414
404
410
420
426
460
434
426
472
482
632
464
430
440
422
412
408
402
414
402
408
424
398
494
446
418
416
410
430
414
416
432
446
434
418
396
416
548
462
604
794
596
514
578
406
400
380
444
416
420
642
512
420
478
408
454
530
448
400
416
408
414
418
426
440
428
428
444
424
428
424
418
420
424
414
416
422
424
408
410
634
450
378
394
412
408
420
412
428
434
418
414
416
426
418
416
430
420
428
412
416
430
428
414
420
422
408
436
410
392
404
400
426
422
416
414
422
404
416
410
404
406
412
428
406
402
418
430
442
416
496
442
408
414
410
394
392
396
406
404
442
420
428
418
416
410
430
420
424
414
412
406
408
402
414
406
418
424
424
426
452
434
446
422
410
404
408
400
416
410
416
394
396
410
400
406
406
442
424
418
418
416
418
424
422
410
414
408
396
408
382
412
394
404
390
424
422
408
470
444
432
440
560
484
590
894
476
776
804
862
810
870
824
840
848
836
840
844
834
842
836
828
850
850
842
834
838
848
836
856
828
952
794
798
804
802
780
572
658
826
858
828
854
862
424
684
748
418
442
416
418
408
398
402
402
404
418
416
408
420
432
444
424
422
412
426
408
420
424
420
420
418
420
418
430
420
430
418
418
418
412
420
410
424
400
404
392
424
418
