788
860
850
840
840
852
846
834
830
836
822
824
822
818
826
822
822
822
824
832
840
836
830
612
1084
824
824
866
834
842
744
758
728
760
754
818
598
952
774
782
852
784
828
818
826
840
860
614
1020
846
904
930
886
862
848
866
862
862
848
838
840
816
816
822
826
840
848
836
886
842
858
878
854
846
814
820
816
810
786
800
810
854
846
836
852
840
838
826
830
822
822
822
836
806
800
836
810
900
906
860
864
814
802
776
770
772
732
760
752
736
850
862
858
842
840
844
838
854
840
842
850
820
822
834
822
870
862
848
866
864
858
870
864
844
850
840
852
850
814
820
828
800
806
820
800
888
856
846
874
850
848
848
852
846
810
828
814
810
820
822
802
744
710
744
790
816
806
810
802
820
824
812
832
838
822
828
828
840
832
818
818
830
856
862
868
852
856
842
840
860
852
854
870
838
830
830
830
840
842
846
836
818
810
806
816
814
770
752
784
834
830
810
830
816
790
802
802
800
808
814
814
814
826
602
1074
794
742
812
834
870
844
836
858
842
842
854
814
802
824
816
842
840
850
844
854
844
830
814
826
814
826
818
816
824
822
830
816
812
806
818
804
812
816
824
822
806
804
794
784
800
438
1130
806
794
858
822
818
828
818
828
824
812
576
1110
854
854
898
856
822
848
846
838
828
826
834
826
828
734
738
764
848
844
826
848
848
826
830
822
820
820
826
824
814
830
814
818
830
804
834
828
468
1170
812
788
758
756
764
852
852
834
858
832
816
780
792
788
788
780
786
782
796
806
784
836
842
858
860
850
852
854
862
858
854
864
854
854
818
832
810
792
804
786
792
784
794
874
866
846
874
858
858
856
834
834
840
828
834
810
794
818
810
832
846
836
864
856
866
860
844
858
850
844
850
846
826
842
552
1026
788
782
734
764
768
756
704
680
718
684
824
914
904
902
896
884
894
890
884
886
890
876
846
858
860
846
848
880
874
854
876
862
872
858
832
836
838
828
834
836
818
838
456
1136
802
778
744
754
770
800
868
844
510
1178
860
848
830
822
804
818
806
822
820
834
828
760
778
700
744
680
834
884
830
864
856
852
848
848
850
802
772
810
504
1286
858
896
882
832
818
848
832
822
812
818
826
824
814
814
820
820
816
822
798
756
778
776
792
846
856
872
844
874
878
864
862
836
842
830
828
836
832
830
838
810
792
766
780
766
778
794
830
872
824
856
844
788
760
770
772
772
810
608
1068
826
778
778
798
800
882
852
856
858
882
878
884
870
840
848
846
844
764
884
882
878
866
886
854
802
812
816
832
874
882
878
864
870
832
826
838
824
832
830
832
830
808
792
818
812
782
714
742
722
750
830
836
824
824
848
842
824
822
844
832
828
854
778
766
758
758
762
840
512
1234
894
880
856
846
434
1162
814
756
764
756
760
772
932
856
836
876
858
814
806
818
804
850
844
830
858
820
804
774
728
732
758
744
824
844
868
838
868
856
856
872
860
854
842
808
842
836
840
860
854
854
858
856
868
856
832
774
802
798
802
830
844
836
848
852
846
846
834
860
850
780
782
794
802
802
832
816
838
822
820
838
812
820
840
854
852
842
862
868
848
894
880
864
882
870
890
868
832
864
838
840
828
818
812
780
786
794
794
878
862
834
886
884
868
872
858
888
850
810
780
800
808
792
862
900
856
862
828
796
800
786
790
780
782
762
784
786
798
878
868
836
850
844
838
852
842
830
836
854
850
840
850
848
844
846
856
812
842
838
816
844
830
510
1158
832
452
1048
792
828
886
830
836
830
814
816
810
816
428
1154
830
808
608
996
784
736
698
738
730
850
868
834
836
844
856
864
854
870
876
878
880
778
784
828
926
918
890
910
896
848
852
818
762
770
800
874
854
850
846
834
854
830
822
828
826
834
822
828
792
782
766
780
852
844
834
860
842
836
804
806
798
768
704
698
710
778
820
834
826
838
828
882
842
844
850
854
858
444
1196
876
854
870
834
820
840
832
828
820
798
782
770
778
768
852
878
852
870
844
848
864
832
834
834
810
814
824
824
804
784
752
790
762
784
856
828
832
896
846
862
850
802
776
752
780
778
782
806
624
1028
804
816
582
974
790
812
878
864
850
848
872
848
860
816
818
824
808
822
814
842
868
864
864
870
860
858
848
826
816
822
826
818
786
770
774
856
868
832
848
844
862
838
856
862
812
800
776
726
728
718
758
850
830
810
832
818
812
736
780
862
874
864
850
868
836
826
826
846
462
1208
844
826
872
838
808
828
824
826
802
802
796
800
792
800
808
784
832
824
832
844
836
838
850
836
846
852
852
852
868
856
826
806
786
800
810
816
880
908
862
884
894
882
850
858
856
830
810
816
744
740
702
780
614
1124
856
868
838
802
806
798
810
802
796
840
848
842
830
832
872
848
848
864
854
844
868
846
830
852
838
872
838
850
856
854
868
864
826
844
846
844
852
832
842
848
828
836
828
832
830
810
812
804
434
1084
792
782
850
820
798
786
794
800
786
794
792
796
794
790
794
782
446
1094
792
794
844
808
806
818
794
824
838
834
832
848
490
1204
848
830
880
862
828
846
846
834
846
850
852
842
840
838
828
806
792
782
778
772
784
786
794
774
828
844
846
846
856
866
858
862
860
856
850
854
852
836
832
846
836
840
852
848
832
842
842
836
858
830
812
790
798
808
454
1090
782
790
840
794
814
810
422
1230
850
848
770
750
776
860
870
862
498
1196
846
852
826
782
748
714
758
750
844
860
842
830
854
578
1178
854
882
874
882
872
860
792
758
818
864
912
878
848
836
824
804
800
806
798
782
786
798
790
788
796
798
784
792
786
832
836
838
636
1056
858
856
828
826
828
818
834
830
836
822
824
812
880
854
842
876
864
846
854
836
846
842
830
818
546
1034
798
784
746
772
854
872
844
872
864
830
854
842
842
842
860
856
844
842
844
840
850
852
832
806
768
782
736
778
858
868
848
838
806
804
818
808
816
806
818
818
812
808
816
814
810
810
802
812
800
798
798
800
734
788
786
788
846
828
840
872
872
862
882
882
838
862
864
836
856
860
836
866
840
850
826
832
832
820
824
824
836
868
856
864
876
860
884
880
838
856
854
848
824
836
832
820
838
796
760
798
786
840
910
502
1210
884
826
804
804
796
802
800
790
804
784
822
824
834
840
850
856
838
796
788
802
906
878
848
934
898
852
834
850
846
830
834
834
826
818
830
826
822
832
816
822
814
816
800
834
842
846
844
844
814
766
814
806
816
872
846
846
842
836
840
832
836
842
818
838
824
850
886
842
844
872
856
826
820
818
804
820
814
440
1126
772
488
1044
786
778
690
710
868
856
854
874
864
826
812
824
826
814
816
792
800
808
802
820
834
822
832
822
834
814
812
820
830
836
846
850
842
862
858
824
824
806
798
790
788
444
1074
762
756
806
772
784
780
792
784
840
842
834
856
848
846
838
852
834
840
838
844
832
832
840
838
838
836
836
780
834
852
892
852
882
886
866
884
872
830
854
830
834
810
834
838
844
864
834
830
854
836
858
856
812
800
778
816
834
820
828
838
840
832
764
810
746
758
884
958
864
904
882
864
850
854
848
844
842
826
824
828
830
824
822
816
812
822
814
822
802
834
832
840
752
816
812
792
804
790
806
814
824
812
820
822
844
846
848
866
854
846
854
868
864
852
854
852
840
840
850
842
616
1086
864
842
822
828
830
828
828
812
802
782
790
780
774
776
436
1166
818
802
856
832
466
1168
830
762
798
732
758
738
808
506
1274
854
870
820
836
840
832
798
760
796
778
764
890
884
858
868
872
850
830
436
1148
812
804
818
754
782
886
838
842
870
842
840
812
828
836
822
834
832
816
848
820
830
766
810
800
786
850
842
814
826
824
832
840
834
834
834
832
846
828
824
854
848
860
854
866
866
852
816
804
796
804
792
802
784
818
826
826
822
826
832
830
836
826
828
818
818
828
820
824
824
840
824
822
822
824
828
820
828
818
816
822
824
832
814
840
770
824
824
812
820
816
810
814
816
782
762
770
750
760
764
756
746
802
816
826
866
896
888
868
876
892
900
902
916
886
834
824
810
822
818
822
816
816
824
812
814
820
804
814
820
826
816
818
814
816
810
822
812
810
802
794
802
804
800
796
802
794
780
800
786
774
808
802
808
798
820
810
802
798
804
798
802
794
792
792
788
798
796
796
798
786
792
796
802
796
808
808
802
806
796
796
794
798
796
800
794
802
778
776
766
766
756
768
770
762
774
766
784
792
788
794
808
836
840
812
748
812
798
800
856
836
856
848
830
836
850
826
540
1010
782
772
758
584
588
590
584
602
594
606
584
632
644
662
670
662
656
652
652
652
496
458
508
484
504
518
574
532
526
610
650
658
664
658
648
656
660
662
652
650
658
670
664
666
674
658
682
668
648
660
650
652
652
648
652
648
652
634
670
674
658
658
670
688
672
688
678
662
670
672
672
680
680
664
668
674
662
670
666
662
662
674
650
678
668
666
654
662
664
674
672
660
684
680
674
680
670
662
658
654
642
682
666
664
662
668
684
686
678
676
698
678
654
670
672
660
668
676
654
656
650
648
660
664
656
656
654
656
662
662
650
660
648
656
650
646
640
640
646
646
640
650
628
652
652
666
672
666
652
672
670
656
660
654
646
636
640
650
632
646
642
642
644
638
652
658
652
654
650
638
654
640
652
634
672
664
658
654
668
676
690
670
696
680
670
666
664
662
654
650
652
658
648
668
662
654
642
616
628
626
626
610
602
610
612
594
628
626
622
626
646
646
656
664
656
650
648
652
660
666
662
660
654
648
650
656
664
670
658
652
646
656
662
660
650
642
644
654
660
660
660
670
656
654
648
656
666
664
654
644
670
662
656
650
646
656
656
670
664
674
670
656
664
678
674
674
662
678
672
652
652
646
638
628
618
606
592
608
600
616
622
628
630
636
634
640
620
672
676
676
680
666
676
688
688
700
690
680
680
692
674
694
688
686
706
692
664
666
668
648
650
646
640
640
644
632
626
660
650
628
634
648
640
652
628
612
624
628
630
614
626
628
632
632
640
622
650
642
624
624
626
640
652
652
660
650
638
640
638
652
642
642
634
636
640
650
658
654
652
646
650
648
656
660
658
646
642
646
644
658
658
650
638
646
660
658
642
642
662
650
640
642
636
638
634
636
640
648
646
644
642
640
648
626
662
658
654
670
664
662
662
658
654
650
654
656
658
662
660
654
648
656
658
656
648
644
636
646
638
648
652
650
652
652
648
652
664
662
654
664
676
680
674
666
674
660
676
670
674
662
664
646
656
662
660
666
654
642
648
642
654
666
652
658
654
656
656
660
664
662
668
654
656
668
654
644
624
630
638
638
624
634
638
640
650
628
668
672
658
662
660
668
674
672
658
676
678
646
640
624
620
614
612
628
618
646
658
650
652
654
662
672
670
674
656
672
682
682
678
674
664
674
684
684
696
694
678
698
682
696
686
674
658
648
660
658
646
658
656
650
648
652
648
666
658
658
662
634
646
652
640
634
622
614
612
622
608
622
604
602
612
616
608
628
634
608
638
656
670
680
676
664
680
684
700
686
690
682
684
684
682
698
700
692
710
696
678
682
680
676
668
672
672
668
670
676
662
650
650
648
658
660
650
652
652
648
654
650
660
664
658
668
648
654
654
648
644
652
640
656
662
656
656
656
658
656
666
664
658
654
650
652
652
646
660
652
644
650
644
652
644
642
654
646
650
646
652
654
652
638
634
638
628
646
644
636
632
646
646
646
648
644
652
650
648
652
634
672
650
642
644
660
656
658
650
648
644
650
650
660
664
654
644
670
654
658
668
646
636
636
642
634
620
662
662
656
652
648
660
666
666
652
656
658
668
672
654
648
672
656
656
666
666
668
660
660
660
666
680
666
672
668
662
674
670
674
664
654
664
664
658
652
660
652
652
654
656
662
666
636
642
642
636
644
644
638
640
636
640
636
636
638
634
636
638
634
650
638
636
636
644
656
646
650
656
624
634
640
640
642
646
634
634
632
626
642
648
644
644
640
654
654
648
656
638
654
654
642
638
638
634
646
642
646
642
640
628
636
626
642
648
644
636
650
640
636
644
638
638
642
640
642
650
632
640
640
644
646
652
654
654
648
648
640
644
654
646
656
650
648
644
644
644
654
650
650
640
640
650
648
654
646
642
654
638
638
650
640
640
640
650
624
642
642
636
634
630
628
628
616
610
612
608
610
616
602
596
650
646
632
632
640
652
650
648
656
656
638
636
642
650
658
660
650
642
642
646
650
644
650
636
642
642
644
644
646
648
638
642
650
636
646
646
632
630
642
650
646
656
642
644
638
646
646
654
658
648
646
666
644
652
646
638
642
638
634
648
626
624
640
628
622
616
620
618
604
644
634
646
634
636
634
638
644
642
638
624
634
648
640
646
636
634
634
638
634
642
640
638
652
648
626
626
626
622
620
618
622
616
626
604
632
632
632
644
646
644
640
648
642
644
646
650
648
656
642
662
662
640
652
644
644
646
654
654
648
652
648
636
644
650
650
652
632
630
634
638
624
630
628
630
636
640
642
646
646
646
640
654
640
650
638
640
640
640
650
644
646
634
640
640
626
632
634
626
636
618
644
640
646
658
662
654
670
650
656
646
642
658
658
654
654
642
664
656
616
622
610
612
606
598
602
594
606
618
612
608
610
594
632
652
652
656
658
658
650
658
662
668
674
676
668
660
656
666
658
672
666
634
634
632
642
630
618
658
650
644
660
682
666
668
656
660
670
662
668
662
662
648
652
656
668
670
662
678
664
668
660
662
664
656
670
646
646
646
652
664
662
652
654
654
650
654
650
652
650
660
640
650
650
654
634
626
616
608
620
606
616
626
620
630
634
642
636
634
634
648
652
650
646
644
646
652
662
636
668
650
654
656
666
662
644
640
646
658
648
646
662
658
636
640
640
648
634
640
642
644
660
660
652
660
640
642
650
646
646
654
646
636
644
652
634
654
650
652
652
652
652
654
652
650
660
658
654
652
654
656
658
654
646
644
650
642
656
648
642
658
642
634
628
614
606
610
602
614
598
640
636
636
656
684
684
694
676
700
686
684
686
682
682
680
678
678
678
674
676
670
678
674
682
676
668
658
654
658
664
666
668
662
646
656
656
648
652
656
654
646
650
664
640
652
646
636
642
646
646
660
662
652
642
646
658
668
660
660
664
650
662
668
660
662
660
646
642
666
654
670
650
648
672
652
654
660
656
656
658
654
656
660
674
664
666
666
654
666
670
664
646
650
642
648
654
640
650
652
642
642
644
644
646
652
642
656
632
644
644
650
642
646
642
638
642
648
642
654
656
648
650
660
664
658
658
660
652
654
650
650
634
650
638
646
654
660
656
646
648
644
650
650
648
662
652
646
644
642
662
662
650
672
658
670
658
644
648
642
632
636
638
626
644
648
644
642
654
648
664
650
650
656
648
652
658
636
652
656
648
642
636
646
646
642
644
656
654
642
636
634
638
622
628
636
620
626
616
652
644
630
650
656
670
660
656
658
648
654
658
652
650
660
672
668
642
648
662
646
644
630
630
636
634
640
630
636
622
620
620
630
618
636
630
624
628
610
646
654
654
652
660
644
658
660
656
668
658
646
646
658
654
664
664
658
654
652
660
660
676
670
660
656
660
664
654
646
662
650
610
614
624
626
610
628
624
604
656
660
680
682
674
684
694
688
676
696
696
690
684
682
660
654
654
660
658
664
664
660
658
650
662
652
658
652
654
664
658
664
664
668
668
658
646
654
646
664
668
664
656
670
658
652
650
652
634
636
624
616
632
624
608
650
640
644
650
654
662
662
662
648
644
648
656
660
664
652
652
652
650
656
652
654
648
646
650
656
654
644
652
650
640
652
658
662
660
654
672
654
656
668
650
646
644
642
640
638
642
642
624
608
616
620
614
634
632
628
626
640
642
646
652
648
644
648
644
654
634
660
646
640
640
654
652
660
660
656
650
652
656
672
664
658
676
666
650
656
650
644
648
634
650
634
636
652
658
658
652
650
648
654
654
666
656
658
652
650
652
646
654
656
652
656
644
650
652
650
648
634
634
632
648
622
662
662
652
644
656
658
670
672
654
648
664
678
672
668
666
668
660
660
664
674
680
672
658
686
668
676
662
656
664
660
646
642
644
644
628
670
664
662
658
654
654
662
668
652
670
652
626
624
628
622
616
626
628
624
636
620
656
658
658
656
674
674
690
676
672
696
680
682
676
678
688
668
674
674
674
676
680
678
684
658
666
666
652
670
646
646
658
652
654
658
658
652
642
652
644
660
656
650
660
658
646
654
658
658
662
652
650
654
652
654
654
614
600
618
600
622
626
634
632
638
644
624
666
670
670
684
678
662
658
668
672
666
656
660
664
652
670
678
662
670
660
664
678
676
680
660
668
660
672
664
666
660
662
662
658
662
666
662
666
658
660
670
662
640
644
650
638
654
630
664
662
652
644
652
664
672
670
656
674
666
638
644
646
634
650
648
650
650
662
670
664
662
664
646
650
654
656
660
658
644
634
642
646
640
642
648
642
642
640
652
648
648
652
650
648
644
650
658
652
646
654
640
638
646
652
652
656
654
644
652
650
662
664
664
648
666
650
652
658
660
654
656
650
646
654
660
652
662
656
654
652
652
664
664
658
658
668
646
644
650
644
642
648
646
658
638
666
644
656
654
620
620
624
618
614
604
612
612
604
624
618
604
644
666
670
668
664
658
680
684
694
688
702
694
686
700
690
688
690
684
682
692
668
676
670
662
674
666
666
668
664
682
676
676
666
678
670
668
666
666
662
664
646
644
648
642
656
660
654
664
644
642
648
648
648
640
640
620
616
612
608
614
614
624
604
664
672
664
674
672
688
686
688
696
694
676
698
684
686
686
678
678
684
660
666
668
666
664
670
664
668
660
668
670
666
660
652
652
652
650
656
652
644
634
634
644
644
640
634
620
604
610
616
602
594
632
636
626
642
648
658
666
666
658
656
664
676
678
672
662
668
656
670
670
666
672
662
680
662
654
654
660
660
646
648
654
654
646
660
646
662
654
654
656
660
664
658
652
666
654
660
662
666
652
658
664
654
656
650
664
666
668
664
666
658
662
656
650
658
620
608
630
626
612
634
630
632
634
640
620
662
660
656
650
670
660
660
660
662
658
656
660
654
666
658
660
658
664
652
656
658
662
658
644
644
640
636
648
648
652
644
650
648
660
668
662
658
660
654
660
662
662
652
636
640
640
626
618
608
618
622
612
626
634
640
644
652
660
668
672
668
676
658
658
672
678
676
670
674
668
668
670
676
668
668
666
668
654
678
668
658
680
660
658
674
654
658
644
620
630
636
626
636
638
632
632
642
638
644
642
642
642
642
640
656
660
636
666
652
648
654
664
664
670
656
656
646
650
654
666
670
654
652
648
650
672
664
662
684
660
662
644
654
650
648
648
646
618
610
626
624
616
624
626
630
622
636
634
644
648
642
646
634
646
648
648
638
630
640
628
648
632
674
676
656
656
664
680
680
668
670
662
660
662
664
668
672
670
686
684
654
672
658
660
646
644
652
642
660
662
656
664
644
652
648
640
650
656
650
644
648
648
658
648
642
640
640
642
638
636
640
632
598
598
608
598
618
604
602
608
612
610
620
594
584
602
598
588
576
574
582
584
588
582
590
586
590
592
596
596
590
598
610
610
608
600
638
642
640
646
664
664
664
682
672
628
624
606
604
618
614
606
612
610
604
618
618
614
624
618
620
618
624
600
604
596
604
604
594
592
590
600
590
604
582
622
642
646
658
664
676
680
672
664
670
676
672
658
656
656
668
658
674
656
632
646
624
616
620
628
614
622
616
616
614
632
624
614
630
604
596
592
586
582
574
624
612
624
648
664
672
672
662
674
688
690
698
700
696
688
692
696
698
694
714
702
664
666
662
660
656
646
662
658
648
652
652
648
652
650
660
666
666
660
660
660
640
638
634
636
630
636
640
630
640
622
666
664
664
664
666
682
660
668
664
676
658
672
656
618
626
620
620
606
608
604
612
612
620
600
656
652
658
652
662
674
678
672
686
696
684
692
694
698
684
706
684
656
658
664
650
652
652
654
652
648
648
656
646
650
660
642
666
662
640
668
668
670
658
648
676
660
638
654
642
642
646
642
648
652
636
630
640
626
634
630
632
648
652
656
670
642
686
680
692
704
712
716
702
708
708
696
720
704
702
708
698
700
692
692
692
688
678
678
672
672
682
670
658
690
678
682
692
690
698
694
702
692
706
700
710
716
702
706
700
706
698
690
714
700
698
702
702
692
702
690
680
682
686
686
680
682
674
674
668
696
692
682
698
704
700
708
708
692
710
704
686
698
694
676
674
666
664
658
654
650
656
648
646
654
666
638
674
656
670
668
672
688
694
690
686
682
680
692
698
690
682
682
678
684
690
686
678
676
666
672
666
684
680
678
696
676
676
680
678
682
676
670
672
668
668
672
678
674
668
666
674
652
666
672
654
682
674
666
668
666
672
668
674
668
686
664
658
660
674
666
670
656
682
660
664
650
658
660
654
646
652
654
648
664
662
660
662
668
678
674
668
674
670
664
676
680
684
682
682
664
666
672
676
680
656
674
670
668
674
682
686
680
690
686
700
698
694
700
676
688
688
692
678
682
680
690
674
686
686
672
670
666
660
648
678
662
656
670
668
674
672
664
672
676
680
678
690
672
676
682
680
694
694
686
674
680
676
684
688
684
682
674
664
680
688
686
686
700
688
672
666
664
670
664
664
666
660
674
656
680
674
674
676
680
674
670
664
668
670
676
658
654
654
644
666
666
676
688
686
668
676
684
686
694
680
680
684
688
702
686
692
670
668
666
674
664
668
668
674
654
670
666
666
654
662
662
660
668
668
670
652
670
652
690
686
680
678
684
692
698
688
688
688
680
684
688
690
680
670
670
672
676
674
670
660
684
672
678
666
662
650
658
662
646
658
644
646
644
654
650
638
664
654
650
654
648
656
662
656
648
652
654
660
664
670
678
672
678
674
672
672
678
672
672
676
668
676
684
692
694
670
676
670
666
670
674
664
664
662
660
656
656
650
650
654
660
644
664
658
670
676
682
682
680
688
678
682
682
686
678
680
672
672
684
680
690
684
690
670
670
668
666
654
648
660
650
656
662
658
656
658
656
658
658
656
654
666
650
666
654
658
660
654
640
682
684
680
680
670
676
684
698
710
686
706
700
680
676
678
682
674
670
668
670
678
670
674
668
670
666
680
680
672
676
684
662
666
668
674
666
664
666
674
670
670
666
660
654
662
668
664
658
644
648
654
644
646
662
660
644
518
580
684
504
628
426
1236
820
766
786
792
792
792
802
808
800
804
800
812
788
814
810
808
826
812
816
814
804
816
808
820
810
804
818
816
818
812
486
1150
814
806
838
820
800
806
804
794
794
798
796
790
788
770
734
718
742
746
844
856
854
856
856
866
844
830
832
842
828
820
832
820
820
824
810
808
810
818
798
816
812
822
812
812
802
814
790
812
812
818
808
802
824
826
806
806
824
820
814
810
812
834
820
820
814
808
820
834
832
812
844
828
818
836
818
812
814
810
822
816
812
800
800
812
808
810
810
816
818
814
820
806
808
796
782
796
800
784
806
814
802
804
822
818
812
810
802
812
816
794
864
854
846
852
844
842
832
830
842
834
838
848
812
810
812
794
790
788
796
794
802
788
804
784
784
784
800
792
830
842
842
842
828
828
842
842
832
838
832
840
834
840
826
814
820
832
812
822
822
818
814
808
820
802
792
796
800
788
734
710
718
732
760
738
738
820
890
902
866
882
860
844
836
828
816
808
818
822
810
816
826
806
824
822
818
818
814
814
822
764
730
728
736
780
866
858
838
858
850
850
850
852
824
822
824
810
806
816
802
800
768
730
734
752
788
866
866
858
860
854
860
864
844
828
834
810
798
798
802
808
808
806
808
802
812
796
800
798
796
784
794
788
776
778
832
850
852
844
832
844
848
842
862
850
842
840
832
810
810
824
810
808
802
796
790
792
800
802
804
836
850
846
846
842
832
824
836
840
822
816
824
500
1130
834
814
778
776
766
734
708
710
768
860
860
838
864
862
854
864
820
818
830
832
832
826
806
830
828
824
808
814
822
820
820
826
806
812
812
806
452
744
