1400
1100
1148
1204
1054
1038
1096
1188
1130
1370
1186
1172
1254
1154
1136
1186
1104
1124
1078
1066
1178
1124
1278
1142
1184
1370
1162
1210
1046
1142
1532
1240
1400
1460
1274
1354
1314
1192
1316
1222
1248
1474
1246
1382
1358
1286
1358
1318
1388
1340
1210
1152
1274
1508
1414
1388
1472
1314
1178
1122
1242
1264
1222
1300
1278
1176
1210
1080
1054
1128
1160
1136
1324
1446
1300
1120
1104
1232
1524
1236
1104
1422
1222
1298
1148
986
1074
1072
1166
1126
1144
1144
1230
1166
1202
1226
1172
1204
1320
1244
1250
1252
1290
1256
1124
1034
1098
1320
1142
1102
1046
982
1092
1026
1030
1034
1014
1034
1014
1092
1044
1050
994
976
988
1490
1250
1378
1442
1326
1308
1314
1104
1230
1202
1160
1050
1068
1040
1040
1024
1112
1200
1100
1108
1006
1006
1026
986
1080
1052
1074
1122
1094
1126
1282
1148
1106
1026
1008
1026
1020
1020
990
960
1000
1132
1198
1102
1080
1280
1148
1150
1230
1178
1124
1084
1032
1034
1058
1058
1100
1134
1108
1108
1116
1060
1086
1104
1084
1076
994
1050
1012
1010
1018
1008
1028
1018
1086
1046
1142
1360
1210
1218
1240
1164
1084
1038
1000
1046
1126
1062
1076
1254
1116
1122
1074
992
1062
1042
976
1024
1008
1008
1010
976
954
942
932
936
950
986
1046
1140
1058
1278
1254
1358
1312
1106
1056
1066
1002
1042
1044
1034
1044
1054
1044
1054
1164
1068
1126
1338
1166
1208
1296
1146
1094
1144
1086
1144
1244
1200
1090
1084
1054
1074
1024
1014
1028
1044
1324
1106
1174
1160
1172
1274
1078
1088
1064
1154
1438
1452
1258
1040
1026
1284
1406
1196
1178
1418
1138
1160
1132
1050
1102
1440
1428
1314
1388
1368
1112
1060
1012
996
1030
1040
1298
1130
1194
1198
1016
1048
1022
1022
1044
1432
1136
1320
1102
1180
1306
1200
1222
1080
1142
1152
1110
1130
1124
1072
1016
1248
1168
1196
1204
1060
1106
1138
1110
1102
1072
1052
1076
1160
1094
1108
1096
1096
1174
1120
1080
1132
1114
1088
1010
1002
1160
1080
1090
1152
1438
1480
1164
1102
1052
1002
982
898
890
898
904
912
942
1090
1110
1056
1144
1104
1054
1102
1048
974
1038
998
956
980
990
1120
1040
1068
1054
1048
1064
1000
1016
1024
1008
1006
1012
992
1046
1076
1066
1064
1034
1020
938
946
946
914
934
922
1056
1182
1070
1086
1074
1014
1052
1030
968
988
980
1004
1340
1090
1100
1044
1074
1358
1362
1110
1176
1356
1294
1312
1288
1418
1518
1490
1346
1534
1454
1146
1064
1052
1070
1508
1354
1444
1414
1374
1206
1184
1032
1148
1094
1186
1136
1138
1150
1128
1094
1128
1046
1098
1056
1092
1146
1136
1112
1062
1038
1066
1084
1128
1052
1088
1598
1502
1384
1366
1108
1272
1472
1590
1240
1516
1634
1264
1182
1572
1472
1370
1470
1190
1158
1540
1308
1162
1532
1348
1170
1494
1156
1012
1354
1566
1206
1498
1426
1372
1570
1542
1582
1588
1560
1598
1672
1572
1600
1302
1260
1598
1596
1252
1550
1270
1052
1092
662
986
1502
1598
1546
1528
1564
1542
1518
1540
1520
1464
1500
1482
1468
1598
1518
1464
1596
1508
1522
1578
1176
1598
1564
1554
1596
1520
1542
1516
1524
1550
1542
1594
1598
1572
1568
1564
1566
1552
1634
1590
1376
1308
1530
1398
1382
1680
1580
1424
1034
1590
1598
1570
1474
1640
1522
1480
1530
1590
1522
1670
1598
1582
1652
1622
1614
1606
1618
1602
1566
1552
1572
1510
1598
1554
1504
1564
1540
1526
1566
1684
1538
1552
1590
1474
1510
1584
1534
1662
1580
1578
1566
1570
1216
1580
1588
1716
1624
1648
1590
1556
1590
1520
1558
1562
1622
1598
1554
1628
1546
1510
1212
1122
1082
996
988
944
950
924
902
912
894
864
846
856
790
822
788
772
760
764
752
754
758
790
880
910
916
1074
1132
1034
1062
980
940
922
948
932
922
940
940
996
970
986
994
996
998
994
962
950
958
930
922
902
902
920
1012
1100
1288
1142
1178
1120
1086
1048
982
956
916
912
902
906
906
900
982
1022
1030
1050
1096
1078
1246
1184
1256
1226
1084
1018
966
1036
1088
1260
1022
1018
1168
1120
1046
1048
1048
856
546
996
1198
1206
1252
1272
1254
1284
1252
1278
1402
1354
1376
1190
1494
1282
1360
1210
1164
1120
1038
1076
1020
998
1044
1074
1042
1164
1128
1112
1172
1142
1106
1038
1060
1048
1044
1058
1042
1044
1022
984
1012
1000
1004
1042
1244
1282
1214
1306
1408
1342
1194
1090
1060
1044
1022
1038
1028
1022
1012
1056
1076
1500
1270
1496
1308
1254
1432
1110
1116
1302
1186
1446
1376
1522
1476
1272
1358
1366
1340
1352
1510
1460
1436
1476
1568
1208
1324
1214
1130
1472
1132
1186
1098
1032
1102
1320
1126
1102
1094
1076
1096
1190
1382
1148
1010
1062
1054
1042
1058
874
576
1032
1256
1152
1070
1046
1052
1046
1060
1056
1146
1394
1390
1278
1218
1490
1130
1050
1080
1072
1128
1252
1094
1054
1040
996
978
1010
966
994
1100
1010
1128
1112
1098
1214
1166
1306
1222
1214
1242
1230
1230
1234
1184
1052
1076
1116
1038
1068
1252
1192
1130
1044
1038
1088
1214
1092
1028
1026
952
1018
1012
1002
1100
1046
1072
1076
1068
1056
1070
1044
1124
1214
1196
1318
1226
1242
1234
1200
1186
1220
1214
1190
1210
1140
1052
1048
1084
1056
1074
1138
1078
990
1076
1034
978
992
954
976
1030
1104
1204
1444
1346
1324
1358
1352
1222
1160
1204
1184
1326
1220
1166
1164
1056
1124
1104
1198
1154
1060
1094
1086
1058
1046
972
1020
1012
994
1016
1106
978
1542
1262
1258
1190
1190
1110
1180
1338
1220
1360
1398
1456
1378
1388
1362
1246
1240
1064
1056
1054
992
998
1078
1038
1022
1150
1058
1052
1118
1238
1212
1206
1172
1118
1092
1002
1058
1048
1100
1070
1180
1140
1190
1166
1230
1280
1230
1176
1090
1050
1108
1124
1182
1272
1124
1052
1086
1002
1036
1040
1032
994
1018
1010
1012
1008
990
1012
1004
996
998
998
1012
1084
1014
1036
1028
1006
1022
1050
1008
1072
1084
1068
1078
1188
1094
1106
1224
1280
1096
1084
1136
1060
1030
1076
1056
1056
1094
1086
1062
1312
1130
1156
1148
1164
1160
1150
1138
1060
1094
1072
1026
1010
1020
986
962
962
962
966
970
990
1004
990
946
922
930
892
908
896
882
902
888
966
964
946
1012
988
976
1006
998
974
1004
992
950
966
944
962
960
964
958
978
978
980
1000
1048
1060
1068
1056
1060
1238
1342
1148
1202
1232
1110
1042
1070
1078
1014
1078
1138
1082
1414
1182
1238
1204
1036
1102
1042
1060
1026
1054
1034
1032
1050
1034
1040
1006
1036
1028
1030
1058
1026
1056
1044
1028
1048
1062
1068
1048
1066
992
970
1364
1390
1250
1054
1070
1084
1056
1030
1020
1026
1030
1022
1018
1010
1000
1034
1110
1112
1076
1032
938
970
1094
1084
1218
1150
1058
1050
1090
1030
1002
998
1004
998
1028
1102
1170
1100
1090
1122
1088
1094
1098
1104
1060
1102
1100
1172
1158
1136
1080
1046
1032
998
988
980
988
974
982
1016
1000
1032
1042
1014
1054
1024
1016
986
976
938
974
962
984
988
992
1044
1104
1058
1104
1136
1108
1108
1100
1118
1110
1106
1178
1212
1168
1076
1004
1024
1010
1004
1032
1112
1036
1026
1022
1018
986
968
1004
1196
1264
1202
1240
1214
1428
1402
1266
1186
1094
1142
1282
1164
1160
1204
1188
1078
1162
1148
1106
1096
1422
1308
1218
1050
1068
1056
1146
1198
1148
1156
1190
1212
1184
1160
1036
1040
1024
988
990
1086
1144
1082
1180
1134
1110
1136
1086
1046
1030
968
1000
1066
1090
1306
1338
1160
1214
1232
1264
1140
964
1026
1050
1000
1012
1042
1028
1016
1062
1032
1038
1034
1010
1036
968
960
984
960
978
1042
1124
1064
1178
1094
1050
990
942
972
968
974
1138
1280
1284
1312
1240
1146
1098
1034
1030
1008
990
964
984
984
920
958
972
978
982
980
978
966
1008
970
1044
1002
996
998
990
1012
1066
1072
1064
1172
1128
1156
1164
1148
1204
1172
1070
1136
1106
1090
1092
1016
998
1002
978
972
992
980
992
996
942
930
934
940
922
926
946
938
966
658
1242
968
900
872
934
1072
1180
1060
1094
1240
1150
1164
1072
954
932
942
924
964
938
936
938
948
934
972
1022
1028
1028
1240
1094
1136
1138
1130
1090
1052
1020
1056
1058
1076
1046
1412
1154
1088
1082
1008
1000
1044
1024
1070
1056
1172
1090
980
1076
994
1038
1036
946
1010
982
956
980
990
996
1022
1078
1036
1044
1036
1252
1186
1160
1122
1064
1078
1044
1068
1040
976
1024
998
1022
1136
1070
1074
1066
1026
992
982
970
984
984
996
958
986
996
1054
1068
1056
984
1034
1262
1144
1146
1058
978
1012
1004
958
984
972
968
958
1008
1032
1104
1066
1080
1034
1036
974
1042
1002
1040
1036
1034
1074
1012
978
1010
986
994
1042
1028
1030
960
976
944
972
1014
1104
1096
1142
1100
1028
1004
972
1002
998
1000
1014
1008
1032
1102
1048
1100
1120
1084
1108
1050
1084
1036
1018
1020
966
994
1142
1028
1172
1126
1124
1154
1094
1126
1120
1142
1104
1122
1026
994
1050
954
1058
996
1342
1110
1060
990
926
924
954
994
952
958
606
934
1168
1100
1188
1066
1050
1000
980
960
950
944
960
962
954
946
996
984
1030
1040
1020
1034
1020
1020
1040
1088
1040
1042
1062
988
1004
1016
1000
1010
982
970
976
958
974
1022
1082
1042
1030
1092
1066
1048
1056
1024
1048
1068
1060
1204
1108
1128
1160
1096
1130
1134
1032
1084
1058
1034
1062
1046
1012
1032
1022
1044
1004
984
956
952
960
952
962
944
964
996
986
994
1100
1142
1082
1126
1102
998
1020
982
944
942
930
944
930
938
934
1004
1114
1098
1074
1106
1094
1106
1058
1094
1070
1076
1076
1126
1108
1194
1106
1098
1208
1124
1136
1158
1106
1090
1124
1048
1088
1068
1018
1060
1032
1052
1056
1064
1008
1034
1042
1026
1052
1054
1052
1042
1014
1034
1046
1022
1016
1002
980
984
968
972
976
966
964
966
966
968
962
972
964
1100
1012
1018
1066
1012
992
984
992
1006
1006
1008
1004
1006
1010
988
978
950
948
932
936
966
992
972
964
922
910
912
872
860
876
866
914
906
918
930
910
920
936
922
916
920
904
896
894
918
932
922
946
966
926
938
934
940
928
938
938
926
924
926
912
912
876
860
880
886
858
920
922
904
932
918
908
922
912
900
902
908
914
894
954
994
986
972
972
974
968
988
966
930
926
942
952
946
1000
980
988
992
982
980
982
1046
1014
988
966
932
940
944
894
878
906
886
884
888
970
952
1132
1032
1138
1096
1170
1086
1106
1132
1242
1112
1108
1030
1028
1062
1056
1076
1094
1194
1146
970
1004
1022
986
1030
1042
1032
1012
1030
1096
1010
1024
1046
1086
1070
1086
1120
1274
1058
1052
1042
1042
1020
1032
1112
1110
1398
1126
1144
1516
1158
1084
1136
1014
1032
1116
1180
1060
1006
1006
968
982
1040
1044
1092
1002
1024
1030
1000
1030
1250
1212
1064
1058
1116
1004
1060
1078
1056
1040
1010
1032
1032
1132
1068
1072
1092
1078
1076
976
1040
1044
988
926
916
952
1238
1030
1032
1006
1018
1034
1104
1506
1308
1256
1136
1042
1054
1026
968
1056
1042
1130
1010
1064
1266
1112
1030
1038
1032
1026
1178
1064
1080
1092
1050
968
1000
1024
1046
1024
1048
1100
1054
1098
1586
1140
1272
1260
1054
1190
1316
1106
1160
1150
1400
1196
1082
1204
1462
1380
1308
1282
1054
1092
1068
1086
1080
1106
1270
1258
1176
1156
1230
1250
1202
1078
1094
1092
974
1012
1036
1004
1018
1008
1012
994
1246
1084
1060
1040
1070
1078
1034
976
984
1008
1140
1020
1028
1024
1060
1054
1048
1234
1268
1120
1220
1096
1024
1094
1174
1084
1048
1062
1180
1090
1324
1144
1230
1392
1222
1248
1284
1162
1036
1372
1482
1190
1422
1364
1108
1070
1050
1122
1102
1130
1140
1134
1026
984
1016
1018
1008
1024
1138
1146
1066
1058
1094
1090
1082
1090
1094
1086
1018
1038
1020
950
970
900
826
872
858
854
848
832
820
832
768
792
800
770
770
766
872
954
970
950
934
930
938
976
944
1002
956
984
956
884
876
844
856
852
842
832
834
822
868
884
878
872
924
926
1002
1058
994
1034
1024
982
938
942
904
906
896
882
870
880
868
926
956
966
962
944
964
954
904
892
908
904
908
894
890
1048
1018
1108
1046
1036
1026
998
952
940
926
930
920
924
910
976
998
964
962
978
1048
1004
1006
998
1008
978
1004
998
924
930
868
824
870
882
914
1132
1046
1060
1042
1382
1284
1376
1434
1148
1054
1020
982
1008
1002
976
952
926
920
916
910
912
908
908
946
954
936
950
1010
994
992
982
992
954
936
922
888
878
880
884
868
868
878
870
872
872
872
876
872
868
942
966
1028
1040
1036
1034
986
968
972
950
942
948
948
940
946
942
970
948
948
960
968
962
916
906
924
928
900
922
944
950
956
950
950
972
992
1132
1100
1116
1130
1066
1004
1000
950
928
938
950
1008
1096
1070
1078
1068
1056
1018
974
978
966
928
936
946
908
932
922
944
994
1036
986
998
964
976
988
954
980
968
940
968
958
996
1052
1010
1038
1088
1036
1044
1062
1014
1002
1016
1030
1058
1048
1072
1028
978
1018
1008
1034
1126
1050
1046
1058
1060
1028
1000
1008
1016
1006
1000
982
954
958
932
948
946
950
976
972
948
950
954
914
874
854
852
852
864
900
974
964
1006
1052
1002
1038
1020
948
926
898
886
862
854
856
840
856
850
830
864
884
878
908
958
968
962
960
998
982
986
978
990
978
980
930
934
920
918
916
918
912
996
1022
1046
1064
1122
1092
1040
1080
1032
1046
1060
984
982
974
964
950
974
968
982
1060
1024
1024
1072
1050
986
1004
980
974
986
974
952
956
964
942
992
982
984
1004
990
984
998
972
932
916
904
914
902
904
906
918
964
974
1002
986
988
998
952
948
926
898
876
916
916
974
952
972
960
982
1002
996
1008
972
942
914
896
884
888
942
1032
1112
1102
1062
1092
1042
966
986
962
944
958
960
1000
982
970
988
970
994
974
970
978
982
970
964
938
966
964
948
934
910
906
882
888
884
878
882
890
880
884
900
888
910
912
934
934
942
962
950
936
946
950
948
932
954
958
958
1004
1014
994
1022
984
926
906
886
876
858
852
834
848
836
844
912
930
982
960
972
994
964
958
976
942
932
952
948
932
968
952
940
938
946
958
974
1000
972
996
1006
974
934
916
912
916
918
918
904
896
964
932
996
1052
1022
1006
1034
1004
924
914
898
890
884
892
948
1054
954
998
1008
978
1008
1006
942
940
866
854
844
818
818
806
800
802
812
814
794
830
842
856
834
848
880
882
898
924
988
964
946
952
960
954
940
896
920
916
902
922
946
944
1010
968
968
938
920
896
892
888
892
890
894
890
884
910
926
920
908
918
928
910
904
908
888
906
910
856
860
874
866
846
920
922
898
914
900
908
892
858
848
848
848
832
884
880
900
932
958
986
994
978
990
960
948
944
964
946
982
1006
1022
984
1020
992
940
928
960
942
930
960
962
1154
1018
1084
1054
984
1022
978
978
952
914
950
932
920
920
900
910
1000
982
1032
1180
1070
1244
1160
1078
1156
1114
1078
1102
1080
1078
1084
1120
1080
1086
1028
998
1030
1054
1022
1052
1144
1106
1038
982
980
938
958
944
948
984
1068
990
1020
1072
1024
1056
1034
1072
1132
1084
1044
1066
1054
1142
1072
1058
1030
1050
1250
1308
1204
1124
966
1018
954
898
938
1082
978
1018
1050
1036
1016
1022
1010
1012
1020
1020
1002
1074
1046
1032
1106
1046
1090
1062
1044
984
1030
1016
998
1016
1024
1028
1014
1030
1016
1060
1066
1250
1120
1106
1098
1104
1158
1120
990
1008
984
954
976
970
982
978
974
1026
1020
1066
1050
1042
1058
1058
984
1000
1006
960
922
930
918
992
1030
1280
1226
1096
1054
1094
1178
1102
1040
992
946
958
962
942
1016
1016
986
1000
1066
1018
1088
1186
1074
1016
1000
964
954
966
996
982
996
1012
1004
1008
1000
1062
1022
1088
1064
1112
1144
1120
1002
1026
1058
1006
1002
1014
1014
982
958
984
1014
988
978
1048
1040
1520
1288
1266
1208
1080
1120
1126
1124
1102
1002
1010
1036
1032
1020
1026
1032
1002
970
1000
1006
976
994
1020
1012
996
992
942
936
936
982
1410
1094
1142
1238
1104
1040
1306
1344
1152
990
1040
1234
1142
1130
1382
1238
1130
1132
1172
1084
1130
1102
1176
1250
1110
1162
1160
1156
1076
1102
1120
1088
1010
1070
1110
1170
1098
1038
1054
1052
1028
1046
1118
1054
1036
1070
1040
972
1000
1014
966
986
1052
1116
1106
1208
1088
1048
1046
1082
1268
1190
1160
1084
1028
946
1014
1004
1416
1082
990
1008
978
952
992
1042
996
1042
1182
1060
1040
1016
1016
1010
1042
1090
1074
1060
1076
1054
1030
950
960
950
900
946
926
1132
1186
1086
1046
1112
1116
1118
1102
1050
1002
984
968
962
956
956
968
922
946
954
866
914
860
874
852
852
818
820
832
826
820
864
920
930
908
1074
1102
1020
1150
1238
1162
1046
976
980
942
930
934
898
886
910
904
894
904
906
934
974
982
976
962
986
968
974
980
970
972
948
898
892
882
832
854
836
846
876
1098
1124
1052
1328
1132
1094
1052
984
944
970
974
1020
996
998
982
966
976
992
978
936
940
940
946
1060
1222
1080
1070
990
944
972
912
892
928
906
908
904
900
868
844
852
846
814
830
854
1008
994
952
992
1048
980
1028
1036
1014
1018
954
956
906
942
936
994
962
976
1012
992
994
996
992
1012
1006
1010
996
1004
998
996
958
904
898
910
900
908
906
902
890
862
854
864
870
928
1062
1126
1040
1054
1006
980
968
972
922
896
904
828
864
824
828
804
800
800
792
798
774
766
782
754
768
764
738
752
732
732
750
754
754
770
766
762
762
792
798
818
816
818
802
814
794
812
806
766
768
782
758
792
772
780
800
786
782
782
772
754
746
736
722
714
716
710
708
694
712
702
700
688
706
696
690
686
676
684
688
684
664
662
668
654
660
668
660
674
662
660
658
656
662
668
648
652
658
676
658
650
672
652
646
658
656
644
636
650
634
642
644
642
626
648
644
624
654
648
636
636
620
624
620
632
634
622
704
720
754
744
746
754
782
758
768
762
756
778
754
758
766
760
768
794
776
690
808
792
842
774
384
784
782
800
766
780
814
788
788
790
794
774
786
968
650
606
626
634
620
780
824
786
792
840
806
838
830
814
870
862
856
822
800
752
754
746
730
742
746
730
742
796
822
838
842
822
858
878
852
894
974
1004
958
974
968
992
1146
992
1418
1076
1020
1220
1556
1224
1112
1372
1158
1168
1090
996
1086
1028
1072
1098
1056
1096
1136
1100
1028
1080
1060
1270
1404
1210
1032
1022
1332
1114
1170
1268
1212
1018
972
1118
1186
1040
972
930
1200
1034
1192
1370
1358
1208
1030
1138
1220
1144
1092
1158
1342
1114
1102
1284
1288
1224
1068
982
1058
1226
1192
1232
1112
1042
1024
1134
1080
1074
996
958
926
968
974
958
970
920
902
886
898
892
878
894
896
992
952
1162
1216
1396
1208
1052
1086
1136
1080
1218
1330
1214
1074
954
900
924
1386
1374
1218
1190
1162
1090
1036
1106
1170
1312
1384
1334
1324
1304
1060
1100
1192
1130
1352
1236
1228
1104
1074
1124
1066
994
1046
1018
1028
1032
1054
1038
992
1002
1006
1028
1120
1142
1110
1070
1008
1028
1092
1186
1110
1104
1104
1108
1108
1012
1016
1034
1090
1298
1138
1130
1062
1062
1054
1012
1042
1112
1054
1036
1004
944
914
942
936
1074
1084
1032
1020
950
1014
1042
990
1012
1008
1000
1018
996
986
978
1060
1276
1196
1156
1024
1110
1100
1174
1140
1126
1160
1210
1204
1202
1142
1016
1004
1042
1080
1162
1098
1100
1014
1072
1078
1056
