508
344
544
522
538
556
548
546
552
572
530
546
552
540
568
548
558
560
556
558
554
560
562
566
566
586
578
572
576
566
386
572
564
614
618
580
580
582
594
566
548
586
612
630
616
652
650
676
678
660
648
670
654
642
602
638
642
610
598
590
598
572
586
590
594
600
594
596
598
600
594
588
594
606
614
588
598
602
596
570
564
562
556
564
560
562
576
572
572
574
558
586
576
572
546
550
546
546
570
546
542
554
534
546
504
526
526
518
524
546
526
522
518
506
512
518
526
536
554
544
554
550
554
564
580
590
580
558
712
574
558
552
546
534
530
520
532
532
526
528
524
528
526
526
526
540
544
524
460
420
566
530
546
564
574
552
574
550
550
556
546
542
536
518
506
518
530
542
504
522
542
554
550
562
558
572
602
572
574
582
582
592
598
598
586
580
586
572
556
556
556
548
542
540
532
540
538
546
542
548
564
544
546
570
572
588
590
590
604
600
610
608
608
592
598
606
580
620
614
618
600
604
614
606
598
598
640
626
630
592
566
556
522
466
398
520
544
566
556
566
562
546
554
560
552
526
464
572
590
540
564
580
564
576
576
572
562
558
558
558
542
552
578
562
570
580
576
590
582
592
600
598
608
598
592
600
578
566
564
556
554
566
570
586
592
594
582
580
584
582
568
568
570
570
574
588
560
578
600
608
638
614
622
614
622
612
606
602
602
598
566
582
584
574
580
588
582
576
570
556
570
570
572
560
568
606
648
712
702
654
620
684
572
640
622
612
604
568
572
576
566
548
562
562
558
556
544
544
548
540
522
412
506
534
534
546
544
538
546
544
542
530
538
522
538
530
504
512
476
512
548
508
536
576
572
560
556
564
572
598
568
574
570
586
584
592
590
594
598
624
602
606
600
586
586
568
576
590
600
628
644
672
652
638
660
618
628
640
646
646
644
614
612
596
484
584
572
562
588
584
570
574
570
568
566
552
540
526
538
554
566
602
610
606
584
446
526
546
586
588
570
538
546
536
548
532
526
448
516
548
550
534
560
564
570
580
580
562
558
566
564
562
546
562
576
564
576
584
570
560
564
564
556
552
556
564
560
566
566
572
556
532
536
534
538
552
536
536
544
538
528
536
546
542
544
534
538
556
584
570
572
616
602
598
608
608
606
598
606
608
588
586
580
584
550
568
560
550
560
562
562
566
558
552
560
548
548
546
550
564
560
568
562
562
566
564
562
558
628
486
530
540
518
538
536
554
564
564
564
556
560
562
546
550
548
544
510
400
486
522
514
496
502
530
494
508
514
500
532
532
530
526
504
514
454
512
530
502
520
530
532
524
540
536
528
522
526
536
520
530
530
536
528
532
538
530
532
566
564
544
576
584
584
576
562
568
588
592
576
568
578
564
564
568
566
570
582
574
576
562
562
560
550
552
560
510
558
546
558
598
570
566
570
558
554
546
528
518
532
536
524
526
528
536
526
508
508
356
520
540
560
562
552
560
530
526
540
534
522
420
486
542
552
510
526
538
538
534
540
536
536
550
560
554
562
562
574
556
562
560
572
558
540
576
578
586
588
586
580
580
574
574
578
570
552
562
572
564
564
564
588
576
578
580
582
588
598
594
606
610
566
574
558
596
592
628
620
602
592
594
600
574
564
562
570
540
594
596
560
578
568
576
566
560
544
546
548
534
536
528
524
536
526
508
522
522
544
554
540
560
554
574
566
608
544
542
538
546
554
542
538
556
554
554
554
548
560
542
534
410
500
546
512
528
536
514
508
532
536
510
520
512
514
502
506
532
546
560
530
558
602
590
590
592
598
582
572
586
574
568
564
572
572
564
580
558
578
598
566
584
602
580
582
560
564
568
556
568
574
574
608
580
578
606
606
608
594
594
592
596
592
602
576
546
538
548
566
558
576
584
576
580
592
588
586
568
554
568
572
576
584
566
554
562
488
438
562
570
586
564
554
550
528
530
558
538
558
518
552
620
584
594
612
606
608
580
582
608
588
598
588
584
604
598
584
604
586
594
576
604
588
580
588
584
596
598
598
604
594
584
582
598
596
582
588
582
570
562
574
568
564
564
558
564
556
584
566
572
590
568
564
578
572
578
578
572
576
586
586
576
588
546
586
588
564
580
576
586
570
568
570
568
566
564
560
604
602
602
584
604
634
556
540
532
546
540
550
510
614
576
584
602
620
604
620
632
610
618
614
634
604
594
532
488
570
540
558
586
568
564
604
566
602
578
570
554
494
542
572
540
550
554
548
552
554
554
540
548
550
570
560
546
558
564
568
560
560
538
530
550
560
576
570
572
562
564
556
542
540
546
554
532
542
550
544
534
574
550
544
546
536
530
534
536
530
538
536
544
510
536
538
526
542
564
562
564
564
548
558
566
530
518
538
518
526
524
512
520
512
512
456
466
510
514
534
536
520
502
502
508
512
510
496
456
290
490
524
496
494
522
518
512
520
518
508
512
512
530
528
530
510
510
530
520
524
516
526
530
512
538
512
520
516
528
520
552
544
544
550
552
538
548
550
562
574
562
568
584
560
560
562
578
592
572
552
570
552
552
526
526
548
540
532
550
554
544
554
576
570
570
582
594
560
528
552
550
580
532
554
558
558
560
540
550
554
544
548
544
544
536
516
502
516
512
520
536
576
526
520
542
542
538
536
544
586
550
548
558
560
564
566
566
572
558
562
564
558
546
460
562
550
554
560
552
538
584
586
564
560
550
542
534
548
536
548
538
522
524
540
540
540
552
568
580
570
568
572
572
566
566
560
580
576
558
570
574
560
582
572
576
590
582
578
574
596
604
590
614
608
622
612
590
594
598
594
592
612
634
640
624
636
604
628
620
600
642
602
596
606
602
626
596
598
610
622
608
606
616
576
558
548
434
556
550
586
604
602
584
588
600
610
610
578
484
502
586
612
570
596
626
604
590
572
586
608
612
602
598
614
608
592
602
594
618
608
614
602
596
604
620
580
596
600
614
592
632
636
612
630
648
666
626
676
588
652
636
616
600
634
638
590
588
614
602
606
590
584
602
608
616
612
626
638
602
540
562
594
572
562
606
592
586
574
572
596
594
590
588
594
600
586
580
586
598
588
590
588
592
602
586
580
582
584
568
558
576
580
586
588
580
594
592
586
600
566
568
424
556
564
572
604
612
594
594
600
592
622
576
606
594
598
600
596
574
578
576
588
566
562
578
566
614
594
606
602
616
612
594
608
598
592
588
606
596
610
602
596
594
580
590
592
594
586
596
578
590
588
580
566
572
576
570
572
576
584
580
560
560
392
538
536
524
546
562
556
546
540
564
588
594
582
540
558
560
566
554
540
546
534
498
544
526
562
560
546
542
538
552
558
558
542
484
506
552
588
532
566
564
556
564
562
554
540
544
548
554
562
554
560
572
540
556
534
524
532
504
524
544
534
564
596
604
608
630
648
626
586
580
552
566
566
538
550
554
534
540
570
562
558
572
552
552
518
562
544
536
530
528
530
520
510
500
510
526
520
518
500
490
480
472
356
494
554
554
598
616
594
598
578
536
562
570
566
576
560
576
582
578
574
578
594
582
550
562
556
570
580
588
614
628
632
614
606
584
596
602
588
598
604
602
602
578
548
410
570
572
570
578
568
574
660
504
554
534
554
556
514
478
564
542
576
592
632
680
684
644
614
592
596
598
572
568
576
600
592
590
588
580
586
570
566
586
592
612
614
606
584
594
596
594
590
600
622
596
608
594
594
624
592
594
582
596
594
556
556
444
562
592
572
604
618
608
610
596
596
588
588
598
608
608
606
618
592
588
562
478
478
524
544
590
560
546
528
536
544
548
574
570
486
532
566
558
556
578
582
592
594
596
604
602
588
584
552
554
554
540
544
556
570
566
580
582
578
590
602
616
620
620
622
628
600
606
628
626
616
618
624
616
592
594
600
614
604
588
596
614
596
554
558
568
560
578
564
548
568
580
598
590
580
590
1002
694
460
572
608
590
590
588
584
580
588
602
594
570
558
576
562
548
522
530
530
510
514
518
514
526
544
548
546
542
540
560
550
542
554
572
582
626
658
648
620
614
590
572
420
550
534
518
518
510
502
510
506
506
504
536
602
598
556
622
644
712
676
702
554
586
642
526
570
548
576
566
576
576
598
644
656
646
662
558
596
610
620
618
610
616
580
562
566
550
560
558
568
622
624
650
640
646
700
686
664
636
644
632
626
594
470
580
578
622
636
624
602
588
590
592
600
594
614
608
568
552
574
558
556
536
444
556
518
586
592
586
596
594
626
644
626
596
518
584
622
590
650
644
624
634
622
624
620
614
634
608
620
606
598
606
618
602
602
586
590
586
592
590
590
596
600
616
606
592
596
624
622
604
622
624
604
598
606
614
598
598
576
580
586
582
582
604
634
638
646
620
614
596
598
588
596
600
572
620
578
590
604
602
606
602
624
620
618
612
622
616
628
620
610
608
596
606
620
626
614
610
624
634
624
608
616
616
638
620
616
620
614
626
616
628
614
594
570
416
596
592
604
650
638
640
620
604
602
582
566
582
592
596
626
636
660
660
680
680
722
716
706
742
612
686
694
674
676
702
680
722
680
666
674
652
676
668
668
698
704
692
684
694
628
654
652
656
674
694
690
678
656
656
634
676
694
642
656
662
656
638
650
662
672
644
652
636
628
630
616
638
612
626
648
632
638
624
592
594
596
614
628
618
530
500
634
606
632
640
638
650
648
630
634
636
626
632
640
678
668
670
650
636
658
652
662
640
642
632
614
608
622
632
644
652
646
632
642
644
626
584
582
598
604
602
608
612
668
662
620
654
678
678
686
670
652
642
628
624
630
608
656
650
718
692
698
704
704
680
674
680
706
690
688
662
640
616
630
624
614
620
644
680
672
638
648
644
648
670
676
672
664
676
674
670
674
670
652
618
1000
596
572
618
630
636
686
646
674
700
716
658
658
670
658
660
660
674
684
678
690
674
678
668
684
684
666
666
664
658
674
666
662
654
656
674
684
676
686
684
670
702
722
670
670
688
706
698
678
668
666
672
686
672
680
678
666
682
674
676
712
698
694
684
706
714
700
692
694
688
678
626
658
652
676
662
690
676
678
650
650
616
424
596
644
650
674
654
676
690
676
678
680
678
668
662
676
656
664
668
658
680
688
682
668
656
658
664
670
664
652
668
640
652
668
682
688
680
684
692
670
642
614
640
628
638
640
676
684
694
684
652
644
640
644
650
680
666
690
696
682
682
684
678
694
682
698
690
690
692
690
680
678
676
670
658
646
614
610
566
566
560
558
566
600
550
562
570
582
584
586
592
594
596
598
584
562
542
436
602
562
566
590
562
574
574
534
536
542
566
550
554
578
582
582
580
584
578
572
566
562
566
572
598
630
624
658
686
662
644
640
664
648
644
646
648
648
646
638
644
646
652
628
604
606
602
568
574
560
600
618
636
644
632
622
578
572
582
568
574
574
574
600
610
632
638
640
648
642
604
596
586
600
594
602
610
602
582
456
542
604
652
612
598
624
600
600
616
604
578
464
598
630
578
582
592
574
580
590
602
612
592
610
608
608
636
612
616
626
634
638
634
654
636
646
642
632
624
634
642
620
624
636
646
644
632
636
610
628
632
630
614
600
582
600
598
576
574
592
620
608
622
646
660
656
648
638
608
646
628
658
648
640
630
656
666
682
668
686
684
674
648
640
646
638
624
598
590
608
650
636
704
628
630
620
602
588
586
590
592
610
666
674
666
648
666
656
666
628
442
600
562
604
630
602
634
618
604
618
608
608
576
600
604
592
582
582
592
586
570
572
572
582
596
596
574
566
572
582
596
600
594
642
654
632
644
646
656
650
660
640
652
648
660
664
688
676
662
672
680
662
666
650
636
628
628
652
652
670
650
636
648
644
656
652
644
662
670
672
678
698
706
686
666
646
648
602
604
602
624
650
644
634
626
642
652
600
410
586
638
664
654
648
660
658
658
636
640
620
620
614
640
632
644
648
646
642
616
628
642
634
646
644
668
680
668
652
636
654
664
652
652
664
662
670
686
674
650
616
630
612
604
614
634
672
680
662
672
676
658
656
676
640
612
646
658
652
664
676
696
694
694
674
684
682
666
642
632
616
602
592
592
606
608
608
640
624
634
656
636
720
642
614
590
584
594
600
606
614
614
648
642
630
608
438
592
576
586
598
572
604
598
580
596
642
656
592
660
552
600
600
602
612
604
598
604
624
630
638
668
654
682
686
668
656
616
652
640
644
654
658
682
704
706
676
718
626
656
670
670
632
680
682
658
664
664
662
658
646
640
646
666
628
628
666
690
666
674
672
682
654
630
648
624
628
640
640
644
624
578
364
560
598
578
634
582
544
560
560
584
564
532
556
588
570
608
602
618
604
602
604
594
600
598
596
582
570
586
584
568
568
590
584
572
578
582
590
570
568
578
574
568
560
562
562
534
552
546
584
620
614
598
576
562
562
556
548
544
530
532
458
480
526
510
510
514
512
512
512
504
502
504
494
510
500
510
530
522
520
528
518
530
530
534
542
528
540
518
516
518
514
512
510
506
506
496
496
502
494
498
490
494
500
494
496
488
484
492
502
494
500
494
498
506
494
498
496
478
484
484
502
492
494
496
502
518
502
498
374
458
500
482
486
484
474
466
472
464
428
482
502
512
546
526
540
578
558
538
532
530
532
532
510
516
508
500
500
514
520
506
506
516
516
540
528
544
514
526
516
522
558
554
556
568
562
564
560
562
568
564
554
538
552
552
512
542
542
550
542
548
564
566
566
566
566
536
526
540
544
530
530
538
572
578
590
606
624
606
608
580
556
554
538
548
538
622
550
548
544
424
500
592
536
576
572
588
570
574
588
588
556
538
506
566
568
564
546
522
540
550
560
564
568
572
570
610
600
610
604
542
560
566
558
574
580
574
588
610
628
606
612
582
598
580
580
628
636
622
616
608
612
604
594
598
590
610
610
616
622
606
592
604
624
606
630
634
624
644
670
698
676
692
666
690
712
662
652
626
612
604
600
604
584
592
604
612
610
570
550
526
550
552
652
602
634
642
630
604
582
592
582
586
612
646
618
608
654
516
578
564
578
624
654
662
614
490
634
580
584
550
550
560
578
550
586
738
744
744
694
682
714
606
664
664
660
678
648
636
624
626
628
634
658
662
704
680
696
664
704
678
652
658
648
646
652
656
676
660
694
656
686
656
670
670
660
658
660
658
656
658
678
664
688
676
676
646
630
644
640
648
640
646
672
640
664
646
610
606
534
618
630
642
676
676
674
658
656
670
664
648
492
504
646
642
620
660
640
638
648
642
648
650
654
642
642
614
634
652
648
660
672
668
642
626
622
630
628
638
668
696
690
688
676
640
660
672
652
640
648
630
614
606
574
592
618
614
638
660
668
662
666
682
674
662
672
678
696
694
706
712
702
660
678
658
666
668
668
670
664
650
662
658
650
620
638
644
640
622
626
670
682
654
666
716
658
708
568
612
624
616
620
620
642
696
684
618
568
672
624
648
638
614
624
606
616
644
622
628
632
638
608
590
600
612
620
602
614
624
618
626
640
626
632
630
662
646
632
654
656
644
642
620
614
592
592
592
594
596
600
588
604
626
632
614
624
586
582
586
590
604
634
576
596
614
636
710
686
662
676
642
618
604
606
616
624
636
680
676
660
684
686
658
652
398
644
654
684
644
602
598
590
602
616
602
598
570
640
708
674
714
684
640
632
618
630
624
616
622
596
610
582
574
598
604
620
632
632
630
616
624
612
606
602
606
612
620
658
672
654
638
634
608
584
586
602
614
626
640
642
664
674
630
652
672
654
658
648
632
634
632
622
612
608
614
626
638
632
660
674
654
632
612
586
594
596
648
638
632
612
606
604
602
602
602
608
612
606
608
622
612
600
582
564
560
552
558
556
574
588
626
622
682
706
678
598
528
624
580
632
630
578
608
592
594
624
602
608
618
628
618
624
624
630
630
632
636
642
640
644
644
624
604
614
618
608
600
598
632
620
626
634
640
628
622
620
610
586
576
560
552
574
580
564
600
602
628
624
602
600
552
586
598
602
600
586
598
568
576
588
594
604
612
620
616
622
602
602
600
604
606
602
590
570
558
548
522
378
588
572
594
658
610
602
596
608
618
576
494
458
552
574
588
634
634
618
666
660
684
674
664
648
628
618
590
580
606
594
570
568
560
560
574
588
594
612
620
610
634
624
596
618
628
624
632
652
630
624
630
642
630
624
612
618
606
622
604
606
630
596
590
606
606
602
600
590
590
580
586
594
586
568
562
558
556
568
566
576
570
566
562
564
570
570
576
584
596
606
600
590
584
574
570
560
556
564
564
572
562
554
552
564
600
594
586
572
574
576
564
572
570
548
538
414
504
536
486
474
490
534
508
562
584
590
608
588
598
598
610
636
614
592
598
600
596
608
602
602
614
626
630
582
592
594
584
556
558
550
568
552
556
550
554
572
564
566
568
588
576
584
592
586
612
598
570
594
576
578
590
578
552
576
562
544
564
604
580
568
572
560
560
570
568
566
568
530
536
526
530
516
600
550
548
544
548
574
578
570
492
456
572
542
572
558
538
534
538
528
550
568
532
488
472
576
570
524
546
538
552
548
546
530
534
538
534
526
524
520
542
544
514
520
534
550
530
546
546
560
550
558
582
594
584
560
574
572
546
546
544
544
540
544
558
550
550
550
550
568
574
594
574
552
576
576
546
538
564
570
558
546
562
562
580
568
570
564
580
592
594
596
576
574
554
552
534
528
510
508
500
504
552
492
504
496
502
520
520
524
526
522
514
516
504
502
508
506
510
512
526
550
610
670
670
632
608
576
558
534
510
500
500
518
528
548
540
518
504
644
650
678
672
706
662
626
630
628
602
610
610
638
630
618
626
650
634
642
630
646
630
640
624
596
602
608
590
610
656
666
648
700
676
648
700
578
634
602
634
632
602
608
638
618
604
668
656
636
630
646
622
610
604
614
586
568
584
560
558
566
576
578
592
592
582
590
558
532
538
550
544
624
554
572
572
560
424
506
582
548
588
586
570
562
560
544
538
544
522
512
454
498
542
538
526
542
542
548
546
538
536
548
562
550
558
560
576
590
546
564
582
574
558
566
568
574
568
572
578
576
564
576
576
556
546
558
580
580
560
574
598
578
582
578
580
578
570
576
584
602
592
564
588
606
590
622
614
620
630
614
618
628
612
612
614
608
606
598
582
574
578
572
566
558
558
558
552
546
542
530
530
512
530
556
522
544
540
544
556
552
552
576
572
566
564
568
568
566
576
582
570
570
574
560
550
564
588
566
558
546
550
550
536
576
582
550
542
554
548
580
572
566
572
580
592
590
570
576
586
584
576
574
578
568
568
574
568
562
560
562
560
536
542
546
522
502
528
542
552
554
558
566
590
598
590
584
582
574
584
618
616
614
658
632
618
638
636
622
606
612
606
596
574
588
604
578
608
612
610
592
592
580
560
540
520
516
516
560
520
518
538
546
562
572
484
524
588
554
614
594
570
560
556
562
564
562
564
502
482
590
574
578
606
604
594
606
610
622
634
604
602
616
644
632
630
748
706
662
722
582
614
606
596
596
600
616
624
634
630
658
648
648
652
676
648
628
664
696
676
664
660
676
674
622
630
658
640
656
646
618
618
632
658
644
638
644
650
664
646
642
652
666
652
646
648
614
610
592
610
662
622
594
610
622
624
626
620
632
628
622
624
626
624
624
606
620
624
624
630
624
604
586
580
590
582
570
556
452
598
578
576
624
650
626
590
604
630
608
578
580
566
580
580
574
580
610
634
632
636
636
632
630
628
634
646
636
622
630
636
668
640
650
648
628
630
634
634
632
624
634
654
640
692
678
680
690
640
662
654
660
644
628
614
604
608
618
636
628
686
736
712
694
724
716
696
668
654
644
634
634
634
642
638
532
536
632
626
666
646
600
596
576
580
590
584
530
500
538
572
538
604
612
602
618
608
622
638
618
604
594
588
598
604
582
594
598
564
558
550
556
556
584
616
664
676
692
690
702
612
656
662
648
682
652
658
654
638
646
650
642
636
636
626
610
620
604
586
602
626
634
640
626
598
582
568
580
580
590
610
580
590
604
614
590
600
622
612
598
584
572
572
572
564
582
604
696
690
708
716
604
636
622
598
590
560
558
566
560
576
572
564
576
614
654
666
664
680
646
598
658
610
562
646
602
626
612
620
644
626
620
614
628
632
614
612
610
628
626
636
640
620
614
632
618
620
620
604
598
646
616
622
618
608
596
590
582
584
578
572
564
572
574
596
640
606
636
564
652
692
688
666
668
676
662
662
656
678
694
674
700
722
714
732
746
740
716
708
722
692
676
678
682
536
460
474
654
622
652
626
616
638
628
626
628
620
548
604
646
638
652
654
626
624
608
612
624
654
650
692
670
698
676
698
704
648
632
630
614
602
606
624
656
648
640
638
620
632
630
644
650
658
652
640
628
634
630
628
624
608
634
650
662
656
656
634
648
656
638
650
652
650
630
634
638
644
630
616
592
556
544
536
552
542
540
588
540
528
552
558
574
586
592
594
590
570
562
568
558
564
576
584
582
582
610
612
608
636
626
622
602
584
588
576
578
588
570
560
550
404
582
600
550
582
544
578
556
560
592
594
558
548
550
562
566
572
574
590
608
600
582
580
568
564
560
562
598
624
588
608
640
640
638
620
610
592
590
596
598
584
586
604
626
622
630
642
690
654
638
654
608
612
608
590
574
560
576
608
650
656
660
660
624
632
644
648
670
658
656
630
598
614
582
592
620
620
630
600
1012
646
648
692
710
722
714
698
686
642
596
616
620
648
626
662
676
708
754
720
708
680
646
622
606
608
562
580
632
688
660
628
662
686
662
632
646
672
662
668
652
664
636
650
648
658
650
612
596
614
622
632
682
644
696
652
620
622
640
630
662
658
644
614
590
596
600
626
652
676
736
752
730
768
610
654
624
590
604
610
616
620
604
580
576
588
586
590
624
646
652
626
642
616
614
596
586
580
562
570
572
568
576
564
570
602
660
668
644
736
582
696
672
704
672
716
702
658
684
648
662
662
658
636
620
646
662
680
704
740
718
656
614
640
626
644
664
670
688
660
644
620
628
632
626
624
670
700
722
714
702
728
730
684
660
692
660
670
670
658
624
606
600
596
600
634
656
660
766
808
772
800
798
756
748
624
726
620
686
706
688
1100
762
592
680
674
682
704
704
690
688
700
566
592
704
652
648
660
658
650
618
606
602
594
610
606
646
626
590
646
682
658
656
678
714
702
690
660
652
644
626
606
614
612
610
614
664
684
690
656
652
652
652
668
662
680
700
662
658
632
608
630
624
628
640
658
676
690
694
698
708
690
676
674
678
670
664
658
662
634
602
608
654
638
614
638
656
658
650
658
660
654
634
626
610
620
664
672
692
666
650
666
644
650
754
644
668
696
554
638
600
610
616
624
642
618
616
622
642
636
636
634
664
684
632
662
668
660
648
636
646
646
654
656
648
666
658
666
656
662
672
658
660
660
678
640
640
648
688
634
652
658
666
660
652
662
672
672
678
644
658
676
688
670
678
670
680
654
676
658
660
640
640
620
994
648
614
646
648
652
638
656
666
668
650
622
592
642
664
632
664
658
656
658
638
634
658
644
664
646
652
620
578
592
602
584
596
646
644
616
600
596
608
640
628
616
618
644
666
640
680
576
664
636
640
646
648
622
560
596
578
620
642
638
634
646
636
654
658
672
676
690
688
660
660
634
628
592
582
578
558
554
554
554
544
542
534
542
540
526
544
554
554
576
568
600
586
584
576
562
566
564
576
574
572
590
600
628
642
636
620
608
602
580
442
570
538
578
560
548
626
612
652
650
628
640
614
620
616
590
568
562
566
578
580
578
608
652
668
666
650
616
632
604
588
612
632
638
656
638
632
602
602
610
604
630
636
634
622
602
602
590
586
572
574
582
552
540
538
548
546
502
558
608
716
734
718
732
742
748
722
664
712
572
674
612
614
554
648
666
708
728
714
662
620
608
614
374
640
646
656
642
620
620
632
656
626
646
546
592
596
564
560
568
546
562
562
584
614
620
642
642
646
622
620
606
564
578
614
588
592
590
586
592
610
630
638
662
654
650
628
618
614
614
632
606
636
622
618
630
628
616
626
612
608
594
582
590
606
634
618
640
652
630
628
634
636
622
616
624
638
652
670
664
644
612
586
604
634
676
644
646
636
620
616
592
596
606
622
634
600
594
618
642
666
686
698
656
650
656
662
662
656
636
488
610
584
628
680
640
596
644
634
608
626
576
628
614
622
648
630
626
630
628
670
684
650
642
658
670
676
668
700
652
644
632
636
632
626
630
648
662
680
670
666
656
640
634
610
596
592
600
604
604
654
652
700
706
684
640
648
664
656
658
652
650
634
632
628
592
578
594
646
684
696
658
662
666
666
670
634
586
594
602
602
436
580
628
612
628
616
594
582
574
574
580
620
616
644
650
650
602
604
588
586
588
588
590
592
638
658
668
678
686
686
616
680
668
642
632
630
636
610
610
590
578
582
572
558
534
548
572
580
616
598
600
632
526
584
592
588
632
690
736
772
738
734
756
556
714
740
692
726
668
688
640
730
716
682
718
660
700
650
732
732
724
708
734
634
628
626
592
534
626
636
722
650
646
642
612
602
594
584
580
576
562
570
572
602
622
504
482
560
586
602
604
580
566
626
638
626
620
678
620
668
650
672
658
668
694
670
668
662
676
684
698
646
630
670
586
636
630
634
638
630
636
624
640
660
640
646
638
622
612
608
600
588
604
604
624
666
754
764
758
782
608
642
652
658
666
676
662
644
644
648
670
676
686
664
704
564
644
658
688
686
690
710
692
666
682
664
656
644
430
676
702
710
666
632
616
626
626
604
616
634
714
666
666
668
678
680
686
680
700
710
706
692
672
668
604
624
666
674
710
724
736
706
678
668
670
664
666
640
612
644
628
616
612
628
624
624
622
616
594
582
590
614
610
602
608
646
662
622
654
626
612
614
620
636
628
642
652
668
672
686
670
672
688
562
612
622
610
640
596
620
656
672
714
704
700
718
712
680
672
684
692
680
674
642
636
630
600
548
658
682
706
686
678
692
670
644
700
664
668
638
610
638
638
670
690
674
654
646
680
672
648
676
702
684
688
710
666
640
664
652
674
670
674
674
676
666
668
690
694
696
668
662
670
702
686
636
622
642
606
588
602
598
614
588
600
608
604
604
588
590
578
568
564
566
538
536
546
540
542
552
556
558
568
558
560
574
570
566
574
578
568
570
554
500
412
560
562
568
582
560
552
554
552
554
530
564
560
556
574
546
562
564
558
582
566
572
566
554
564
556
542
542
538
542
526
526
542
566
586
552
556
560
570
572
560
568
558
552
570
562
550
570
552
572
594
592
588
592
590
580
578
576
592
596
626
628
626
626
604
608
598
582
570
598
600
592
586
594
602
592
606
626
622
614
606
588
598
588
584
590
626
626
440
838
612
576
576
572
582
602
610
740
770
770
730
720
676
646
638
644
624
520
596
646
402
472
1004
588
554
580
594
572
628
776
778
796
802
788
730
770
754
724
702
710
720
706
680
708
720
726
704
670
688
650
642
618
616
584
580
594
586
604
624
614
622
626
648
648
642
644
628
626
616
624
650
626
632
662
686
670
674
676
678
678
672
668
684
682
710
664
666
668
654
636
644
624
616
594
580
596
586
622
578
554
558
558
554
442
608
772
740
690
650
640
636
582
584
624
628
452
438
876
560
536
540
544
588
610
614
674
738
694
702
714
666
684
690
688
666
666
674
670
660
670
682
656
646
630
662
666
650
632
604
610
612
586
584
576
582
610
638
674
694
678
642
654
674
660
650
672
650
646
650
642
642
644
652
664
656
692
676
666
670
674
658
634
610
614
608
614
628
700
600
626
634
618
620
626
630
622
618
618
616
616
616
560
444
572
572
638
592
576
568
566
578
588
594
586
596
634
616
606
626
594
648
618
614
638
624
598
588
580
620
640
620
620
614
606
574
580
610
612
606
626
600
598
622
614
626
618
618
640
654
706
738
778
718
684
668
658
636
622
616
612
600
586
608
434
522
272
548
572
548
540
546
538
560
556
552
590
620
660
694
710
694
724
572
622
668
536
562
546
536
466
438
794
568
532
526
398
492
598
412
514
464
530
572
544
546
550
516
450
560
590
444
512
444
432
546
554
574
564
572
570
428
518
870
578
554
660
492
496
500
526
552
584
694
820
736
764
802
792
798
786
738
714
752
676
676
598
648
612
596
620
642
666
658
646
638
642
678
706
700
724
706
692
696
722
718
702
680
666
684
698
682
654
636
656
666
674
702
702
680
722
610
680
678
694
670
650
624
650
604
580
576
570
422
736
588
592
448
490
430
386
586
582
618
446
542
786
578
560
544
576
652
808
756
756
822
844
826
866
842
848
642
668
640
676
674
630
674
684
686
674
672
690
682
698
688
688
696
692
712
692
670
696
688
702
726
720
698
678
638
640
616
606
614
634
622
646
660
684
694
692
696
684
668
668
676
648
658
668
676
666
704
670
638
688
628
592
600
598
598
608
600
492
622
618
664
664
652
658
664
670
636
616
584
