1476
1486
1090
1046
1048
1078
1098
1098
1088
1076
1100
1088
1050
1030
1040
1034
1048
1054
1060
1044
1032
1044
1048
1074
1080
1076
1084
1076
1088
1066
1052
1064
1068
1072
1078
1114
1102
1102
1104
1104
1088
1102
1102
1106
1094
1102
1090
1096
1102
1102
1100
1104
1098
1098
1070
1070
1074
1074
1072
1094
1090
1090
1102
1096
1096
1084
1126
1106
1100
1102
1120
1112
1110
1092
1100
1072
1062
1068
1058
1040
1042
1036
1048
1050
1042
1058
1046
1004
994
1006
1008
996
1044
1070
1064
1044
1040
1018
1008
992
1014
1022
1008
996
1006
986
972
990
990
992
1004
1006
1014
1028
1006
1000
1000
1000
986
982
978
962
960
932
908
862
826
806
786
784
800
836
884
914
942
972
1020
1020
1004
1006
1028
1026
652
1312
972
956
976
996
1016
1048
1052
1044
1022
1036
1016
1010
982
964
980
986
986
970
952
960
962
974
980
966
976
958
948
940
948
946
942
952
960
966
946
968
988
990
990
994
1024
1020
984
982
958
950
950
954
986
996
1004
1008
1002
972
980
972
974
984
974
990
992
986
986
1016
1018
1004
986
988
1016
1026
1012
1010
1000
1016
1016
1008
1000
990
992
990
634
1344
958
944
950
952
972
1000
998
980
992
982
990
996
1006
984
966
984
996
1010
1016
1050
1032
1032
1046
1022
1018
1020
1022
1008
998
994
986
982
970
980
988
978
964
982
990
1000
1002
996
982
956
968
964
956
954
962
984
950
936
936
924
928
948
946
962
966
974
976
962
962
952
944
948
942
956
948
938
940
948
942
944
954
952
946
942
936
936
930
932
932
924
918
916
922
924
916
918
912
922
922
922
922
918
926
920
930
906
896
898
894
894
900
908
918
922
940
934
916
916
918
912
906
916
918
922
932
910
910
918
922
926
930
938
944
938
936
934
928
924
916
912
916
908
910
922
920
940
934
948
934
936
942
942
938
934
928
930
926
920
914
914
906
906
906
908
916
922
916
928
920
926
922
922
928
922
916
910
904
906
920
932
942
926
928
922
914
902
910
904
904
914
930
926
884
842
806
788
782
792
848
940
996
1008
1002
1002
994
640
1298
942
940
948
956
964
982
992
992
628
1294
948
932
940
954
972
1016
1066
1014
978
968
982
974
978
968
954
968
960
946
930
944
972
976
630
1272
920
900
906
912
916
942
944
966
968
984
982
966
948
956
952
962
946
934
948
952
954
976
986
984
636
1334
958
944
956
974
994
996
1008
1020
636
1398
980
984
630
1316
568
1348
652
1252
932
958
1018
1030
1052
1072
1072
1034
1026
1028
1032
1028
998
996
1004
996
978
968
1000
982
990
978
968
978
658
1296
944
938
956
960
1018
1046
1038
1032
1038
1040
1024
1014
1042
1030
1006
996
994
628
1360
948
934
968
1006
994
626
1308
568
1326
924
928
976
1010
1046
1068
1040
1030
1034
1030
1020
998
996
1000
1006
986
962
960
960
954
968
992
626
1354
968
944
960
998
1014
1036
1062
1050
1030
1006
1002
1004
998
622
1318
932
922
926
972
1030
1040
1036
1036
1028
1022
1004
1026
998
998
1000
1006
626
1342
962
942
956
966
1004
1038
1052
1038
1014
1022
1028
1018
1002
1018
1016
1004
654
1332
970
942
958
608
1358
954
916
922
936
980
562
1404
954
958
956
964
968
1006
1002
996
632
1350
964
944
952
954
956
968
964
972
966
972
970
988
976
972
968
980
976
962
952
976
974
968
950
952
960
942
946
944
964
964
962
962
960
960
948
942
946
942
936
938
950
942
938
938
928
942
942
938
952
940
930
934
944
940
928
932
934
926
940
940
942
944
944
960
952
946
930
944
936
910
912
914
910
896
894
906
918
926
924
912
928
918
906
888
894
914
920
924
914
904
914
914
890
894
900
914
918
908
924
930
918
920
926
920
920
926
954
960
920
860
818
796
774
754
748
606
860
744
734
480
992
756
750
800
844
890
964
1012
1024
992
998
1044
1048
1062
1056
1048
1064
1062
1056
1082
1060
1052
1038
1024
1032
1048
1042
1014
1000
1000
1016
1018
622
1388
1012
982
970
998
1010
1010
1008
1018
1006
988
952
918
924
952
968
1000
1046
1064
1054
1060
1080
1058
1036
1040
1048
1046
1030
630
1372
974
958
970
996
1024
1054
1036
1044
1040
1044
1022
1042
1030
1016
1008
1018
1050
1092
1076
1056
1042
1060
1072
1066
1054
1064
1048
1028
1022
1020
1026
1038
1020
1000
944
900
872
844
842
830
808
810
796
788
778
760
480
1002
734
700
612
756
670
664
652
652
632
680
682
706
600
898
786
878
972
1014
1004
1052
1062
1054
1044
1048
1052
1080
1072
640
604
872
1118
1120
1116
1078
1096
1106
670
600
840
1046
612
1490
1060
1024
988
900
812
790
792
784
768
788
788
798
802
480
1130
810
806
818
852
856
860
852
850
844
842
836
876
930
982
1050
1076
1086
1102
1110
1118
1120
1096
1052
1038
1040
1068
1096
1078
610
1496
1054
1044
1030
1096
1122
1124
542
694
908
1062
1102
1106
1096
1074
1050
1080
1084
1088
1066
1066
1054
1052
634
1418
986
986
1014
1048
1032
1022
1076
1096
1112
1062
1026
1044
1058
1088
1090
1064
1100
652
1446
986
942
970
1036
1060
1056
1074
1110
1102
1084
1062
1076
1082
1092
1070
1062
1062
1086
1082
1086
1114
1118
1108
1088
1084
1028
1034
1040
1026
1026
1024
1050
1046
1042
1056
1064
1060
1038
1050
1056
1050
1036
1038
1062
1080
1068
1060
1040
1026
1014
996
994
1016
1054
1060
1050
1030
1006
1024
1008
1026
1030
1064
1052
1072
1048
1040
1016
1018
1032
1004
1000
1032
1066
1076
650
1398
1000
978
998
1018
1048
1060
1046
1050
652
1362
984
990
1044
1056
1056
1060
1064
1054
1038
1024
1028
1034
1046
1030
1008
986
980
968
966
992
1014
1014
1002
992
1012
1020
1016
1002
986
1000
1006
996
974
994
1004
986
980
1006
1014
996
984
966
956
936
936
918
916
930
888
868
836
818
808
796
780
798
630
796
706
702
696
482
930
728
726
612
884
804
886
982
1010
1018
1054
1090
1092
1092
1106
1084
1074
1050
1036
1026
1028
1032
1044
1068
1032
1034
564
1400
936
830
800
788
786
778
762
770
798
802
818
814
816
816
814
860
660
1134
964
1034
1056
1084
1078
1118
1114
1102
1080
1088
1100
1100
1100
1080
1072
1104
1110
1098
1080
1050
1088
1086
1078
1040
640
1356
1014
978
992
1008
1040
1070
1052
1024
1056
1058
1052
1042
1032
1060
1056
1060
1050
1032
1078
1090
1094
1068
1080
1098
1090
1084
1072
1042
1052
1058
1040
1030
1040
1058
1040
1022
1030
1066
1090
1090
630
1454
1068
1018
1028
1044
1038
1058
1046
1032
1064
592
1502
1048
1016
1042
1066
1060
1048
1064
1092
1090
1082
1088
1110
1100
630
1468
1096
1092
1080
1080
1084
1082
1084
1080
1108
1114
1134
1132
1124
1148
1142
1090
1000
954
942
954
952
988
1040
1000
902
850
818
798
782
776
768
758
760
754
764
800
832
850
898
938
962
974
992
980
984
988
624
1272
904
892
930
986
1052
1050
1076
526
690
910
1080
1068
1074
1022
942
854
806
788
786
784
810
844
842
842
854
886
938
998
1024
1032
1030
1038
1072
1062
1012
982
978
1012
1014
1002
988
1002
1038
1068
1076
1048
1054
1034
982
906
842
818
818
844
834
892
872
838
826
820
812
808
802
932
884
866
886
900
940
1026
1042
1062
1086
1074
1054
1056
1060
1030
1040
1060
1056
1056
1018
1014
1030
1040
1006
998
1020
1028
1016
1012
1038
1036
1042
1032
1018
1030
1042
1048
1030
1080
1052
1090
1048
1044
932
922
896
836
822
866
896
888
932
968
994
996
972
958
976
956
910
864
884
928
980
954
934
914
916
892
850
824
802
780
750
740
720
710
606
794
704
722
626
1010
892
1010
996
992
1016
1038
1046
1030
1018
1048
1048
1046
1048
1018
994
1022
1028
1034
1042
1002
958
950
970
990
998
1002
992
998
1036
1040
1046
1022
1002
592
1418
1010
960
940
950
974
982
980
996
1058
1076
1066
1028
1018
1028
1032
1014
1006
988
944
910
836
812
808
816
828
886
910
934
1018
1068
1060
1042
1056
1076
1090
1076
1036
1044
1058
1066
1022
1036
1064
1070
1050
1016
1014
984
952
900
882
918
972
998
1032
1070
1066
1042
1040
1050
1034
1014
1002
1016
1038
1034
1026
1058
1074
1066
1066
1052
1058
1020
960
974
956
910
884
906
926
916
932
1008
1038
1042
1020
986
1002
1020
1040
1028
996
974
662
1342
986
942
912
956
1014
1036
1052
1022
994
1016
1022
984
928
884
910
940
958
950
948
632
1352
1014
958
924
948
982
1010
1030
1036
1000
1020
1042
1042
1052
1038
994
1004
580
1440
1022
978
934
864
840
868
918
944
950
986
1020
1040
1006
986
994
990
984
954
952
968
982
642
1308
890
806
794
808
836
882
940
986
996
984
948
916
872
842
836
846
782
776
764
762
784
788
806
814
808
804
790
748
730
706
700
682
684
682
698
760
840
902
918
928
928
880
872
854
788
626
932
766
746
754
774
832
858
878
872
862
898
880
770
776
802
840
930
1000
962
990
1068
1084
1094
1108
1094
1064
1072
1056
1056
1062
1076
1074
1054
1070
1108
1094
1100
1076
1084
1088
1086
1094
1082
1054
990
964
930
862
834
834
860
890
980
1014
1012
990
996
1020
1030
998
970
974
956
924
902
898
936
968
994
1010
1038
1060
1058
1066
1042
1010
948
906
878
860
874
884
900
968
1040
1070
1064
1034
1056
1074
1070
1028
1020
1054
1066
1048
1030
1044
1068
1066
1058
1054
1036
1064
1078
1074
978
946
898
878
870
868
876
882
956
996
1014
1034
1058
1052
1048
1054
1054
1050
1064
1074
1066
1050
1064
1078
1072
1068
1064
1066
1050
1060
1066
1054
996
962
962
642
1168
852
828
826
840
926
982
1028
1086
1112
1112
1086
1064
1072
1080
1076
1068
1064
1032
1050
1068
1066
1050
1054
1080
1086
1082
1066
1050
1066
1082
1086
1104
1090
1072
1064
1084
1084
1058
1066
1070
1062
1068
1062
1036
984
962
956
896
904
936
988
1032
1028
1028
1058
1080
542
1530
1022
1008
1042
1060
1092
1080
1092
1102
1106
1088
1082
1072
1066
1056
1050
1066
1058
1044
988
946
846
1084
1096
1130
1124
650
1490
1022
994
1022
1056
1070
1072
1062
1070
1070
1064
1038
1022
1044
1056
1056
1032
1020
1036
1046
1026
1020
1026
1036
1042
1034
1064
1088
1092
1070
1064
1066
1088
1068
1044
1016
1028
1036
1048
1040
1030
1054
1058
1074
1040
1034
1028
992
944
862
836
816
806
822
872
924
974
1038
1072
1056
1058
1070
1088
1084
1084
1086
1082
1076
1072
1060
1040
1046
1052
1056
1060
1040
1012
984
990
998
990
966
938
906
876
852
844
876
918
954
966
976
1040
1060
1068
1054
1060
1078
1068
1054
1068
1068
1068
1052
1070
1078
1084
1080
1082
1078
1088
1064
1038
1008
992
942
896
864
856
838
846
840
812
826
850
912
948
950
950
996
1012
1018
1000
996
1022
1028
1034
1026
1036
1054
1056
1048
1034
1056
1064
1080
1086
1076
1074
1048
1046
1036
1028
1024
1000
1010
994
978
918
872
844
828
834
866
940
988
988
1010
1048
1068
1056
1032
1038
1060
1076
1068
1042
1068
1068
1058
1048
1026
1000
966
948
916
888
870
882
904
894
856
842
852
876
886
918
962
990
980
990
1004
1016
1022
996
982
1004
1024
980
944
912
918
930
960
992
990
1000
1028
1062
1062
1062
1050
1050
1062
1060
1074
1056
1042
1058
1076
1080
1054
1042
1052
1068
1068
1050
1046
1060
1066
1078
1050
1024
1054
1080
1098
1088
1054
1030
1036
1028
990
924
882
880
852
852
850
840
904
950
976
996
1036
1062
1058
1036
1020
1042
1050
1052
1044
1028
1050
1058
1058
1050
1028
1038
1046
1062
1056
1052
1014
956
922
902
862
850
886
888
958
1018
1026
1036
1020
1058
1066
1090
1092
1070
1052
1072
1094
1078
1068
1066
1092
1092
522
722
904
1046
1062
1082
1068
1074
1070
1044
1014
1040
1060
1004
970
960
642
1250
894
926
1004
1058
1066
622
1470
1078
1048
1024
1022
1038
1060
1070
1074
1048
1044
1012
962
906
870
868
872
914
966
994
1004
1034
1052
1042
1024
1052
1062
1070
1066
1046
1056
1066
1008
954
916
878
900
900
942
980
984
996
984
1006
1024
1044
1050
1032
1042
1042
1050
1038
1026
1042
1050
1060
1016
970
924
908
916
924
900
902
902
870
866
852
834
826
808
800
806
806
798
790
786
786
782
790
778
772
768
758
756
622
912
782
804
828
822
830
850
878
900
908
908
912
860
834
840
870
882
904
936
910
870
888
916
942
976
972
944
872
826
800
786
788
796
832
892
944
954
932
950
938
894
850
826
808
822
818
836
894
928
884
840
828
834
824
804
796
796
806
846
874
884
888
904
934
932
920
918
902
890
868
884
890
888
856
822
818
830
840
832
826
838
878
904
912
896
862
886
904
912
934
900
876
866
870
862
858
836
836
838
858
896
924
914
886
884
904
904
910
864
836
808
792
786
798
816
826
812
818
840
864
894
884
850
838
856
876
894
908
886
862
850
870
886
906
892
848
840
858
850
822
786
770
766
770
766
770
760
614
898
746
730
600
812
710
702
692
726
704
718
632
856
732
722
600
802
700
690
684
738
714
716
614
868
732
724
596
814
692
690
634
736
680
692
648
786
722
744
760
804
816
826
810
792
798
774
754
740
720
720
732
742
754
754
758
748
746
752
748
754
746
744
752
756
754
750
752
762
778
782
772
790
806
804
780
778
772
762
770
778
778
796
814
788
794
776
756
770
770
788
778
774
784
782
758
750
754
748
734
746
752
768
770
760
784
788
786
782
768
772
566
956
744
732
738
728
722
752
748
760
580
910
738
730
732
714
720
744
786
802
784
762
772
758
742
738
736
728
720
714
710
712
704
688
682
686
468
966
716
712
730
764
790
802
806
810
800
790
768
772
760
768
766
780
768
778
788
794
770
792
796
782
764
768
772
770
756
764
762
766
750
744
754
746
734
732
716
712
708
706
708
718
750
768
768
770
786
790
778
760
766
762
760
752
748
768
786
556
1054
784
778
776
784
772
748
564
976
768
770
760
764
782
776
772
776
772
756
754
742
748
766
782
792
790
792
792
802
788
768
764
754
746
742
726
716
704
710
718
726
750
786
804
776
562
972
754
734
524
940
730
732
748
750
748
752
750
732
732
734
740
754
750
774
774
804
800
816
826
798
792
800
794
784
772
774
782
780
758
770
784
796
792
782
772
788
786
788
776
798
784
776
772
768
750
758
770
770
742
734
734
732
736
742
746
762
764
772
768
770
768
774
780
772
764
774
774
782
784
782
766
768
766
762
754
748
738
742
744
734
736
734
726
722
708
716
722
724
724
720
716
704
706
692
688
690
692
696
698
708
716
724
728
722
712
730
742
746
754
758
768
782
798
794
750
756
736
730
736
738
744
750
742
756
774
774
750
742
748
756
762
762
748
750
758
772
782
760
762
738
758
764
770
770
750
744
734
728
730
742
758
782
796
798
776
760
742
750
732
706
710
732
748
762
762
758
782
778
792
764
758
770
772
768
750
772
770
766
756
734
752
742
746
744
742
754
756
762
742
722
722
724
734
760
786
820
832
830
816
788
784
760
738
726
730
726
722
724
722
718
700
704
710
718
736
736
724
712
686
682
684
672
690
700
710
736
780
806
766
750
760
758
742
720
714
702
690
682
700
716
730
746
764
792
796
786
762
782
786
798
806
784
766
796
802
782
776
768
762
764
768
750
760
826
804
798
788
766
770
796
816
804
798
806
792
770
742
744
742
744
732
736
750
734
746
756
756
758
750
740
740
742
734
718
712
684
688
672
684
684
686
690
706
726
764
742
730
736
768
762
744
744
776
752
760
778
772
750
792
766
780
754
758
772
780
770
762
780
792
764
752
746
744
748
736
736
754
748
746
738
732
744
740
740
720
712
710
706
730
744
768
770
750
772
780
792
776
764
754
748
742
724
700
708
696
696
706
718
726
724
736
746
762
764
754
764
760
578
954
730
714
694
708
702
718
742
756
788
806
782
800
784
778
756
734
730
738
786
846
866
884
862
844
812
808
752
728
708
700
704
736
784
808
814
816
820
842
820
818
782
762
756
754
752
742
736
730
716
746
766
788
780
788
816
870
884
884
866
814
802
836
892
920
970
1012
948
912
908
870
878
858
832
816
810
832
912
974
984
978
958
918
884
878
864
878
922
964
958
980
1004
1026
1012
992
996
986
968
998
1012
1020
958
892
880
920
994
1040
1034
968
954
978
1004
976
952
922
954
958
922
908
862
848
858
856
852
848
858
862
852
868
878
876
872
852
834
812
798
812
840
836
838
832
834
824
812
798
798
804
800
814
804
800
798
782
776
770
760
768
766
780
788
788
798
806
800
790
778
770
776
776
784
782
802
814
808
800
798
750
766
748
738
740
736
718
718
712
710
716
716
710
710
716
716
724
712
712
720
730
734
744
756
770
760
748
746
740
748
742
732
722
716
734
724
728
738
758
770
756
768
766
766
772
766
762
754
760
754
760
770
584
914
752
744
746
746
744
748
764
764
746
754
766
778
772
776
774
776
756
746
748
736
738
750
752
750
740
736
730
732
720
700
698
708
716
718
730
726
734
754
756
730
746
752
762
750
742
748
740
730
718
712
702
734
748
770
784
798
788
786
778
776
762
746
770
786
794
810
828
838
816
790
794
790
804
796
790
814
814
782
766
764
758
752
746
764
790
802
776
778
772
744
734
744
768
754
738
748
752
748
744
740
742
740
734
730
746
758
762
740
716
672
678
686
682
692
696
688
684
688
714
724
748
744
760
766
746
750
768
784
746
742
746
718
698
702
718
716
730
750
722
716
712
710
732
734
760
752
730
708
708
692
700
690
686
692
698
694
720
710
702
710
702
718
710
708
700
708
720
712
710
724
734
748
752
746
736
732
720
712
708
692
684
678
680
666
668
666
670
662
666
668
684
684
694
696
712
730
720
728
744
738
730
732
724
704
722
738
742
742
744
730
720
720
720
722
716
710
718
720
702
710
660
760
692
682
682
680
684
696
718
714
720
722
714
698
716
710
698
706
728
738
738
732
740
754
738
742
744
734
718
606
828
698
696
716
736
770
766
794
814
840
812
800
794
774
778
776
802
840
824
796
802
804
772
790
802
814
792
818
816
816
788
796
814
802
766
740
746
780
772
796
780
776
766
754
748
736
732
734
736
756
752
760
764
760
746
752
754
766
766
768
766
778
766
760
746
760
792
774
796
790
760
758
750
764
792
806
796
782
778
790
780
820
810
810
806
792
792
782
766
764
758
732
734
728
732
726
716
718
704
708
706
698
708
712
718
740
746
750
740
754
758
750
750
742
744
734
714
710
716
724
732
744
740
750
762
762
736
746
756
778
778
778
782
790
800
782
780
780
786
782
766
768
800
836
854
856
824
820
796
760
762
760
752
762
762
772
788
796
796
794
798
802
774
766
776
778
778
770
778
792
786
782
798
812
818
806
786
812
816
818
790
776
760
756
742
756
766
786
816
826
804
794
790
782
770
762
762
756
756
738
746
730
726
766
768
786
810
820
800
778
796
796
792
788
806
810
780
768
788
776
764
790
810
808
810
802
800
800
796
782
786
808
814
796
802
804
790
772
762
756
752
730
744
740
754
746
742
736
732
716
700
708
696
698
700
716
730
742
742
750
758
770
762
756
746
736
718
720
728
722
726
720
706
720
720
730
738
748
764
728
736
720
700
690
680
682
682
682
674
676
682
674
670
666
666
662
662
660
674
678
690
680
676
678
672
674
676
680
686
688
688
720
740
750
752
780
780
776
752
754
752
758
744
748
742
734
734
728
728
720
712
716
710
718
716
702
696
696
710
718
714
724
756
758
746
756
748
720
716
722
730
728
728
734
742
742
736
744
748
744
766
770
746
748
758
768
758
752
750
732
738
726
718
710
624
892
658
682
702
718
760
774
760
754
734
730
722
716
706
690
708
700
694
694
702
706
744
800
722
740
738
740
738
734
728
718
710
702
700
700
710
726
720
730
740
732
752
766
782
772
746
734
730
722
716
706
690
708
700
694
694
702
706
744
800
868
724
738
734
728
718
710
702
700
700
710
726
720
730
740
732
752
766
782
772
746
734
730
722
716
706
690
708
700
694
694
702
706
744
800
868
898
912
910
892
852
832
818
808
794
796
790
770
760
742
744
738
752
750
748
742
756
752
762
768
768
784
796
776
760
752
742
752
760
770
794
818
816
812
824
824
804
790
788
766
762
746
746
744
752
772
768
778
782
778
790
774
780
784
794
776
776
770
780
758
752
724
712
706
722
734
746
750
758
754
736
732
750
780
808
812
828
840
836
816
802
806
798
786
788
792
814
816
808
826
834
832
824
828
814
828
808
778
790
792
782
794
782
796
816
822
810
800
796
790
790
792
806
804
822
816
798
796
808
802
792
798
806
814
810
790
754
888
748
744
748
748
736
732
736
754
760
764
772
784
762
754
746
760
748
760
760
772
788
784
778
758
756
768
776
770
762
766
776
782
760
772
788
800
788
788
790
770
772
762
768
754
736
724
722
702
704
724
586
942
774
802
794
808
824
830
814
838
836
810
808
830
834
806
812
814
814
808
822
840
822
816
826
830
820
802
824
810
810
806
804
828
798
848
872
866
824
834
794
780
778
770
776
760
776
778
780
774
758
778
762
756
776
762
756
780
788
806
790
752
758
766
768
768
730
738
710
712
700
710
722
714
744
766
774
758
756
770
786
768
768
762
760
726
714
708
712
722
718
726
708
700
700
688
682
676
678
680
682
696
706
728
716
720
700
698
698
690
684
664
676
682
