882
664
930
920
926
944
942
940
920
970
936
952
908
910
954
940
926
988
998
1028
1030
996
984
966
1028
1020
994
1002
1028
1018
1030
1008
1036
1048
1034
1010
1008
1016
1000
1018
976
1008
1036
1054
1068
1010
1020
1030
1058
582
608
940
1000
1038
1050
1114
1092
1068
1034
1028
1044
1062
1028
1022
960
898
878
936
1052
1064
1012
980
968
676
1294
906
922
884
580
1412
1046
992
1008
558
596
924
1128
1198
1158
1182
1158
1144
1100
1074
1042
1016
978
916
1012
1026
984
950
958
986
986
980
932
922
888
956
874
918
998
1010
1018
1040
1098
1122
1128
1096
998
928
862
902
926
970
1048
1104
1122
1148
1122
1130
954
1064
1070
1034
1032
1032
680
1432
962
938
990
1018
1072
1098
1098
1094
1122
1124
1096
1072
1072
1122
1098
996
894
884
856
896
950
930
926
980
1044
1094
1064
1070
1070
1064
1056
1080
1112
1154
1120
1100
1114
1014
976
1004
1026
1050
1112
1106
1060
1076
1074
1074
1040
1050
1112
1132
1098
1040
990
996
654
1454
910
888
902
990
1050
1078
584
1356
934
954
1004
990
932
474
534
952
1098
1094
1018
956
968
976
964
962
990
968
960
926
930
960
1006
982
968
958
964
922
856
834
826
770
780
810
848
834
882
884
912
934
868
890
934
964
970
910
878
890
988
994
986
972
940
938
942
956
938
904
930
870
932
608
1148
864
876
932
910
896
900
948
576
1302
858
808
824
858
922
908
910
972
1020
994
944
876
884
918
948
956
972
1042
1024
962
924
902
924
584
1264
900
860
886
890
946
992
980
1032
1016
998
960
954
962
960
962
916
922
924
966
930
878
894
888
912
914
974
1020
992
928
892
898
926
932
862
922
942
554
1300
864
866
906
980
1000
974
964
1008
1014
1016
978
890
942
942
978
948
542
1260
862
934
892
898
962
500
556
762
802
764
810
796
826
888
886
884
918
976
566
548
866
976
934
972
958
978
964
922
898
886
916
948
980
958
912
944
948
962
936
932
966
958
996
960
938
876
868
922
946
974
938
894
916
910
894
842
840
906
956
958
942
968
986
938
932
940
1000
1014
1002
968
514
536
842
946
994
540
544
838
910
912
902
922
908
568
1164
838
860
864
900
872
858
838
882
560
1272
810
778
810
830
858
482
1274
894
888
962
964
1028
1008
1026
1012
976
958
908
562
1260
888
858
900
912
954
952
972
988
1000
972
928
874
888
552
1266
852
810
808
854
924
1006
978
964
938
880
904
876
898
850
904
940
938
898
852
846
884
586
1184
864
850
910
968
942
512
542
814
938
962
988
962
984
998
972
942
902
932
950
956
956
908
926
940
950
950
918
864
864
882
928
906
902
908
912
916
894
896
900
900
888
854
796
824
872
506
1264
912
862
868
914
902
896
944
914
560
514
768
862
918
964
974
532
1294
856
854
884
872
864
894
896
842
566
1008
768
716
738
770
802
838
856
916
980
964
934
948
1018
1008
1000
978
968
958
936
902
946
942
964
940
916
934
962
972
966
916
874
888
886
876
840
824
858
902
504
494
752
868
964
950
930
912
832
810
828
862
862
868
892
920
932
1036
968
544
1328
864
832
826
862
888
952
532
1276
814
912
888
888
868
844
878
882
888
918
916
924
890
868
904
898
900
890
944
950
914
920
878
886
928
974
980
942
896
878
916
906
906
916
916
526
528
800
890
906
940
930
924
512
1296
870
884
918
886
920
952
942
948
902
868
878
906
912
888
892
884
876
846
860
910
940
474
578
740
884
896
862
836
864
886
922
878
864
900
528
1312
866
844
844
884
926
510
546
838
932
950
952
954
918
912
870
868
878
878
906
876
854
876
890
918
872
874
870
890
912
894
894
848
872
904
914
504
580
718
814
830
844
860
850
830
862
904
900
898
930
988
986
950
926
892
888
858
858
852
864
892
932
922
904
932
938
968
988
966
916
952
954
960
928
898
944
936
948
918
860
824
806
892
872
876
848
848
886
882
846
832
870
926
944
932
916
914
1022
954
944
936
496
530
800
894
890
956
490
570
884
966
908
896
958
992
962
972
572
1310
908
906
888
840
838
808
818
818
856
510
1306
928
868
842
862
916
948
942
506
564
674
890
930
928
926
932
578
1266
892
832
832
534
1130
806
804
812
818
820
872
556
1250
814
802
826
860
922
936
898
906
946
978
964
920
954
994
958
956
898
944
948
958
968
926
864
838
846
886
872
892
944
966
544
548
810
886
546
1296
884
832
856
924
956
940
904
874
890
932
988
978
946
902
922
924
958
970
902
862
838
858
882
904
506
1280
848
852
858
868
874
560
1252
860
854
812
802
850
908
902
886
888
910
940
892
878
874
924
926
912
908
940
926
906
852
828
844
862
906
876
882
894
916
930
904
974
960
964
922
884
906
936
962
934
938
940
932
918
902
884
850
842
912
892
870
846
796
774
776
746
788
820
838
920
924
982
970
926
930
902
958
980
954
950
940
926
938
976
960
972
960
920
890
892
918
928
844
838
808
766
756
746
716
716
706
720
752
580
992
766
778
774
776
794
826
888
908
960
970
980
988
1000
1006
1002
992
962
948
928
946
970
946
928
932
888
880
844
844
854
856
848
840
804
842
860
932
842
806
800
818
844
856
806
770
746
508
952
550
866
704
728
700
710
732
756
774
786
790
856
880
818
826
798
846
858
816
794
786
760
754
748
748
736
762
784
794
776
766
786
774
770
790
808
826
836
814
830
814
862
872
852
886
904
872
862
892
876
888
888
880
906
884
902
898
912
908
902
908
882
858
878
822
818
844
834
906
870
896
874
844
820
780
752
736
734
714
718
710
694
672
666
642
656
662
650
638
638
648
656
658
686
692
692
744
768
806
818
838
816
822
840
922
874
886
892
500
1172
776
770
754
762
736
758
756
740
772
806
782
824
838
842
870
854
868
864
820
774
728
706
682
678
658
692
750
782
850
838
830
800
786
814
830
840
876
892
844
848
812
780
764
768
760
786
816
848
892
912
916
906
854
890
852
478
552
736
846
876
858
876
906
928
948
910
890
874
836
916
894
896
886
890
526
1228
818
824
840
854
526
1248
804
844
838
854
846
862
900
890
566
1148
820
796
806
860
512
1186
820
794
778
776
760
828
844
464
514
766
904
864
868
860
848
822
830
866
856
852
880
858
856
852
874
912
898
934
916
914
906
488
532
760
880
888
898
916
526
1280
848
832
842
844
844
892
920
916
912
840
772
742
758
746
788
808
878
910
862
552
958
512
932
736
702
784
830
874
946
1022
1004
1014
988
972
928
902
896
914
920
894
872
826
850
864
850
920
902
862
842
828
788
768
762
776
764
536
1048
536
1048
752
744
724
712
746
748
736
726
724
724
752
760
792
774
786
804
810
788
800
796
798
796
798
782
820
816
814
824
814
832
844
838
840
488
1190
816
802
864
860
868
898
918
920
490
522
778
890
872
872
894
860
868
866
478
526
776
876
886
864
866
876
874
888
896
926
910
874
880
884
862
850
494
1224
808
758
744
760
736
750
764
784
816
848
854
896
876
888
880
862
946
952
982
978
966
940
474
508
728
834
842
872
914
872
544
1212
896
550
1158
812
822
882
920
946
1006
992
1006
972
946
956
948
950
480
546
766
782
738
732
804
864
826
814
822
838
848
820
826
840
844
844
822
840
872
914
886
918
946
922
954
910
938
952
944
942
858
792
782
800
832
872
920
960
946
954
554
524
770
876
858
874
898
888
900
922
550
1270
838
830
828
850
868
862
904
904
886
870
912
956
918
574
1182
832
842
842
824
832
850
856
476
536
716
820
838
872
928
938
960
938
912
918
848
874
862
558
1162
832
838
866
878
890
898
936
458
582
892
992
992
1026
962
956
986
932
936
906
888
918
936
504
1262
866
810
794
842
812
836
894
894
882
908
896
502
542
700
854
892
932
910
880
900
906
894
918
920
916
928
900
874
878
904
896
850
854
870
874
894
572
1242
882
880
904
908
998
998
986
952
910
946
878
836
832
820
838
862
558
1244
840
836
844
882
930
482
548
858
980
952
962
964
954
946
950
958
906
856
820
776
758
752
818
784
790
818
818
866
880
882
912
892
878
896
894
860
850
840
878
846
516
1250
872
848
878
862
874
886
916
918
902
890
876
870
882
862
912
912
904
534
1210
830
816
818
868
846
834
844
854
862
866
852
866
832
886
858
848
884
884
890
922
912
902
814
834
852
844
846
838
824
848
852
868
876
874
514
1264
832
844
856
900
940
898
868
828
834
824
784
814
814
826
822
836
844
856
834
848
834
830
888
854
870
906
906
882
846
854
882
880
630
1152
552
1108
764
790
866
896
940
974
1004
984
990
1002
998
988
944
934
906
880
896
904
934
918
890
884
874
900
878
912
918
896
870
894
514
1292
868
830
852
872
998
964
966
976
948
512
528
750
838
828
836
854
834
834
844
848
896
894
880
880
872
860
860
838
848
866
858
866
860
886
888
878
826
790
830
854
848
898
904
920
898
872
852
822
792
806
804
810
852
828
846
870
846
842
886
876
872
868
876
904
900
844
812
866
908
892
926
900
908
886
790
812
794
830
906
844
862
842
852
894
934
952
952
940
932
908
504
1192
790
792
782
770
782
788
810
868
870
878
906
906
916
878
872
854
864
864
844
828
844
816
840
844
830
856
834
832
854
840
844
832
820
832
890
890
942
930
904
868
882
874
898
920
920
924
940
908
872
848
840
886
860
874
870
996
1046
1078
994
932
1046
1070
1092
1086
626
1418
922
932
950
950
964
964
916
880
930
928
956
984
1034
612
1384
978
994
1020
956
948
914
900
896
878
878
874
924
1030
1032
1114
1108
1118
1104
1084
1066
1034
1016
1004
1004
996
1050
1058
1062
1026
1052
1030
986
946
904
884
882
928
940
978
986
1018
972
936
928
930
932
970
944
980
990
1060
1016
1030
1014
1006
986
990
1008
1014
1050
1028
1058
1044
1074
638
1476
1008
986
984
956
942
888
870
864
842
846
870
872
912
904
948
986
1008
1024
1040
984
928
898
842
848
802
806
828
788
788
816
832
862
904
922
934
954
972
1050
1056
992
1034
1038
692
1376
972
982
936
888
886
878
906
934
1002
1054
1028
1062
1070
664
1366
880
920
896
972
1006
1108
1072
1058
1074
1108
1120
1096
1088
1068
1060
1072
1074
1054
1044
1086
1058
1122
1026
1042
1054
1044
1036
1026
1016
1006
964
992
530
1210
804
792
778
796
830
892
1116
1152
654
1550
1036
872
842
804
826
954
1020
900
542
1400
1032
1006
860
848
546
1110
670
1020
882
902
876
934
990
1146
1246
1258
1206
1196
1150
1160
1104
1114
624
1532
1008
988
996
1028
1038
998
1006
980
982
976
600
1392
656
1252
872
858
818
836
878
1052
1172
1200
1182
1104
1174
1230
1220
1204
1178
1168
1194
1150
1114
1068
1072
1070
1132
1198
1206
1184
1168
1190
1170
1138
1068
1014
1018
1008
998
1040
1140
1134
1116
1096
1128
1152
1152
1150
1146
1106
1120
1074
1056
1018
1134
1140
1210
1164
1176
1174
1024
1004
946
898
918
960
1030
1160
1162
1186
1170
1192
1188
1188
1160
1158
1202
1206
1206
1144
1140
1168
1186
644
660
976
1062
1062
1142
1162
1100
1092
1112
1170
1168
1142
1056
1042
1046
1014
976
964
910
854
840
830
808
800
796
784
800
782
794
830
654
938
814
768
772
800
820
862
892
876
890
894
906
920
932
964
982
1022
990
984
974
950
954
962
980
1024
1004
1004
1034
1002
950
974
960
980
940
926
956
906
956
914
946
962
978
970
1012
1044
1054
1040
1038
992
988
1006
1086
1088
1090
1076
1084
1044
1080
1046
1072
1044
1050
1098
1142
1130
1174
1102
1118
1142
1158
1144
1130
1116
1104
1056
1062
1050
1056
1080
1090
1110
1080
1084
1062
574
624
962
1094
1074
1050
1018
1030
1022
980
968
974
986
1040
1116
1114
1090
994
1008
1024
1028
1058
652
1484
980
978
1022
1086
1094
1112
1116
1138
1094
1050
1000
1028
1074
1102
1058
1076
1094
1080
1042
980
960
926
932
920
942
966
960
966
986
1064
1078
1096
1140
1148
1148
1126
642
1446
974
976
1026
1060
1152
1184
1210
1184
1160
1160
1162
1188
1156
1144
1126
1112
1086
1088
1106
618
642
996
1142
1136
1140
1144
1190
1150
1160
1110
1116
1078
1074
1102
1114
1108
1080
1092
1150
1122
1080
1060
1058
658
1442
692
1324
968
966
1012
992
1050
1102
1086
1084
1056
1036
1030
1072
1034
1036
1020
1032
1112
1110
570
626
998
1034
1024
1060
1020
1102
1100
1104
1110
1108
1048
1012
956
966
998
1100
1082
1106
1090
1076
1098
632
1504
948
904
950
966
966
944
950
918
950
916
940
950
960
1008
968
1004
1012
996
980
972
958
932
936
1000
1046
1032
1084
1070
572
626
924
1042
1084
1082
1060
1080
1076
988
998
964
910
886
862
860
890
912
926
904
908
956
1006
970
938
942
946
972
984
980
982
972
912
882
934
914
1006
968
970
1002
1000
1036
1030
1036
1010
1040
1068
1098
606
638
912
1084
1062
1104
1114
1110
638
1480
1026
1040
1018
1034
1020
1002
964
972
960
928
916
878
870
880
914
950
956
978
1028
1080
1112
1084
1122
1130
1140
1174
1126
1068
1062
1040
1046
966
946
912
920
894
978
978
1002
1044
1088
1116
1086
1034
1042
1030
994
956
1024
1078
1152
1138
1144
1110
1088
1078
1072
1088
608
1526
1032
1016
1050
1050
1034
1052
978
872
902
880
846
820
822
822
898
604
1414
830
824
818
836
824
884
936
962
966
922
900
880
1022
690
576
746
844
866
898
912
962
970
962
896
868
910
928
912
912
840
826
874
866
890
884
878
908
896
904
906
886
1026
894
856
870
882
904
904
892
900
862
836
826
872
868
888
868
866
856
870
874
840
840
836
866
862
844
846
860
874
880
874
932
488
1222
850
834
848
870
844
848
870
896
914
928
894
826
822
870
880
894
822
820
792
738
720
692
774
952
826
886
912
920
904
500
528
764
872
866
792
802
880
870
896
876
884
888
886
888
852
876
1006
1088
972
784
796
768
780
798
780
760
764
744
768
792
800
788
798
798
770
776
816
884
944
904
952
956
966
962
952
952
950
958
946
518
1222
826
830
888
1012
994
1008
1104
1114
1138
1082
1038
1008
1000
824
810
796
824
872
876
886
878
870
494
1268
804
778
760
790
818
846
842
826
838
882
882
908
904
906
906
892
856
874
874
848
792
788
772
798
892
758
758
764
774
780
768
802
780
796
802
792
814
792
798
744
758
754
742
758
770
808
820
844
524
1254
864
816
802
824
860
888
938
638
1366
844
808
808
826
816
808
838
864
838
816
826
854
852
834
778
748
778
784
880
858
872
880
844
844
864
882
920
924
912
872
834
826
826
872
856
840
882
896
536
1210
792
808
844
874
896
886
874
908
914
912
898
912
884
868
880
868
876
900
854
854
866
866
872
868
876
884
882
866
880
870
886
850
834
854
864
464
522
744
818
818
836
806
792
754
734
750
738
770
756
742
748
770
766
764
752
714
738
760
740
756
766
770
792
760
768
804
806
836
856
886
890
876
858
872
880
868
516
1234
856
836
808
834
860
884
936
908
896
882
524
1210
822
818
824
840
820
824
516
1214
818
822
820
846
822
784
784
800
824
834
858
524
1182
834
824
832
854
890
594
1224
866
858
866
888
874
902
906
888
898
896
896
868
814
810
814
816
844
828
828
850
836
840
846
868
878
852
554
1154
800
804
812
844
886
868
888
894
896
878
866
890
892
900
872
860
876
920
916
920
610
1124
790
774
818
826
816
902
894
912
890
862
866
860
894
866
810
906
876
896
924
902
902
904
888
886
898
934
944
924
908
876
910
888
860
846
806
820
846
888
862
860
856
860
808
804
804
808
892
878
880
878
882
902
914
872
880
868
868
860
826
910
898
932
914
868
858
810
798
818
848
846
852
864
862
826
824
852
902
982
864
868
876
868
834
840
838
880
910
534
1276
850
848
850
836
864
884
886
880
892
870
842
824
832
814
810
800
784
826
848
878
884
884
884
906
894
864
882
898
932
540
494
762
866
876
896
490
526
738
872
898
906
868
864
874
878
866
552
1146
808
776
802
832
870
878
864
888
892
880
476
536
720
824
852
836
808
796
742
740
764
716
722
706
680
652
706
662
660
656
650
628
620
620
600
604
616
638
614
624
644
646
654
672
662
654
654
676
676
690
690
700
694
682
676
660
670
658
652
640
644
632
618
622
624
606
608
612
602
586
582
570
570
556
554
532
624
610
612
644
626
614
644
648
658
632
640
634
634
640
640
508
744
622
606
516
700
604
614
600
502
700
600
584
590
594
594
604
612
618
628
630
610
598
604
590
600
574
588
586
596
586
596
608
598
586
606
612
628
628
608
638
616
626
604
610
618
630
498
772
616
626
660
654
652
650
642
654
644
646
646
644
630
626
620
620
618
620
606
624
610
620
614
632
530
734
628
628
578
618
632
612
618
650
648
652
702
728
732
736
746
718
720
706
704
720
710
698
696
684
678
664
682
676
666
658
678
652
670
672
642
634
640
652
632
618
628
624
626
634
482
804
630
628
644
626
646
656
648
664
710
730
754
772
742
730
744
726
710
714
718
714
742
766
748
748
764
762
782
738
710
722
730
750
756
778
442
1114
758
730
740
774
824
918
918
948
958
936
910
818
780
754
748
766
720
686
688
686
672
658
646
634
484
862
700
732
758
772
772
498
990
698
696
694
694
464
1014
698
694
714
454
958
730
390
356
696
710
698
732
806
748
728
742
732
714
696
708
694
714
698
698
682
674
672
690
742
718
694
702
736
746
748
732
710
712
712
698
722
738
724
722
754
706
712
728
694
724
740
744
780
768
786
772
752
710
710
692
670
664
682
688
690
696
704
724
714
722
700
700
714
698
670
682
668
638
650
672
684
720
716
676
688
684
680
650
658
648
640
662
664
650
648
646
642
612
616
504
754
620
640
644
642
650
654
662
680
724
714
706
722
724
712
692
720
710
730
494
966
702
688
668
654
664
676
684
528
860
660
662
658
646
634
614
626
640
662
692
686
708
694
686
672
686
702
706
714
730
706
678
654
648
678
710
728
740
776
752
748
740
704
698
700
696
688
712
728
694
694
692
718
752
774
762
738
724
696
704
750
794
854
872
824
810
796
760
746
702
718
740
728
722
738
754
754
790
784
746
778
738
732
758
728
718
718
696
682
672
652
654
650
634
660
664
676
670
686
676
684
688
682
688
670
668
644
630
632
640
636
622
626
630
624
612
582
610
584
582
576
596
598
612
622
650
630
670
668
664
648
656
626
644
654
638
636
646
638
626
608
624
602
606
616
644
606
596
594
610
610
612
622
648
628
632
630
648
628
626
644
636
646
658
660
650
646
656
628
634
638
596
684
652
672
654
670
660
672
776
790
766
726
706
688
678
650
636
654
654
524
788
652
672
642
622
634
662
684
704
738
754
740
718
702
666
518
848
632
640
624
630
612
630
632
630
606
686
638
644
648
486
802
624
632
632
618
640
636
640
640
642
648
626
644
518
762
624
618
626
622
620
638
618
612
616
622
642
636
616
604
626
656
632
618
602
594
614
598
602
588
590
584
592
600
582
572
584
602
600
592
588
576
574
570
568
582
568
562
580
598
586
592
594
592
584
576
582
598
596
600
590
582
570
566
566
560
556
582
590
580
578
570
572
564
556
546
540
536
530
534
530
532
532
544
544
530
538
564
536
528
522
538
544
556
540
544
550
540
540
532
518
486
536
542
564
528
562
542
610
560
540
536
552
554
548
556
578
584
580
570
576
570
576
576
546
566
552
550
552
554
548
534
544
558
560
546
474
654
548
572
556
558
550
544
554
564
548
546
556
552
566
548
546
556
554
560
542
538
556
542
562
556
552
538
566
570
554
538
548
562
572
472
668
554
562
560
546
550
548
562
558
574
582
570
574
576
584
558
560
564
572
556
566
602
560
586
578
580
560
554
542
570
564
576
580
596
588
572
616
578
436
782
588
588
576
558
564
570
556
554
542
560
544
536
532
556
580
572
584
620
526
690
604
564
576
572
590
576
572
466
682
538
558
548
588
586
578
626
618
622
596
578
556
566
550
556
546
540
554
554
560
548
538
536
552
514
502
524
526
526
540
522
542
556
552
538
538
528
538
540
544
552
538
544
550
564
542
536
534
540
536
544
548
558
560
558
556
544
554
530
536
554
542
542
596
594
562
562
568
572
570
564
570
576
588
584
584
586
570
570
576
582
574
572
588
594
608
600
616
604
584
580
598
604
596
610
614
620
612
616
610
598
602
608
600
594
608
612
598
586
586
578
578
536
560
564
574
594
662
610
596
588
586
582
572
586
588
600
590
572
566
588
556
556
542
588
564
596
584
584
596
608
612
580
594
588
586
574
594
602
598
576
576
588
584
588
578
578
576
588
586
602
598
598
596
596
608
608
624
618
624
598
592
586
570
576
564
574
576
586
600
578
592
584
592
572
572
590
498
678
582
598
602
586
628
614
604
602
588
616
622
636
642
644
628
638
632
614
598
618
634
634
612
610
616
560
612
608
586
590
596
602
602
598
602
616
610
620
618
624
630
628
640
618
634
642
454
804
610
618
606
608
622
624
636
650
640
642
648
670
670
674
678
696
684
650
656
656
654
678
666
660
668
670
638
632
646
650
650
654
678
670
682
672
648
656
686
678
662
682
670
642
652
652
636
648
650
640
626
612
618
614
636
626
646
640
658
676
670
670
678
450
876
596
614
600
626
660
636
640
662
678
654
684
700
682
662
678
672
660
564
750
630
630
638
628
618
614
642
628
628
630
624
604
614
620
646
646
638
636
650
644
646
652
646
662
664
660
656
680
664
634
656
656
630
670
646
666
510
824
638
618
642
584
718
536
762
644
650
674
668
678
704
728
710
712
688
710
694
710
676
678
676
676
576
760
496
824
614
620
620
620
628
646
644
646
664
660
636
628
646
630
634
632
656
630
642
644
634
628
630
644
648
640
638
608
614
614
624
622
678
692
682
666
678
672
666
640
646
648
646
606
682
636
642
620
662
616
638
642
632
652
664
676
478
884
648
624
636
492
776
630
632
504
756
608
614
606
618
626
638
646
666
726
682
670
670
662
652
656
664
640
656
654
638
626
