420
724
798
732
768
790
732
720
710
710
694
702
692
692
688
694
684
680
690
694
676
698
684
692
706
698
690
674
706
706
704
702
702
706
686
714
710
690
696
716
732
700
688
706
706
694
698
702
698
686
716
716
696
726
706
718
718
694
708
718
712
702
682
716
702
718
722
708
710
704
708
714
696
678
728
716
710
708
706
704
714
714
694
702
704
738
708
700
696
722
706
708
716
714
720
700
700
732
732
740
734
732
718
716
730
722
716
702
698
722
712
718
710
706
704
738
724
720
726
700
692
704
716
720
704
736
724
708
708
736
746
728
698
688
700
702
708
712
698
690
692
704
704
704
700
702
706
716
698
718
708
712
682
730
698
494
918
694
734
730
734
730
714
708
720
730
732
718
722
708
724
718
722
706
742
748
730
660
766
714
714
700
578
816
718
722
728
718
732
710
708
708
722
730
720
732
716
736
718
734
720
714
730
710
694
696
728
752
686
724
736
732
722
714
732
708
684
682
730
806
724
722
724
720
740
742
750
720
720
696
724
704
724
748
746
746
742
730
756
738
698
710
722
750
732
724
734
724
740
730
712
700
702
738
718
730
726
734
726
730
740
728
746
784
694
700
710
714
734
742
734
716
718
728
722
716
708
686
698
722
720
714
708
720
714
716
718
734
732
722
730
738
758
760
732
728
716
718
738
732
728
722
710
740
718
710
720
750
714
708
706
704
690
688
500
896
704
718
712
720
724
728
714
696
734
708
712
712
706
730
722
710
718
712
706
712
718
714
690
708
718
710
726
716
530
904
692
714
692
708
720
712
472
932
796
732
728
734
748
724
720
708
722
724
700
740
716
740
758
728
750
722
708
698
684
686
708
716
704
730
750
736
738
722
708
708
718
724
742
730
762
754
732
716
740
746
762
694
700
706
692
726
714
732
722
688
718
702
690
716
700
714
714
716
428
866
504
694
1008
720
678
672
672
710
704
720
718
718
710
730
718
736
738
732
708
708
608
804
694
704
748
752
724
708
688
704
690
714
714
710
718
710
754
736
756
740
738
726
694
728
732
730
720
734
638
766
782
690
720
704
706
694
694
724
706
708
704
714
716
706
692
696
698
704
714
758
720
556
812
720
710
726
726
728
724
694
718
740
510
946
710
730
730
724
738
722
714
690
694
698
696
730
722
720
730
714
728
714
688
692
698
710
716
712
738
728
746
726
706
746
738
708
702
694
704
708
702
724
704
694
716
706
692
692
698
688
718
714
690
706
702
704
692
712
712
692
704
710
706
702
724
698
682
708
694
720
720
706
702
696
720
702
694
702
704
770
708
706
716
702
698
708
682
742
694
720
718
726
718
722
722
712
710
684
736
704
720
718
710
702
696
712
700
696
710
712
704
702
714
700
708
712
704
690
694
714
718
722
718
444
1038
714
520
904
698
550
860
702
670
752
716
724
704
708
702
692
692
732
664
734
696
720
710
690
706
710
450
858
804
736
704
714
700
722
712
714
718
718
706
706
714
714
730
692
722
762
712
706
538
872
696
710
710
710
700
714
668
712
742
728
724
704
734
728
728
716
702
714
718
724
728
726
714
696
746
710
704
708
708
702
696
680
700
694
692
696
700
690
698
732
740
698
694
706
706
706
718
710
712
728
726
712
704
726
706
698
710
708
708
712
706
704
684
712
688
692
696
690
704
702
718
708
696
716
714
716
718
714
706
714
716
726
698
720
724
750
720
716
714
716
712
742
720
742
722
736
728
738
738
740
736
736
706
714
726
726
714
718
714
716
766
702
738
708
740
730
710
722
724
746
746
738
722
724
750
736
528
884
732
762
728
720
712
712
700
722
744
738
708
742
746
732
726
716
756
762
760
758
752
712
732
750
742
732
718
736
708
716
728
738
740
738
724
712
712
734
696
740
728
750
750
736
806
742
712
740
712
690
734
706
758
738
744
730
738
728
716
702
700
684
724
714
718
704
694
698
702
700
696
700
714
718
724
700
700
720
710
720
710
722
720
720
712
712
700
718
726
742
706
704
704
702
708
694
686
704
706
698
686
706
710
720
712
708
698
712
704
714
704
684
700
720
704
708
704
714
694
704
706
708
720
714
722
718
708
734
714
714
706
684
714
720
782
720
718
718
708
712
720
718
728
512
638
994
692
724
732
734
740
760
738
758
736
748
718
722
736
730
700
738
726
774
686
730
704
738
746
708
738
732
712
726
724
782
750
726
698
702
720
754
742
738
730
754
742
748
692
710
726
700
756
730
752
724
746
714
720
730
704
730
710
730
750
722
736
714
722
732
726
734
732
734
732
732
726
718
706
778
722
720
716
708
722
708
714
718
706
696
718
710
722
726
716
698
704
680
730
712
712
722
716
714
720
708
704
716
712
724
724
724
722
730
716
726
718
714
726
700
688
730
728
740
786
736
722
718
702
698
718
726
740
734
720
704
764
730
726
728
720
722
710
684
710
708
732
710
724
718
736
724
726
680
744
714
704
682
714
726
718
722
726
504
932
720
660
834
698
722
712
724
732
750
740
732
554
840
736
738
714
724
716
732
722
726
702
728
700
696
704
710
736
718
724
726
732
722
702
724
734
440
1022
732
730
710
732
730
712
710
772
738
720
708
696
684
692
702
702
698
684
698
712
706
710
688
700
702
694
676
714
702
702
702
700
710
706
700
686
708
710
714
714
708
722
706
710
696
700
698
674
700
694
684
678
672
728
688
688
688
672
674
672
690
696
680
674
684
692
678
702
678
684
694
678
664
678
686
670
662
668
664
660
678
664
668
658
670
658
666
660
446
812
698
668
664
670
668
664
668
666
664
678
704
690
686
678
666
676
670
678
684
676
684
694
688
680
684
690
690
684
692
682
692
696
684
694
678
686
688
680
678
448
822
706
720
694
690
704
702
694
714
694
708
708
726
708
696
700
770
710
700
696
696
690
694
722
706
696
704
698
682
696
696
710
720
712
728
708
732
708
698
712
698
716
722
740
710
704
728
744
698
698
734
702
680
702
702
684
716
704
684
692
686
720
718
698
540
824
688
694
702
708
692
690
708
698
698
690
704
682
702
706
706
704
708
706
692
688
682
690
690
686
608
780
702
712
706
708
686
688
708
704
696
696
694
700
704
696
702
744
702
700
684
678
692
688
688
686
690
676
456
918
672
682
670
668
674
672
670
664
672
670
658
668
666
662
664
652
668
660
662
670
658
648
662
664
672
664
658
652
654
656
664
666
654
652
672
676
664
664
664
664
672
674
666
672
666
680
680
682
676
680
674
674
682
686
680
696
694
692
666
688
698
686
676
662
674
696
702
686
676
690
680
686
688
698
668
670
688
700
690
664
688
726
676
694
682
676
698
684
688
696
690
686
686
702
708
708
728
696
704
700
706
696
706
708
710
706
714
700
706
706
708
698
698
692
704
694
712
724
722
722
714
692
716
704
674
684
718
792
710
704
694
692
688
694
704
706
696
718
706
696
694
696
704
696
694
682
688
688
704
688
682
688
686
694
682
688
692
704
694
688
678
686
688
700
686
686
688
688
680
702
662
680
678
702
662
662
674
674
670
682
670
674
658
676
654
684
484
858
670
678
682
672
674
672
670
678
638
680
674
524
756
708
660
660
658
676
652
654
654
590
736
650
668
648
668
654
656
662
660
674
698
660
496
826
668
674
660
682
670
678
692
692
682
698
576
792
678
690
578
800
688
696
680
678
680
696
686
694
686
672
694
700
698
688
686
700
666
692
704
708
708
704
714
712
696
702
708
720
712
690
702
700
688
692
704
702
690
702
698
702
698
706
706
700
712
682
710
698
694
696
690
710
708
704
704
696
704
718
712
710
706
706
698
698
696
690
696
706
702
700
690
698
720
706
674
692
684
682
682
686
694
694
692
692
550
852
686
692
686
684
682
682
694
702
670
684
682
684
674
668
670
684
674
676
678
668
660
680
668
682
670
678
664
670
686
680
676
674
676
698
680
678
680
676
680
664
666
674
674
670
674
660
666
680
672
666
668
658
656
662
662
656
650
652
664
670
662
662
674
668
534
808
668
666
676
670
664
666
682
674
666
682
678
676
678
680
700
692
680
680
674
668
674
684
700
692
676
690
678
692
700
694
688
696
698
684
692
688
710
688
694
690
700
708
696
702
690
702
698
690
694
682
694
704
698
696
690
692
696
674
684
680
710
718
676
672
714
682
682
680
680
686
670
704
696
702
694
710
706
696
704
706
692
702
686
680
700
704
686
716
690
714
706
714
692
696
676
716
700
710
710
700
698
696
704
710
696
702
726
728
694
686
698
698
690
710
704
686
672
686
696
694
690
686
682
680
684
684
682
678
658
662
672
664
668
674
664
672
670
680
660
678
458
818
718
668
660
662
662
658
660
662
666
660
656
678
666
670
662
658
652
646
652
656
656
654
660
658
658
664
670
656
660
664
660
656
658
674
676
668
670
668
666
668
672
678
662
682
682
682
674
664
662
680
674
672
678
664
658
676
482
814
686
698
666
666
674
670
686
680
692
690
672
688
690
692
684
706
708
700
700
692
696
700
698
698
692
694
684
698
692
684
710
690
704
698
692
710
690
702
708
702
702
698
712
694
708
724
716
742
724
716
708
682
682
712
710
706
692
708
696
712
712
680
698
694
690
696
696
688
698
696
692
698
694
692
690
682
694
714
710
706
704
714
694
704
712
694
694
690
702
694
684
684
708
706
686
518
782
690
662
670
662
672
660
540
798
658
656
706
680
672
682
670
664
688
684
666
612
738
678
678
676
666
662
672
678
660
664
660
666
664
580
740
674
652
654
670
660
668
660
662
686
662
680
666
664
676
670
684
668
682
678
684
692
672
678
680
668
686
678
674
688
682
682
674
670
506
844
690
676
670
682
690
690
696
676
696
690
696
684
690
698
692
688
692
666
698
714
732
704
694
694
694
682
694
684
696
696
698
694
700
698
698
700
698
698
678
710
698
700
702
688
696
696
706
702
698
690
714
698
698
696
710
702
682
728
690
688
704
692
700
684
680
706
698
696
676
674
682
684
676
688
688
678
672
674
692
678
684
692
686
684
670
696
708
688
690
660
674
686
684
676
670
678
682
680
682
660
678
680
678
678
676
670
666
666
674
660
662
666
678
666
660
662
666
654
652
654
544
760
658
662
668
662
658
660
640
658
658
642
650
642
650
650
646
654
648
642
652
634
632
648
646
656
646
650
646
660
664
658
658
670
652
660
672
662
662
670
674
692
656
662
676
664
666
672
666
676
672
678
660
664
678
672
680
674
676
682
666
690
658
670
674
674
670
678
672
670
698
682
694
666
686
692
686
684
688
684
674
668
682
674
684
684
680
674
730
678
668
684
658
660
660
664
684
694
690
688
700
682
682
686
664
678
676
690
690
682
702
692
684
696
680
682
658
672
666
678
678
690
680
688
676
678
670
686
336
354
656
662
682
660
670
680
726
666
670
676
670
672
668
674
684
684
682
674
670
680
682
670
670
668
660
658
664
654
658
648
658
656
654
656
648
652
656
660
654
646
658
654
654
650
652
660
658
662
664
646
658
648
644
648
670
638
644
640
636
630
634
638
642
634
626
636
628
634
630
638
634
626
626
632
630
646
646
650
644
646
644
642
652
650
642
648
648
598
666
650
640
656
662
652
658
648
648
656
640
650
648
686
656
652
640
646
654
646
652
658
654
642
652
676
662
688
658
676
664
674
664
652
570
648
656
680
700
666
706
618
736
656
662
710
692
682
674
674
584
724
648
682
698
680
666
632
706
630
680
662
686
638
650
658
646
666
672
638
618
646
640
648
662
628
646
654
650
654
668
610
636
638
594
640
634
616
670
410
330
480
654
560
702
588
622
614
618
588
616
572
330
410
532
588
616
616
586
620
626
604
608
600
598
620
610
614
594
606
616
494
732
594
624
576
622
596
330
330
382
800
602
602
616
600
538
658
606
600
580
628
608
600
606
596
602
474
726
604
606
616
622
584
616
624
604
626
616
618
624
612
448
840
620
650
608
624
630
618
644
634
620
622
632
636
642
630
632
636
640
646
616
636
672
658
630
608
650
618
662
604
552
720
476
752
666
640
536
758
636
566
688
626
620
636
620
642
616
676
626
604
632
606
648
610
686
608
690
650
640
610
676
582
698
538
752
634
674
506
834
636
678
634
620
630
636
618
510
720
634
600
638
628
614
620
442
820
622
626
632
658
642
656
608
616
584
646
478
782
620
616
612
616
612
628
610
590
592
606
588
600
642
600
608
592
582
610
612
616
586
614
608
558
588
638
604
602
622
592
602
630
608
618
592
586
620
618
594
594
640
574
626
590
442
706
598
588
574
596
592
578
576
594
628
602
596
586
576
596
602
586
592
538
600
588
518
680
590
598
586
594
590
590
504
666
594
596
606
602
594
586
604
578
592
636
596
606
628
616
440
772
610
612
618
618
622
612
620
632
618
630
628
626
616
612
616
634
592
648
634
626
584
602
670
614
630
568
586
410
330
582
592
628
646
638
592
604
614
680
634
666
628
654
616
586
688
642
664
658
656
648
644
648
638
658
660
642
636
646
656
674
652
650
628
636
636
624
638
632
638
642
644
634
640
642
630
620
634
638
676
636
650
644
650
606
628
636
656
692
646
638
644
634
640
634
648
672
600
612
646
646
660
578
614
638
622
616
626
632
634
604
610
622
640
580
620
614
616
596
602
578
638
628
628
608
590
660
614
600
612
582
590
610
606
596
592
584
578
610
590
610
594
598
596
600
610
600
602
600
608
614
608
618
604
604
608
608
614
590
618
612
632
640
626
612
614
618
632
632
592
624
624
642
630
644
602
498
784
608
630
614
606
640
602
708
632
604
634
632
570
678
634
628
626
640
642
652
616
646
640
640
622
640
634
610
622
638
628
636
618
642
612
614
634
632
622
600
620
632
624
632
632
624
608
630
636
636
640
624
638
624
638
638
634
680
640
638
606
638
632
632
646
618
642
640
636
634
622
632
628
640
648
618
622
598
640
616
620
616
616
606
610
614
624
622
604
618
622
602
620
632
614
628
622
616
608
628
622
618
610
608
600
604
626
610
624
614
586
612
610
608
586
596
576
610
604
596
606
598
616
614
608
622
594
614
602
626
616
622
616
626
618
626
628
620
624
628
612
622
624
616
618
608
610
624
496
736
624
632
624
616
618
622
620
602
614
628
644
618
636
626
570
686
626
640
648
630
610
640
642
648
638
640
628
632
634
644
638
636
636
630
474
774
648
640
624
634
630
622
632
644
632
642
636
640
644
650
642
636
648
650
648
644
482
858
652
662
698
644
654
654
618
644
606
704
616
674
628
668
592
706
654
648
488
590
842
638
646
658
636
638
650
640
626
646
640
646
632
636
646
648
642
646
630
634
616
642
646
632
642
636
622
638
644
626
626
618
638
630
638
630
620
636
606
642
626
630
636
630
636
630
626
646
628
526
736
666
620
630
632
646
630
624
632
626
474
762
612
626
618
622
626
616
606
614
608
616
626
604
606
620
590
618
610
610
606
604
608
478
756
598
604
610
604
608
622
618
614
526
720
626
614
618
636
620
384
752
634
636
618
634
652
610
594
624
628
624
628
616
602
608
610
642
620
630
630
648
626
666
636
640
644
640
644
634
636
642
638
670
706
664
628
636
628
640
650
630
650
640
634
656
646
664
658
652
638
654
628
630
656
652
652
636
628
656
644
674
642
652
652
640
554
756
666
654
652
610
640
628
676
666
654
646
660
648
630
656
650
710
648
640
646
652
660
648
660
676
642
650
658
650
660
676
674
662
674
672
668
668
668
680
652
652
658
672
670
678
662
664
646
672
638
666
622
632
652
668
652
638
628
632
630
630
618
640
634
632
632
636
640
634
636
638
634
630
624
610
618
628
626
620
624
604
622
620
618
624
606
612
614
626
630
626
612
564
676
626
634
652
602
616
620
624
634
630
614
616
640
620
616
614
622
518
730
634
616
624
616
618
634
624
634
628
632
636
626
632
644
638
638
636
620
630
636
636
652
642
626
644
642
644
640
646
632
630
640
648
614
644
636
636
636
628
632
638
640
636
640
670
636
632
640
610
638
630
634
638
652
652
696
622
656
684
654
644
674
664
642
642
666
658
660
664
654
664
654
648
640
640
650
668
652
650
634
648
650
646
618
656
646
654
648
668
650
648
650
678
714
654
666
638
652
664
648
640
658
658
642
646
640
630
658
658
656
654
640
634
644
652
656
634
614
632
642
646
648
632
644
636
644
646
646
616
646
642
638
646
644
636
638
636
638
640
638
642
624
660
646
650
632
630
630
634
634
612
636
648
618
624
618
620
630
610
634
622
594
640
630
626
616
616
616
626
606
612
614
480
736
618
626
622
620
622
626
614
632
622
614
498
764
624
628
624
632
628
634
632
658
638
642
646
642
638
634
662
650
654
644
652
550
802
478
872
652
662
694
638
670
670
654
672
668
666
680
660
676
674
656
660
670
654
672
672
674
684
654
670
674
674
664
668
676
672
662
536
832
658
674
674
616
664
656
660
672
668
654
652
662
668
668
668
648
646
678
670
654
656
648
652
648
660
662
652
656
562
762
656
670
670
672
672
650
662
670
662
664
668
562
766
664
674
610
674
588
668
510
904
644
638
660
624
650
658
412
840
642
646
648
648
582
686
618
630
646
616
634
616
630
632
608
632
654
646
594
606
622
624
626
624
616
624
616
614
632
628
622
618
586
630
634
550
670
626
610
634
624
622
628
624
622
628
632
522
746
626
640
636
650
652
642
652
648
656
666
638
650
658
644
654
642
638
662
642
640
644
644
652
658
652
644
648
620
648
650
646
656
634
646
654
648
636
648
642
710
656
664
632
626
654
648
656
652
660
626
654
658
658
646
660
638
662
662
660
634
670
670
662
666
478
808
656
644
676
634
658
668
670
708
682
670
674
690
686
668
642
654
682
658
670
534
796
684
680
686
644
636
650
656
474
878
648
638
674
664
668
674
672
670
674
664
672
676
652
682
672
666
666
668
668
662
678
652
614
664
676
642
658
664
632
658
628
642
652
638
638
658
626
632
628
632
692
648
664
634
630
612
652
648
652
642
648
648
648
652
636
640
656
618
638
636
644
626
638
644
628
628
640
612
626
628
602
614
622
624
626
634
618
622
644
636
626
640
426
776
664
626
632
616
634
638
508
774
642
638
644
632
628
642
648
636
638
626
630
650
644
654
654
496
814
632
660
636
650
664
650
666
674
662
670
656
628
662
662
662
676
642
674
670
658
672
686
596
734
672
672
662
644
664
674
694
682
650
666
666
660
668
676
652
664
686
654
654
662
688
676
662
678
670
684
652
672
674
644
678
668
658
652
642
668
670
670
672
664
658
668
674
662
664
602
728
674
674
676
672
670
674
694
690
674
682
650
680
682
672
694
676
674
680
680
686
692
676
682
670
676
650
674
666
668
658
648
666
674
664
660
648
664
638
656
656
668
636
648
652
666
656
644
648
632
650
644
636
644
618
658
654
644
620
636
622
636
626
622
634
638
632
638
620
584
694
506
710
514
716
656
636
606
694
630
634
636
620
510
760
634
644
670
650
646
632
650
652
640
652
658
634
658
652
648
660
652
656
644
642
668
648
642
652
642
648
644
646
656
654
662
654
664
666
660
662
674
630
654
656
660
638
640
676
648
662
642
650
658
668
634
656
658
642
662
670
672
662
602
706
554
760
656
660
684
660
682
658
684
744
690
686
654
688
652
680
690
496
804
706
696
646
746
690
654
684
676
524
690
808
480
602
916
530
672
796
676
666
678
670
664
666
676
672
594
724
492
858
692
656
634
598
762
660
658
658
676
648
654
664
642
658
634
652
668
634
646
652
642
652
648
656
652
652
642
656
448
856
650
650
658
658
654
658
660
496
802
652
662
654
654
648
656
654
638
624
636
580
690
490
780
654
640
626
642
638
652
638
630
634
628
614
640
632
638
644
642
646
652
644
662
648
654
644
646
648
658
626
654
660
624
652
638
646
662
660
636
634
648
566
744
662
640
664
652
662
668
662
666
662
670
666
672
666
742
658
676
680
662
670
664
676
664
664
670
682
686
658
676
660
674
676
516
770
586
758
676
684
650
680
646
672
674
656
678
670
688
682
678
680
658
672
686
660
672
662
686
686
696
684
658
676
716
672
662
686
640
680
680
680
660
684
664
678
678
684
672
682
668
696
700
680
684
682
692
664
692
640
676
688
676
668
666
682
680
676
674
676
682
646
682
662
648
658
664
664
652
644
648
678
652
652
652
654
642
638
656
650
644
632
652
648
650
648
652
650
650
642
646
640
616
648
638
646
630
606
634
636
634
638
582
696
652
644
644
646
640
634
650
648
648
652
656
656
654
660
662
658
684
666
670
650
492
782
690
658
658
656
656
656
662
672
664
640
662
668
664
668
628
662
694
662
702
678
672
672
670
608
680
662
672
660
676
670
678
664
684
678
688
690
700
688
686
650
660
680
600
800
704
694
696
530
854
692
686
682
680
714
704
670
664
710
696
680
690
686
686
674
682
638
702
700
698
702
704
672
676
684
692
696
688
692
686
682
688
692
686
690
688
688
700
674
688
682
676
652
658
670
670
668
664
658
664
658
658
656
658
658
654
656
660
646
654
652
666
654
644
646
662
694
656
646
648
644
638
672
578
646
634
622
632
632
636
652
638
632
628
634
650
646
494
784
640
638
648
662
648
656
660
660
654
646
668
662
664
656
656
648
656
658
654
684
654
654
652
656
660
660
654
654
612
688
442
876
666
668
686
676
680
690
684
680
682
666
674
648
694
696
670
668
684
672
686
698
672
670
674
668
684
668
664
678
674
674
678
668
656
684
710
698
686
684
674
688
682
680
692
696
686
698
684
698
706
692
692
688
678
676
690
692
702
680
674
688
678
678
676
674
686
694
694
694
536
846
692
710
726
696
692
698
706
716
688
704
704
740
688
662
676
672
652
680
668
670
664
626
700
674
486
840
680
618
706
648
662
664
662
670
652
660
672
658
666
660
684
670
666
674
656
662
594
748
674
664
664
676
660
670
528
806
648
666
690
502
806
658
660
658
662
666
666
678
670
664
660
678
664
678
734
658
660
658
650
656
670
650
670
650
660
662
650
666
612
720
658
662
660
646
668
670
690
678
660
668
666
672
650
672
680
686
670
694
686
702
698
494
826
686
710
672
684
672
680
686
688
690
690
680
684
684
680
682
684
686
696
690
692
696
706
710
702
686
690
702
704
698
686
744
694
696
690
660
680
692
694
694
676
588
758
688
678
686
676
676
688
674
662
678
564
758
710
700
676
668
682
684
686
700
696
682
682
688
640
712
684
696
688
682
682
682
680
676
674
688
702
672
674
666
672
654
672
668
682
666
676
606
504
866
688
680
660
506
698
776
656
662
660
662
656
660
666
650
648
648
648
646
646
650
640
650
640
642
652
646
632
648
640
658
652
642
646
656
682
654
654
658
646
652
672
662
672
666
660
664
674
674
676
668
678
674
670
674
676
662
680
662
662
670
664
696
676
676
676
688
700
674
674
684
674
702
686
688
518
822
738
592
776
684
690
716
684
676
692
676
586
738
686
702
684
678
692
690
674
690
678
468
840
678
732
690
594
772
704
688
704
698
698
696
706
688
712
706
702
720
700
684
690
686
694
684
698
708
696
702
666
716
712
708
684
684
690
704
692
706
704
688
724
702
630
770
720
712
716
682
702
710
694
706
674
686
688
694
686
680
676
674
702
678
674
662
688
674
670
692
674
408
802
772
686
670
682
714
712
662
652
660
660
662
670
658
660
670
664
666
664
654
670
652
654
652
662
654
664
660
656
658
650
654
650
656
658
654
558
752
674
674
652
656
654
666
668
666
658
660
666
668
654
664
648
670
690
666
654
650
652
658
654
656
660
658
666
664
666
668
678
684
662
660
680
654
638
688
688
670
670
690
674
684
666
674
680
576
754
718
674
670
682
684
696
702
674
704
692
684
688
682
714
474
510
716
638
618
648
646
644
646
648
638
660
648
662
654
670
644
650
660
644
640
662
666
644
648
462
804
630
652
636
642
652
654
666
654
648
636
650
634
658
636
656
646
656
662
662
646
650
648
670
672
680
660
628
522
528
924
654
656
658
668
674
664
660
652
656
666
668
648
656
656
652
640
646
650
640
656
644
638
638
654
654
650
640
636
652
656
646
652
638
636
634
626
636
634
620
644
622
644
632
548
690
618
618
620
620
610
616
616
608
610
606
614
608
622
616
624
622
618
612
614
616
624
620
620
624
622
620
624
618
610
640
636
642
630
618
628
630
626
634
632
632
634
626
634
638
634
650
628
656
636
636
638
672
634
626
640
636
666
644
650
650
646
648
656
652
646
646
644
642
656
640
640
644
644
644
634
632
646
628
642
642
644
644
646
644
644
638
648
644
646
644
652
652
654
660
642
642
678
700
656
662
650
662
650
654
654
658
596
726
656
658
652
670
664
654
656
662
650
652
666
666
646
658
666
658
654
652
662
664
662
670
658
652
676
664
658
672
666
662
656
650
652
654
644
642
660
688
648
642
560
726
644
640
626
640
632
636
638
650
638
656
654
644
640
634
646
644
646
634
632
658
640
632
632
644
634
636
634
630
634
636
634
642
632
632
632
622
630
620
632
634
628
630
618
618
638
654
626
628
624
616
628
612
634
624
626
630
626
616
636
624
628
632
624
630
632
624
628
632
614
626
624
622
626
618
624
640
622
628
638
626
636
634
636
640
630
652
650
658
642
644
646
640
490
798
644
680
672
656
644
646
640
640
652
658
644
600
704
650
652
652
664
674
666
660
652
654
670
666
674
658
674
662
652
672
658
658
676
682
686
674
654
584
726
658
672
662
670
650
678
678
652
638
652
684
692
658
638
646
650
644
662
668
668
650
642
624
648
662
636
642
634
660
678
676
660
650
664
664
658
652
640
660
662
654
672
662
660
670
662
660
668
662
684
676
664
660
660
672
668
668
666
670
694
412
404
408
408
400
402
936
658
668
666
662
658
670
674
666
672
678
666
662
662
652
662
652
664
654
642
642
640
650
646
642
646
656
654
654
666
652
662
660
658
668
666
656
666
664
654
656
658
656
702
654
644
642
634
652
646
662
676
648
646
656
642
666
652
652
648
648
650
648
644
658
656
648
