-44
612
626
626
614
756
690
676
668
658
638
634
434
830
612
636
636
628
632
750
686
664
674
628
608
624
622
618
610
622
628
618
612
754
680
674
668
668
636
612
638
422
824
540
694
626
610
770
676
660
674
628
620
586
604
618
610
602
618
734
720
684
678
616
622
548
700
614
598
626
764
710
686
658
636
646
614
604
608
752
706
684
672
644
630
590
650
622
618
630
752
678
692
672
660
616
614
634
616
610
618
728
712
678
674
620
620
640
612
616
612
744
702
680
680
622
624
630
612
608
598
616
616
726
708
652
668
642
612
402
948
686
666
666
650
608
612
616
608
614
718
678
670
658
654
620
616
622
614
742
656
664
666
664
652
634
580
666
742
680
666
676
640
618
632
614
616
614
606
616
622
614
622
730
706
540
828
618
534
728
612
622
616
614
626
734
694
658
664
648
620
606
596
616
734
698
666
642
640
624
610
606
596
622
618
602
724
690
672
680
662
640
554
688
612
598
606
620
680
724
674
636
626
622
614
608
602
608
400
938
708
524
788
634
622
606
596
606
598
602
594
596
604
398
898
710
658
658
632
616
618
606
614
608
610
616
600
614
610
630
748
682
688
670
644
638
612
624
610
608
612
604
606
728
704
670
664
652
480
754
624
616
606
604
556
768
702
662
646
640
616
618
610
610
612
618
608
614
628
608
744
692
670
676
650
634
622
530
846
662
686
676
666
632
620
618
610
610
602
604
744
692
666
656
656
644
624
630
604
614
640
614
748
674
668
676
662
638
600
618
638
612
610
734
684
684
666
654
618
624
518
728
612
522
822
708
546
782
624
626
628
608
608
606
616
622
750
684
664
680
660
628
632
622
616
638
616
628
774
682
678
676
646
620
610
612
610
626
606
756
700
672
682
650
638
604
610
762
682
680
654
656
646
646
630
714
662
668
664
668
662
668
636
622
624
602
600
622
604
600
588
680
696
660
638
628
656
640
616
606
588
614
610
596
594
600
586
606
584
586
652
656
648
634
628
630
618
628
626
602
600
580
598
598
576
582
602
596
422
840
660
636
614
622
616
616
620
606
604
604
590
600
600
602
612
594
598
632
606
604
598
612
614
598
608
608
598
620
688
684
656
650
644
632
644
642
634
634
602
542
690
610
610
620
612
612
602
614
618
602
602
608
612
620
604
606
636
526
834
692
648
656
664
672
652
398
918
622
694
614
516
714
602
432
784
492
706
594
550
634
590
596
606
740
664
652
664
652
648
658
644
658
638
624
622
610
624
614
618
758
668
678
664
660
656
678
678
660
658
626
630
630
612
608
614
622
538
700
604
614
606
602
778
672
680
668
674
658
652
640
632
626
602
598
616
386
820
590
496
704
578
586
730
646
556
734
642
586
698
650
638
634
628
608
618
590
600
606
590
588
610
592
594
594
604
620
630
698
660
650
652
642
636
626
650
648
632
622
602
596
612
592
596
600
602
594
608
598
688
668
644
646
638
638
644
640
620
620
612
592
608
620
600
600
620
614
618
378
830
610
600
618
598
600
632
712
670
646
652
652
644
644
646
646
654
622
612
614
610
616
606
608
522
700
612
604
706
684
660
666
640
652
634
612
626
606
616
620
608
602
622
608
604
608
616
608
610
600
602
608
618
588
602
748
658
666
648
638
656
656
656
396
884
476
768
614
594
602
604
584
758
646
650
664
648
646
638
644
634
628
620
598
616
618
598
614
754
666
682
668
660
660
662
674
670
648
612
626
634
614
606
754
674
672
672
662
652
670
658
630
630
622
624
624
624
614
598
768
676
658
676
666
656
660
654
664
648
626
606
616
622
610
600
760
668
662
666
662
646
666
678
660
658
624
614
624
614
602
594
612
622
600
596
772
674
670
660
662
648
658
672
644
636
620
616
618
614
606
606
606
622
600
598
754
658
662
654
654
656
658
678
656
654
644
636
628
620
614
616
622
624
598
614
758
664
674
654
648
664
662
660
652
640
624
510
744
608
600
636
614
608
602
744
672
654
656
640
646
674
648
656
642
634
640
616
630
600
604
628
606
606
592
750
452
872
604
704
652
666
658
656
626
630
628
606
604
608
618
620
600
754
664
666
674
654
658
644
666
666
660
628
614
614
616
750
676
656
660
672
646
656
650
642
628
620
624
600
608
764
654
658
660
648
652
656
660
436
836
616
604
630
614
606
626
602
610
616
616
616
600
602
616
756
674
662
668
660
666
664
658
664
628
636
626
618
586
630
612
616
610
610
610
612
610
606
620
764
668
660
658
656
658
662
666
656
636
632
616
614
606
602
604
604
596
600
602
764
666
656
656
656
662
656
658
626
632
636
606
598
608
608
616
600
758
676
670
668
650
654
648
662
660
648
644
626
624
624
506
716
614
606
432
964
680
656
662
656
648
662
632
624
616
620
604
602
612
602
590
748
662
650
662
658
648
656
650
634
622
602
606
416
948
460
874
660
648
660
652
618
608
604
622
598
604
610
748
672
654
650
666
660
668
656
652
622
624
434
810
604
746
670
552
768
662
648
652
664
642
644
626
632
632
622
620
608
612
624
744
660
650
660
674
656
648
636
662
664
650
648
658
644
642
520
812
656
654
662
648
658
658
664
584
724
666
652
656
650
646
664
634
624
616
624
630
608
746
658
666
680
660
668
650
656
676
650
636
606
630
630
614
620
604
618
620
752
670
654
664
666
660
654
658
654
458
860
484
784
616
640
618
610
598
620
764
666
676
670
666
668
678
672
658
648
626
620
616
618
618
626
602
772
682
676
670
674
684
670
684
634
626
452
808
618
588
616
624
610
606
622
610
618
612
614
616
616
628
612
618
618
754
690
656
664
674
666
674
658
664
628
628
636
606
608
612
390
860
608
610
616
762
668
652
662
666
656
664
654
640
644
640
628
608
616
636
618
618
762
674
670
678
670
660
672
670
664
664
632
616
422
810
474
744
612
626
608
620
598
610
620
610
620
618
618
634
624
630
632
626
640
618
614
776
682
682
678
668
652
674
676
660
390
874
628
628
618
618
604
612
628
606
600
622
624
626
606
620
628
622
616
628
620
626
614
774
676
666
682
670
418
910
588
760
672
642
626
608
618
606
614
596
608
636
614
614
428
822
632
618
628
634
626
632
628
630
630
618
772
674
664
668
672
674
672
674
656
662
662
636
634
622
626
650
630
624
614
628
772
672
664
664
664
668
666
664
658
670
664
640
638
634
618
622
620
624
606
614
632
612
622
764
682
676
662
678
658
668
654
642
642
624
612
606
618
628
612
774
670
674
688
666
668
654
652
638
616
624
600
400
852
624
592
770
670
666
660
656
648
658
666
652
636
620
622
622
616
620
596
402
960
692
516
808
660
658
662
666
652
634
624
610
624
598
608
614
606
596
758
666
670
654
660
648
652
658
644
642
614
608
616
600
606
718
700
666
648
668
662
642
626
632
624
620
606
622
598
606
608
594
602
420
750
572
558
542
562
534
548
552
536
528
550
624
594
566
574
556
584
524
610
464
578
472
600
536
476
586
610
496
608
476
624
456
608
480
600
458
388
326
340
638
432
640
472
628
416
628
462
626
450
636
428
634
466
624
428
440
666
614
426
638
450
626
418
630
490
606
428
630
420
618
438
622
394
642
484
656
492
630
554
562
554
542
560
538
534
554
534
532
552
528
544
538
520
588
576
568
556
558
566
484
632
478
632
484
534
616
564
558
550
508
554
450
572
410
606
530
532
534
516
526
526
520
522
512
544
530
532
528
548
548
550
548
544
550
552
548
490
586
404
400
668
482
518
608
552
566
558
548
554
538
558
538
554
544
542
552
560
484
592
408
376
708
438
582
614
574
546
554
566
544
558
550
538
558
456
492
492
624
382
646
406
710
552
548
538
546
550
508
562
414
486
564
594
414
694
474
606
536
550
534
544
540
486
578
390
446
542
576
398
598
544
554
532
520
554
502
580
486
570
388
466
698
520
558
488
568
510
574
488
588
478
568
508
554
436
584
374
584
536
532
530
530
512
522
518
528
522
526
532
520
526
546
530
522
530
516
518
536
512
520
536
470
558
416
576
548
530
510
530
524
516
524
532
472
388
546
526
598
454
592
482
556
494
550
512
406
552
376
568
524
516
522
506
514
514
510
384
406
516
548
362
580
468
574
474
466
586
506
518
418
560
370
558
532
534
508
516
520
502
514
392
406
560
418
684
522
520
474
568
508
534
734
556
444
654
526
514
518
512
398
634
372
576
502
514
518
504
518
524
504
450
560
286
666
516
530
470
552
464
570
458
586
464
450
496
438
486
284
742
524
510
524
516
512
512
524
394
574
506
516
518
496
508
520
502
396
360
560
566
342
578
510
508
504
482
504
502
512
414
434
486
556
348
578
516
510
500
512
488
482
518
426
522
370
540
378
570
360
586
518
514
494
520
536
442
546
362
572
512
512
506
520
510
434
564
350
578
514
512
528
514
516
496
514
386
562
366
586
362
578
522
518
518
490
506
506
494
492
500
508
586
546
540
512
482
524
554
528
542
544
522
538
534
506
512
492
582
546
530
518
532
510
512
534
544
500
528
502
506
506
480
502
508
498
500
504
522
560
372
764
398
718
538
548
538
518
536
520
356
678
494
512
512
500
528
522
562
582
560
544
556
544
536
546
546
536
542
520
526
520
514
524
542
520
518
522
518
520
530
524
516
556
600
594
482
718
386
776
498
656
556
560
516
598
478
624
538
534
546
524
526
534
512
510
528
522
524
530
418
620
538
538
530
540
526
532
530
368
694
528
530
528
530
518
518
528
514
522
526
522
516
510
520
506
508
532
504
506
518
494
520
524
510
544
560
566
544
556
414
650
534
460
602
540
530
438
614
524
528
540
522
524
524
510
536
530
512
524
530
514
524
524
510
522
516
510
534
516
518
516
514
530
518
518
528
514
568
596
586
560
564
556
550
546
556
554
518
526
560
572
516
556
528
530
530
536
536
552
518
522
534
516
532
532
526
534
612
558
574
594
554
564
574
596
564
416
732
300
270
562
580
560
552
560
476
636
542
542
518
530
540
522
530
526
530
550
558
602
582
554
574
380
680
588
552
564
568
562
572
560
530
556
540
538
544
586
570
560
576
568
542
564
550
536
550
600
548
556
576
550
560
558
540
526
594
558
544
554
552
554
560
552
546
470
580
514
524
524
510
506
514
516
502
626
534
550
544
542
550
544
554
392
710
444
672
470
638
526
544
558
470
584
432
590
468
584
428
592
432
602
490
564
442
488
464
594
388
614
382
486
668
502
570
470
614
528
538
542
532
540
538
516
528
506
528
494
552
488
544
434
584
468
570
488
568
514
544
480
558
472
570
460
580
434
466
634
518
468
570
452
576
518
518
466
570
414
568
890
416
568
536
516
520
528
500
514
532
516
520
526
508
522
526
522
508
536
522
530
520
528
512
514
528
512
522
532
512
510
522
518
524
530
520
524
532
464
420
586
538
430
564
428
576
378
452
658
508
882
668
520
502
454
546
386
628
426
558
402
552
480
308
644
628
402
594
502
312
262
894
546
424
530
426
548
362
478
596
502
374
652
514
460
564
516
496
494
500
468
514
426
546
468
520
516
518
494
506
516
506
508
410
482
432
542
382
550
458
568
416
596
476
544
424
576
474
490
520
420
532
502
500
492
502
504
496
494
456
506
402
540
360
558
472
442
520
316
796
390
624
490
524
496
490
504
476
486
494
490
460
532
378
538
506
522
448
560
434
554
460
442
554
342
550
472
544
458
572
494
508
380
462
454
396
686
438
480
412
536
520
514
518
502
512
396
566
512
522
504
508
518
366
570
508
490
512
510
508
364
576
368
526
458
592
490
514
512
516
514
488
524
390
376
404
722
464
646
468
566
496
520
526
378
574
360
572
534
504
490
508
494
500
510
446
528
420
564
388
580
532
506
492
510
508
504
512
494
500
504
494
510
494
494
494
496
522
514
508
532
358
708
474
614
476
582
468
570
540
530
512
506
484
512
532
508
520
526
502
522
542
494
552
528
520
534
532
526
532
534
524
526
518
532
530
518
540
550
538
550
546
546
546
518
520
466
524
454
528
376
624
512
564
382
562
384
602
360
578
540
504
544
514
508
528
498
510
534
524
538
546
514
526
528
502
518
508
486
508
512
600
562
562
536
548
542
516
528
530
494
514
510
512
470
400
660
400
462
674
512
594
558
578
590
560
560
540
506
524
532
520
606
560
540
592
570
552
540
528
506
524
522
506
506
592
582
384
710
550
472
608
524
478
564
490
510
616
550
484
656
550
540
556
530
518
518
498
508
516
498
516
522
504
508
522
562
570
592
558
560
554
532
536
534
512
512
634
574
578
570
554
530
552
612
564
572
554
548
554
534
516
514
606
488
622
552
552
528
520
502
570
540
524
522
536
560
514
514
510
490
486
482
502
486
482
582
414
636
550
546
520
524
498
510
512
492
496
498
596
562
482
626
440
626
510
506
534
496
496
578
534
544
540
520
530
518
504
522
504
498
474
464
502
488
502
578
520
530
548
532
506
534
564
538
532
530
532
534
494
522
540
500
500
496
492
502
504
514
494
506
518
500
502
522
596
568
608
568
566
552
534
534
532
522
530
540
534
532
636
594
528
666
586
516
656
586
594
574
578
576
586
600
574
590
588
576
576
600
482
666
584
596
604
582
490
694
588
530
628
606
518
656
614
586
566
570
578
616
592
594
584
596
588
578
580
550
622
612
588
580
582
576
596
568
574
576
534
544
550
522
530
528
506
532
536
510
528
518
514
528
514
510
520
494
514
510
504
520
502
508
516
500
572
578
544
544
554
546
504
590
364
704
548
532
536
538
526
530
536
324
746
544
532
522
542
526
314
746
514
534
534
510
510
524
466
584
538
524
540
550
518
534
530
530
540
550
522
540
530
522
542
534
506
534
530
512
518
508
498
496
508
540
510
494
500
508
502
528
510
512
512
482
504
416
614
514
480
532
456
560
510
514
500
504
492
498
420
608
508
518
500
516
520
496
368
628
504
504
494
502
488
488
506
488
508
500
412
572
504
502
502
484
504
546
520
530
510
494
508
518
514
536
518
522
320
710
508
514
492
504
572
498
522
516
534
520
506
512
496
490
522
488
496
518
492
580
546
512
534
534
518
516
530
506
518
516
504
608
562
540
572
560
538
538
544
522
536
522
508
624
582
546
564
562
540
534
552
646
574
562
586
568
536
536
534
634
530
640
562
564
562
554
530
536
522
636
584
572
582
552
554
548
534
542
540
508
534
626
570
596
580
550
550
546
526
520
534
508
624
592
590
574
558
552
554
536
534
656
580
578
592
566
550
554
646
586
580
582
584
556
556
550
640
592
590
584
582
582
554
548
542
546
664
600
606
600
582
558
562
542
526
654
604
620
584
564
556
554
660
606
590
586
572
602
600
566
558
562
552
640
614
592
588
578
572
562
634
588
604
584
590
590
564
554
636
596
598
588
584
600
580
558
558
554
548
544
540
656
580
592
620
572
554
560
546
544
556
664
612
578
604
596
554
550
552
538
544
672
606
622
590
600
580
550
558
662
592
596
596
590
592
550
630
604
590
588
604
598
598
584
582
570
550
560
638
592
608
600
600
580
546
558
558
638
606
620
580
572
566
554
542
656
596
596
594
596
584
552
464
632
534
654
586
592
586
586
560
544
524
634
604
568
590
574
558
550
546
660
604
564
592
596
562
548
634
596
594
586
590
588
582
572
574
552
628
588
574
562
580
570
556
538
546
668
598
570
602
584
554
556
548
554
644
600
592
576
586
598
586
562
598
574
580
566
590
592
570
578
584
578
570
572
562
558
560
560
572
556
558
586
558
556
558
526
558
562
546
558
562
550
552
564
544
548
554
542
542
568
540
608
606
596
572
560
574
568
566
566
576
576
566
592
570
562
582
556
558
554
570
564
544
548
538
532
540
544
522
534
538
598
618
598
586
566
562
558
562
574
546
544
556
548
542
546
542
544
542
550
542
544
542
542
542
544
618
576
588
586
570
568
570
538
542
550
534
534
548
530
532
544
552
548
546
534
536
548
520
526
594
558
518
578
480
658
538
538
530
524
548
540
518
524
524
530
538
580
460
518
526
524
530
534
538
528
516
544
586
546
572
580
560
550
576
550
526
536
540
514
520
506
508
544
524
590
554
554
544
548
520
508
512
632
580
572
578
552
554
558
552
546
552
532
534
566
542
536
558
536
538
550
540
542
542
526
530
554
528
528
602
576
592
596
586
570
560
556
578
544
544
560
540
536
550
532
530
546
526
532
556
540
536
546
532
554
518
572
540
548
530
542
546
526
530
528
538
524
540
628
574
596
588
586
572
558
556
536
798
914
408
434
864
436
734
558
544
560
542
530
572
478
522
532
532
522
532
616
534
620
572
582
562
562
576
550
542
550
522
634
532
626
566
574
570
568
514
588
564
536
542
556
622
584
580
540
582
576
554
556
550
552
534
544
536
516
532
526
522
532
528
516
588
582
556
578
562
552
556
550
546
526
532
528
516
518
510
534
590
570
548
568
546
530
532
524
526
614
574
546
564
556
552
538
536
530
630
588
586
578
568
560
554
558
634
578
590
580
596
586
578
582
500
664
570
612
600
576
582
572
546
558
540
540
522
550
534
616
574
562
584
576
610
496
528
542
632
564
554
576
566
572
604
408
642
552
512
678
592
528
632
564
580
606
578
576
584
596
598
596
570
642
568
628
604
582
592
606
592
590
588
598
586
574
560
540
560
542
580
548
540
534
538
634
588
576
580
560
578
582
550
602
582
592
580
594
580
580
576
572
600
582
590
608
588
592
602
592
590
584
596
576
606
594
592
598
572
564
562
630
546
610
602
578
576
576
546
536
604
592
556
574
564
568
558
578
564
548
562
562
540
542
548
538
550
550
528
534
546
530
558
546
532
540
610
556
560
574
554
558
570
552
558
558
554
566
562
564
552
534
542
542
520
544
534
512
532
540
518
528
586
582
572
580
556
570
576
556
524
576
538
542
598
560
546
560
552
546
544
550
556
550
556
566
548
558
568
550
552
566
550
562
572
558
554
572
558
560
540
570
490
596
556
540
1130
576
552
562
562
532
542
548
536
558
562
536
548
560
546
552
614
554
558
560
588
566
568
518
616
560
570
572
546
568
574
562
516
626
554
564
576
544
538
396
670
540
546
534
526
542
606
562
566
558
550
554
568
566
560
570
570
558
568
556
530
528
528
522
528
628
566
568
572
566
562
570
562
564
572
568
560
534
536
546
556
636
584
560
416
702
468
650
566
554
534
542
530
524
528
512
504
530
516
522
528
514
560
588
564
560
562
556
560
566
566
562
564
556
540
528
542
614
542
570
574
554
572
574
540
552
548
530
536
532
518
538
542
802
772
432
626
538
438
618
522
506
434
738
540
544
552
532
542
554
534
530
548
536
540
558
538
536
540
526
522
536
514
560
586
548
556
564
554
556
568
556
556
560
546
552
542
536
540
540
536
536
544
548
556
558
560
542
574
560
560
548
562
566
560
540
596
556
562
584
560
572
526
618
588
566
590
554
504
606
578
516
596
552
526
522
622
532
572
582
542
556
564
562
548
544
546
532
528
536
524
562
574
574
530
490
656
564
560
520
614
522
576
546
542
534
510
530
526
552
488
610
538
530
548
534
484
586
530
524
538
530
530
532
510
522
540
534
528
546
514
418
686
540
494
584
508
526
526
510
502
598
488
570
550
526
536
538
558
1048
392
692
546
544
546
544
528
528
514
498
506
608
548
558
562
548
494
626
540
496
606
516
506
584
526
526
526
592
560
562
546
536
554
550
544
564
552
526
536
520
514
528
588
538
550
546
538
556
552
492
608
546
570
538
552
538
518
530
532
600
498
340
828
432
684
532
444
650
534
536
550
530
522
564
532
546
546
528
548
556
542
548
566
542
546
584
558
554
562
554
560
554
540
590
556
560
572
552
558
554
546
394
738
394
664
612
562
560
568
546
534
562
548
552
576
566
568
552
556
546
524
530
614
484
632
558
546
554
554
544
544
548
530
542
550
544
534
534
514
592
570
534
576
508
572
568
520
558
574
532
570
530
490
572
516
526
504
570
558
566
564
560
546
542
550
546
538
544
532
530
518
510
508
522
502
596
520
598
552
488
594
540
526
516
508
518
524
514
528
526
500
520
558
392
682
456
604
562
552
540
552
522
530
538
520
520
556
522
512
530
524
402
640
518
524
552
526
518
528
506
500
516
566
574
576
518
530
426
650
540
552
534
528
528
502
524
536
502
566
554
542
526
548
414
664
428
654
532
518
502
512
522
504
520
522
510
522
516
522
518
504
518
500
566
578
576
536
552
548
532
542
530
516
528
524
500
552
526
508
522
560
554
432
636
536
552
538
518
534
514
502
524
516
510
522
488
508
532
510
518
522
494
546
562
528
424
654
512
524
510
514
498
520
530
516
510
514
504
498
510
516
540
522
512
502
518
508
534
530
496
504
506
500
520
512
524
524
510
504
540
536
542
578
304
788
524
510
510
566
530
532
526
526
514
432
600
482
572
544
540
504
550
544
532
530
544
532
520
532
526
518
534
522
526
528
436
720
424
684
530
538
556
516
572
576
548
522
606
548
530
570
528
526
524
520
520
504
500
624
570
558
556
566
492
606
550
576
538
536
536
524
532
538
518
544
536
510
584
596
560
554
572
548
534
544
422
634
550
616
436
654
546
524
538
514
508
592
544
548
562
552
528
554
530
532
526
640
552
588
574
564
538
546
634
556
412
748
546
522
538
554
532
522
500
520
510
470
736
424
660
450
622
528
474
660
544
502
602
544
506
578
534
492
584
540
456
644
534
530
538
526
524
518
528
568
546
526
520
530
524
536
534
534
522
540
530
526
532
526
522
534
476
546
494
580
518
540
500
508
518
512
554
594
566
552
562
542
524
540
544
548
554
540
536
556
462
630
546
542
530
548
540
548
554
544
538
552
554
538
550
388
686
426
656
436
648
432
660
468
620
422
652
484
584
518
538
532
518
528
528
490
554
450
576
460
586
448
600
438
616
430
572
568
552
532
542
520
576
574
566
546
564
488
612
552
542
540
524
592
410
372
648
422
624
466
526
482
758
450
634
532
562
454
572
356
584
358
568
364
528
560
526
516
514
504
510
560
512
524
510
564
508
590
478
594
488
312
276
544
378
672
542
538
540
446
622
268
796
532
438
636
428
630
486
596
528
540
534
516
478
600
520
542
526
528
558
528
530
258
284
526
540
548
536
534
550
534
544
552
540
528
540
534
534
548
534
530
552
534
538
550
536
530
546
536
530
548
538
536
548
540
538
548
536
536
540
544
540
548
542
530
548
446
626
500
578
480
590
430
628
864
674
612
496
568
534
520
516
518
530
520
538
490
536
466
552
448
462
492
576
362
610
418
674
466
592
402
670
490
556
524
508
522
460
546
434
576
394
330
256
498
556
476
576
472
536
478
550
408
624
450
586
410
630
496
494
486
488
544
378
562
434
612
458
560
478
538
508
376
578
558
416
348
260
498
510
512
504
510
520
500
510
516
504
512
520
498
510
490
502
602
374
546
342
564
408
624
412
630
490
496
492
496
476
478
496
482
494
414
424
434
562
520
484
482
510
496
428
522
346
550
498
508
388
586
496
478
474
542
508
470
536
344
556
362
532
336
370
690
506
494
494
498
306
634
396
536
356
540
506
484
506
462
456
536
540
476
514
356
556
340
558
510
482
484
486
466
484
476
476
462
522
518
488
498
496
482
502
498
514
468
474
496
506
466
510
492
544
514
484
494
498
486
502
486
500
490
540
516
510
494
528
500
498
356
636
482
536
474
482
478
502
482
486
540
470
572
524
494
502
496
472
582
534
516
522
526
504
402
612
516
472
518
498
478
584
550
478
576
538
494
528
518
496
502
496
478
490
438
558
504
558
548
568
540
518
514
506
536
526
510
520
496
494
508
498
510
512
510
504
540
556
588
480
636
530
554
524
530
538
504
506
526
622
574
582
574
542
546
544
516
380
794
536
574
426
666
522
510
508
506
500
632
532
568
542
544
530
540
524
510
506
518
486
496
512
496
604
566
480
602
456
630
526
524
500
482
490
496
588
494
582
534
534
508
538
524
502
414
602
484
496
502
572
532
530
532
530
522
530
512
488
504
488
596
552
532
536
544
526
516
534
504
502
510
498
590
560
522
540
546
522
528
438
610
510
518
514
506
510
474
496
502
500
504
498
536
564
546
516
580
534
480
574
522
518
516
506
510
492
322
594
468
554
528
496
612
578
556
564
550
528
524
532
510
618
574
558
556
576
560
534
534
524
528
536
616
560
556
560
564
546
550
548
546
594
574
542
460
666
540
542
540
510
518
524
490
528
610
550
546
556
526
538
552
526
522
508
498
512
518
492
498
506
510
506
580
532
544
542
502
584
528
542
526
518
512
522
508
516
490
490
522
506
506
614
558
570
580
542
530
534
504
506
638
566
564
560
552
554
528
620
560
554
572
576
544
538
530
514
446
618
512
522
526
502
620
572
550
568
564
534
540
536
516
518
528
500
526
526
610
558
564
582
556
550
524
496
624
578
532
558
554
544
542
520
520
604
552
548
530
582
558
534
554
550
516
524
522
600
564
546
552
552
550
518
530
650
572
556
554
546
540
550
530
522
528
512
616
574
548
560
550
528
520
540
514
508
604
558
520
566
550
472
576
536
516
520
604
542
556
562
560
546
542
534
510
530
518
514
518
500
528
524
514
624
566
578
570
564
556
526
542
530
514
544
646
564
580
600
566
552
552
554
568
574
562
538
476
612
516
564
536
536
526
526
526
538
524
518
526
524
526
542
534
534
538
532
532
550
524
532
526
530
524
534
526
524
528
390
658
454
612
526
532
514
532
526
388
644
434
602
540
540
514
524
514
504
518
588
564
542
588
550
552
548
526
530
544
532
536
542
526
528
550
534
536
556
540
556
580
596
586
588
582
590
586
578
576
552
600
590
576
580
592
554
594
578
586
584
556
578
572
552
560
564
540
560
558
538
610
584
604
596
564
574
580
540
546
554
632
588
568
574
498
654
556
542
536
538
526
536
538
628
570
580
572
542
586
574
548
558
562
538
536
552
534
530
554
522
522
546
524
520
540
510
516
592
398
778
442
714
576
572
552
536
522
532
524
530
530
598
568
588
580
564
574
570
530
546
564
540
540
564
530
536
560
536
534
546
528
438
646
540
538
548
540
612
472
750
434
720
576
570
532
536
544
526
534
542
534
532
536
600
600
610
576
590
578
574
556
538
536
542
526
548
550
598
616
590
594
586
588
570
542
544
546
532
534
538
528
542
532
528
540
526
592
568
606
576
568
562
564
532
540
550
512
546
604
568
580
566
584
556
550
536
546
556
578
554
504
592
538
542
550
378
716
552
546
536
546
548
530
540
554
522
544
550
408
668
496
562
528
578
538
546
546
530
498
566
472
502
514
564
436
572
376
572
464
630
448
602
530
508
532
548
528
530
538
522
522
482
546
464
568
450
554
442
558
462
554
462
542
458
554
344
656
456
544
426
560
460
542
418
474
498
550
408
558
528
510
496
506
512
502
512
516
500
514
506
498
492
532
524
504
510
522
506
498
522
502
516
512
396
634
494
462
510
462
550
452
544
368
332
742
418
622
470
332
660
420
516
542
506
494
514
498
498
514
486
482
492
472
526
362
554
396
604
408
614
462
548
416
536
510
400
550
452
546
458
526
390
586
490
492
462
478
474
412
528
472
492
462
480
488
474
472
454
526
432
518
502
484
384
552
416
572
404
580
492
484
496
396
552
496
494
494
480
496
480
474
410
534
450
524
406
290
268
476
504
474
488
492
460
474
544
414
508
396
664
370
614
490
498
454
516
344
532
462
568
412
546
486
484
478
492
462
482
478
480
482
460
474
472
460
482
466
438
500
482
462
406
516
366
524
452
518
394
538
482
476
470
890
464
494
492
476
484
464
484
342
520
466
516
398
584
410
416
464
410
406
482
428
576
374
584
450
508
404
518
462
482
466
478
458
472
476
340
510
472
482
468
470
488
470
484
400
532
334
518
464
498
388
590
446
376
510
382
588
390
574
464
856
502
462
482
404
512
484
458
478
418
496
336
528
490
470
474
456
484
366
534
496
472
396
504
496
328
512
488
472
478
468
388
506
492
332
522
464
530
474
476
472
380
390
650
442
496
478
462
476
420
536
476
468
408
534
470
482
516
494
494
466
502
488
492
468
490
504
478
496
500
366
526
328
550
340
506
336
464
602
478
480
454
460
460
452
532
490
546
434
472
480
454
466
464
518
492
384
610
492
492
498
476
476
482
528
488
500
508
496
482
498
486
472
564
514
468
570
504
470
526
474
458
514
564
514
502
504
542
498
512
484
492
492
482
598
490
570
526
532
514
516
516
480
586
532
500
570
544
512
520
518
482
528
490
588
540
538
536
550
524
492
538
514
518
510
496
502
492
588
558
530
538
536
530
384
672
416
598
508
592
546
552
532
534
542
514
586
498
576
416
662
536
522
534
502
566
508
462
574
594
536
514
532
496
496
502
484
446
552
500
578
542
538
540
548
520
528
514
512
498
602
554
554
570
526
528
532
510
514
512
602
556
548
534
552
542
518
518
512
606
556
564
534
552
544
520
518
512
492
464
696
414
664
542
438
604
524
498
504
584
484
562
550
492
550
512
506
506
324
594
514
502
508
582
546
548
528
528
528
510
512
528
580
530
534
516
524
508
512
520
510
486
552
518
478
514
514
506
500
472
500
476
474
480
468
486
478
478
544
502
514
352
618
500
518
404
628
486
448
342
650
482
474
484
468
476
488
472
462
588
434
606
518
510
514
498
506
566
526
518
414
624
470
622
478
554
504
498
510
492
496
496
486
502
410
580
450
694
454
618
542
520
516
510
506
502
500
518
494
488
508
498
508
502
514
532
562
524
568
548
520
526
520
500
518
618
552
538
566
544
532
538
506
506
528
510
510
606
474
614
550
554
542
538
510
514
520
510
606
558
544
552
552
502
538
538
594
552
548
548
534
538
522
516
524
502
500
650
430
662
562
520
514
520
526
604
560
538
534
532
534
518
522
586
544
532
526
544
532
512
496
512
578
518
510
512
510
548
546
530
534
506
500
522
572
534
540
520
490
612
424
610
542
560
540
542
552
546
542
522
524
580
532
518
516
490
506
514
498
506
508
504
500
582
540
530
518
516
522
514
474
640
546
542
536
544
536
524
546
532
542
540
544
544
536
526
526
530
520
576
544
542
552
554
530
522
522
530
534
518
582
566
550
526
494
580
518
522
550
538
544
548
550
544
526
522
522
504
518
546
540
558
550
518
532
512
504
510
492
498
542
520
496
512
504
502
522
480
546
506
488
498
494
496
520
504
536
512
490
502
476
486
508
484
504
496
482
502
580
542
536
526
522
528
526
534
524
502
508
498
498
510
484
524
506
484
556
530
514
534
516
496
508
492
476
530
480
490
472
472
504
444
518
476
488
538
506
486
518
500
504
494
492
500
474
574
514
498
500
498
490
488
482
504
498
486
502
486
486
498
482
494
566
500
512
506
508
504
518
508
494
494
502
488
574
496
592
538
478
570
506
518
484
500
606
498
584
570
524
524
536
506
512
522
500
612
574
548
578
568
544
534
544
526
524
528
358
820
450
714
394
708
564
542
492
554
514
500
540
520
510
654
568
466
670
556
530
530
524
516
532
522
380
656
520
520
536
528
530
608
612
520
632
584
536
528
536
512
524
644
566
580
608
564
536
528
522
528
540
516
620
568
558
580
580
562
562
522
538
532
510
524
526
504
612
574
