692
912
724
740
740
728
726
760
754
730
742
742
734
752
748
748
764
756
772
788
768
756
780
762
766
798
770
766
782
770
760
810
768
766
794
782
758
772
758
766
808
780
764
806
774
776
800
786
776
802
784
764
810
786
770
800
774
752
780
756
752
762
748
750
768
752
750
772
768
764
828
802
780
790
758
860
820
816
786
794
786
778
766
762
764
790
768
774
800
766
776
798
776
772
784
766
764
784
756
768
792
762
760
760
754
740
756
764
742
746
762
752
740
762
752
748
762
758
752
764
764
760
754
762
750
754
770
766
776
782
762
766
786
764
766
776
762
762
790
762
754
768
768
768
760
766
764
766
776
762
762
752
748
756
776
756
744
754
764
754
758
772
760
760
804
802
780
786
790
762
774
772
764
760
768
634
862
794
790
784
784
770
786
798
780
784
798
802
780
786
776
776
796
770
782
792
770
766
784
764
762
768
754
748
786
766
762
786
772
784
796
782
782
794
782
772
802
784
762
794
772
758
790
768
744
774
766
742
768
768
746
768
768
758
766
760
764
770
764
760
782
754
756
788
776
756
792
780
746
758
754
744
750
742
752
758
742
738
752
738
738
758
762
746
742
750
752
742
754
750
750
762
730
724
734
724
706
724
738
720
722
732
732
724
734
726
734
728
730
754
738
728
732
734
736
734
750
734
730
738
736
738
754
550
898
764
780
756
762
760
756
778
768
760
752
782
758
756
746
752
784
766
764
784
784
762
780
732
826
762
776
756
764
768
762
762
780
634
882
802
794
784
776
766
764
756
772
764
758
780
778
762
766
770
772
802
784
776
784
782
770
786
794
782
784
780
776
800
766
776
786
776
764
786
768
644
860
796
796
780
784
774
762
772
774
756
760
758
754
752
738
744
748
738
728
738
718
724
734
738
716
712
736
726
726
744
742
736
744
736
746
744
744
740
744
764
748
766
742
742
752
740
730
742
738
730
758
750
738
740
744
750
760
744
754
778
746
750
768
758
748
760
756
766
758
754
768
762
748
764
774
758
766
780
770
766
776
770
774
770
788
794
782
782
776
776
762
768
780
780
774
774
770
754
766
762
764
766
762
770
786
762
762
782
768
732
764
754
738
746
746
746
760
748
752
766
740
736
742
734
720
528
594
1052
744
752
758
732
720
740
722
732
740
736
746
730
732
742
744
734
746
754
742
746
752
762
756
760
756
776
758
766
794
768
770
778
780
784
790
800
774
784
788
784
764
774
766
784
764
766
776
778
756
782
780
764
782
788
800
790
784
780
782
792
774
778
766
770
572
908
784
782
766
760
768
766
756
758
740
750
772
756
746
782
770
742
764
762
752
756
736
744
736
724
716
726
726
722
726
746
732
738
768
760
746
758
776
762
748
760
758
754
758
754
758
764
758
766
768
760
756
782
748
760
782
792
768
778
778
776
790
788
782
784
772
772
782
772
764
796
786
784
792
794
786
778
802
808
800
806
834
818
792
800
786
760
766
748
770
772
760
764
784
760
760
756
756
732
752
764
750
750
750
766
774
760
766
780
770
752
792
782
760
784
768
752
746
758
742
762
746
750
772
758
748
774
760
760
768
758
762
778
762
782
796
784
784
804
784
772
790
776
756
780
790
770
768
760
762
776
770
756
774
762
756
770
760
744
766
752
738
752
746
728
750
752
748
754
746
746
738
724
726
748
744
740
762
742
726
762
750
732
728
734
730
738
722
720
728
726
708
720
726
726
726
730
738
738
738
736
736
752
748
746
760
744
744
762
750
754
776
768
748
758
756
752
764
754
758
770
748
750
770
756
744
776
752
752
764
762
756
762
752
752
762
756
746
766
764
752
774
760
736
752
744
734
734
732
730
748
728
732
756
730
732
746
738
734
764
752
754
748
738
750
748
728
740
766
734
730
746
734
736
750
736
738
742
730
736
742
726
662
576
616
1052
768
782
758
752
748
744
746
738
736
738
740
730
744
728
724
738
736
728
746
744
742
754
744
748
764
730
736
758
752
726
756
748
750
762
742
750
744
748
734
766
756
756
748
766
736
738
762
752
738
766
776
776
768
772
770
760
758
750
764
766
742
748
764
736
728
764
770
766
776
776
774
774
784
774
802
780
782
812
786
776
794
784
768
778
772
778
778
764
764
802
786
772
788
788
796
782
788
788
800
778
776
802
792
782
798
786
770
788
778
754
766
752
690
836
756
774
790
768
748
778
762
748
790
770
750
782
764
762
772
752
750
770
734
354
1054
814
780
750
746
722
726
746
744
724
752
746
738
728
730
722
744
716
722
728
736
724
718
738
732
724
748
742
728
744
740
746
746
736
734
748
730
730
748
752
726
742
740
740
738
746
740
750
724
740
756
748
720
736
750
732
728
754
740
728
744
748
750
768
754
760
806
768
764
778
778
756
784
770
754
770
256
1222
834
830
778
778
778
772
806
808
814
788
794
802
798
774
780
776
760
784
782
772
770
770
774
784
776
758
794
782
780
792
794
800
792
784
780
790
778
780
810
798
786
808
800
782
784
774
770
772
776
764
778
766
762
792
782
762
782
784
754
782
764
750
754
748
740
758
734
736
758
734
726
744
738
718
748
744
734
738
740
732
742
742
734
736
740
730
726
726
722
720
714
726
718
716
718
748
728
712
744
732
728
718
718
746
742
734
608
830
800
778
752
764
750
762
786
768
748
768
760
744
762
778
750
746
748
746
766
762
756
788
772
756
796
794
772
806
794
772
770
780
768
782
776
774
782
768
776
794
784
776
814
810
796
804
808
796
796
800
802
798
786
786
814
782
776
822
796
784
788
786
774
776
774
772
778
754
750
766
744
734
758
766
756
760
754
766
782
778
798
786
774
782
770
750
746
774
752
744
770
744
724
742
736
722
720
722
722
718
724
724
712
716
718
722
716
726
730
720
716
718
716
718
724
728
736
738
728
732
744
732
728
746
728
728
744
736
734
758
738
728
750
754
736
746
746
736
736
742
744
738
742
742
776
748
754
772
776
750
772
776
772
776
778
782
772
764
764
800
784
780
792
786
782
786
814
796
784
794
786
794
790
790
788
784
788
802
786
794
802
814
778
782
768
760
756
756
752
600
886
730
742
724
706
708
696
680
684
684
686
672
690
714
698
700
706
712
710
712
730
702
718
726
710
702
716
716
702
714
730
716
718
730
728
718
732
732
722
720
732
730
724
734
730
706
710
716
696
698
706
706
692
712
712
706
706
724
710
720
758
740
738
766
770
754
756
764
764
776
774
772
808
766
768
798
784
768
786
786
776
788
794
792
768
774
750
776
764
760
782
772
774
794
784
604
918
774
808
796
784
756
768
754
776
798
768
758
782
766
758
792
776
780
782
778
764
764
756
746
750
756
742
738
760
734
738
760
744
734
754
754
728
736
752
738
738
740
728
714
716
728
544
858
732
744
724
722
748
732
710
738
722
712
716
730
714
708
724
722
698
720
736
712
712
726
716
628
802
726
716
720
740
742
718
728
732
718
734
762
730
730
752
744
734
754
748
738
752
764
752
748
766
752
742
746
744
736
738
742
750
772
766
784
786
782
788
812
804
796
800
800
782
800
802
804
806
796
802
786
782
780
790
770
754
774
768
756
778
786
774
758
740
622
858
740
760
770
750
730
742
698
768
720
734
726
720
726
722
710
736
736
720
736
734
724
724
736
730
722
740
736
730
726
728
724
718
716
726
720
716
730
726
738
724
732
744
752
654
820
754
742
732
750
738
732
748
756
594
364
1258
746
774
768
758
724
736
732
714
710
726
732
728
766
752
758
760
758
766
768
764
756
760
746
752
774
756
754
796
772
744
758
776
766
760
774
768
756
768
764
762
758
766
758
770
768
772
790
770
732
788
738
764
784
764
754
752
740
726
728
724
730
734
734
756
738
738
768
758
768
782
768
750
760
748
748
778
752
750
782
746
730
754
748
738
746
750
748
744
744
734
750
748
744
750
742
736
738
736
732
730
740
736
728
746
736
726
740
744
734
738
758
744
734
750
756
746
752
752
756
764
752
760
792
748
764
768
756
740
752
742
730
730
734
736
730
742
734
746
744
748
744
754
740
744
780
752
744
772
756
742
754
758
760
746
756
744
752
760
758
754
774
744
748
772
744
734
772
770
738
768
784
766
754
752
746
754
726
722
726
712
716
730
722
724
768
730
720
742
748
732
742
742
738
734
754
734
740
736
744
738
746
764
744
742
738
740
738
740
732
738
744
730
730
742
736
722
616
876
728
770
782
770
742
764
778
750
738
746
742
752
742
728
770
742
744
762
734
732
746
750
728
744
766
744
732
764
748
748
764
764
754
766
750
750
758
762
734
762
758
742
778
760
746
780
760
754
764
756
756
756
758
762
780
746
748
762
756
734
754
746
740
746
742
744
754
758
746
754
736
736
756
752
738
764
740
726
744
742
728
732
738
726
714
726
728
716
716
736
724
720
730
732
728
724
738
728
730
734
730
738
740
738
742
744
730
742
740
738
740
740
768
736
736
756
734
718
730
730
716
730
728
726
726
744
732
718
736
742
724
728
746
730
720
746
748
724
732
752
742
718
728
730
716
728
740
732
722
736
748
726
720
746
730
720
734
736
724
734
754
726
724
750
740
724
748
734
734
736
746
746
756
746
744
756
742
740
754
756
750
748
770
742
746
780
754
742
752
760
734
738
760
732
730
744
736
728
742
750
736
752
748
756
752
746
742
746
760
742
746
754
740
742
752
734
730
748
742
726
742
750
740
742
772
744
734
776
762
740
764
754
742
746
746
740
736
736
730
736
732
736
738
740
734
744
770
738
738
760
756
736
754
766
734
738
758
742
734
746
744
724
724
738
732
722
740
750
732
754
744
744
598
866
798
772
750
748
744
732
722
728
750
728
728
746
724
732
752
730
714
736
742
720
734
738
726
736
748
730
722
744
760
734
742
738
740
746
736
740
752
734
740
764
744
726
746
740
724
722
732
724
722
742
730
740
750
736
738
728
748
740
728
730
732
730
726
748
740
736
726
758
748
734
742
766
744
756
746
752
768
746
758
788
754
740
756
748
612
804
792
744
718
734
744
728
736
738
734
744
732
740
738
744
740
738
738
742
740
744
748
746
734
740
742
734
754
732
736
742
736
726
740
746
726
732
760
744
734
756
742
740
746
760
730
748
752
738
736
742
736
736
742
630
822
766
738
734
764
736
738
774
752
740
744
760
758
734
750
748
742
746
742
748
750
752
752
764
736
738
748
730
722
726
740
728
732
762
750
726
752
768
738
750
752
746
738
760
750
732
744
738
730
730
618
1018
1216
342
714
766
738
742
746
720
732
768
748
726
770
758
742
756
754
748
740
738
736
744
740
740
748
740
736
734
732
724
720
732
724
716
726
712
724
728
726
734
724
732
746
732
728
740
736
718
724
742
724
718
736
732
712
730
742
734
742
754
744
726
752
764
738
744
760
744
742
758
752
730
730
736
734
738
742
736
732
728
728
720
726
726
734
736
734
738
728
736
748
732
738
746
728
728
744
734
722
722
738
722
724
744
736
724
744
758
742
728
744
760
738
744
752
758
756
708
1244
922
794
760
734
730
642
634
586
840
786
768
738
740
746
734
740
752
748
740
748
760
740
752
752
742
742
750
740
746
762
758
752
746
746
750
756
738
740
766
750
738
762
756
742
770
762
752
760
764
750
758
766
748
730
744
732
736
734
728
740
732
734
740
746
750
740
740
740
732
730
734
728
734
740
732
716
734
746
732
720
734
742
720
724
740
718
714
732
736
722
726
746
742
722
744
740
732
736
750
732
728
746
750
730
746
748
732
728
742
734
718
734
742
734
740
766
754
750
760
762
758
764
752
748
744
744
736
746
746
730
738
750
748
740
762
756
736
732
764
738
730
752
748
734
756
752
740
752
746
734
732
746
736
740
734
738
728
734
730
728
728
734
736
732
742
738
732
744
738
734
724
728
738
740
732
724
728
720
720
714
736
720
724
722
730
724
728
726
734
740
732
740
738
746
726
738
734
738
736
734
744
728
724
734
732
728
728
726
736
726
732
756
720
728
628
810
740
744
762
738
728
748
732
734
750
734
724
724
738
736
714
738
734
732
734
752
762
732
498
998
748
772
770
760
756
766
752
746
744
740
748
748
748
748
754
744
748
746
758
742
748
774
748
740
750
756
744
744
760
760
742
762
756
742
746
766
746
734
754
760
738
750
742
748
748
748
738
754
746
748
744
746
730
730
746
732
734
732
752
734
726
750
740
728
728
744
732
732
750
736
726
734
736
734
720
730
742
726
728
740
738
742
740
736
742
744
744
758
746
750
748
738
736
746
736
730
734
742
728
736
748
736
726
732
754
742
736
744
742
728
738
754
732
726
730
736
718
732
748
724
720
750
748
728
744
746
724
742
740
740
732
742
742
730
740
642
810
956
802
774
742
742
736
748
724
726
738
726
710
718
740
724
740
772
746
744
768
762
744
768
764
754
748
746
746
740
732
742
732
730
730
726
742
732
724
728
730
732
728
738
734
736
728
740
726
728
748
742
736
742
760
752
730
736
748
730
716
742
738
724
730
736
722
722
746
736
726
746
738
732
726
730
720
714
720
710
704
704
708
700
688
698
692
692
684
698
706
696
700
714
722
698
692
712
706
698
702
712
722
724
724
760
754
740
764
762
744
734
766
740
738
772
748
736
764
760
744
768
766
752
754
760
744
742
754
746
746
742
740
734
740
750
738
760
762
746
746
758
748
748
760
774
762
760
780
756
746
750
750
744
762
750
730
746
738
728
736
742
724
722
744
744
718
736
746
730
730
746
742
734
736
740
730
720
734
732
718
718
732
718
704
722
720
702
716
730
714
702
720
722
706
714
726
702
710
720
706
700
712
718
702
706
718
704
708
712
708
702
702
710
704
706
702
696
702
694
694
698
710
704
702
702
722
704
700
714
716
708
708
714
714
712
710
714
710
718
718
720
722
722
716
722
722
726
720
728
732
720
720
728
726
716
744
742
746
764
746
748
742
758
736
730
738
766
754
746
764
752
734
738
768
752
738
758
764
756
588
930
752
756
766
760
738
742
764
744
742
752
758
756
736
760
752
746
748
768
748
740
750
738
732
742
740
736
720
734
736
722
714
736
734
716
732
734
730
714
722
746
720
724
746
724
720
740
742
722
732
746
726
728
736
748
722
716
730
726
724
742
742
716
720
730
716
722
750
734
716
736
758
736
740
746
746
726
742
746
734
726
742
758
736
738
770
744
724
744
758
736
750
778
746
732
770
760
736
758
764
742
744
762
750
746
762
756
762
776
760
748
758
776
766
762
754
742
748
762
762
750
764
780
750
766
802
770
768
780
772
754
754
754
742
744
742
752
744
732
742
734
730
728
734
736
726
734
732
722
722
730
730
722
714
732
728
714
712
722
716
700
718
720
706
726
746
722
714
730
742
718
724
738
724
704
722
724
714
712
724
718
698
708
708
698
694
698
696
690
696
702
702
698
714
728
712
714
728
724
716
732
726
720
730
740
724
730
726
724
736
732
722
726
732
726
730
742
740
752
744
746
740
744
740
738
732
730
732
724
730
718
754
740
732
728
744
740
736
750
746
746
752
746
748
754
754
756
758
756
742
748
760
758
750
758
764
744
742
750
754
728
728
748
742
722
734
758
724
726
734
724
716
726
744
726
716
728
730
712
718
738
726
706
702
716
692
686
702
680
674
672
668
668
678
666
668
668
668
680
674
672
672
674
676
666
664
654
654
650
652
646
642
634
640
648
642
648
650
654
662
656
654
662
658
668
672
678
672
688
694
690
696
706
700
692
698
692
686
698
696
684
688
704
690
698
708
710
710
718
718
532
916
746
746
742
750
732
752
734
732
720
736
744
724
734
736
736
734
728
728
742
730
722
722
722
742
740
728
746
748
734
738
748
732
726
740
746
736
738
742
726
728
726
722
720
714
724
720
710
702
712
704
698
692
702
704
692
690
690
682
678
678
668
662
662
660
658
646
648
640
644
632
644
644
640
642
634
650
640
638
630
630
636
642
632
646
646
632
640
638
636
636
636
638
628
636
646
634
646
644
644
654
654
658
662
662
672
676
696
688
690
704
714
702
722
720
720
726
730
726
726
700
768
742
730
742
754
746
738
738
754
754
776
776
794
792
794
796
792
780
764
770
776
776
774
782
800
796
784
776
776
776
778
778
788
748
830
798
836
826
810
812
806
806
808
796
800
800
802
782
788
770
768
762
752
758
746
750
760
732
738
738
728
720
726
726
726
712
712
720
716
706
714
536
864
704
714
724
698
690
696
700
710
702
702
696
716
720
700
698
708
708
708
712
714
708
724
712
706
706
658
766
692
688
772
708
700
714
714
712
718
710
708
732
720
728
718
750
730
736
742
780
664
880
632
958
862
1276
352
734
814
774
782
782
784
776
804
800
798
792
798
806
810
800
804
790
780
774
776
782
782
762
764
760
766
748
752
754
766
756
774
776
788
768
772
762
776
768
762
764
758
764
746
750
748
744
738
740
736
730
720
734
718
718
710
728
720
704
698
710
700
690
696
654
734
696
694
696
694
686
706
698
696
692
696
700
704
702
692
702
706
698
706
728
714
710
716
736
718
726
752
728
718
716
718
712
716
722
732
756
738
750
748
756
770
762
764
762
776
758
770
778
778
768
786
784
778
762
768
774
762
768
768
776
666
820
812
774
752
784
780
772
772
774
774
778
768
766
774
760
748
748
768
768
756
758
766
762
760
762
758
734
718
648
812
714
726
726
704
690
686
678
680
684
684
680
706
718
724
728
742
732
738
732
740
744
742
744
742
748
734
736
752
758
738
744
738
748
750
746
756
748
746
752
736
748
746
744
732
606
806
772
756
748
724
748
746
740
740
740
734
742
740
730
720
732
726
716
730
732
728
726
726
724
724
734
712
728
732
728
732
734
736
736
734
732
748
738
742
754
758
742
760
758
736
732
752
740
724
748
746
738
730
748
740
732
752
752
752
752
758
760
750
744
756
768
750
760
766
756
742
754
744
734
736
750
742
732
752
748
736
736
736
736
738
732
738
730
730
738
726
728
726
726
728
728
726
716
708
708
724
710
706
708
714
706
692
704
726
704
716
738
730
712
722
744
716
728
742
720
712
730
730
700
718
732
704
718
734
718
704
714
722
704
708
720
722
720
730
742
722
712
718
732
708
716
732
722
718
710
720
708
720
726
710
716
726
720
710
724
730
728
738
740
738
732
740
748
734
734
738
734
734
728
744
734
724
728
746
728
728
740
744
740
744
758
742
760
764
774
648
854
740
760
736
742
752
738
728
732
744
724
738
756
742
756
768
768
762
764
776
754
738
722
722
712
702
714
710
700
692
702
702
678
706
696
698
692
684
682
690
698
690
684
688
696
692
694
712
740
726
736
744
724
712
704
716
710
710
718
736
714
700
700
714
706
716
714
704
712
636
736
696
688
688
680
684
694
684
686
682
688
690
684
676
680
686
682
674
668
670
672
678
678
686
686
706
714
722
754
764
766
778
774
804
766
776
772
772
766
774
784
770
768
788
782
774
786
782
768
774
796
788
768
786
782
778
772
778
774
770
764
776
774
766
764
774
738
792
772
792
770
762
778
758
764
750
764
746
748
758
754
748
750
766
736
734
730
748
726
718
722
734
708
698
700
706
692
692
690
694
694
682
690
694
688
688
694
692
694
690
690
676
686
692
682
674
680
682
668
666
662
666
674
664
664
656
662
668
664
660
668
668
652
668
668
660
658
660
658
662
658
658
646
656
656
668
656
658
662
668
670
680
688
688
690
714
702
702
712
728
720
714
728
728
728
734
742
748
748
738
720
742
730
726
722
732
742
724
720
750
746
740
762
750
748
730
758
746
746
754
760
762
748
738
766
746
738
750
754
744
734
742
754
746
740
738
760
734
730
744
758
740
744
744
766
744
744
748
754
738
744
742
738
728
734
738
738
724
714
706
708
706
712
708
694
714
710
692
696
700
702
688
692
704
708
698
702
706
704
708
704
1300
780
742
702
690
698
702
684
686
688
678
690
690
684
682
698
700
688
696
716
718
694
710
722
714
702
706
712
716
714
706
714
720
722
722
722
736
728
738
716
754
764
760
758
770
776
784
642
872
798
796
758
770
766
768
758
770
774
782
786
776
786
786
802
796
786
782
800
792
780
774
772
768
762
768
752
754
758
754
754
768
758
748
750
766
750
740
744
764
754
734
730
730
718
718
716
712
716
718
708
710
710
706
720
710
718
714
720
700
708
706
698
688
696
706
684
680
688
692
678
682
698
690
682
688
686
680
686
686
684
682
696
690
690
684
700
700
694
694
714
722
706
712
728
712
704
718
738
714
714
732
716
708
730
728
700
716
728
724
710
722
740
728
710
728
756
752
732
746
758
740
734
762
750
750
746
750
738
724
742
742
728
718
736
738
724
738
770
746
732
728
736
736
742
748
744
744
748
740
732
722
720
738
732
724
728
736
730
732
746
740
748
736
734
740
738
720
748
738
736
734
736
728
716
722
728
724
720
710
720
706
692
686
700
698
688
686
706
700
688
690
708
702
698
720
728
710
706
718
720
716
714
714
718
716
712
706
718
714
712
712
726
716
710
720
724
714
708
726
732
286
1062
802
740
708
698
720
704
700
712
714
708
712
702
714
716
710
716
720
726
732
724
742
740
748
748
758
758
750
742
738
734
740
744
738
744
746
748
740
756
734
744
760
758
750
758
772
768
754
774
776
768
766
774
774
762
756
764
762
294
1140
810
792
736
744
734
746
744
742
742
738
726
738
734
736
730
742
310
1102
804
788
738
730
720
714
714
286
1042
756
710
690
692
690
684
708
712
698
712
722
306
1028
786
746
706
706
714
702
688
702
718
706
710
720
716
698
700
720
574
786
738
736
710
704
718
698
724
718
726
716
712
716
736
710
722
734
726
712
718
736
284
1086
784
758
720
736
734
744
734
736
766
748
734
752
774
748
482
396
390
380
360
368
702
614
752
760
760
760
770
748
760
770
766
754
770
774
758
742
756
754
740
748
744
752
758
746
752
744
742
748
742
742
746
746
734
734
734
730
746
748
732
734
740
742
738
736
750
740
734
282
1112
802
784
744
746
732
734
750
298
1094
800
778
734
746
732
722
702
286
1040
792
736
706
710
714
716
716
720
722
718
720
716
722
718
720
716
724
718
710
738
748
302
1100
822
772
736
736
744
726
728
760
748
708
264
1166
796
782
746
746
728
748
746
734
742
736
728
720
742
734
726
728
280
1152
806
784
754
760
744
754
750
1192
344
698
806
760
750
748
748
744
742
764
766
748
752
764
760
740
768
760
764
772
772
782
780
778
782
784
772
760
756
316
1090
796
784
744
752
754
750
748
306
1156
838
806
768
774
752
754
766
304
1106
814
786
740
744
280
1128
800
772
734
724
1164
334
678
760
730
728
296
1056
794
756
732
732
286
1072
798
756
722
712
322
1054
782
744
714
712
282
1046
782
718
696
706
708
702
706
576
816
766
744
732
722
320
1040
800
734
718
702
704
700
708
702
700
706
706
700
706
720
716
562
814
404
836
954
758
736
722
738
592
856
778
766
746
732
744
738
730
736
746
754
736
766
762
764
768
764
760
764
766
758
754
770
316
1160
822
798
764
764
748
766
764
752
738
730
308
1108
810
790
750
748
740
756
678
340
1148
826
788
762
752
744
740
746
302
1100
808
788
740
724
718
734
724
1120
1032
756
732
716
1300
796
746
712
694
710
696
690
692
694
698
692
692
696
694
686
700
696
694
690
692
706
698
692
710
712
710
712
728
728
726
718
724
724
718
564
816
780
754
724
730
570
808
768
740
720
716
730
718
720
580
844
780
776
750
740
734
742
730
728
738
752
312
1102
818
786
746
742
746
732
748
756
744
756
762
764
760
770
762
748
764
