702
864
766
740
728
710
728
710
706
742
690
752
822
784
766
760
702
726
778
740
690
732
738
720
724
722
726
722
728
684
718
712
700
712
756
736
750
770
744
780
816
792
800
774
778
740
752
718
738
728
712
738
740
792
748
756
756
738
740
742
766
756
736
788
834
802
788
760
746
776
762
760
762
762
750
752
780
742
756
734
724
704
704
716
710
724
724
756
726
804
842
818
818
820
794
782
784
756
732
736
740
728
748
736
722
760
812
766
744
764
754
722
754
762
754
716
734
724
682
740
712
698
710
706
718
718
718
712
702
716
696
708
708
686
706
698
680
696
712
704
696
708
700
714
710
722
732
700
722
734
692
718
712
706
704
700
718
718
716
716
718
720
718
722
746
704
732
688
758
744
710
716
700
708
718
716
722
714
696
714
724
688
716
712
708
710
710
720
724
712
716
730
710
736
768
728
738
706
714
716
706
702
684
680
670
670
672
678
674
644
672
662
546
772
660
680
712
674
678
680
644
674
696
468
922
706
696
706
708
702
708
698
708
686
690
690
684
694
694
690
686
690
686
664
676
678
652
668
672
680
680
672
678
664
658
666
662
674
658
708
756
740
722
676
728
752
682
750
750
720
716
718
668
704
708
692
696
696
694
668
688
686
688
662
686
688
666
684
682
672
700
692
688
690
674
686
696
660
678
678
694
696
682
694
676
690
686
698
688
696
658
690
676
684
672
668
660
662
656
654
652
652
648
662
658
658
650
654
648
662
652
658
648
636
654
530
788
648
650
670
656
650
640
640
640
642
622
638
652
654
666
668
674
686
672
684
678
688
680
692
692
674
688
688
692
688
702
676
704
702
684
700
712
734
704
732
742
736
742
720
724
720
696
732
744
732
736
730
720
706
736
728
704
730
724
718
712
712
720
698
704
684
684
704
686
710
720
662
790
728
726
732
728
714
720
742
702
714
726
732
710
716
744
728
700
714
732
698
724
732
698
730
728
720
744
720
730
718
698
716
708
694
708
702
676
696
696
676
608
740
680
700
674
670
668
676
654
674
674
658
670
674
660
668
680
668
668
682
684
664
688
682
670
686
662
674
680
678
656
688
656
674
674
672
652
682
682
682
662
686
690
658
696
694
694
678
704
702
674
702
692
710
708
682
702
718
704
684
696
708
702
694
700
698
702
708
676
728
746
718
704
734
744
714
738
720
708
696
702
686
700
684
708
728
698
720
756
742
712
730
764
716
714
758
740
716
692
710
714
728
724
698
720
708
662
736
734
726
688
724
726
682
720
722
698
704
726
710
700
736
744
694
718
724
686
724
716
686
708
684
684
684
680
692
696
666
672
674
660
668
648
638
644
668
660
664
680
680
688
682
680
670
694
704
674
698
704
672
688
690
698
688
694
716
700
696
722
716
696
502
854
760
728
822
638
702
754
718
730
712
724
720
720
580
790
818
784
740
722
690
702
706
696
694
702
660
698
710
614
806
682
716
702
698
674
734
706
714
716
726
704
702
696
708
662
666
692
686
688
664
710
684
676
704
710
690
678
718
718
712
730
718
720
716
714
684
692
676
682
702
700
686
700
712
692
720
744
726
726
744
694
744
786
782
772
738
744
708
718
714
710
744
720
718
716
714
700
726
680
688
706
614
786
706
706
720
722
714
724
710
712
710
688
698
702
706
658
696
692
668
694
700
698
698
700
692
702
690
704
700
692
704
676
706
708
708
686
690
694
690
702
694
696
696
684
668
686
662
694
696
678
686
698
684
698
688
698
704
684
718
732
698
718
736
712
740
700
720
704
700
702
696
700
704
698
712
674
694
696
682
704
678
678
684
696
708
700
690
694
712
724
686
722
714
716
726
692
690
694
708
718
704
708
708
720
700
712
720
690
706
696
706
712
722
688
834
630
664
710
684
686
672
686
674
678
672
664
680
656
646
662
604
632
618
626
630
634
626
618
632
634
510
720
648
650
666
650
644
638
640
640
638
636
636
630
638
626
626
630
616
620
612
612
608
580
602
606
600
612
610
616
620
624
616
622
626
624
620
632
624
622
624
614
616
622
618
612
618
618
608
616
624
598
608
612
604
602
610
600
598
602
604
602
598
596
594
602
594
586
588
588
590
598
590
488
686
584
592
588
582
592
592
590
590
586
596
592
592
604
598
598
598
610
612
608
616
620
628
618
628
610
624
618
636
706
702
620
526
652
658
650
666
648
672
670
674
692
686
692
678
696
696
666
686
690
686
698
696
674
594
754
698
698
694
698
684
698
702
696
694
706
694
688
700
690
688
676
692
692
700
694
690
700
692
686
684
680
684
696
712
736
692
704
720
694
710
710
720
684
698
710
696
694
700
680
700
706
700
690
706
704
688
696
710
690
702
712
696
708
690
690
702
696
680
684
672
672
654
666
648
652
658
642
672
666
674
674
676
658
670
688
680
664
660
672
678
692
694
684
654
686
678
684
704
666
696
692
686
688
682
708
716
744
714
720
710
700
706
718
692
822
554
686
676
668
668
658
664
660
670
654
650
658
598
702
660
664
692
658
646
662
654
648
668
674
508
492
1018
704
682
764
694
706
612
678
684
706
714
702
704
684
694
666
678
670
694
706
660
694
722
712
712
724
742
690
726
742
726
696
690
682
680
696
700
696
722
722
688
712
720
714
704
724
706
680
714
726
690
684
700
684
686
674
674
690
692
672
692
680
690
690
706
716
698
668
676
694
704
658
682
678
776
796
554
932
708
724
694
690
676
682
666
698
690
676
696
688
670
622
762
676
714
690
706
734
708
694
700
698
710
712
690
678
670
676
684
656
648
660
674
658
660
670
666
690
676
694
680
700
696
704
716
728
712
722
724
714
734
628
778
702
724
710
706
714
684
712
704
716
716
692
678
680
670
678
670
580
734
678
684
700
678
676
692
684
592
730
690
682
706
672
674
684
680
674
668
666
670
672
654
650
678
682
670
686
678
674
684
562
808
690
692
712
674
680
694
692
690
668
688
684
680
674
674
672
668
676
656
678
688
696
684
700
704
716
696
708
708
684
708
710
688
690
700
696
696
702
696
708
684
696
686
684
692
682
680
690
674
682
670
692
694
676
676
696
684
692
686
690
686
688
680
692
676
684
674
662
678
674
658
678
674
668
680
658
666
674
676
666
666
674
678
676
674
672
688
672
680
680
672
686
678
668
682
682
666
674
662
660
672
660
660
660
652
668
668
662
646
676
672
656
666
658
642
660
654
664
644
664
664
654
658
654
646
660
660
652
638
654
650
650
660
664
654
516
800
664
686
660
678
666
670
680
674
664
676
664
682
660
684
660
674
666
668
656
658
674
666
676
670
686
686
682
684
696
674
682
686
674
668
668
666
678
704
696
684
694
664
680
670
678
670
664
674
682
664
686
678
672
680
618
742
722
706
688
704
702
708
708
704
700
702
692
694
702
702
664
704
694
686
672
674
684
692
668
682
690
698
698
672
690
698
682
688
692
706
704
680
690
700
690
682
684
666
686
666
684
682
682
686
666
678
680
664
526
814
704
678
670
672
682
662
676
674
646
674
672
646
670
654
646
654
644
652
642
632
634
652
646
646
648
658
644
644
656
650
654
646
650
660
658
666
664
652
666
658
660
650
642
650
646
646
640
654
662
658
660
636
646
664
640
646
644
646
654
660
664
660
648
662
652
660
662
680
686
674
698
694
700
692
694
704
702
584
1064
790
760
874
668
730
714
654
692
704
692
680
700
452
508
470
682
728
692
700
678
704
712
694
700
702
696
698
692
702
724
732
746
756
740
742
728
718
706
726
732
728
732
736
712
714
724
718
710
694
720
706
704
678
710
694
686
690
680
694
714
712
718
638
696
740
688
726
708
700
708
714
706
702
682
706
702
700
694
676
676
698
690
706
696
680
702
700
702
698
696
694
692
688
688
702
696
684
668
684
696
684
674
698
662
680
688
690
684
666
702
706
694
700
684
698
702
686
682
702
704
710
712
722
716
714
732
718
700
722
716
708
718
734
760
758
748
768
758
750
772
766
758
814
652
670
708
730
642
788
696
702
704
712
672
694
702
706
702
704
704
686
700
702
702
712
688
706
688
724
686
706
742
724
714
738
730
710
712
696
712
668
722
712
708
702
696
708
696
686
700
698
700
700
698
710
696
696
706
712
692
708
704
700
694
698
692
696
702
688
704
694
710
694
706
702
704
690
694
694
696
718
694
700
698
710
728
718
652
716
730
702
706
702
686
684
702
700
722
716
712
690
710
714
698
718
710
702
716
696
712
700
696
684
696
692
684
672
688
676
682
732
704
532
670
658
660
666
662
648
664
646
654
612
636
664
640
652
648
640
628
632
648
658
648
644
646
656
628
642
632
636
640
642
650
636
632
648
632
644
632
638
644
650
636
632
642
632
650
630
640
640
640
632
640
640
636
628
634
638
630
646
628
634
648
636
644
634
630
646
646
650
648
626
654
672
664
642
666
668
670
676
588
732
668
676
676
674
654
688
658
674
676
676
676
674
682
676
672
700
700
670
692
692
692
696
686
682
704
692
678
698
696
684
690
698
698
668
686
702
696
714
670
718
692
650
698
674
680
676
668
680
680
664
654
668
668
674
664
666
674
666
652
660
668
658
678
654
658
694
688
684
692
680
666
724
680
710
700
700
702
712
548
774
800
770
768
748
724
680
768
688
672
644
638
656
674
682
686
714
710
682
688
696
706
720
710
720
726
694
738
838
842
826
782
780
784
788
792
774
782
782
782
776
884
654
838
902
904
830
946
676
736
774
770
716
722
724
702
722
726
722
720
698
716
712
716
714
714
732
740
724
736
734
722
738
702
726
742
724
690
716
718
694
712
710
706
692
730
700
774
814
784
860
602
694
704
720
712
686
706
702
656
702
700
676
666
668
672
672
664
686
658
438
654
548
538
560
526
740
716
680
692
654
646
646
596
650
654
658
662
650
666
664
650
656
658
664
642
654
656
662
644
660
656
658
652
550
746
650
658
658
646
650
634
660
652
648
654
656
656
666
668
674
672
676
662
668
652
666
634
650
646
638
632
644
626
598
680
652
594
692
642
656
648
658
656
642
648
652
648
658
658
656
640
654
660
658
646
650
662
646
658
662
660
668
664
666
660
646
670
666
664
664
670
666
670
674
660
660
650
660
646
644
650
646
650
640
638
544
416
678
724
694
680
668
664
664
672
674
674
594
756
686
696
686
700
674
676
666
662
656
628
672
674
662
658
684
688
666
670
676
690
666
652
664
680
686
694
686
680
686
680
646
658
652
674
670
678
668
650
656
670
664
672
664
668
674
674
674
666
674
654
690
708
678
710
710
702
704
702
674
676
686
688
692
692
668
682
692
698
688
672
696
668
680
678
676
674
678
672
658
688
708
708
714
746
738
748
744
696
726
732
732
708
708
714
718
726
736
730
728
736
724
720
728
710
708
714
726
704
732
716
686
718
732
736
712
726
728
720
722
724
714
702
706
696
690
696
686
700
686
692
672
684
704
710
728
694
716
740
730
730
688
724
724
672
720
736
708
680
678
694
688
696
690
714
694
700
698
686
610
752
692
678
696
688
682
692
688
676
692
660
690
688
684
688
676
670
646
672
676
674
668
670
678
670
662
676
658
664
658
670
674
676
652
686
680
654
688
686
682
684
692
658
678
684
652
680
674
664
680
694
674
690
688
684
692
682
688
708
682
692
696
700
712
696
602
762
790
764
730
698
676
678
680
696
676
692
688
684
686
668
718
722
684
724
702
704
710
692
712
746
726
732
680
686
688
686
688
688
686
722
720
704
728
736
708
734
750
716
728
730
728
740
722
732
716
694
714
684
700
696
700
696
682
678
688
680
666
682
678
688
672
700
696
680
692
690
700
676
688
640
672
662
682
666
688
694
674
676
674
676
666
670
678
676
666
678
668
660
676
676
678
690
672
684
680
678
684
676
682
668
668
682
674
672
680
670
670
670
678
686
682
662
688
688
696
688
696
704
704
700
698
692
710
698
684
708
706
706
702
690
690
708
702
696
696
702
676
702
700
690
700
704
698
698
702
704
702
708
700
700
704
700
682
556
838
710
698
706
690
686
694
688
676
692
690
676
692
688
684
662
690
554
776
690
674
676
684
674
692
666
664
664
652
664
658
662
668
650
666
664
666
646
670
644
668
676
656
664
664
660
666
652
668
662
670
658
668
652
664
662
678
658
414
908
656
672
692
652
648
658
650
648
650
652
642
652
646
640
646
646
652
646
646
654
644
638
678
666
674
678
686
682
684
678
662
600
750
676
658
668
670
674
660
674
672
658
682
692
674
668
672
684
680
686
678
674
688
684
680
684
696
678
680
680
680
674
684
678
680
686
682
692
680
694
702
682
684
680
666
672
670
690
676
684
672
682
678
664
678
684
682
668
652
670
652
672
674
654
666
674
670
672
668
682
676
674
676
680
676
676
680
672
686
678
680
676
690
676
658
674
660
674
662
668
654
674
656
668
684
664
636
666
672
662
648
666
662
660
660
668
670
668
650
660
668
652
660
640
650
650
640
642
650
654
656
658
662
662
666
666
668
618
682
662
664
664
654
672
668
714
674
664
662
654
662
660
662
672
678
664
672
670
676
670
654
666
676
672
668
658
674
684
680
674
670
664
664
662
658
656
642
646
636
636
628
638
630
650
616
614
626
612
614
610
618
606
612
608
614
614
604
604
612
604
606
608
612
604
600
602
606
600
600
598
588
584
592
596
590
578
592
586
588
576
592
586
594
576
592
578
590
582
594
576
588
574
590
578
592
570
588
570
582
570
574
570
564
568
572
564
564
562
570
556
568
560
564
564
560
560
566
558
566
558
562
560
564
556
560
552
556
550
552
554
552
542
552
548
548
540
540
540
544
540
540
534
548
540
546
538
554
538
544
546
524
548
562
554
562
560
556
556
560
564
552
582
568
560
566
550
572
550
558
548
556
554
554
546
558
550
550
550
554
552
550
542
558
548
560
550
558
546
560
556
560
560
566
570
560
556
552
552
560
554
552
542
546
542
540
540
544
540
550
540
540
544
542
540
544
538
544
544
552
548
554
538
560
546
548
546
554
550
556
566
550
548
558
540
560
560
554
560
558
546
564
546
558
550
540
558
554
558
576
558
570
576
574
576
574
578
580
578
584
574
582
582
586
576
576
576
574
568
570
570
558
554
560
554
560
556
552
546
586
538
562
546
558
550
566
448
612
572
568
588
560
560
568
556
570
552
558
558
562
562
556
562
562
556
556
562
558
556
564
566
566
566
564
560
566
562
550
562
576
562
582
566
578
568
582
568
574
556
582
562
564
558
454
640
568
566
586
554
552
554
540
558
540
552
534
548
512
578
542
536
550
560
540
596
558
566
550
518
572
556
560
560
558
564
550
572
556
572
558
570
562
568
560
574
564
566
556
574
566
584
558
568
570
568
570
576
564
576
572
568
576
584
564
568
576
580
576
584
588
590
588
584
586
584
580
592
578
584
572
574
576
588
562
576
570
570
564
568
568
582
562
582
558
568
556
562
556
562
570
560
558
560
554
554
550
552
548
554
552
550
548
554
552
556
554
562
622
518
548
552
554
562
562
536
566
572
560
566
566
570
564
568
554
574
568
556
560
566
566
568
550
576
560
570
558
568
560
566
564
568
556
556
562
562
554
558
560
564
560
558
556
550
558
566
554
552
554
550
548
554
436
662
556
546
562
548
550
548
552
544
550
550
560
548
540
552
554
548
546
552
552
548
548
554
558
546
546
558
562
548
542
554
552
552
546
544
548
546
552
540
554
534
548
534
552
540
554
538
542
532
548
542
542
544
546
552
546
542
540
538
552
546
542
556
546
556
550
550
546
548
548
546
552
544
552
546
536
560
542
546
548
544
548
558
550
560
548
564
552
558
554
568
566
556
560
568
560
564
564
566
572
560
562
564
552
552
450
666
558
562
554
550
556
560
556
552
550
560
558
564
558
572
562
568
558
562
556
566
558
566
558
560
558
560
554
550
558
562
548
550
558
550
552
558
558
558
558
560
562
558
556
552
560
560
570
564
566
556
560
562
542
584
558
570
564
560
554
556
560
550
554
544
562
542
552
534
578
562
560
564
568
566
562
558
574
572
566
560
564
560
568
564
584
562
562
558
570
566
568
564
580
570
564
568
578
574
588
576
586
588
576
570
588
584
590
578
596
578
590
590
618
590
588
592
600
594
580
594
592
640
582
414
688
588
586
578
578
568
568
568
574
572
572
566
576
564
562
574
568
576
580
578
590
576
588
594
594
586
586
576
584
576
582
584
582
574
570
570
570
550
578
560
562
558
560
552
556
556
562
552
558
558
560
558
564
558
574
570
566
566
564
564
582
576
578
578
582
578
574
578
588
576
574
574
574
578
576
594
568
590
578
580
580
578
572
586
580
570
576
572
588
568
588
568
572
576
560
528
632
576
570
604
586
572
586
568
574
568
572
576
558
576
590
578
580
576
600
584
600
578
582
590
586
584
596
586
602
578
580
606
598
606
606
594
608
612
612
608
622
616
630
632
622
618
620
624
632
628
614
608
626
630
628
626
618
626
624
632
618
628
622
614
620
608
606
610
598
606
606
606
602
594
612
606
616
596
604
604
608
604
608
602
600
620
594
614
594
604
598
608
594
600
594
594
590
596
586
588
576
594
578
592
576
596
576
590
590
596
590
598
594
608
616
620
618
616
606
612
610
618
610
604
616
608
628
618
618
620
612
620
608
594
604
606
614
616
604
608
608
612
606
624
612
612
612
616
612
626
608
626
602
606
608
622
600
610
594
614
612
610
600
612
598
596
622
598
592
602
516
664
604
598
602
598
604
606
604
598
598
606
590
598
598
598
588
594
614
602
618
608
614
606
624
610
622
600
614
642
618
618
612
620
618
628
612
622
606
622
612
614
606
608
612
598
600
614
614
608
604
608
604
612
588
608
608
608
604
606
612
610
602
610
602
610
606
614
596
610
608
622
592
612
608
606
616
614
604
624
592
622
618
624
616
616
616
620
600
632
614
606
610
620
618
618
612
620
620
606
614
614
604
612
616
612
616
612
616
620
596
618
610
604
606
606
606
602
610
602
604
600
604
602
610
590
616
598
620
612
626
624
616
634
628
626
624
626
628
628
628
622
622
634
634
638
644
632
642
646
626
648
628
640
628
650
632
638
636
650
630
642
624
642
630
652
626
646
650
650
650
652
634
634
630
632
636
628
646
638
622
650
644
618
624
612
706
654
650
620
660
634
650
642
634
622
618
626
656
634
640
642
630
630
630
634
620
636
630
632
636
632
630
640
630
642
646
650
652
656
660
650
638
648
644
636
640
620
638
628
640
642
622
520
738
640
630
626
620
630
640
654
650
658
660
666
662
660
666
664
662
664
658
658
660
662
648
660
664
660
650
656
650
654
654
658
650
656
656
664
654
646
658
656
634
654
648
648
656
628
654
636
646
652
630
640
628
640
630
630
630
608
624
624
634
614
618
618
618
616
632
606
626
614
632
624
636
618
616
624
616
626
600
626
612
620
620
620
606
616
614
604
610
614
626
602
608
620
616
632
620
624
628
626
640
630
646
656
666
648
674
658
626
698
664
658
648
646
642
652
640
642
630
630
636
634
630
630
630
640
640
638
638
632
620
644
650
626
646
654
664
634
656
662
686
690
670
644
668
654
658
648
654
658
646
648
598
672
666
654
652
652
640
638
648
646
650
632
648
638
642
650
634
638
628
638
644
620
630
624
624
644
632
632
630
622
640
638
632
632
626
640
628
638
636
624
632
618
628
626
612
618
614
604
624
604
602
608
602
612
612
620
618
610
616
622
614
530
694
624
612
616
616
624
616
610
620
606
618
604
624
610
620
610
618
614
624
612
624
608
620
620
628
616
626
626
626
632
636
626
626
636
634
636
638
628
638
642
630
646
640
648
632
652
630
640
648
620
636
644
642
638
646
648
654
628
646
642
640
650
628
648
644
630
638
642
638
644
644
642
630
644
636
632
632
562
720
630
630
630
642
638
624
624
632
638
638
636
636
626
638
636
638
644
638
650
648
628
632
636
638
636
630
630
624
634
642
644
650
646
662
670
670
652
668
676
678
680
690
674
696
656
680
674
682
684
680
690
694
670
692
686
672
668
664
650
646
654
668
660
664
660
646
644
642
640
654
658
658
636
658
642
652
634
646
636
646
644
644
636
634
636
638
636
616
628
628
638
624
638
644
638
620
648
632
652
644
648
636
658
654
638
652
646
630
646
642
656
622
652
646
648
650
624
638
644
644
648
648
640
612
644
638
636
618
506
500
426
446
424
660
732
704
666
640
648
656
660
654
650
650
652
648
644
636
644
636
648
618
634
636
640
654
630
642
630
624
632
644
634
632
634
640
634
622
628
626
624
622
616
628
632
626
632
628
642
646
644
644
642
648
644
634
636
640
472
570
322
538
628
624
628
632
626
620
628
622
630
632
630
628
628
620
628
630
630
628
614
628
628
628
606
624
626
624
622
616
630
612
616
622
616
614
610
598
614
602
600
608
600
594
596
598
596
586
592
600
586
592
602
594
598
602
602
594
608
612
610
602
614
600
610
620
596
616
594
610
610
618
616
622
610
620
604
616
602
614
604
606
610
614
594
604
606
600
604
602
604
608
604
612
394
820
622
614
610
614
612
618
622
618
620
624
628
626
622
640
610
638
638
642
636
640
634
644
626
658
648
630
648
662
642
658
634
650
648
664
648
648
646
654
626
642
640
640
614
634
634
646
632
642
612
638
636
630
644
642
640
636
626
638
642
638
634
624
638
626
634
634
650
622
638
622
684
628
656
654
666
666
678
670
680
670
664
668
670
664
684
672
682
682
680
686
678
676
676
670
656
658
656
666
664
666
656
682
668
674
682
678
678
692
690
668
686
666
698
692
698
706
670
688
688
648
688
686
676
678
682
670
674
492
840
660
664
702
578
644
642
628
622
628
626
626
642
624
624
624
624
632
616
630
618
616
632
616
628
628
626
604
622
608
624
610
618
618
602
614
614
600
616
598
604
620
620
606
622
614
632
624
626
628
636
630
632
642
636
634
642
632
640
624
638
642
632
648
632
640
646
638
654
638
652
638
656
634
668
662
658
670
680
670
678
672
672
674
670
678
662
684
644
678
680
688
678
666
678
548
766
552
794
666
688
672
672
676
666
664
660
658
662
678
670
654
662
672
662
646
638
658
660
660
668
634
670
680
672
666
670
648
676
670
678
640
672
664
652
664
658
656
664
630
674
672
664
646
650
648
622
656
640
644
640
640
644
640
644
656
658
646
660
662
660
674
676
670
682
650
668
656
672
654
652
654
658
658
666
670
658
660
664
676
666
650
662
660
666
674
668
644
666
670
658
662
656
656
658
654
646
634
640
642
634
634
624
634
632
584
634
616
622
618
624
616
622
614
612
612
614
618
626
608
624
620
630
622
638
624
626
634
634
638
624
628
636
626
634
632
626
634
640
640
638
624
642
646
642
644
644
644
646
656
652
648
648
662
660
646
650
650
648
652
650
648
634
656
656
636
642
650
654
652
634
660
632
646
640
652
650
628
642
640
640
568
498
260
654
600
650
630
634
634
632
602
624
632
624
626
624
622
634
628
618
638
618
632
644
620
620
634
630
646
612
656
638
652
636
648
624
636
640
640
626
644
648
642
648
654
636
650
660
650
648
666
676
658
668
678
656
662
676
654
668
658
666
654
656
662
668
622
644
650
642
632
638
638
632
606
536
750
622
630
616
640
630
626
638
610
624
630
630
626
634
634
628
616
624
636
624
606
630
638
624
644
628
634
646
652
650
650
622
668
692
688
678
682
694
566
804
698
702
690
694
692
692
698
682
676
672
666
678
694
702
714
700
704
710
706
710
716
724
728
710
712
714
714
680
694
702
696
686
662
684
690
672
640
658
656
668
652
656
656
634
654
662
638
646
652
638
624
648
644
704
608
606
634
642
644
612
634
640
636
622
628
610
620
630
628
616
612
626
600
624
628
642
622
622
512
642
698
652
634
636
626
624
634
628
622
640
636
640
642
650
640
634
648
650
634
654
628
646
652
630
644
646
636
674
644
646
688
674
666
666
650
652
662
662
524
760
650
622
654
656
638
638
656
650
648
646
652
652
676
670
672
688
674
668
670
674
672
652
672
660
666
668
658
660
658
662
646
656
646
664
692
726
694
736
810
792
798
768
762
736
718
734
754
694
738
746
730
690
780
810
780
774
824
634
732
730
702
690
700
694
688
680
682
672
688
680
666
682
664
688
686
682
692
682
670
692
690
676
686
676
678
702
712
674
710
706
710
722
696
774
838
824
816
804
792
794
798
796
784
790
782
774
772
786
778
802
782
770
738
734
750
732
740
720
740
784
740
742
748
728
732
722
722
728
684
706
712
692
712
696
688
704
674
676
716
724
698
730
704
546
656
920
722
698
850
608
662
726
748
710
694
706
700
704
714
716
670
712
732
702
720
700
716
730
694
708
800
732
704
712
710
698
718
692
688
700
682
682
748
720
700
688
688
714
712
690
674
712
688
716
692
698
776
704
730
710
682
700
694
706
690
678
686
690
676
678
680
684
686
672
674
692
678
696
686
688
680
694
690
688
690
690
676
672
686
692
686
700
720
708
708
710
718
732
738
694
776
778
728
714
688
716
686
680
684
680
664
672
652
660
652
666
666
662
676
660
666
670
678
652
658
666
644
644
654
660
646
676
686
662
670
672
678
670
676
662
694
670
702
650
696
702
672
678
686
696
664
674
696
662
688
664
680
694
692
660
700
704
704
716
682
710
710
716
708
702
704
722
702
710
734
720
696
690
668
680
696
702
680
706
734
708
718
736
724
722
750
720
728
726
732
702
616
818
912
838
816
796
782
750
722
732
730
718
684
686
684
684
664
680
664
668
694
668
678
684
676
696
670
678
694
664
696
648
658
662
666
650
652
654
660
644
644
656
648
642
658
682
648
678
676
666
692
676
674
696
684
690
700
670
700
684
690
710
680
712
712
690
722
718
708
720
702
720
716
690
744
706
720
712
710
728
716
698
728
680
718
708
716
714
706
702
706
668
704
704
668
694
680
690
710
682
704
720
670
704
708
710
694
718
706
678
702
722
690
692
678
704
710
696
716
688
698
668
660
650
666
672
670
664
662
656
676
652
594
822
706
706
710
692
694
702
748
680
720
724
678
712
712
662
700
706
674
694
682
708
702
674
678
692
666
674
670
676
662
686
664
680
688
662
684
686
662
670
682
686
670
708
694
694
716
716
710
732
704
722
736
704
746
796
728
760
746
696
712
708
728
734
734
714
736
700
718
744
726
728
678
712
684
706
712
698
710
688
712
710
700
680
700
698
690
670
662
668
658
682
666
692
688
668
688
688
666
698
670
696
682
700
704
702
