398
660
650
654
648
644
642
648
650
652
650
646
636
658
646
648
662
652
656
666
666
658
670
670
668
674
672
670
674
644
652
642
634
638
630
634
642
644
650
660
662
662
678
662
668
672
674
670
674
674
672
672
678
662
668
656
658
650
654
660
664
652
656
656
660
670
666
668
662
662
664
666
660
656
650
642
644
650
648
652
660
654
668
660
660
656
664
658
664
666
674
680
674
662
662
660
660
658
526
782
666
670
664
668
672
680
684
690
690
682
690
682
686
550
748
680
668
664
672
662
660
664
668
664
662
688
676
688
678
686
684
682
684
674
674
662
666
646
644
652
648
640
642
614
618
612
616
606
628
630
622
632
614
610
622
608
612
618
628
620
628
630
640
636
638
640
642
640
646
638
616
634
660
644
648
644
644
640
652
650
662
646
652
644
642
642
644
640
626
636
660
660
654
654
652
650
652
664
668
662
672
668
670
676
680
668
676
676
682
684
690
690
690
690
692
690
696
682
680
686
680
678
680
668
672
672
676
674
682
548
802
664
674
542
798
652
676
660
492
836
656
670
678
660
668
678
676
678
664
662
666
664
656
656
658
642
652
650
644
646
646
640
638
642
644
646
644
650
640
654
644
654
454
846
646
648
508
786
638
648
646
646
642
652
646
646
658
650
654
658
662
670
672
682
680
682
686
688
674
680
684
694
682
686
686
684
674
680
680
678
684
682
672
680
532
798
660
664
648
642
652
654
654
664
656
664
662
670
662
664
662
666
666
668
656
662
666
674
670
670
672
670
662
666
666
656
654
650
650
654
650
658
654
660
660
662
656
662
662
676
674
670
664
668
668
666
664
674
664
666
674
676
672
688
680
682
688
684
674
682
676
524
830
676
670
662
680
660
664
666
662
668
682
662
668
662
668
666
664
666
658
648
652
644
630
632
624
622
534
740
646
668
696
656
652
680
674
670
664
690
676
680
686
690
684
680
670
668
662
666
664
662
668
666
666
618
686
670
668
656
664
664
666
670
670
678
672
668
674
666
678
674
674
684
684
670
678
682
684
680
682
690
682
684
696
690
698
694
702
696
702
700
688
690
670
680
662
672
668
664
670
674
662
662
662
662
662
668
664
668
672
676
674
682
676
676
670
672
666
668
666
666
664
658
658
664
652
656
658
654
646
662
644
646
644
634
640
650
644
662
664
500
808
656
656
650
656
650
642
652
638
640
644
640
630
634
640
636
640
646
644
644
650
638
446
822
660
652
654
652
662
652
654
672
666
664
664
664
664
666
664
674
654
664
662
660
656
666
666
660
664
672
664
658
666
656
650
656
656
650
654
660
658
660
666
666
656
642
650
644
644
648
648
658
650
664
660
668
658
668
664
672
672
676
678
676
678
678
684
682
678
686
682
682
676
682
670
674
668
668
662
676
668
668
670
682
674
668
674
674
670
670
674
674
670
664
656
638
654
666
660
662
662
658
650
658
660
660
650
656
654
662
666
664
666
664
666
674
676
682
686
688
694
690
690
690
696
698
684
688
686
692
684
686
688
686
680
680
686
684
682
678
678
674
678
676
676
680
668
680
678
672
668
672
664
666
666
656
660
666
666
662
666
664
662
666
662
656
660
654
660
664
670
674
676
682
678
678
678
678
670
674
674
676
676
676
668
670
668
664
674
674
676
674
682
676
676
684
672
680
678
690
680
684
682
682
674
672
676
664
676
672
670
674
674
666
670
670
662
664
670
672
666
674
666
668
670
662
662
664
674
668
670
682
668
664
670
674
668
532
792
660
654
650
638
626
622
622
628
634
642
652
686
688
688
690
694
698
696
690
686
682
684
676
678
672
678
670
672
674
672
674
672
672
672
680
670
668
672
670
670
670
656
670
678
674
674
676
682
674
676
680
688
682
694
688
688
684
682
684
680
680
680
684
680
678
748
608
662
630
704
654
658
646
642
770
498
640
644
636
634
650
654
650
672
664
662
680
690
662
668
674
662
672
664
660
670
656
662
674
676
670
680
676
680
682
680
674
678
684
690
688
686
696
694
692
686
690
698
686
696
700
704
694
698
698
680
684
668
674
674
674
674
688
682
680
672
684
672
686
682
682
678
680
680
678
688
680
682
632
716
682
684
672
670
672
668
672
682
684
682
684
676
676
680
682
682
680
686
510
864
688
698
684
682
688
688
690
700
696
692
694
700
688
690
692
690
688
690
674
676
680
672
674
676
676
686
684
682
686
746
612
674
680
468
876
676
682
674
680
686
688
690
704
688
698
514
462
1104
686
688
664
678
676
680
674
682
676
674
678
680
672
670
680
674
674
682
682
678
680
680
664
688
684
676
666
682
674
672
678
676
674
688
684
486
844
690
674
684
694
682
688
692
688
692
702
690
682
688
688
688
686
682
682
680
682
682
684
686
682
668
676
664
678
674
678
678
682
688
686
696
672
690
680
674
682
682
682
684
684
682
688
700
682
694
688
672
696
698
686
690
692
692
698
700
756
634
698
710
684
696
678
686
670
692
684
682
688
686
686
696
446
914
686
692
674
684
690
682
688
702
692
702
702
698
698
708
694
698
694
696
696
702
698
698
686
694
690
690
684
690
684
680
680
682
682
694
700
692
698
696
688
494
872
690
680
686
684
682
684
686
684
672
676
672
678
672
674
668
672
670
672
668
670
668
670
670
684
678
682
684
548
808
676
682
676
678
674
668
668
672
666
674
682
670
676
686
684
684
684
682
682
672
674
676
674
682
674
676
676
672
670
678
680
672
676
676
676
682
688
684
684
692
688
688
686
692
678
678
678
690
680
678
676
678
678
678
690
496
852
692
680
574
780
674
664
658
544
768
666
678
668
674
684
680
680
698
696
694
698
706
700
704
710
706
704
714
708
704
700
698
700
696
692
692
694
688
690
686
688
688
680
690
688
694
690
566
818
686
682
682
682
666
504
838
672
672
668
674
658
646
634
644
638
638
640
654
648
662
674
686
674
686
638
364
838
862
688
664
664
660
664
668
668
676
674
680
684
688
694
688
690
698
694
684
692
696
692
698
708
700
698
692
702
698
694
682
690
690
678
682
696
682
672
680
694
650
670
674
652
666
650
646
650
652
650
670
660
664
682
690
560
778
676
678
676
694
682
680
678
674
466
412
672
516
632
658
610
758
664
684
676
674
676
678
684
680
674
670
668
668
672
670
670
704
640
660
686
686
684
680
682
502
872
680
704
692
688
686
692
688
688
708
696
696
700
696
694
700
700
698
704
700
696
694
696
684
690
680
684
498
838
674
676
672
666
666
670
678
676
674
690
688
692
684
688
684
682
668
666
670
682
666
656
670
660
652
662
662
648
650
658
650
562
736
648
660
660
668
662
680
668
670
684
674
676
680
678
676
670
672
658
668
666
668
666
672
666
666
664
658
416
878
650
650
652
650
646
654
662
654
662
670
668
672
678
670
660
672
666
660
652
658
656
740
542
654
656
426
856
652
638
636
638
638
640
654
658
652
668
666
674
674
674
660
670
658
660
646
648
640
638
638
640
648
648
646
650
650
656
654
662
660
652
660
660
676
664
666
670
666
670
668
678
662
666
660
662
662
666
664
662
656
670
664
656
662
664
658
658
670
664
666
674
680
668
680
678
668
666
664
658
646
662
654
650
642
650
648
660
658
670
660
648
658
658
656
662
660
658
656
662
664
658
658
664
660
670
676
674
670
682
674
666
664
674
662
664
650
650
634
640
624
632
640
644
642
658
658
662
662
686
668
676
682
690
676
670
676
674
668
672
682
676
678
488
842
654
662
642
638
646
650
646
652
662
658
660
666
658
660
664
682
662
664
654
654
642
650
642
642
636
644
646
644
642
652
640
638
644
644
638
638
634
654
642
646
640
644
642
646
636
650
652
646
658
650
550
708
634
618
620
620
626
648
646
650
674
668
670
690
696
688
680
692
672
668
670
654
650
658
666
650
654
668
664
662
426
886
652
646
652
648
648
652
668
658
668
680
676
680
680
676
664
606
716
662
658
652
658
650
662
652
652
654
658
648
652
652
658
650
650
648
628
646
640
626
622
618
612
604
628
624
620
620
602
604
590
550
580
572
586
580
574
584
580
572
582
590
580
584
596
584
596
510
660
582
592
588
578
588
596
590
612
614
606
612
608
598
606
602
598
592
604
600
596
594
598
596
598
602
594
596
598
594
596
596
592
594
594
596
598
596
584
572
584
590
594
594
602
604
592
564
620
602
602
606
606
604
604
608
612
620
614
610
620
622
616
626
618
630
624
614
624
618
612
622
614
608
608
610
606
604
594
592
596
580
590
594
590
598
596
594
572
574
568
576
576
642
582
528
580
586
590
588
588
588
592
584
584
580
638
642
640
640
642
642
640
642
642
642
644
648
648
646
648
644
646
654
648
650
648
634
632
638
636
644
642
666
658
670
686
684
678
680
680
682
678
678
674
676
672
664
656
660
658
660
630
656
642
642
650
660
650
662
664
678
672
670
670
666
670
662
664
648
656
658
658
654
656
660
662
654
658
668
674
666
668
584
754
666
684
698
642
672
674
674
672
682
690
670
688
686
688
682
688
696
688
686
692
684
684
678
680
676
684
678
670
664
684
672
654
644
644
638
674
606
628
660
664
654
664
690
692
492
838
672
676
676
666
662
668
674
676
678
674
676
678
666
664
658
654
640
650
648
644
640
664
664
666
666
684
674
678
678
682
682
678
678
682
676
666
674
676
666
672
676
678
664
670
660
658
648
666
670
664
666
660
640
662
630
630
652
572
606
598
598
508
700
606
624
636
650
652
664
670
512
864
688
688
708
698
692
692
694
710
702
706
700
700
692
688
676
680
686
680
674
666
678
672
668
658
654
660
660
674
654
656
662
658
642
648
648
658
650
646
642
642
640
638
642
628
636
642
638
644
650
660
654
666
670
670
676
678
692
696
698
682
688
560
820
686
676
672
678
674
674
668
674
676
672
670
672
682
672
648
666
664
666
514
774
646
654
648
636
636
640
632
634
638
636
636
636
636
634
634
636
642
632
640
652
648
646
658
660
656
652
658
660
662
664
666
680
674
692
672
664
664
662
664
680
666
658
668
672
672
676
688
680
680
690
678
674
670
668
654
652
668
654
634
624
632
642
636
646
654
668
650
662
670
662
674
684
670
674
686
684
684
694
690
692
694
706
702
702
710
712
704
672
690
674
678
668
676
676
672
670
672
664
668
670
664
660
670
682
662
670
672
672
672
672
670
658
658
658
652
648
652
644
646
646
668
650
658
668
670
664
672
672
670
678
676
674
672
682
692
686
692
694
698
692
690
600
756
670
660
668
674
666
668
670
670
650
662
654
646
652
650
656
516
756
646
640
640
636
640
624
630
640
630
632
642
644
640
654
664
656
672
666
666
664
660
654
652
664
666
660
662
670
676
670
672
674
664
670
668
676
672
662
676
672
672
682
684
674
674
672
662
654
660
650
664
658
628
642
642
660
642
642
650
650
632
646
650
642
640
646
636
636
640
642
636
640
648
634
632
626
604
630
626
618
610
620
618
622
624
540
710
626
636
640
650
656
646
648
642
592
698
638
554
754
644
658
658
670
664
690
688
702
690
692
700
708
700
716
714
490
900
710
702
694
700
684
690
684
686
684
698
690
688
688
694
694
694
686
692
690
684
684
690
686
696
690
686
686
688
680
680
674
680
668
528
810
662
672
656
672
664
664
674
674
670
688
672
674
672
672
672
672
672
672
674
672
670
672
664
658
662
664
660
660
656
650
636
662
648
544
736
672
652
642
662
656
652
656
670
666
686
686
464
884
676
674
662
668
662
664
664
664
658
662
652
656
646
656
650
656
656
664
660
664
664
662
666
676
670
660
676
668
670
660
662
660
650
660
656
480
792
662
654
652
652
644
646
652
648
658
656
658
644
650
652
650
654
646
638
646
634
624
636
632
622
620
618
612
620
620
622
618
636
626
622
628
644
634
636
458
804
634
638
638
642
642
660
666
666
656
670
668
664
666
680
674
672
674
670
670
662
666
656
678
626
498
778
642
650
638
636
630
652
652
656
666
674
662
648
652
648
630
614
676
630
640
648
642
632
636
638
638
638
650
658
656
670
664
660
654
658
664
658
660
652
664
654
658
658
650
648
652
646
648
654
650
648
676
652
652
658
654
666
660
668
658
652
660
658
654
646
652
652
640
650
466
834
642
654
656
646
654
658
654
650
654
650
638
648
650
646
650
660
654
664
666
662
648
644
648
650
652
650
640
644
636
674
342
890
646
640
636
650
660
656
492
806
662
660
666
676
672
670
678
670
668
670
676
678
672
674
668
658
654
668
662
662
648
660
650
652
638
636
640
640
640
640
642
654
650
650
654
656
656
652
658
666
666
658
658
660
654
666
672
674
660
664
412
882
652
650
634
630
636
648
640
642
654
668
658
668
676
672
662
654
652
676
652
612
664
644
644
648
648
644
646
646
642
634
644
636
500
754
640
630
622
630
634
634
630
644
654
648
662
670
666
660
662
666
654
656
650
652
648
640
646
646
570
702
642
650
634
642
644
640
644
652
664
648
654
668
670
674
412
944
676
666
658
656
638
648
652
650
644
660
656
658
654
656
648
648
648
646
638
652
644
640
636
640
634
648
656
646
650
652
660
654
644
646
646
644
656
660
654
652
658
668
656
660
666
666
648
650
650
640
638
646
652
664
656
662
680
678
672
672
664
660
648
656
650
596
670
624
522
734
634
642
628
624
634
634
634
652
640
642
648
650
640
640
638
632
626
630
628
622
620
628
630
632
628
624
620
616
616
616
618
632
632
646
460
800
504
760
684
628
622
600
628
638
634
662
652
652
644
658
654
658
664
668
656
656
662
670
642
656
636
626
624
646
574
614
624
618
618
642
658
644
660
680
670
672
672
670
666
660
658
668
662
664
666
672
652
646
648
652
636
636
640
652
648
660
662
676
666
668
680
690
678
668
680
678
692
682
686
700
688
682
678
688
546
784
668
676
672
678
680
678
676
668
674
672
670
684
692
674
672
692
674
666
664
674
668
656
652
652
644
642
646
660
648
656
662
654
650
654
654
650
654
662
664
646
662
668
414
906
672
674
658
666
658
660
670
672
666
668
656
664
662
596
716
672
674
664
652
662
668
660
670
664
672
654
664
662
662
666
662
658
656
672
666
660
660
658
654
644
650
642
630
646
636
638
638
636
630
640
646
642
646
654
646
648
654
656
648
644
654
650
652
648
650
472
794
648
648
638
640
634
634
620
648
698
572
634
642
650
646
646
658
650
648
658
662
656
656
650
650
644
648
646
648
648
658
660
660
650
654
534
756
648
648
640
634
626
636
638
648
658
662
680
670
680
680
676
698
692
690
674
676
668
658
670
666
660
646
656
650
666
664
672
682
694
682
664
680
674
664
662
678
652
500
778
644
644
652
668
658
670
678
684
668
688
678
668
666
684
668
666
674
674
672
678
688
544
782
670
674
664
674
670
654
664
662
666
656
654
656
672
672
678
692
560
788
678
690
678
688
674
682
682
680
676
672
664
658
668
672
666
670
692
680
664
664
660
642
632
642
640
638
654
662
666
670
672
676
664
668
664
554
736
658
652
670
650
618
642
640
666
662
660
494
814
654
646
618
640
582
622
626
636
646
666
674
672
672
684
688
680
672
678
670
664
672
674
678
670
658
660
660
662
660
650
644
656
660
656
658
672
662
656
662
670
662
664
672
616
710
466
858
662
662
658
440
846
656
658
640
634
646
652
646
658
674
670
658
666
664
670
662
678
678
676
670
682
670
672
662
658
662
656
644
646
644
634
628
642
636
630
630
632
638
638
638
652
652
644
650
654
650
650
660
662
660
684
676
672
656
660
654
640
652
650
648
652
654
658
646
654
660
660
508
790
684
652
656
648
656
652
654
660
674
680
666
676
686
680
672
682
690
678
668
676
666
664
660
660
660
660
648
658
660
658
662
668
674
670
664
570
770
670
650
658
658
658
658
660
680
530
798
686
688
676
680
662
662
664
668
658
654
662
668
648
646
658
654
646
640
646
638
634
642
408
864
650
642
644
538
706
634
628
614
624
624
644
620
638
648
666
650
664
672
676
664
668
670
686
676
670
678
672
670
680
674
668
646
652
644
638
652
668
656
658
650
676
664
662
658
688
672
656
650
658
534
740
650
654
650
654
670
658
658
666
666
664
672
668
662
664
670
662
654
658
648
640
638
666
654
652
654
664
660
660
650
662
666
668
652
660
664
660
660
660
680
670
664
530
768
668
654
646
654
652
658
660
670
680
670
688
686
682
688
700
696
518
840
470
848
676
664
640
638
630
628
614
636
618
618
622
614
604
602
592
600
588
594
614
620
616
552
606
548
578
590
592
602
600
604
608
616
636
624
630
632
630
630
636
640
626
568
568
592
624
608
610
614
626
616
620
634
652
648
652
642
638
648
652
652
650
662
664
662
656
682
632
644
656
648
646
580
706
654
660
660
658
676
670
662
662
650
668
430
874
674
652
646
656
650
650
648
654
656
654
660
676
670
664
670
670
664
664
668
658
662
668
652
654
660
678
662
652
654
656
638
698
690
714
688
702
708
714
704
712
710
710
712
706
708
706
688
690
680
684
634
646
648
626
648
650
640
640
644
634
628
642
642
638
584
696
642
642
654
660
664
654
660
680
682
668
666
652
628
636
628
626
612
616
618
616
616
624
634
638
632
638
652
634
648
660
656
652
650
662
658
660
660
668
664
662
664
584
740
644
634
626
634
650
646
660
678
670
680
708
712
700
694
700
686
670
676
666
666
654
658
642
638
630
644
638
630
644
642
628
634
648
642
642
644
658
654
652
662
664
656
660
668
482
830
672
668
654
656
648
642
640
656
652
652
652
656
654
670
666
668
668
676
670
670
680
694
680
534
822
672
670
662
662
662
656
660
666
660
662
668
668
666
670
670
664
656
646
646
644
646
646
638
638
640
634
638
648
638
646
644
652
642
654
650
644
638
652
644
650
658
668
658
672
680
674
674
678
664
666
480
842
654
662
658
658
650
668
680
660
654
676
662
676
672
442
872
670
660
660
670
596
710
654
468
854
658
668
666
656
664
672
676
674
682
678
676
686
670
672
676
682
672
678
676
670
656
666
664
654
652
658
664
658
664
678
668
498
786
664
648
654
408
894
650
662
660
654
656
670
674
672
674
684
670
678
674
654
656
652
654
648
646
650
646
646
648
646
646
644
634
630
638
638
640
640
638
584
680
628
632
624
600
636
614
614
610
610
604
602
604
602
616
602
622
616
616
618
628
622
628
542
720
628
630
640
644
492
782
642
648
650
658
656
654
656
654
654
652
666
656
646
656
652
642
644
630
626
628
632
628
630
630
644
634
626
640
646
652
638
634
630
636
628
632
628
608
608
604
608
618
624
622
638
656
650
652
660
654
672
664
656
664
648
652
658
560
724
658
676
648
656
650
656
644
666
662
662
648
670
662
496
780
674
656
646
664
656
654
658
676
660
650
654
652
628
630
626
632
616
586
620
576
584
590
590
584
576
584
576
574
582
580
598
558
578
574
574
580
574
578
584
576
580
582
580
586
446
690
610
588
662
564
556
588
448
608
714
598
592
694
520
560
588
578
588
586
598
592
586
586
586
596
592
588
590
572
590
584
582
592
602
602
604
618
630
620
640
644
652
650
666
650
648
656
650
660
632
642
644
650
652
644
652
648
646
644
656
654
658
656
656
654
642
650
652
658
650
582
734
654
658
656
642
638
648
646
642
654
638
644
654
644
650
650
660
660
664
664
670
660
670
672
672
670
672
678
672
682
650
720
684
686
674
674
682
660
682
674
656
656
394
378
544
646
644
650
646
642
632
632
642
644
638
424
856
658
660
660
658
650
652
644
660
662
674
672
682
686
700
696
702
722
718
714
720
724
736
722
728
734
744
740
408
1044
728
704
708
708
612
774
690
698
718
660
676
676
682
698
688
692
698
704
684
686
690
680
682
688
690
686
690
682
688
664
658
666
670
656
646
658
660
660
652
662
656
652
666
664
662
652
562
760
662
666
700
650
652
680
676
682
698
696
682
692
686
686
698
700
678
690
678
670
676
674
676
668
682
676
678
688
672
680
686
696
612
660
640
668
544
780
662
654
650
654
638
628
628
624
626
630
628
630
636
640
644
656
652
666
676
666
674
672
670
658
676
668
674
672
666
666
674
670
672
674
676
660
672
676
678
672
674
678
680
684
686
688
682
680
690
686
684
682
684
676
688
682
672
672
682
672
664
672
656
656
656
646
644
662
656
662
664
660
656
656
632
650
640
632
630
628
628
634
636
628
632
636
642
636
644
640
638
638
638
638
558
530
802
636
654
630
654
648
666
678
684
682
682
684
684
674
672
682
670
670
658
652
656
644
650
654
650
656
662
654
662
664
668
650
662
648
660
662
666
670
676
668
670
672
672
660
660
670
590
648
606
620
616
610
598
610
606
616
610
612
602
622
620
622
616
626
624
628
634
622
638
630
630
632
638
646
632
642
654
598
656
648
642
640
630
606
630
636
580
626
616
604
620
612
610
618
616
630
638
628
614
612
612
618
614
616
608
618
586
708
636
534
732
628
626
636
632
630
642
644
652
648
646
646
646
640
656
662
648
638
658
642
632
410
812
638
618
614
598
600
606
594
606
602
480
750
634
624
634
620
622
624
630
620
624
642
660
644
650
648
624
638
638
642
652
550
738
654
652
642
652
650
648
656
666
660
676
654
668
674
666
672
672
668
660
650
644
650
654
634
636
644
640
628
622
616
610
610
612
612
620
624
638
650
650
660
676
672
670
672
672
664
672
668
668
656
676
664
662
666
666
656
664
666
662
654
652
656
650
654
652
658
654
656
654
648
652
660
654
660
674
668
668
666
670
666
666
676
666
654
664
664
652
654
666
652
658
658
646
652
662
652
644
654
656
642
654
660
648
642
646
634
628
656
650
646
638
640
636
636
638
628
620
624
622
622
626
630
632
628
646
628
636
638
638
636
636
638
630
660
656
654
656
654
656
650
656
662
526
754
650
646
642
652
642
648
646
658
672
664
664
654
654
652
664
656
658
660
636
630
652
648
642
648
632
636
632
632
624
628
630
634
620
618
610
482
736
608
608
604
608
608
602
606
606
606
602
606
614
612
616
614
622
616
618
622
628
624
622
620
614
608
614
620
628
628
636
646
652
642
650
648
650
638
640
654
642
626
608
624
636
634
642
634
648
644
646
646
654
648
648
646
646
646
644
658
666
660
660
664
656
638
652
650
646
648
662
652
658
666
650
642
646
644
642
644
654
648
656
658
652
666
674
660
658
662
664
658
648
666
700
620
634
668
652
430
862
654
650
656
650
636
642
634
662
664
664
662
672
688
664
662
666
654
654
652
648
636
644
646
650
634
646
650
646
634
656
644
646
632
636
492
766
636
646
646
640
642
652
662
658
676
684
680
682
686
552
808
678
688
674
682
678
674
666
674
674
668
668
674
670
674
670
660
666
664
594
636
636
652
640
662
664
658
660
676
666
662
666
660
648
656
656
626
622
608
616
616
632
644
672
676
684
696
694
688
682
694
682
680
688
690
676
672
680
494
830
660
660
648
650
642
664
650
666
670
682
672
686
682
672
680
676
672
660
680
668
656
650
660
656
656
672
680
676
660
676
672
658
650
666
658
656
660
672
662
666
666
676
662
660
660
660
654
658
656
660
650
658
660
658
666
664
656
660
654
650
640
648
646
652
650
656
656
650
646
656
642
490
782
648
658
648
656
656
652
654
660
654
654
656
662
656
670
662
660
652
654
642
648
652
646
648
650
652
650
640
642
638
634
636
632
636
636
648
644
642
644
638
628
634
618
620
624
608
618
618
614
618
628
634
632
628
626
644
634
640
632
642
642
638
642
654
660
656
658
646
644
636
648
642
634
620
538
690
626
618
620
602
614
616
624
618
638
644
636
646
664
646
664
642
670
654
666
658
676
670
672
678
672
666
674
664
658
654
662
658
654
426
872
650
664
670
654
656
662
662
672
680
690
684
690
682
672
676
666
660
666
670
658
658
658
654
646
650
652
648
652
664
658
648
656
656
668
664
678
670
668
666
668
656
674
672
654
658
660
662
656
660
656
652
652
642
636
644
650
644
646
658
656
656
664
672
662
652
664
660
494
794
652
648
646
648
642
638
644
642
634
634
638
636
634
642
638
636
636
632
616
622
622
620
620
622
626
624
622
628
624
624
624
628
624
632
628
632
626
630
620
616
610
620
614
630
624
632
628
632
632
634
632
642
636
640
452
828
638
636
628
622
618
624
626
624
628
628
628
640
632
638
640
638
632
636
446
828
636
646
640
626
630
632
634
634
634
644
638
642
650
644
644
646
644
628
636
630
630
626
632
820
426
654
622
626
634
634
646
642
640
644
646
642
452
830
648
648
644
638
634
644
640
640
636
646
630
636
636
644
636
640
638
636
642
654
644
650
646
652
646
658
660
654
658
656
654
656
656
660
646
654
656
652
648
646
648
506
540
802
640
636
632
638
636
630
638
650
652
646
658
668
658
660
674
666
662
660
650
646
636
646
630
634
634
638
628
638
634
628
614
628
626
626
618
622
620
628
624
632
626
628
630
628
628
638
638
636
638
638
644
640
638
640
642
632
636
650
644
636
488
768
644
628
634
628
626
630
644
640
648
652
656
652
652
652
644
666
658
670
658
664
658
658
638
636
614
616
628
612
504
704
614
626
614
620
608
548
674
628
626
648
616
632
640
660
456
836
648
666
660
654
658
656
648
646
650
648
642
638
636
628
628
618
638
584
602
600
610
616
610
622
624
636
632
640
648
642
654
652
654
654
652
646
652
652
650
646
652
650
648
652
652
648
658
654
638
652
636
616
652
652
636
636
646
634
630
636
638
626
642
618
614
624
626
638
628
642
636
636
644
646
640
656
650
600
700
648
648
652
428
854
638
650
638
646
648
652
654
654
654
656
658
662
658
664
658
648
652
530
746
640
642
636
634
622
628
630
570
686
624
628
616
632
622
630
626
626
614
500
724
612
614
600
598
600
600
610
612
612
620
614
622
622
626
630
630
628
634
632
636
634
644
636
634
636
636
628
500
746
612
628
620
628
624
628
628
640
630
648
638
654
644
644
640
646
640
642
640
632
626
636
630
634
628
638
566
500
802
624
624
608
622
518
698
614
618
612
636
620
620
624
624
626
630
636
620
628
626
616
502
716
608
606
594
604
592
594
576
584
574
582
582
588
588
622
618
630
632
650
656
652
652
678
656
662
650
654
634
622
614
616
616
622
630
408
834
638
482
792
642
634
552
720
632
662
640
638
644
632
638
654
650
638
648
644
642
644
646
642
628
644
622
622
612
620
624
618
616
612
616
652
516
648
610
594
610
604
612
606
608
610
590
626
610
618
610
608
612
610
640
610
580
610
606
616
614
606
618
618
620
616
620
620
618
