720
592
586
572
582
608
610
620
624
462
364
948
416
898
630
656
416
782
646
638
642
634
634
642
620
628
626
388
880
616
622
614
618
614
594
600
618
602
608
596
610
626
606
606
618
616
628
386
868
404
282
862
416
866
608
598
416
826
600
600
602
604
600
592
600
420
340
874
412
820
606
600
602
612
604
610
634
638
646
320
764
532
956
340
960
340
930
642
660
640
642
354
950
352
944
646
654
656
392
918
636
652
650
654
626
636
648
666
672
680
364
972
680
704
676
690
1002
978
676
704
684
688
314
954
670
674
658
644
650
648
650
648
644
654
652
658
670
680
684
668
384
948
676
478
910
362
962
672
696
692
312
1006
720
720
726
714
722
716
696
732
714
736
360
994
682
690
680
312
932
400
290
904
634
642
650
646
314
932
648
678
680
366
984
412
216
736
696
700
688
328
446
802
688
682
700
718
724
726
718
516
832
872
708
700
682
356
938
636
672
654
616
718
664
290
398
356
306
912
636
330
948
648
662
662
380
942
672
686
678
324
1034
728
748
742
762
730
736
730
760
726
320
1032
712
708
714
692
694
702
688
692
676
686
488
834
700
712
746
738
782
762
776
796
394
1090
812
832
838
342
1108
816
810
782
806
784
764
418
900
732
718
420
974
378
970
660
782
564
648
638
636
654
652
640
664
656
698
686
702
492
938
718
714
554
802
726
734
730
728
404
992
692
692
682
680
662
666
652
670
692
678
656
654
656
650
634
644
644
656
668
670
684
698
698
706
418
1004
726
748
730
734
734
730
734
728
416
1010
726
720
716
692
700
694
704
684
448
976
704
718
698
702
674
670
678
380
972
350
974
662
670
658
648
670
670
670
694
692
726
724
728
718
730
410
910
412
1038
758
482
994
708
704
710
362
996
470
966
682
696
700
360
1028
724
734
768
792
438
1118
844
882
382
208
936
370
982
1000
814
788
792
418
1116
394
1108
786
772
408
1118
792
796
362
1106
772
786
802
344
1116
816
864
848
342
1156
898
980
902
922
922
878
412
1124
876
858
666
1068
968
946
918
944
886
844
858
872
438
1154
846
416
1170
868
882
866
368
928
242
894
346
1148
816
816
812
378
1132
828
856
870
908
428
1162
894
900
926
420
1180
852
872
338
1164
862
870
884
402
1202
934
924
930
1010
942
982
974
420
1258
1070
494
1260
970
928
418
1226
924
932
900
912
888
930
938
894
410
1214
902
852
856
846
412
1122
794
764
776
744
760
768
782
788
782
806
360
1122
828
858
864
870
402
1188
896
458
1126
784
788
346
1084
772
812
842
888
886
918
930
952
964
976
962
950
930
898
962
884
844
864
406
1132
792
814
756
760
752
762
390
1032
750
780
776
766
812
848
858
866
912
934
968
982
412
1242
922
956
958
930
918
358
1220
960
928
880
372
1146
930
918
892
402
384
1054
916
868
904
946
940
972
408
1258
1004
456
1202
982
940
918
924
888
952
1002
962
1022
898
878
916
894
888
406
1204
894
914
894
874
424
1178
950
872
910
900
428
1210
952
906
898
922
916
932
880
926
386
1188
846
894
842
382
1118
842
824
836
852
850
364
1164
874
906
920
920
962
996
976
1056
1034
1058
1062
1042
1006
996
934
986
898
914
420
1206
876
902
384
1128
830
828
846
796
822
800
778
792
800
768
790
818
444
1124
822
814
846
864
404
1142
456
1110
830
820
828
822
392
1118
824
794
804
806
432
1112
818
838
820
814
446
1138
848
866
840
848
400
1128
342
1150
836
416
1128
860
830
840
870
852
344
1164
828
796
820
812
394
1142
844
378
1168
854
390
1106
804
432
1100
776
810
346
1080
772
802
802
372
1096
812
408
1088
804
856
440
1142
878
862
838
870
860
874
894
868
870
892
354
1210
946
908
872
832
812
798
788
778
770
756
762
748
734
742
694
714
694
710
690
684
702
698
696
678
702
686
680
394
938
678
406
904
644
370
396
550
660
670
650
650
666
652
646
644
688
696
372
1042
402
370
990
770
430
1052
782
500
1040
372
1042
726
726
714
718
714
710
698
334
996
684
706
710
708
722
712
740
736
776
802
814
848
854
872
854
822
818
786
430
1118
840
828
850
812
458
1056
788
776
794
776
804
354
1074
742
758
722
416
1024
738
780
760
776
452
1082
758
578
910
724
714
698
350
1050
792
848
846
430
1110
796
410
1076
814
814
562
1028
454
1142
916
530
1138
888
414
1138
852
920
338
1226
436
354
1028
946
858
844
386
1162
424
1146
860
856
858
862
856
402
1184
948
942
940
906
948
406
1174
942
960
958
914
926
386
1152
852
878
836
868
894
946
944
938
940
936
930
928
916
916
910
890
876
888
878
820
836
358
1100
790
800
766
804
788
782
790
800
770
808
812
806
818
830
432
1090
780
754
466
322
530
918
374
1118
812
830
806
352
344
1016
828
830
850
350
1146
862
868
872
828
354
1166
906
862
894
904
398
1194
888
880
880
918
914
912
922
474
1150
834
822
400
1154
858
856
856
822
882
372
1208
910
920
902
408
1142
864
876
858
864
824
812
380
1062
726
718
714
706
704
694
704
382
976
672
674
684
666
476
860
648
462
856
652
660
530
790
372
1000
696
410
978
710
358
1008
702
354
1000
710
396
978
692
714
674
684
664
658
654
344
912
630
644
632
630
372
868
630
618
450
782
596
614
628
324
876
416
340
914
602
348
868
610
622
618
616
336
886
616
632
610
620
608
630
644
628
640
622
628
636
618
620
622
628
632
620
614
632
632
624
608
610
626
634
622
614
604
614
376
830
610
600
606
602
614
626
596
598
606
604
618
594
602
626
620
626
388
876
350
936
648
626
642
686
706
736
750
798
814
388
1100
792
766
790
792
794
786
792
786
404
1100
802
820
804
800
408
1096
844
830
682
1044
906
908
322
1204
900
912
918
904
930
406
1140
890
406
646
446
804
786
782
378
1082
442
1064
770
790
756
816
404
1080
856
840
824
832
814
814
408
1144
446
1102
392
1090
742
778
750
768
424
1106
772
790
496
946
772
416
1088
770
788
792
818
826
836
372
1196
930
956
920
346
1178
864
886
868
384
1132
792
804
446
940
786
792
818
356
1128
860
834
816
826
420
1110
820
814
776
396
1090
780
814
832
870
858
376
1150
864
846
868
862
880
342
1176
900
898
874
848
892
918
886
900
842
844
832
372
1112
842
850
856
856
818
814
416
1134
814
802
334
1082
782
794
404
1102
764
786
800
794
430
1084
422
1078
756
404
1026
758
788
784
788
780
798
800
386
1114
798
812
790
832
834
830
398
1130
786
828
820
830
436
1124
802
836
800
846
412
1146
828
844
342
1104
828
832
398
1130
796
838
826
864
832
846
816
822
812
808
784
818
420
1146
810
832
804
342
1080
388
338
1010
708
732
714
718
734
744
754
784
770
816
360
1130
808
840
402
1084
786
778
766
776
774
800
790
790
768
780
768
756
754
780
744
748
740
758
748
370
1084
790
816
832
850
876
848
436
1146
858
410
1164
870
848
824
860
340
1150
854
880
862
340
1140
844
832
860
348
1192
370
1188
438
1174
398
1132
848
820
822
806
408
1112
802
804
404
1082
792
796
792
356
1072
762
760
764
782
782
800
820
410
1086
820
820
820
774
794
334
1098
762
800
784
416
1078
390
1084
768
402
1054
786
356
1112
794
836
826
796
424
1124
780
804
358
1082
396
1060
718
388
1004
710
376
986
712
714
710
698
350
1036
412
390
1000
722
772
736
750
390
1052
422
1032
698
710
738
734
764
774
424
1126
820
850
366
1144
872
874
894
850
814
812
810
796
780
344
1092
786
824
808
832
830
850
856
856
840
856
846
830
832
412
1146
806
846
806
824
830
840
850
402
1136
864
876
846
844
862
350
1144
844
470
1090
450
1078
768
574
924
746
774
746
738
726
734
706
448
966
448
976
700
722
716
738
398
1042
408
1042
386
1030
718
392
1008
682
724
712
740
788
802
352
1152
416
1120
332
1158
844
808
394
1108
808
816
800
810
364
1104
386
1070
744
746
738
750
744
748
748
756
756
776
516
1030
784
792
770
332
1066
392
1018
722
738
728
374
1024
724
720
720
730
794
834
424
1146
898
868
864
814
832
836
858
858
860
358
1148
854
830
832
336
1106
800
790
762
758
762
396
1078
824
808
844
844
838
852
366
1118
816
828
788
784
398
1076
746
388
1042
406
1066
748
804
802
826
400
1100
800
826
358
1100
788
806
798
812
328
1104
784
826
786
784
778
804
802
360
1096
814
814
768
794
792
804
410
1092
812
828
362
1106
796
808
408
1078
762
798
424
1040
740
770
744
384
1016
404
326
1002
738
736
738
344
1006
706
696
700
684
476
828
680
692
386
398
288
278
808
690
718
642
780
712
338
998
706
750
722
736
758
786
404
1100
790
804
802
816
384
1086
760
788
748
434
1050
766
768
762
774
790
792
406
1108
808
824
350
1140
830
822
808
418
1078
812
774
794
390
1080
798
828
812
804
328
1120
828
802
844
844
420
1150
866
884
390
1172
916
482
1094
1042
1064
1086
414
1070
1148
1032
1022
996
472
1188
902
882
862
844
824
840
834
372
1098
794
818
772
786
758
376
1076
748
788
800
816
842
800
848
846
858
848
840
816
788
772
788
748
336
1050
740
760
768
780
424
1080
782
784
760
758
762
768
400
1054
358
1034
722
740
720
710
370
998
700
694
698
706
722
722
732
744
418
1084
766
800
774
796
404
1062
370
504
1040
724
736
340
1020
708
716
738
728
740
742
422
1040
736
734
740
728
718
726
332
1024
710
732
728
746
756
752
464
1012
754
746
760
756
362
1070
770
782
778
768
406
1066
778
788
768
748
750
732
376
1008
702
728
706
716
712
716
710
382
970
686
720
702
712
754
752
788
818
366
1124
862
836
810
352
1086
774
772
752
374
1060
766
780
776
762
782
800
404
1118
852
862
894
878
406
1180
408
1144
832
820
372
1070
784
788
794
770
426
1094
778
786
776
762
500
1018
772
370
1064
760
744
774
760
332
1076
766
752
738
738
786
788
414
1064
790
818
352
1080
786
816
798
824
392
1124
812
820
362
1138
834
828
434
1134
826
800
794
758
766
790
814
806
338
600
880
340
1132
846
864
870
876
418
1164
492
1136
352
1142
824
836
804
344
1106
826
816
378
1154
850
830
390
1130
440
1108
812
796
786
794
398
1130
796
774
794
788
398
1094
814
800
372
1072
792
802
790
778
782
770
772
778
776
790
780
764
786
782
736
748
764
370
1034
724
764
762
382
320
1004
386
1056
738
754
780
346
1076
750
788
776
778
772
784
776
330
1092
800
774
802
772
392
1078
764
442
1044
762
736
756
714
748
740
742
436
1030
394
1034
396
1030
790
762
416
1022
742
738
384
1010
726
730
716
722
716
732
702
726
724
738
432
1028
746
750
374
1004
394
970
694
426
950
488
936
704
722
726
714
724
740
758
760
464
1050
448
1018
720
730
330
1016
430
956
690
658
660
656
656
678
344
972
676
714
682
684
696
702
712
694
718
714
710
706
716
748
740
762
446
1034
334
1026
684
720
728
746
758
760
784
340
1140
852
856
360
1120
842
834
344
1136
844
830
788
754
784
364
1088
752
782
792
774
758
780
784
384
1074
350
1076
752
738
730
740
738
718
748
728
732
756
340
1050
740
768
766
788
812
832
426
1118
792
838
790
792
786
778
776
806
812
820
834
336
1204
918
966
904
916
900
884
910
894
896
932
410
1158
910
868
350
1140
890
868
858
366
1114
832
818
386
1056
742
754
476
984
720
720
738
442
1034
742
756
756
786
766
742
760
396
1094
780
384
1096
806
812
352
1134
832
796
810
360
328
1042
376
1054
742
444
1036
762
768
778
778
798
868
854
866
882
890
394
1176
882
842
430
1088
522
1044
760
714
730
368
1006
688
722
720
702
688
326
962
520
366
968
636
354
946
640
338
908
624
656
644
636
342
326
930
416
850
636
398
866
608
624
636
640
656
654
662
422
920
682
666
664
682
702
698
688
412
958
680
688
664
674
658
660
650
646
668
658
660
654
674
410
924
472
614
896
648
668
668
652
660
392
894
648
320
926
634
640
636
626
648
640
656
670
650
696
692
688
668
682
340
990
686
668
680
678
670
382
934
686
328
956
380
952
682
348
952
256
412
676
678
654
380
912
668
384
926
646
644
646
660
344
964
680
712
726
754
792
814
832
816
838
844
352
1110
842
834
836
380
1120
804
820
796
802
402
1064
754
776
756
776
384
1064
766
802
756
368
1086
786
780
754
782
806
832
370
1124
850
850
738
1014
904
892
900
902
920
922
856
876
854
896
862
892
854
842
346
1108
780
782
758
402
1068
806
820
782
808
862
852
836
374
1158
388
1120
800
824
822
448
1136
402
1106
842
374
1112
792
818
822
364
1102
822
800
800
402
1086
786
780
796
448
1048
738
410
1008
736
708
742
762
536
906
386
1148
492
1118
458
1098
808
820
454
1040
404
1054
734
384
1024
734
388
1038
708
746
762
764
412
1092
802
802
812
362
1132
830
824
826
336
1126
438
982
840
798
444
1044
748
764
740
746
750
340
1032
734
740
764
766
360
1114
822
792
820
842
862
842
852
344
1140
860
828
836
374
1112
812
808
402
1082
404
1074
762
770
738
766
402
1092
796
854
872
358
1184
980
996
1016
998
1054
994
1042
974
954
946
938
908
906
876
846
846
574
842
1022
824
878
384
1102
406
1098
392
1060
372
1066
758
748
736
754
368
1066
780
800
782
766
394
1066
774
778
768
798
816
424
1124
406
1138
410
1096
814
786
368
1046
764
786
744
760
410
1102
622
890
800
874
876
880
844
356
1088
410
332
1054
806
804
792
388
1104
846
820
828
826
830
816
408
1100
794
816
836
462
1092
410
1074
786
774
422
1014
736
328
1058
766
776
762
788
790
784
812
354
1116
842
828
414
1138
834
524
1078
818
846
372
1104
828
820
810
824
376
1072
752
774
774
758
422
1054
750
726
738
728
722
726
444
1062
746
784
786
378
1110
804
370
1146
808
848
670
972
788
836
382
1120
392
1134
778
370
1084
386
1084
770
428
1056
752
344
1062
760
832
762
806
788
806
774
820
822
844
842
842
830
822
344
1102
780
818
798
818
780
786
782
798
458
1056
386
1048
726
728
734
744
456
898
442
1048
764
750
754
388
348
996
784
806
328
1110
786
362
1106
834
828
856
834
428
1138
384
1078
392
1082
752
760
738
736
406
1028
704
724
700
708
702
702
712
714
740
730
334
1086
746
752
782
470
900
420
1110
416
1080
784
772
790
764
352
1076
766
746
374
1030
740
742
698
472
954
700
712
724
428
986
722
392
1014
736
754
738
760
758
800
790
434
1112
790
794
336
1104
790
782
790
792
414
1092
768
374
1060
750
736
752
722
478
912
720
840
764
346
1044
784
762
726
718
726
702
696
706
706
724
700
706
692
722
724
730
392
1074
792
758
784
776
448
930
776
750
414
1042
732
710
712
702
676
418
358
968
430
954
686
336
946
680
652
682
690
682
714
744
774
556
1036
770
800
800
360
1074
776
364
1060
380
1036
734
730
716
382
990
690
696
670
674
700
692
706
696
338
988
404
992
692
740
660
698
710
730
434
1004
702
728
720
708
706
690
710
726
708
740
734
730
712
718
724
744
766
756
768
766
770
400
1042
766
364
1062
746
740
414
978
692
696
692
698
700
710
430
982
698
322
1000
702
370
996
702
736
728
754
726
766
422
1050
738
750
718
740
444
1020
766
756
752
376
1042
720
730
702
736
742
426
1078
784
788
426
1070
792
792
428
1044
738
728
724
324
1026
752
774
778
768
438
1070
738
760
756
774
754
762
362
1078
740
736
754
748
736
724
734
404
1024
724
734
704
726
414
1022
720
710
712
700
426
344
972
672
680
664
672
664
680
664
668
646
658
674
650
652
632
648
668
658
448
866
650
704
618
638
650
628
542
724
644
672
436
922
476
898
666
672
676
680
698
696
708
710
730
728
726
736
724
740
726
722
712
716
694
442
930
668
656
640
650
644
658
658
656
650
532
814
396
922
652
646
650
478
846
648
646
656
684
690
708
412
914
766
704
704
686
442
950
714
690
698
686
418
964
672
552
818
668
668
652
662
384
920
648
652
648
630
646
632
630
630
624
660
636
650
668
444
834
648
664
672
662
662
656
350
958
420
938
342
944
360
924
426
886
632
618
630
432
850
622
610
622
628
618
612
390
882
636
628
610
620
520
688
586
326
360
870
390
822
590
578
594
582
312
842
592
306
848
588
320
846
586
626
398
794
424
836
656
650
420
796
362
954
666
668
638
658
366
954
678
668
664
670
328
952
646
650
632
624
630
614
614
342
876
612
586
596
606
582
584
388
812
602
582
596
600
584
600
608
604
612
408
344
874
656
630
634
622
636
632
642
646
650
656
644
644
658
642
646
632
626
636
630
642
628
636
646
630
642
630
632
646
642
654
648
648
378
930
406
918
640
658
666
674
646
644
652
652
656
636
634
638
634
460
816
614
614
624
618
594
598
622
610
616
600
620
626
620
612
618
634
658
630
638
658
426
930
664
678
374
920
674
654
400
818
662
674
656
664
638
656
670
648
666
646
644
668
658
658
642
642
636
640
656
648
644
642
640
664
666
672
664
662
672
656
666
640
340
924
648
670
650
546
780
356
950
648
468
840
652
666
642
654
636
636
650
632
372
884
636
624
384
730
328
872
614
586
594
624
612
620
630
648
662
398
912
640
654
380
366
922
656
638
388
888
628
418
860
420
330
904
384
866
614
618
602
600
598
614
632
628
628
414
900
406
898
620
648
648
404
336
914
642
350
882
626
610
620
622
330
898
622
352
892
638
656
390
868
628
638
642
636
636
628
316
386
918
404
862
636
630
620
622
632
606
616
422
822
618
304
870
606
586
582
606
602
370
844
606
616
610
610
600
600
626
610
604
620
368
866
610
628
622
608
614
610
610
614
596
600
626
608
626
610
440
860
498
788
628
652
654
402
896
624
420
866
406
338
880
600
604
586
584
596
584
444
736
570
562
574
566
576
570
582
394
782
590
598
1176
598
590
590
586
600
620
358
850
622
612
626
612
624
644
634
650
634
648
452
850
658
492
812
650
640
304
934
636
402
850
630
626
634
408
866
406
856
626
622
400
300
886
608
612
598
602
618
600
606
632
624
414
888
646
662
416
910
340
920
648
658
682
358
920
646
470
876
390
336
892
614
344
888
352
468
862
398
806
584
578
586
588
588
588
592
600
590
604
418
314
872
642
650
650
640
644
674
658
686
662
404
930
678
388
956
660
380
916
668
660
674
670
418
910
346
550
906
494
836
632
420
872
636
432
860
462
344
920
662
376
930
656
660
656
664
446
448
934
678
326
440
936
660
670
646
650
646
638
334
886
618
622
390
720
580
606
600
420
762
600
422
792
360
848
612
594
594
612
604
610
404
850
372
908
648
378
896
648
348
738
290
346
626
630
424
834
634
620
616
608
632
640
306
488
894
664
642
634
648
654
646
656
648
658
684
314
978
396
976
464
880
418
920
660
634
614
628
606
314
846
418
784
592
578
588
570
576
584
580
414
732
576
584
560
562
574
558
560
440
718
404
714
554
560
552
550
558
538
560
570
558
352
818
580
594
602
600
604
592
342
860
600
588
600
592
600
584
602
608
608
600
620
606
620
618
302
326
448
834
636
322
908
1076
610
640
634
634
630
620
428
844
610
612
606
612
602
598
614
602
596
592
600
606
594
418
770
596
606
588
418
790
384
810
596
344
830
476
688
576
566
578
586
574
558
450
360
674
418
646
576
610
588
598
598
430
318
880
406
242
970
1298
580
580
596
576
592
576
606
424
788
588
494
706
590
578
588
596
578
598
608
392
826
394
840
586
630
592
438
784
616
596
614
618
616
616
626
358
890
618
630
638
638
338
904
326
900
604
614
592
410
814
436
764
602
594
596
638
850
408
852
616
610
596
428
816
434
806
612
502
792
430
866
420
798
464
296
920
394
294
904
636
632
614
452
828
626
410
822
608
618
612
594
440
828
642
356
908
636
412
904
640
492
548
854
760
472
582
924
666
432
900
388
892
708
654
646
660
304
926
648
656
658
662
314
922
640
652
646
650
384
910
654
298
784
644
342
906
614
630
632
632
396
880
392
874
608
606
608
358
866
322
410
658
644
584
586
570
568
578
574
404
788
584
596
600
610
608
338
862
338
884
352
878
608
504
272
922
400
846
394
832
606
614
594
618
642
654
400
944
1398
722
430
990
708
732
756
748
778
332
526
548
390
474
556
748
472
978
712
724
1378
384
422
924
610
614
620
612
618
614
412
860
634
656
632
660
658
362
942
650
512
842
392
926
646
652
636
646
660
634
420
406
912
638
630
616
638
630
648
646
660
668
668
388
938
392
926
666
450
338
916
670
420
900
382
894
340
902
446
826
390
870
608
608
584
598
612
598
380
820
596
606
602
610
612
340
854
620
396
822
594
614
624
606
600
600
600
600
356
810
588
564
350
810
564
558
380
704
566
582
582
588
576
600
608
336
844
600
516
694
390
796
598
580
580
596
578
580
586
414
824
412
798
612
606
602
404
624
736
596
606
610
1186
588
502
492
714
426
790
608
622
620
636
662
466
888
396
938
360
972
360
972
342
966
708
692
686
394
958
464
920
676
428
932
660
646
654
668
480
814
646
676
690
682
690
444
840
678
690
698
432
956
676
336
368
900
692
674
368
946
424
916
654
670
354
960
678
692
686
672
662
670
656
330
944
650
506
826
658
340
918
632
362
882
622
342
880
596
332
866
608
354
862
614
352
888
618
352
854
626
332
874
612
624
630
628
328
918
630
658
628
642
642
612
574
654
602
630
604
280
338
444
796
616
608
410
744
424
796
596
468
476
760
418
458
252
634
574
328
826
568
572
370
800
568
578
582
440
708
378
822
590
476
728
608
604
600
620
626
634
366
772
458
770
634
640
630
636
624
320
906
618
550
678
364
860
588
576
592
582
600
586
614
622
622
632
420
802
668
664
676
330
962
420
966
708
472
918
682
684
692
972
842
388
692
322
684
398
992
378
980
680
694
680
676
660
662
654
664
666
662
654
660
398
912
634
648
624
626
638
624
624
646
616
622
352
876
260
962
590
558
568
574
414
344
824
380
730
560
542
534
558
554
562
574
568
564
570
580
594
582
584
604
606
350
860
618
450
816
636
656
634
656
662
656
670
662
676
408
916
368
930
668
658
650
428
824
442
794
586
342
810
432
724
348
796
540
540
554
330
286
280
498
550
530
546
514
534
540
1070
442
644
372
762
540
548
554
376
754
566
210
354
552
570
324
774
424
726
570
364
648
684
452
664
554
534
544
544
530
536
554
538
538
538
532
984
612
544
390
718
390
744
562
384
738
568
564
554
566
562
566
366
820
470
374
850
366
846
596
596
594
594
330
882
322
800
710
620
1268
616
636
366
930
344
920
660
660
666
670
302
972
360
970
344
960
640
416
918
374
920
416
854
434
326
908
606
614
632
602
392
568
812
476
936
428
976
396
442
982
710
490
906
692
688
424
1006
718
740
760
774
816
796
1248
332
1080
494
1012
814
446
1046
802
372
1034
742
764
492
1010
742
754
386
1046
736
514
524
836
836
810
348
1122
802
804
346
1086
336
378
950
770
348
1044
746
376
800
908
736
770
756
342
1068
794
420
1058
784
800
408
1058
374
1036
748
340
1062
726
392
1024
392
994
386
984
332
950
642
520
780
482
788
660
696
330
1024
734
340
860
882
380
1044
756
782
392
1038
744
496
1004
374
1022
720
734
716
412
1004
388
990
330
978
484
896
662
658
642
654
680
668
700
722
738
732
742
360
1048
752
360
1050
738
342
354
560
956
668
668
678
660
388
910
644
624
628
632
616
710
358
794
636
624
626
634
614
394
854
620
632
612
616
432
826
416
848
600
624
614
402
830
612
612
606
600
316
852
594
592
338
868
606
614
610
620
626
618
636
642
632
654
650
666
664
658
654
468
816
358
860
614
596
340
852
576
576
586
400
666
678
504
660
314
812
570
552
380
260
500
554
334
774
552
556
546
402
648
614
548
548
532
536
540
526
408
682
532
546
550
530
544
564
548
386
732
548
424
694
550
546
552
544
514
204
370
288
250
542
542
548
540
542
954
712
438
680
546
508
626
422
316
830
462
672
484
292
618
374
286
824
380
722
324
794
552
550
544
536
556
566
560
574
598
604
628
642
644
670
410
956
384
968
692
678
360
810
440
912
656
640
612
620
640
692
492
772
634
422
900
658
414
912
460
896
670
458
884
658
388
952
656
698
520
886
392
946
362
844
680
370
948
374
964
682
208
1172
686
690
720
700
742
760
750
738
762
758
380
926
772
368
1046
746
450
980
704
402
386
994
498
934
368
834
706
728
708
730
760
788
318
428
928
410
334
1012
410
1008
398
990
344
976
684
680
666
396
944
672
674
692
702
726
724
390
292
930
372
942
802
728
358
1012
750
530
1034
796
802
806
774
436
1082
768
354
1080
800
800
798
790
816
812
384
1040
768
358
1040
734
754
456
1028
356
888
746
400
1024
740
762
782
318
1088
824
816
354
1104
858
494
1080
784
820
810
812
836
822
766
380
1042
814
786
800
802
818
512
1396
1084
478
1050
766
350
1074
742
760
338
1048
768
364
1070
762
362
1060
798
784
790
318
1086
812
376
1088
806
828
824
796
814
790
840
820
852
472
1128
798
802
330
1014
400
986
736
736
708
698
494
886
704
744
418
912
384
1066
488
1048
756
770
768
346
1078
810
812
814
848
834
840
1376
1106
446
1094
786
780
800
798
802
334
1050
794
778
760
360
1052
760
438
1022
756
752
738
756
374
996
744
710
718
706
726
694
724
746
766
416
1024
768
516
1370
1034
738
732
