962
1032
1052
1044
1048
1076
1058
1068
1036
1038
1050
1010
1028
1030
1010
1014
1026
1004
1008
1002
984
996
996
1000
990
966
996
954
980
984
992
976
980
1002
984
990
1044
1040
1034
1032
1046
1028
1046
1030
1012
1030
1038
1026
1000
1034
1040
1018
1026
1030
1042
1060
1052
1060
1014
1026
1050
1038
1024
1050
1008
1002
1010
1004
1012
1000
984
1002
992
998
1018
966
1018
1154
1068
1042
1014
1012
972
984
988
964
966
934
968
904
962
968
966
974
980
978
970
996
1032
1006
990
1014
1006
1004
996
1016
996
996
1006
1000
1016
1006
1010
1014
1442
1222
1124
1048
1054
1042
1046
1050
1054
1034
1024
1014
1012
1000
1012
1012
992
982
996
558
426
944
976
976
960
1754
1070
974
966
930
938
956
944
970
984
1370
1234
1092
1052
1012
1020
1016
1036
1012
1028
1028
1010
508
1280
1144
978
1014
1028
978
1004
992
998
1514
1014
1230
1066
1046
1050
1060
1044
1042
1048
1032
1080
1084
1068
1052
1094
1088
1086
1088
1058
1058
1060
1052
1034
1034
1040
1016
1012
944
1018
1054
996
1014
1014
1022
1030
1014
1014
1000
1030
1010
1012
1018
1012
1002
1004
1024
1004
1016
1008
1024
994
982
954
958
856
948
972
952
1158
1054
1032
932
892
888
904
956
1062
1144
1020
938
936
1030
1142
1244
1082
1006
990
1020
996
1052
1048
1048
1050
1060
1050
1040
1054
1084
1062
1070
1090
1026
1050
1018
774
664
1408
1014
1020
980
976
968
978
964
946
922
908
680
1078
940
916
936
994
976
964
980
950
964
964
966
946
982
1008
988
1004
1006
1012
1010
986
988
878
1108
992
1004
1030
1018
1006
1000
1010
1018
1022
1018
1022
1014
1014
1014
1026
1008
1004
1052
1022
1036
1024
544
306
1106
998
988
1026
1016
1004
1006
986
986
994
988
986
990
986
1266
1206
1158
952
980
984
974
982
984
988
980
1020
1004
1044
1066
1416
1174
1140
1022
1058
1022
1034
1038
1022
1048
1060
1068
1054
1072
1072
1106
1076
1080
1078
1086
1080
1074
1092
1070
1068
1086
1036
762
992
1276
1022
1028
1044
1040
1026
1010
1028
1086
1160
1092
1096
922
1036
1014
974
940
958
900
936
944
922
1002
934
878
844
682
1114
884
886
806
792
762
762
778
766
714
966
850
834
864
852
856
828
814
806
804
810
902
768
1026
890
880
940
916
848
858
860
844
858
624
958
824
856
824
764
772
806
852
836
838
582
928
862
790
854
802
636
874
768
784
802
784
780
748
742
738
738
734
760
754
738
748
736
718
726
724
720
724
722
720
720
704
708
710
716
714
732
724
730
616
772
736
732
760
746
736
718
714
708
694
704
706
696
734
734
762
746
748
600
816
814
746
794
778
776
794
660
942
846
832
866
838
880
866
866
866
866
858
656
964
886
870
854
830
860
856
860
926
870
890
860
816
868
840
846
836
850
840
840
828
814
800
808
808
424
1016
870
830
856
834
842
840
844
830
830
834
824
860
836
850
810
792
820
804
812
800
774
764
772
786
762
796
788
770
782
776
784
766
772
786
772
538
792
740
730
702
740
730
732
726
736
678
768
742
736
774
758
752
750
800
788
828
810
790
788
790
794
798
796
792
796
792
646
872
804
806
840
820
820
808
824
802
834
840
850
942
928
976
612
898
814
694
814
864
812
784
868
822
736
806
778
776
636
870
812
768
812
786
540
996
810
818
842
782
784
788
782
778
800
796
786
806
810
830
806
864
830
800
832
818
830
814
796
810
600
920
930
822
722
824
788
866
666
938
826
802
818
800
818
856
834
836
814
786
792
814
782
644
852
774
858
828
822
768
770
802
772
768
768
754
756
600
898
800
798
812
752
776
762
770
824
696
826
806
780
774
794
798
790
580
872
794
770
814
790
804
802
804
800
784
790
790
794
848
848
846
854
822
804
828
822
800
818
758
806
798
770
768
768
766
628
828
730
736
756
726
716
702
702
714
714
718
580
782
724
740
728
706
704
700
692
702
696
544
760
740
730
730
722
728
720
718
722
728
748
726
732
722
708
704
708
708
696
746
752
638
834
762
772
802
782
792
778
814
814
812
822
842
654
912
844
874
664
802
768
904
834
838
856
832
778
824
804
818
798
794
816
804
814
782
778
796
792
784
822
816
812
838
862
844
852
860
856
916
956
1020
1032
1016
970
1016
1074
1010
1008
916
904
1004
1042
1046
1010
924
920
924
928
1080
1072
1024
1002
900
892
882
896
864
854
868
852
820
820
798
876
852
830
1078
534
828
820
808
950
850
866
848
798
810
654
882
854
836
860
846
828
822
828
830
828
1518
1046
888
880
894
908
886
948
956
1200
1186
1032
910
1664
1072
1000
984
1024
1124
1084
1072
1052
1054
1006
992
1040
1092
1044
1016
938
924
900
896
914
906
904
908
902
880
896
888
890
902
900
908
930
1096
1318
1104
984
1010
966
980
998
1308
1332
1152
1756
1262
880
1612
1342
1102
1170
1232
1760
1428
1214
1034
1018
1030
1022
1028
1000
1012
1556
1252
1044
942
966
984
924
934
786
966
946
834
944
926
904
910
912
898
912
926
924
932
950
944
1002
958
966
978
1238
1130
1018
910
878
874
890
860
928
910
962
938
942
948
946
944
948
952
958
966
956
948
952
956
938
1004
962
946
966
958
976
1024
1402
1134
1052
966
776
1024
944
910
950
932
916
902
902
902
882
880
864
1380
1132
952
856
878
864
876
862
920
922
924
932
938
1472
1276
896
1088
932
956
958
948
956
966
1366
1214
928
1136
864
994
928
932
938
918
908
912
908
890
946
870
966
962
946
958
932
932
914
778
938
890
888
804
940
894
872
898
878
850
840
860
1074
1058
1002
924
882
866
864
856
854
852
860
850
872
866
876
776
884
904
894
894
902
910
906
934
928
926
774
944
942
930
926
930
928
938
938
936
942
944
954
950
974
976
1398
1096
1126
982
962
948
938
934
922
930
934
910
952
1288
1150
1084
918
916
930
906
896
900
880
886
886
878
862
846
840
836
838
440
1160
858
832
930
1042
1116
1042
852
900
896
896
968
1292
1076
1052
942
950
924
980
1418
1184
1078
1006
1004
1016
1002
1456
1188
1086
1002
1018
1004
1004
876
978
950
1424
1218
914
1188
1012
1004
994
986
946
886
856
878
864
854
852
848
834
826
828
812
808
800
782
780
750
774
768
760
760
762
708
732
740
744
740
714
818
766
770
748
742
738
738
740
736
752
770
748
726
726
738
734
730
758
738
754
738
738
730
726
738
776
752
754
782
762
754
734
742
744
738
732
728
734
722
754
618
812
718
770
764
730
714
734
724
734
720
670
788
698
792
762
750
744
736
728
732
736
732
722
722
706
720
706
706
710
698
688
686
688
682
682
686
688
690
694
696
690
692
680
692
684
690
692
684
616
770
714
696
720
716
714
718
734
722
712
736
726
524
786
770
736
770
738
710
692
706
702
758
812
782
836
816
796
780
786
792
792
756
780
752
748
756
764
762
554
854
732
778
780
746
740
756
750
750
754
744
752
728
732
520
804
750
756
768
790
770
764
764
736
730
742
746
734
586
852
740
722
800
756
760
760
768
780
782
648
728
872
822
790
774
766
772
766
774
776
758
746
528
836
762
762
792
780
776
778
764
810
824
846
848
874
870
696
1084
878
894
910
882
632
928
816
852
744
804
882
876
1034
950
942
904
866
848
870
906
1008
1078
924
876
878
886
892
1090
994
976
878
888
902
984
1194
1008
946
914
1018
1094
1020
1028
1058
1158
1788
1170
966
972
1152
1088
1072
1104
1092
1118
1108
1060
990
974
952
1648
1068
928
944
904
1268
1024
1016
942
944
924
934
1580
1156
1076
1002
940
894
870
866
870
866
850
864
864
998
998
978
954
864
846
868
858
964
896
908
892
864
872
876
872
878
868
886
944
896
1020
978
956
982
948
934
936
940
920
918
914
898
896
896
918
904
888
936
918
920
968
936
950
754
1064
910
912
868
872
486
1352
1042
964
944
862
858
832
826
834
832
862
1078
934
936
884
868
860
836
852
830
806
806
890
880
890
878
878
900
888
858
874
842
846
842
838
992
792
942
992
936
940
882
850
826
808
824
826
1090
990
982
962
876
690
898
858
848
856
830
828
832
820
1110
1038
944
844
860
834
826
828
830
830
464
1408
1206
846
688
1016
884
850
888
838
836
834
810
808
808
798
874
976
930
928
934
866
858
866
868
1048
1006
962
938
868
862
858
844
838
912
1054
954
934
862
874
846
436
1390
1064
966
940
848
854
836
844
848
1034
1080
970
878
872
874
870
884
1090
1060
1002
906
894
874
864
872
872
1030
1178
1016
930
896
910
898
910
1178
1096
1038
938
878
896
898
978
1146
998
916
872
912
894
892
1028
1046
984
910
830
810
814
822
810
798
794
794
774
802
912
902
938
912
830
814
804
794
618
792
808
778
800
878
992
974
898
814
624
892
824
820
846
816
812
796
800
806
798
816
814
838
868
1088
1064
1000
908
862
868
1084
1088
1036
826
874
880
876
1116
1008
1012
954
910
882
848
856
848
854
946
950
950
936
956
952
916
882
762
1118
1062
988
932
940
810
724
736
992
910
884
924
922
1094
1126
976
920
884
884
884
856
838
840
946
1006
936
888
820
802
794
768
792
768
762
776
762
756
742
738
740
572
818
764
782
794
774
728
698
710
710
708
722
720
726
572
800
730
716
750
726
732
466
982
570
812
776
714
734
728
720
724
724
694
682
690
684
692
682
704
722
704
706
724
712
738
750
742
570
860
754
742
786
760
774
768
764
744
746
750
762
768
816
794
786
788
802
804
788
812
812
818
800
858
808
808
854
828
854
830
856
796
816
830
872
858
808
840
822
840
842
820
796
844
804
814
814
810
826
852
818
836
832
804
810
872
866
636
940
860
826
870
970
952
932
914
834
738
1060
1002
1006
966
858
844
894
1014
1068
986
1010
880
856
852
848
854
844
846
846
846
856
876
872
1026
1096
1080
1024
886
928
902
908
870
858
844
846
848
852
1028
1148
1074
1026
952
950
934
926
1142
1162
1108
1038
976
1136
1286
1064
1118
968
954
976
964
972
1334
1162
1066
980
938
912
926
930
914
926
1190
1176
872
1680
1118
984
924
928
924
1032
1326
1264
1126
1066
1280
1220
1196
1090
1060
1290
456
1440
1084
992
1024
1012
982
984
988
996
996
1050
1114
1076
1074
998
972
956
944
1416
1244
988
928
924
936
932
926
932
932
930
936
938
930
930
936
918
944
958
954
964
980
1274
1044
1168
1032
928
920
918
940
912
974
1000
1346
1224
1084
1014
996
984
972
960
942
938
930
918
928
920
930
914
946
952
962
962
954
954
1154
1054
1032
952
934
930
922
1030
1206
1150
1034
946
920
922
914
928
978
1066
1128
1056
1014
960
938
940
966
1116
1172
1086
1028
936
916
902
882
882
892
876
1146
1102
1168
766
1142
822
948
970
894
924
924
922
912
940
940
942
948
938
1218
1218
1030
830
1028
958
942
942
924
926
946
1144
1176
1082
938
902
910
890
856
862
870
878
874
882
926
520
1194
884
856
892
880
846
864
858
872
864
872
1160
1174
1034
930
928
934
938
956
1302
1028
1160
1038
974
984
992
1280
834
1322
1048
974
948
944
946
938
1240
1126
976
1068
970
938
936
936
928
914
926
910
1078
1182
864
996
928
892
880
878
876
882
882
890
882
1388
1224
838
1056
1110
1206
1038
958
946
910
914
926
920
1178
1080
1060
1078
956
920
940
908
922
920
924
924
932
934
942
942
1256
1186
1112
902
774
1006
972
926
890
908
904
892
884
894
874
884
1182
1084
1026
906
894
872
862
860
860
858
862
854
822
826
834
834
834
860
862
862
866
874
912
896
890
910
908
908
912
914
916
918
916
920
914
918
912
912
884
902
896
898
902
906
886
900
892
880
890
892
896
884
886
890
864
866
868
874
798
1174
1046
1028
968
1018
1004
950
914
914
892
884
898
900
924
916
902
908
900
914
906
924
910
874
856
836
812
826
820
822
810
822
826
848
862
878
876
874
904
876
880
928
908
914
924
896
910
904
898
912
904
892
884
860
894
906
918
946
932
926
932
574
1266
754
910
1024
944
934
922
920
940
922
910
948
734
1076
988
936
948
994
1038
1002
944
892
932
1008
992
984
938
892
962
1040
1018
1002
508
1324
1148
982
932
902
896
914
892
890
878
854
878
878
916
890
924
914
878
892
1036
1022
944
894
848
868
956
986
944
942
864
928
1028
960
970
970
948
980
1064
1028
1026
922
906
996
1044
1104
1030
996
1034
1250
1122
1012
970
990
1006
1094
1128
1056
978
972
966
926
938
936
922
934
910
908
894
892
882
876
886
864
868
852
870
866
870
882
874
870
752
1118
616
844
946
880
896
908
896
896
1068
1052
1062
1014
926
928
918
940
1108
1188
1076
1002
938
940
926
906
928
920
1236
1128
1062
892
924
908
910
904
898
904
902
912
1042
1076
1042
1042
964
1020
1104
1106
1044
932
988
1018
1064
1052
998
948
928
896
1008
1100
1034
1008
890
882
872
896
978
1090
1048
1040
948
964
948
956
964
956
1128
1222
1446
508
1050
968
914
974
942
956
960
962
960
924
960
948
974
972
946
932
930
934
938
932
942
940
934
946
940
950
968
972
984
986
1712
1080
966
954
994
1232
1112
1058
918
910
894
912
918
900
946
1216
1156
908
1056
966
918
922
908
904
910
910
910
880
902
1124
970
1104
1040
920
942
936
942
928
1274
1220
850
1144
1010
960
974
984
1354
1192
834
1150
1058
1018
1024
1186
1278
698
1410
1058
982
990
1004
980
1262
1148
1100
1018
1026
1004
1014
1014
1292
1482
1044
972
918
950
940
930
942
926
928
912
902
908
880
896
904
1564
1126
950
924
934
928
1000
1300
1110
1080
984
1002
992
1008
1258
1146
1260
1614
972
950
944
962
954
964
960
942
932
932
942
934
914
930
938
918
1170
1134
834
1080
1012
994
944
952
954
944
940
950
948
934
1698
1022
918
910
912
928
920
928
932
914
920
934
1200
1216
876
1036
952
904
918
932
928
920
928
912
922
1578
1046
934
940
920
920
934
928
940
928
1366
850
1316
978
938
936
912
918
938
914
964
972
970
1710
1096
968
950
954
968
970
968
988
988
984
988
970
960
952
1300
1164
1106
964
960
942
950
930
920
908
906
878
882
876
872
868
788
910
852
886
902
894
924
902
910
904
900
902
768
722
1102
906
914
874
876
868
876
874
870
882
280
1320
964
904
926
876
860
856
858
842
820
838
804
818
812
686
1028
854
852
816
1112
1230
834
774
818
774
794
778
778
774
746
804
854
836
826
846
842
850
862
870
872
870
874
856
884
868
706
956
828
838
862
590
920
814
800
802
806
806
796
798
786
862
814
832
826
808
816
780
816
672
862
818
796
820
888
856
868
830
864
698
920
844
816
862
840
868
868
916
870
828
846
848
832
992
1046
948
748
962
880
856
896
852
836
864
948
1016
990
862
936
914
902
882
882
886
936
1160
1128
1064
976
916
904
898
900
902
808
1322
1124
1026
928
922
910
902
570
1294
1094
1098
1032
822
988
918
866
884
892
878
856
878
870
872
866
908
920
962
1048
1176
1062
1108
984
928
938
932
926
1156
1186
1022
888
906
908
900
912
918
908
918
600
1506
1172
1032
930
920
926
916
926
908
900
888
894
908
908
900
920
914
1004
1126
1030
1798
1064
924
946
912
900
930
674
1088
908
914
910
898
900
658
992
1188
1032
998
902
904
912
904
894
896
896
658
1364
1098
990
938
924
928
906
920
914
904
1220
1004
1044
962
930
934
920
920
918
934
910
954
986
1276
1202
1052
972
950
974
952
1320
1204
1064
994
958
964
942
946
938
942
1150
1156
1034
932
902
890
904
898
910
612
1168
912
894
934
888
886
732
898
900
1038
1122
1114
880
1036
986
952
956
948
952
944
940
936
936
950
1164
1160
1070
770
1112
978
912
918
924
916
920
958
918
970
984
1010
1206
1150
1096
998
1000
986
974
946
958
954
952
964
956
964
964
962
1036
1116
1032
1046
952
938
920
926
928
928
920
936
932
936
940
934
940
942
632
1380
1278
1052
996
970
950
976
956
966
964
966
962
1124
1294
1062
976
956
932
938
946
934
936
930
940
944
964
1276
1160
1054
950
946
928
950
948
934
982
982
962
980
1242
1150
1044
926
918
916
898
914
920
918
922
900
912
916
902
916
906
910
916
918
904
930
920
898
960
868
1220
1178
1032
934
918
922
920
916
912
742
1010
882
928
934
964
1268
1152
1050
964
944
928
926
912
922
592
1210
964
950
1002
948
960
970
1244
916
1136
1064
954
934
906
920
910
622
1100
958
894
920
922
880
810
904
880
544
1196
892
898
892
874
878
894
884
876
898
900
906
900
930
944
1214
888
1164
1106
930
958
930
898
910
910
916
926
480
1314
950
948
944
944
942
1116
1288
1078
968
974
968
954
954
936
948
934
938
622
1158
926
898
1112
1150
1014
928
934
914
910
900
906
884
894
892
898
894
694
1018
896
890
936
912
882
886
900
902
886
914
894
908
924
904
922
914
922
922
910
924
908
910
918
918
918
902
890
774
978
898
880
928
996
1236
1084
980
924
922
912
888
648
1114
872
882
934
898
900
898
1174
1164
1022
936
928
930
928
932
598
1144
908
886
930
904
886
898
906
906
974
974
1186
1120
1072
978
970
966
952
936
924
934
926
926
928
924
922
922
626
1148
950
914
910
910
926
1090
1160
1548
1432
698
1226
918
904
876
888
890
886
892
720
1140
1188
1014
1156
1068
970
1748
1068
964
930
952
948
958
948
492
1248
1544
1092
958
946
932
916
918
908
908
734
982
894
880
924
894
894
756
950
890
892
914
1244
1166
1050
952
948
954
940
932
934
948
1196
1184
1030
990
958
946
946
934
938
1254
1160
1036
952
944
944
940
932
918
906
894
866
876
886
880
870
650
1110
948
902
932
930
922
930
922
958
1442
1014
932
668
1122
892
922
958
932
934
934
928
628
1402
1112
1076
1020
934
922
948
916
914
604
1164
888
886
900
900
1116
1034
1014
966
936
912
918
908
886
598
1114
924
882
918
894
878
896
902
902
906
938
1254
1166
1058
980
946
940
920
918
926
922
920
920
512
1264
920
890
940
920
900
912
790
978
926
922
950
938
942
942
1188
1186
1026
958
878
886
874
872
858
852
860
888
816
1298
966
904
910
896
876
870
852
876
874
874
870
870
874
864
864
866
890
896
938
1164
1122
1050
906
914
922
908
914
918
918
918
920
682
1086
922
896
934
894
894
598
262
1402
992
958
1000
956
928
916
892
912
702
1054
896
896
874
622
1062
886
926
910
910
922
1128
1106
1024
938
920
914
924
906
690
1060
878
928
910
888
908
1126
1160
1014
918
930
922
906
918
896
906
902
914
1166
1200
1026
1662
1030
920
894
882
888
890
898
906
940
918
1118
1152
1036
922
908
918
900
880
882
786
922
866
894
890
926
982
1132
1068
1044
942
934
918
930
940
628
1172
934
908
962
918
914
924
920
1110
1094
1032
882
1010
1314
1104
1112
720
1108
924
832
964
1028
984
994
884
666
1056
888
888
942
902
908
960
944
1350
700
1252
964
904
1028
1054
990
996
900
890
886
888
884
890
886
884
1138
1154
1010
938
922
918
906
918
922
914
1182
1172
1098
896
934
944
934
930
1118
1250
1066
966
912
918
888
884
884
842
836
576
986
820
920
938
906
836
834
816
798
808
810
804
808
886
852
846
868
866
860
828
834
804
816
824
826
836
816
852
840
824
938
868
876
880
860
870
852
848
842
846
842
606
1006
822
824
858
826
814
836
830
834
840
838
822
824
840
824
794
820
814
800
796
804
796
802
808
814
814
810
816
822
804
798
796
800
832
854
830
846
834
802
788
790
806
790
778
770
746
742
728
728
734
726
748
752
746
758
758
732
742
754
728
748
738
732
734
728
730
752
752
754
742
752
756
730
742
752
738
802
778
776
788
782
782
782
786
790
786
782
762
752
754
754
758
752
740
792
818
798
806
446
1220
850
852
908
876
882
908
1344
1118
1022
918
926
1002
978
964
984
924
900
1016
1058
1104
974
906
918
878
850
876
880
870
872
872
918
1070
1208
1080
1054
1010
976
1190
1246
1090
1024
988
1214
1076
1216
1144
1074
1202
1148
1234
848
1158
1508
1232
1074
1046
1222
1190
1150
1078
1066
1028
1046
1094
1086
1074
1038
978
952
972
918
914
938
914
922
926
920
648
1116
928
930
1288
1176
1122
966
986
1028
1214
1210
1140
1058
1138
1240
1154
1166
1056
1050
1062
1050
1208
1120
1128
1050
1032
1026
1032
1026
984
1002
1054
1432
1168
1146
1000
944
