634
642
642
670
678
640
672
664
652
664
658
656
664
630
674
672
664
646
650
648
622
656
640
644
640
640
644
640
644
656
658
646
660
662
660
674
676
670
682
650
668
656
672
654
652
654
658
658
666
670
658
660
664
676
666
650
662
660
666
674
668
644
666
670
658
662
656
656
658
654
646
634
640
642
634
634
624
634
632
584
634
616
622
618
624
616
622
614
612
612
614
618
626
608
624
620
630
622
638
624
626
634
634
638
624
628
636
626
634
632
626
634
640
640
638
624
642
646
642
644
644
644
646
656
652
648
648
662
660
646
650
650
648
652
650
648
634
656
656
636
642
650
654
652
634
660
632
646
640
652
650
628
642
640
640
568
714
698
600
650
630
634
634
632
602
624
632
624
626
624
622
634
628
618
638
618
632
644
620
620
634
630
646
654
614
638
652
636
648
624
636
640
640
626
644
648
642
648
654
636
650
660
650
648
666
676
658
668
678
656
662
676
654
668
658
666
654
656
662
668
622
644
650
642
632
638
638
632
606
636
650
622
630
616
640
630
626
638
610
624
630
630
626
636
632
628
616
624
636
624
606
630
638
624
644
628
634
646
652
650
650
622
668
692
688
678
682
694
566
804
698
702
690
694
692
692
698
682
676
672
666
678
694
702
714
700
704
710
706
710
716
724
728
710
712
714
714
680
694
702
696
686
662
684
690
672
640
658
656
668
652
656
656
634
654
662
638
646
652
638
624
648
644
704
608
606
634
642
644
612
634
640
636
622
628
610
620
630
628
616
612
626
600
624
628
638
626
622
448
706
698
652
634
636
626
624
634
628
622
640
636
640
642
650
640
634
648
650
634
654
628
646
652
630
644
646
636
674
644
646
688
674
666
666
650
652
662
662
524
760
650
622
654
656
638
638
656
650
648
646
652
652
676
670
672
688
674
668
670
674
672
652
672
660
666
668
658
660
658
662
646
656
646
664
692
726
694
736
810
792
798
768
762
736
718
734
754
694
738
746
730
690
780
810
780
774
824
634
732
730
702
690
700
694
688
680
682
672
688
680
666
682
664
688
686
682
692
682
670
692
690
676
686
676
678
702
712
674
710
706
710
722
696
774
838
824
816
804
792
794
798
796
784
790
782
774
772
786
778
802
782
770
738
734
750
732
740
720
740
784
740
742
748
728
732
722
722
728
684
706
712
692
712
696
688
704
674
676
716
724
698
730
704
546
656
920
722
698
850
608
662
726
748
710
694
706
700
704
714
716
670
712
732
702
720
700
716
730
694
708
800
732
704
712
710
698
718
692
688
700
682
682
748
720
700
688
688
714
712
690
674
712
688
716
692
698
776
704
730
710
682
700
694
706
690
678
686
690
676
678
680
684
686
672
674
692
678
696
686
688
680
694
690
688
690
690
676
672
686
692
686
700
720
708
708
710
718
732
738
694
776
778
728
714
688
716
686
680
684
680
664
672
652
660
666
654
666
660
676
660
640
664
676
658
654
668
674
676
650
662
616
676
686
662
670
672
678
670
676
662
694
670
702
650
696
702
672
678
686
696
664
642
728
662
688
664
680
694
692
692
700
704
704
716
682
678
710
716
708
702
704
722
702
710
734
720
696
690
668
680
696
702
680
706
734
708
718
736
724
722
750
720
728
726
732
702
600
834
912
838
816
796
782
750
722
732
702
722
678
690
680
688
690
680
696
668
692
666
678
686
676
666
670
678
694
664
656
688
658
622
680
676
652
654
660
644
644
656
648
642
658
682
648
678
676
666
692
676
674
696
684
690
700
702
668
684
690
710
680
712
712
690
722
718
708
720
702
720
716
690
744
706
720
712
710
728
716
698
728
680
718
708
716
714
706
702
706
668
704
704
668
694
680
690
710
682
704
720
670
704
708
710
694
718
706
678
702
722
690
692
678
704
710
696
716
688
668
670
688
618
666
670
672
662
664
688
676
684
674
710
706
706
678
724
694
702
748
680
720
724
678
712
712
662
700
706
674
694
682
708
702
674
678
692
666
674
670
640
698
686
664
680
690
660
684
686
662
670
682
686
670
708
694
694
716
716
710
732
704
722
736
704
746
796
728
760
746
696
712
708
728
734
734
714
736
700
718
744
726
700
706
712
684
706
712
698
710
688
712
710
700
680
700
698
690
670
662
668
658
682
666
692
688
668
688
690
694
698
640
696
682
700
704
702
688
672
674
686
692
690
678
692
690
662
530
832
688
700
722
690
664
678
688
662
668
682
680
686
666
694
682
682
696
680
706
696
682
712
680
702
702
690
714
686
700
704
686
710
696
694
720
692
706
682
704
686
694
710
682
604
774
742
724
716
704
672
694
700
668
686
686
668
666
658
652
646
680
674
662
668
700
684
674
654
658
696
674
690
684
654
672
684
686
688
650
666
670
688
682
686
692
666
694
674
662
688
676
706
692
686
710
670
696
680
670
672
710
718
686
716
726
702
734
730
718
730
736
716
738
712
718
760
712
732
724
704
736
720
702
730
730
708
742
748
696
738
748
740
732
732
700
726
694
682
692
692
664
658
674
664
686
692
696
688
700
664
678
682
692
688
712
574
824
728
724
706
710
714
718
748
726
734
720
696
720
688
690
684
704
700
698
702
678
668
700
758
710
732
758
708
752
754
704
730
710
684
734
702
718
770
712
754
736
702
734
730
758
704
744
794
722
740
732
724
724
734
710
700
738
692
700
736
696
710
726
726
712
732
688
716
694
688
718
726
690
714
702
698
710
686
680
704
676
672
690
692
676
698
676
644
682
632
668
658
658
670
638
656
656
656
642
660
666
646
642
638
672
648
670
678
648
684
680
644
690
670
670
684
636
684
680
648
686
678
680
696
694
658
722
706
694
734
716
716
716
678
726
688
720
676
724
700
664
688
726
704
716
702
686
716
708
678
730
710
732
706
714
724
718
696
748
776
718
726
726
720
726
686
730
764
728
676
704
716
700
694
728
668
714
730
698
700
694
686
700
678
712
686
716
698
684
746
710
724
686
728
690
696
712
688
590
676
760
704
696
676
706
674
680
694
658
686
670
686
654
674
658
692
666
698
688
690
720
698
714
646
730
696
680
690
694
666
670
686
690
708
706
672
718
698
698
690
706
726
676
706
698
710
710
700
682
694
708
672
698
696
716
658
708
706
710
692
704
704
684
700
704
700
710
692
708
700
686
672
682
700
670
682
698
650
680
714
700
672
696
704
672
694
704
680
706
704
682
708
720
686
706
714
690
716
714
694
722
720
692
704
700
770
686
618
654
712
700
686
672
668
676
694
674
684
708
676
686
700
704
682
654
700
696
696
678
698
684
676
702
662
690
696
680
702
700
698
688
680
538
848
720
722
714
672
716
746
714
720
722
696
726
688
704
718
706
700
718
708
712
694
694
724
732
706
728
742
730
700
722
732
726
718
684
722
716
718
690
720
720
692
716
728
706
730
728
730
730
680
700
696
716
704
716
684
722
678
720
730
700
692
704
668
736
688
688
706
686
638
668
670
680
680
676
662
650
660
672
670
666
688
682
676
672
678
664
702
690
686
696
682
696
662
666
694
654
700
676
676
656
704
684
668
690
690
688
696
706
684
728
734
698
714
722
712
704
712
718
678
708
722
684
700
708
692
702
700
694
690
728
660
704
714
710
702
698
710
710
704
702
714
710
692
678
700
716
710
688
708
712
692
690
702
702
668
708
718
716
690
722
732
718
714
716
708
696
704
696
684
724
676
678
736
708
704
698
696
686
692
676
662
690
678
676
698
676
658
684
690
688
676
684
686
662
664
514
772
754
678
686
684
676
668
688
576
708
668
680
686
674
674
678
510
804
686
684
706
592
738
690
680
676
684
678
660
682
678
664
684
678
674
674
684
676
676
672
668
682
680
686
668
672
684
648
720
674
676
692
694
684
686
672
668
680
682
682
696
678
684
696
666
692
698
684
684
698
704
688
710
702
696
712
698
716
708
708
626
720
700
708
682
694
696
682
680
662
678
684
664
686
684
672
690
688
676
696
686
690
634
704
704
686
674
696
692
670
686
684
682
666
676
678
666
654
688
710
690
692
708
694
702
718
608
764
714
714
686
708
702
702
686
686
702
692
688
686
654
688
674
670
674
664
666
672
666
662
658
648
656
654
652
650
630
658
658
656
658
644
650
656
650
660
650
652
656
638
658
650
644
662
636
652
652
650
654
638
652
658
648
646
652
656
656
640
662
650
656
650
638
644
652
648
630
634
636
652
652
642
614
650
646
620
640
628
616
704
646
668
654
660
662
674
672
680
686
674
668
690
662
684
668
694
668
670
654
660
672
648
654
670
680
658
674
688
664
666
674
670
678
670
666
676
666
700
724
706
688
674
728
706
720
704
706
718
702
722
694
700
710
700
708
678
706
716
676
702
700
704
712
706
706
710
716
696
716
674
682
698
686
688
678
710
686
710
674
692
684
692
668
718
668
696
692
664
682
680
692
672
698
694
688
696
658
666
696
704
690
702
654
678
704
682
682
678
698
698
678
682
674
692
652
692
424
306
648
690
692
656
688
692
692
688
678
674
684
682
690
686
652
680
670
680
698
668
674
684
690
654
690
700
686
702
688
678
686
666
678
676
656
656
664
652
658
660
632
644
682
682
692
688
712
700
688
708
734
744
736
742
694
740
746
732
710
710
730
730
736
714
750
630
690
690
662
704
702
672
684
676
702
674
686
686
684
698
662
684
690
688
452
880
686
684
684
676
640
676
654
536
740
668
660
698
670
664
662
652
654
662
656
646
654
660
652
664
668
498
764
660
650
686
660
622
656
654
626
662
658
652
648
630
640
664
650
662
666
652
650
658
656
654
650
652
646
660
666
642
660
660
664
666
672
676
666
644
666
674
662
654
650
650
640
666
652
648
670
672
674
676
664
390
358
610
664
684
662
658
680
658
672
684
668
670
688
710
690
660
704
698
682
698
714
660
722
746
708
684
610
554
482
484
450
1084
874
784
888
636
698
690
668
694
682
674
682
678
676
680
680
658
670
670
680
692
692
704
704
702
702
698
684
628
754
682
700
698
696
710
688
710
702
700
706
804
632
690
690
658
692
696
694
704
700
712
698
702
692
688
686
696
702
694
690
682
688
672
674
674
682
672
678
680
652
682
672
654
672
674
658
654
686
662
646
678
656
646
664
638
648
664
638
650
644
632
632
650
624
630
640
626
638
642
630
640
640
620
640
632
628
642
628
630
616
634
626
622
622
612
618
620
622
620
614
602
624
594
618
608
612
616
620
612
616
618
628
626
628
630
622
630
620
640
640
618
638
636
652
632
644
642
646
650
656
640
652
646
652
670
662
660
678
674
670
680
668
658
684
680
672
682
678
674
690
684
678
694
672
704
690
676
692
676
664
670
546
766
660
660
688
656
654
664
654
648
666
640
664
684
668
682
694
672
684
688
670
682
682
654
664
680
672
664
676
678
672
686
658
674
678
648
678
658
652
666
674
656
666
660
672
650
664
654
644
668
658
666
650
644
658
660
650
662
650
656
666
648
648
644
652
652
646
656
668
670
684
668
648
694
676
682
678
660
728
740
694
668
700
670
668
656
666
686
656
666
676
696
716
650
700
710
698
700
684
684
698
696
674
696
720
686
708
704
694
692
680
696
704
700
684
700
706
692
690
700
678
700
714
714
696
706
708
690
708
702
686
712
710
688
704
702
698
696
692
674
706
700
656
702
716
700
672
674
698
702
682
670
672
698
692
666
664
560
772
666
672
704
652
678
684
652
684
686
682
686
642
662
510
440
440
736
864
786
772
870
580
802
516
714
688
678
702
682
666
666
694
662
684
666
682
662
660
668
666
678
656
686
648
674
678
672
650
650
672
684
674
642
718
734
686
696
686
700
664
708
710
694
706
700
694
726
702
710
680
716
696
728
756
718
702
706
726
694
698
702
692
674
704
712
686
704
704
724
722
722
724
702
708
720
684
732
714
684
718
724
694
712
714
706
706
716
678
714
720
684
708
702
684
690
686
678
678
676
684
684
666
690
700
676
672
698
690
670
668
698
666
662
684
678
670
676
686
682
674
672
678
648
666
666
668
670
674
676
674
672
682
654
678
676
672
678
692
672
694
680
666
664
686
664
676
674
676
666
684
682
680
712
686
682
728
742
720
704
714
680
722
718
690
710
704
694
692
716
702
688
710
698
674
688
682
688
692
688
670
700
688
664
670
680
688
694
696
660
694
710
672
692
690
688
680
668
688
658
688
674
664
682
636
674
666
664
660
680
678
692
670
670
664
654
664
660
676
656
676
670
666
660
670
670
668
664
668
660
662
660
658
670
672
666
656
676
676
658
666
660
674
662
670
670
658
670
674
672
680
656
676
674
674
656
684
676
660
666
666
670
660
674
668
660
674
640
656
676
674
672
680
664
686
670
696
690
698
696
692
690
678
702
692
670
690
664
690
694
702
690
702
700
688
676
700
706
688
690
708
704
704
684
698
700
694
694
690
694
686
686
690
690
692
686
682
682
688
690
672
680
690
666
678
678
686
674
694
694
684
688
684
684
670
652
672
676
678
670
652
676
652
660
656
662
668
672
648
662
672
654
676
668
656
684
642
680
654
658
658
658
662
664
650
656
668
644
634
638
648
654
642
634
650
648
636
646
640
642
644
648
640
640
650
654
642
656
646
646
648
660
634
646
644
654
644
642
640
648
628
642
634
640
618
646
646
596
682
636
644
634
646
648
642
642
656
652
648
644
646
644
642
630
658
636
650
630
668
644
666
652
678
678
658
682
660
688
684
678
664
698
686
672
688
680
644
690
680
690
686
694
688
692
698
678
692
712
694
690
696
698
684
676
700
692
688
670
698
718
714
704
674
704
698
694
702
710
692
708
696
700
670
684
694
686
696
682
678
664
684
680
684
674
674
672
676
678
676
672
648
664
658
668
664
662
642
656
668
654
648
648
650
656
640
650
656
636
664
660
652
656
542
760
672
686
686
662
670
666
656
654
664
658
644
660
646
656
648
648
644
636
642
644
640
652
634
648
648
654
644
638
656
616
646
660
654
648
662
668
666
660
662
660
666
594
696
650
656
640
650
642
646
652
640
640
640
644
654
638
654
658
662
652
674
660
656
666
670
656
638
664
646
664
654
650
650
658
650
652
654
662
656
668
646
668
668
652
656
654
650
664
668
668
662
664
676
654
670
670
590
744
682
674
532
818
694
678
688
680
682
678
680
678
672
676
672
666
690
698
676
686
680
682
668
692
668
686
694
694
686
670
682
678
658
684
676
664
658
676
666
672
660
678
688
678
684
676
678
680
564
754
678
678
666
676
674
656
672
668
654
656
668
686
670
664
668
670
674
680
668
670
674
676
530
798
686
666
660
664
656
672
652
664
660
668
674
648
664
654
666
648
660
640
652
662
658
666
672
654
676
648
680
672
660
682
668
658
678
668
666
668
652
674
678
668
648
668
670
644
664
676
658
668
668
652
668
684
672
662
680
680
674
668
674
668
676
668
678
676
676
682
682
662
690
680
674
660
680
690
680
660
676
684
690
674
676
694
698
678
692
670
688
688
660
662
674
684
678
672
672
676
578
736
648
672
694
670
640
664
672
672
676
666
650
666
668
660
504
744
750
720
680
664
658
650
640
650
666
670
642
668
664
688
678
674
678
678
684
668
682
676
666
684
672
658
682
674
666
650
668
668
648
666
664
642
668
514
730
672
678
658
662
658
654
654
674
666
660
666
670
670
648
670
526
722
776
706
702
658
658
640
648
656
652
648
638
640
650
648
646
644
654
650
646
650
654
658
658
660
616
664
672
664
654
652
662
662
654
574
716
652
660
654
654
654
650
652
650
652
646
640
648
660
652
666
650
668
658
668
674
668
662
678
680
690
678
662
656
672
674
672
654
670
650
658
654
654
664
658
664
640
636
660
658
664
654
666
660
664
666
532
774
674
646
656
648
632
650
646
644
662
642
640
640
644
636
634
622
638
638
648
640
630
584
700
644
638
666
642
626
638
622
622
628
600
618
632
608
630
618
622
610
632
622
636
634
634
634
642
638
642
634
636
638
632
642
650
642
652
616
648
654
656
634
634
716
618
650
670
640
674
680
652
666
672
684
678
670
676
688
688
670
666
672
684
684
694
708
666
688
680
690
660
686
694
690
690
692
688
684
682
702
680
680
686
682
702
686
672
660
664
682
680
688
700
684
592
746
766
748
730
688
694
698
698
720
710
702
720
696
704
690
688
712
704
678
686
696
688
680
684
682
682
684
680
676
688
694
664
690
696
682
654
660
522
838
696
686
656
680
674
654
690
670
664
668
654
660
672
662
650
656
648
642
654
634
650
634
640
634
640
642
626
642
642
650
644
638
630
402
668
758
670
686
652
644
658
652
660
658
650
638
662
638
666
656
672
668
666
662
662
670
678
676
664
672
678
676
660
674
686
696
690
670
670
690
680
674
662
662
662
654
666
660
638
662
664
658
654
666
668
666
676
658
672
676
670
678
660
684
682
678
684
678
686
682
672
698
688
692
690
696
694
662
698
696
696
690
710
696
704
692
678
510
654
630
1212
728
914
860
680
876
644
694
686
698
716
688
690
682
692
694
694
686
694
704
688
698
720
702
702
704
720
708
710
702
702
698
694
674
696
694
676
682
684
678
676
668
730
644
670
686
682
666
684
684
672
666
684
680
666
668
684
682
664
684
678
664
672
660
678
634
658
664
634
650
660
658
658
664
660
656
662
664
648
666
640
650
664
658
658
660
664
642
648
658
560
720
642
640
644
640
632
630
634
636
642
650
638
648
660
656
658
650
662
662
654
670
670
670
680
666
678
680
674
670
670
668
680
676
660
676
658
670
674
660
676
684
670
676
654
692
684
680
666
678
686
668
682
678
674
692
652
690
692
694
660
678
688
678
658
678
676
688
670
688
664
686
698
672
690
706
686
678
698
678
668
682
686
674
686
692
656
696
698
692
688
668
698
686
674
698
684
678
694
694
694
710
688
702
706
694
710
700
698
700
682
706
700
686
708
702
676
686
710
694
682
696
718
694
700
680
696
714
740
740
696
710
678
692
682
682
678
692
678
670
658
664
676
650
668
674
658
646
664
666
662
660
668
674
666
664
672
664
662
682
660
662
664
672
660
650
644
662
556
714
658
638
656
656
644
652
644
640
662
640
642
640
654
648
650
648
640
654
662
654
658
656
644
664
656
640
658
652
658
656
646
662
658
658
660
652
664
678
664
676
676
676
676
680
684
668
700
684
666
678
686
678
666
670
674
674
660
666
666
656
672
664
650
678
664
674
674
612
730
686
666
686
672
674
688
664
670
692
676
680
686
678
676
676
660
668
684
664
662
654
650
656
664
642
660
660
650
660
668
652
662
636
662
682
662
664
664
666
664
654
658
662
646
656
636
656
650
626
656
626
664
670
678
642
662
668
590
716
658
652
664
648
652
658
646
666
668
644
664
682
672
682
682
672
676
672
668
684
678
678
688
680
690
694
680
682
696
692
702
710
696
710
650
724
624
600
754
804
724
814
552
650
628
620
684
674
670
610
740
654
690
664
666
678
666
688
664
662
668
644
666
680
670
660
672
664
678
674
656
654
678
658
650
652
662
656
658
652
648
666
642
666
646
650
674
664
664
650
668
668
658
664
656
654
662
660
650
654
672
640
670
646
646
664
648
660
650
648
670
668
662
660
682
674
678
682
672
682
680
684
672
674
682
678
668
676
660
670
652
686
672
660
674
678
682
688
670
682
696
684
686
658
700
688
688
674
688
686
666
684
680
684
666
680
678
676
658
674
672
678
684
688
680
696
676
682
678
684
682
644
686
664
686
680
642
694
674
674
672
674
666
646
676
648
664
656
672
664
662
662
658
670
666
660
656
672
672
662
658
668
682
666
664
662
668
662
668
664
628
654
662
660
674
640
652
660
652
644
646
648
630
644
652
660
652
660
656
660
654
650
660
662
638
650
648
660
636
654
652
652
646
660
656
656
648
670
660
662
658
652
666
648
658
646
650
666
654
674
652
682
676
684
682
686
690
674
694
682
684
680
672
654
690
682
674
654
682
658
674
664
664
680
678
682
658
682
686
684
618
722
690
694
702
672
690
686
656
678
672
686
682
672
682
686
678
678
660
688
676
694
678
674
688
696
678
696
678
690
672
674
674
666
668
672
662
662
654
648
646
648
626
636
674
678
672
670
682
688
680
680
682
682
666
694
686
682
672
686
656
676
682
670
664
668
680
666
678
688
682
680
700
694
682
656
710
686
684
680
626
712
638
678
644
666
652
640
638
636
658
658
648
648
632
658
662
664
646
650
662
662
648
664
666
662
666
660
652
668
676
652
654
642
668
642
658
644
636
654
652
642
644
644
656
660
646
654
654
666
660
666
650
654
670
650
656
662
658
644
472
334
512
660
392
306
630
652
654
648
646
644
642
640
644
632
634
640
630
630
632
636
632
626
644
632
632
618
626
632
624
618
618
444
784
612
610
634
602
594
596
594
592
596
598
598
598
596
600
602
602
602
600
594
602
604
598
604
604
602
604
600
600
596
592
596
600
592
590
584
594
592
594
590
600
590
592
536
612
598
592
598
602
594
606
602
614
602
608
602
604
606
602
600
600
596
676
580
538
580
596
582
590
594
592
594
588
592
596
600
596
604
602
604
602
604
606
612
556
666
606
614
616
620
620
616
610
622
604
632
624
622
642
626
636
652
648
630
648
642
654
656
658
636
650
648
640
648
654
644
650
650
648
654
638
638
650
646
650
650
648
650
654
646
636
664
672
668
642
698
668
674
670
672
672
678
678
668
662
668
670
656
656
662
650
650
670
642
622
640
642
634
642
636
638
630
642
642
644
632
656
650
642
632
640
646
650
638
642
638
638
638
638
636
640
640
638
626
644
640
624
634
644
642
638
636
634
634
636
642
640
632
636
642
644
646
640
638
664
662
636
652
650
654
666
652
652
668
672
650
674
676
660
686
618
536
786
796
764
746
736
716
696
698
702
698
716
718
712
686
706
714
680
690
688
704
716
696
694
716
698
678
686
680
692
690
668
680
692
678
668
662
660
684
666
668
652
664
668
658
642
658
656
662
640
638
642
640
654
634
632
638
638
650
636
642
646
646
636
616
662
642
640
642
642
634
630
636
636
656
638
624
640
646
654
646
648
658
648
656
662
644
678
676
660
670
680
678
664
678
672
658
662
662
654
668
678
656
648
662
676
680
668
688
696
702
686
680
682
692
692
682
702
680
700
690
708
698
690
700
616
752
780
754
714
790
622
684
638
672
676
678
672
670
656
674
654
682
522
792
664
656
698
660
660
656
664
660
622
656
650
644
646
634
622
654
636
636
624
642
640
626
630
630
640
640
638
636
640
636
640
650
634
642
638
642
638
646
636
634
636
640
636
638
636
632
636
646
640
636
642
636
646
642
628
634
606
634
638
638
642
632
638
652
656
634
646
646
640
648
642
638
638
642
642
640
626
642
630
642
634
636
636
648
644
646
650
648
666
668
662
672
664
686
680
678
680
690
696
696
680
696
694
664
682
688
686
680
686
694
668
694
674
684
656
678
668
666
676
674
650
680
666
674
656
664
656
662
664
654
654
654
656
666
634
660
650
664
644
666
650
654
658
650
650
656
648
644
658
662
644
644
648
654
650
656
648
638
652
656
644
646
648
646
662
648
636
654
662
646
656
640
650
660
642
654
644
630
646
634
642
642
648
648
658
644
646
626
658
648
652
650
638
654
658
658
648
656
664
658
650
650
650
650
662
652
666
666
666
680
684
690
698
696
690
674
702
698
686
686
702
688
682
682
688
694
690
690
684
694
688
676
670
656
670
680
654
650
670
648
656
640
640
648
640
642
640
638
632
644
620
634
634
634
624
628
638
636
626
628
632
634
630
632
628
624
636
626
640
632
624
628
626
632
632
630
620
624
654
634
650
636
632
562
700
676
638
664
662
678
650
668
678
646
678
658
650
662
658
672
654
656
658
664
662
654
672
648
670
658
668
666
654
660
664
656
660
674
658
672
678
660
666
670
660
680
692
694
680
688
692
676
670
726
756
762
804
756
744
740
714
720
712
722
706
700
708
712
686
694
700
586
472
448
614
562
554
554
992
682
708
694
666
700
672
698
716
704
706
712
712
722
706
698
672
688
700
696
688
704
710
698
656
702
684
702
694
694
698
684
694
704
702
672
694
708
556
794
800
726
728
706
730
714
718
714
726
708
688
714
720
690
696
686
690
708
702
696
700
678
702
682
704
702
704
722
724
688
706
698
710
728
672
728
746
726
712
718
702
704
712
708
718
704
704
712
696
706
702
714
702
722
684
708
704
682
718
714
698
728
700
654
700
692
680
658
666
680
670
672
662
668
672
676
696
660
680
686
674
696
690
662
680
694
664
686
690
668
682
684
660
656
694
658
666
670
660
682
682
654
684
692
668
682
680
668
688
676
666
660
660
662
648
646
652
646
646
640
646
632
650
644
642
638
624
650
644
626
642
644
644
632
652
650
652
636
678
674
660
660
652
662
664
662
648
640
652
668
670
644
666
676
664
674
658
652
664
668
614
710
656
676
672
664
670
666
666
672
676
652
678
676
650
682
654
678
658
686
664
674
678
668
678
678
672
678
686
676
684
696
680
692
682
668
682
674
656
676
674
668
658
680
670
658
670
680
658
676
672
662
674
662
674
672
664
662
690
686
670
678
664
682
662
678
660
674
666
676
674
648
670
676
658
674
672
658
682
668
682
674
666
674
674
676
670
680
686
680
692
684
688
680
682
686
680
674
690
666
694
688
662
692
686
694
676
680
686
690
684
680
688
676
684
688
662
684
662
670
680
650
682
676
662
670
672
678
668
668
676
688
660
664
682
654
682
672
660
654
654
666
646
674
656
670
664
656
666
676
646
630
658
668
654
648
652
578
722
638
640
674
636
638
630
632
628
626
608
632
622
640
632
640
638
638
636
640
646
648
638
650
648
644
656
646
650
650
652
642
666
658
654
674
670
664
686
680
654
686
694
668
692
706
680
684
686
680
692
676
676
678
662
682
674
658
674
678
670
674
632
708
680
684
702
680
690
692
684
682
660
670
682
668
674
660
676
