1540
1450
1686
1612
1066
1042
1058
1072
1060
1032
838
1142
1076
1052
1094
1090
1038
1040
1514
472
986
1038
990
1044
1042
1044
612
1392
1070
1054
1114
1074
1072
1088
522
1508
1110
606
1512
568
1534
1166
1100
1138
1094
1100
1106
548
1528
1144
1138
1190
1106
1146
1094
1096
1100
1100
1096
1122
1096
1100
970
494
1580
1136
1094
1144
1088
1114
1062
486
1462
1078
1072
1138
1102
1092
1070
1076
1090
1084
1072
1068
1070
1042
1032
1052
1044
1040
1034
1038
1032
1048
1052
556
1424
1074
1072
1116
1076
1094
1074
502
1458
1096
1078
1122
1114
1080
1052
1068
1078
1058
1076
1042
1054
1064
1032
918
1128
1084
1084
1112
1102
1052
1052
512
1420
1080
1078
1138
1070
1094
1112
1068
1116
1124
1124
1138
1124
1128
1122
1110
1118
1114
1126
1120
1114
1114
1124
1102
1122
1094
1110
1116
1110
1100
1108
1102
1092
1106
1100
1094
1102
1100
1100
1102
1118
1108
1092
1122
1110
1112
1122
1110
1100
1106
1118
1128
1124
1122
1118
1108
1122
1092
1084
1100
1084
1106
1108
1114
1098
1108
1118
1126
1112
1126
1102
1098
1124
1124
1114
1118
1110
1112
1110
1122
1120
1114
1116
1108
1098
1106
1082
1078
1096
1092
1082
1096
1070
1088
1088
1078
1072
1074
1070
1072
1078
1080
1082
606
1472
1092
1086
1158
632
1386
1066
1074
1144
634
1392
1088
1062
1114
600
1396
1080
1070
1122
1084
610
1416
1096
1074
1156
1096
1062
1070
1044
1032
1038
504
1382
1046
1048
1084
942
1038
1036
1006
1032
1010
586
1350
1008
730
1288
998
1000
1046
674
1108
1046
1042
784
1276
1030
1020
1098
1058
1018
1016
1020
1022
1022
1024
1020
1024
1016
1020
1014
1000
510
1312
1002
972
952
842
612
1264
966
960
996
948
498
1154
1062
994
1054
688
1268
994
984
1038
700
1238
986
994
1050
998
1016
1016
1000
1036
1036
712
1348
742
1316
566
1428
1088
1000
1042
548
1370
1014
1008
1068
644
1236
874
974
1026
774
1246
1006
1004
1064
638
1286
1012
1000
1014
682
1134
1014
992
1050
726
1222
988
984
1044
706
1260
1008
1006
1068
684
1278
1024
1036
1084
676
1308
1034
1034
1094
606
1362
1052
1038
1108
1092
1052
1056
462
1470
1082
1068
1124
1098
1066
572
1392
1062
1102
1062
1006
1010
1010
1004
1008
492
1382
1016
1018
1090
1048
1006
1026
490
1402
1046
1022
1078
1058
1026
1034
1036
1562
1154
1084
666
1316
1040
1034
1076
612
1338
1028
1030
1092
632
1340
1062
1080
1140
548
1460
1092
1070
1126
1102
1050
1058
1056
1058
1062
1072
1062
1064
1066
1058
1056
1056
1048
1052
1054
1058
1072
1060
488
1454
1070
1068
1106
1074
1046
1024
492
1420
1048
1042
1098
1078
1054
1064
1062
492
1468
1044
1048
1098
1062
1024
624
1246
1012
1014
1090
1066
1036
1050
1044
1044
1052
1054
1052
498
1428
1042
1036
1088
1066
1012
1014
624
1298
1026
1014
1080
1064
1036
1032
1048
1036
1040
1054
1056
484
1470
1070
1054
1124
1112
1074
1066
798
1116
1038
1022
1030
1020
1008
1006
1016
1024
1024
1026
1032
1038
1040
1066
592
1464
1074
1050
1100
1086
1064
1030
502
1436
1066
1052
1116
1086
1038
1030
464
1430
1038
1040
1086
1074
1038
1026
502
1422
1052
1044
1076
1050
1022
1004
486
1328
996
998
1056
1042
1006
1010
500
1356
1034
1020
1066
1044
1002
1006
1014
1008
1016
1032
1040
1050
1036
1014
1082
1092
1088
1088
1104
1102
1100
1112
1106
1112
1116
1112
1096
1100
1096
1098
1086
1066
672
1366
1024
1008
1080
1038
1006
1006
998
996
1006
1016
1012
530
1174
1082
980
1082
1054
1042
1048
1050
1044
1058
1058
1054
1038
1062
1056
1058
1070
1058
896
1186
1112
1092
1154
1130
1102
1104
1104
1074
1064
1044
1046
1022
1026
1022
484
1382
1036
1032
1114
1080
1016
1030
546
1402
1002
980
890
832
934
1010
1002
998
998
1006
1018
1040
1050
1062
1050
604
1430
1066
1068
1106
1082
1032
1026
502
1370
1038
1020
1074
1048
1034
1026
510
1368
1038
1010
1070
1046
1018
1002
484
348
998
984
1054
1018
956
832
946
1020
1008
1012
1022
1016
1010
1006
998
620
1330
998
994
1050
684
1042
1058
1026
1068
676
1266
1002
1018
1080
640
1320
1028
1020
1082
620
1320
1018
1000
1072
612
1314
1006
992
832
1180
1008
1020
1082
1008
1056
1046
1056
1052
540
1354
1102
1026
1086
582
1350
618
1392
1088
586
1334
1036
1026
1072
614
1324
1036
1026
1064
628
1296
1014
1006
1072
628
1306
1010
1030
1092
644
1342
1044
1104
1096
556
1380
1060
1050
1108
1076
1044
1056
1046
1044
1026
1068
1074
1074
1092
1094
1106
1098
1096
1118
1096
1106
1118
1068
1056
1058
1042
1042
1046
1060
1070
1046
1076
1076
1070
1110
1122
1138
1126
1124
1128
1146
1136
1138
1156
1160
1166
1160
1152
1158
1150
1154
1152
1138
1140
1132
1136
1128
1128
1108
1100
1092
1078
1082
1066
1050
1058
1072
1058
1068
1100
1088
1088
1108
1110
1120
1118
1128
1140
1134
1164
1150
1158
1162
1160
1168
1174
1180
1156
1156
1152
1154
1150
1150
1164
1158
1162
1156
1134
1112
1102
1094
1088
1070
1086
652
1422
1076
1084
918
1142
1086
1084
1132
1088
1094
1102
860
1206
1154
1152
1146
1150
1160
1166
1166
1176
1174
1196
1190
1196
1176
1158
1144
1126
1118
1120
1112
1110
1106
1116
1114
1104
1142
1134
1148
1160
1162
1170
1164
1178
1170
1172
1162
1164
1160
1156
1138
1116
1108
1150
1134
1082
1080
1084
1090
1096
1094
1076
1092
1070
1118
1138
1144
1140
734
1490
1170
1176
1232
1224
1186
1186
1186
1146
1164
1160
1156
1152
1150
1126
1116
1110
1102
1106
1108
1118
1110
1098
1122
1116
1126
1112
1124
1122
1132
1124
1108
1130
1120
1104
1162
1172
1156
1172
1164
1154
1148
1144
1128
1100
1114
1100
728
1422
1118
1122
1194
1170
1154
1154
1170
1154
1158
1162
616
1488
1176
1154
1212
1178
1158
1146
1152
1152
1156
1154
1146
1156
1154
1150
1130
1136
1112
1082
1096
1084
1064
510
1480
1100
1094
1166
1134
1110
1110
506
1562
1156
1154
1210
1184
1148
1148
1158
1158
1164
1170
1172
1166
1138
1152
1140
1176
1174
1172
1150
1136
1182
1146
1108
602
1440
1144
1130
1202
1170
1146
1158
1144
1150
1158
1160
1156
1150
1154
1158
1166
1134
1152
1156
1138
1144
1150
1162
862
1240
1152
1142
1158
1144
1146
1154
1146
1162
1158
1176
1184
1166
1172
1176
1180
1178
1166
1162
1152
1030
1148
1130
1116
1130
1118
1134
612
1594
1174
1166
1230
1204
1160
1170
1172
1168
1162
1182
1172
1170
1174
1146
1160
1140
1150
1140
1140
1136
1136
1152
1152
1126
1160
1168
1158
1182
1176
1182
1168
1176
1184
1178
1180
1156
1152
1126
1124
1136
1124
1140
1134
1164
1172
1180
1180
1188
1188
1188
1198
1180
1182
1160
1170
1168
1152
1158
1158
1164
1144
1138
616
1552
1150
1136
1206
1174
1148
1142
1154
1154
1162
1168
1170
1174
1176
1156
1184
1172
1182
1180
1180
1174
1172
1178
1152
1128
1128
1130
1138
1150
1116
1112
1180
1184
1188
1188
1186
1178
1172
1176
1174
1156
1166
1156
1150
1158
1164
1176
1144
1140
1138
1134
1124
1124
1128
1128
1128
1150
1148
1156
1154
1166
1178
1178
1188
1186
1186
1170
1184
1188
1176
1156
1166
1162
1160
1150
1160
1154
1144
1138
1144
1142
1144
1146
618
1602
1204
1192
1248
1222
1192
1152
1162
1178
1168
1184
1186
1182
1176
1176
1182
1178
1162
1156
1162
1158
1154
1152
1142
1138
1108
1136
1126
1126
1128
1138
1114
1136
1112
1168
1158
1162
1162
1022
1262
1194
1184
1196
1190
1182
1174
1166
1164
1144
1146
1130
1132
1132
1156
1162
1176
1170
1190
1202
1194
1192
1196
1192
1182
1180
1194
1174
1174
1160
1170
1144
1140
1148
1152
1158
616
1622
1190
1194
1240
1230
1196
1144
1158
1164
1168
1158
1158
1162
1158
1166
1140
1184
1164
1184
1200
1186
1178
1174
1162
1182
1136
1134
1142
1138
1166
1142
1122
1190
1192
1204
1202
1206
1208
1200
1194
1180
1186
1188
950
1396
1162
1174
1212
1208
1156
1160
1144
580
1492
1144
1122
604
1542
1160
1150
1204
1152
1138
1184
1184
1194
1204
1198
1198
1202
1194
1192
1182
1198
1190
1186
1172
1174
1168
1150
620
1574
1180
1166
1232
1214
1168
1176
1172
1186
1182
1198
1182
1202
1170
1192
1188
1180
1182
1178
1170
1186
1136
1104
518
1546
1150
1138
1202
1188
1166
1162
1182
1180
1194
1180
1172
1188
1184
1186
1194
1184
1186
1192
1190
1192
1178
1176
546
1580
1160
1158
1204
1182
1154
1156
1158
1166
1176
1156
1170
1146
1188
1202
1192
1190
1190
1208
1202
1200
1192
1188
1186
1190
1174
1178
1174
1178
1184
1182
1180
1150
1152
1142
1136
1118
1120
1130
1132
1146
1160
1166
1160
1166
1192
1184
1188
1176
1110
1216
1222
1198
1200
1182
1176
1176
1170
1154
606
1572
1170
1154
1212
1200
1168
1166
1182
1200
1188
1190
1200
1170
1208
1200
1198
1206
1204
1196
1194
1188
638
1570
1188
1158
1194
1176
1118
1134
1152
1148
512
1612
1230
1208
1254
1232
1190
1198
1184
1188
1170
1164
1168
1186
1178
1174
1170
1152
1158
1136
1186
1162
1144
1150
628
1582
1158
1172
1230
1202
1172
1170
1178
1178
1196
1204
1206
1204
1186
1196
1166
1186
1184
1178
1178
1192
1162
1154
506
1604
1200
1190
1242
1218
1188
1188
1182
1196
1176
1190
1192
1202
1192
1164
1202
1208
1188
1198
1174
1186
1154
1156
512
1586
1162
1162
1222
1196
1158
1168
502
1626
1208
1188
1240
1188
1170
1170
1162
1134
1132
1132
1138
1158
1170
1146
550
1644
1230
1214
1272
1234
1196
1194
1192
1182
1170
1166
1182
1162
1172
1168
510
1606
1182
1188
1200
1168
1132
1134
1128
1128
1136
1140
1120
1146
1136
1184
1186
1196
1194
1206
614
1662
1220
1198
1256
1212
1178
1164
1180
1170
1174
1148
1144
1134
1144
1154
510
1594
1186
1182
1238
1208
1168
1162
1174
1172
1196
1174
1180
1186
1162
1190
1146
1142
1156
1156
1146
1154
1148
1152
1160
1138
716
1506
1188
1178
1246
1216
1166
1176
1160
1172
1170
1184
502
1594
1172
1164
1220
1180
1136
1156
514
1616
1206
1212
1262
1232
782
1310
580
388
1284
1206
1200
1254
1220
1176
1192
510
1636
1216
1176
1228
1196
1140
1144
508
1566
1172
1170
1248
1202
1166
1186
520
1642
1204
1202
1250
1230
1172
1188
504
1616
1190
1194
1246
1206
1168
1176
514
1652
1204
1190
1220
1190
1132
1148
1130
1134
1136
1156
1138
1168
1180
1190
716
1536
1208
1196
1248
1230
1192
1190
1170
678
1490
1190
1174
1224
1194
1146
932
1158
1168
1134
1146
1158
622
1622
1190
1180
1228
1174
1188
1204
546
1662
1222
1196
1252
1198
1152
1140
510
1616
1180
1160
1226
1224
1198
1198
1198
808
1330
1216
1216
1258
1226
1178
1194
1184
890
1246
1186
604
1608
1176
1154
1198
1182
1154
1160
1150
1166
1166
1188
1180
1140
1166
1182
542
1642
1206
1190
1242
1210
1168
1178
510
1618
1180
1192
1208
626
1470
1132
1130
1192
1124
1176
1162
1154
1150
1202
796
1528
1212
1214
1266
1240
1210
1170
1194
1196
1206
1184
1184
1178
1164
1162
514
1586
1176
1180
1222
1204
1178
1178
1162
1192
1194
1202
1196
1200
1170
1192
1204
1182
1182
1180
1172
1196
1154
1146
502
1546
1158
1140
1182
1180
1154
1160
1156
1164
1180
1176
1172
1150
1174
1168
1196
1188
1206
1186
1196
1194
1202
1208
1192
1202
1204
1150
1148
1148
1142
1154
496
1636
1230
1200
1260
1238
1202
1188
510
1644
1206
1192
1250
1218
1162
1168
1186
1188
1186
1176
1172
1156
1166
1154
1136
1132
1142
1130
1154
1150
1126
1142
1144
1194
1196
692
1626
1228
1222
1286
1252
1222
1172
1206
676
1518
1188
1186
1252
1226
1176
1174
1166
1146
1144
1140
1144
1098
1128
1120
1100
1172
1156
1182
1194
608
1648
1188
1178
1212
1196
1164
1160
520
1604
1208
1186
1236
1202
1186
1184
1192
1186
1192
1196
1186
1190
1196
1188
1178
1162
1158
1146
1136
1130
1136
1140
1134
1136
1140
1184
1190
1188
1206
1194
1188
1186
1198
1188
610
1634
1208
1204
1242
1222
1194
1160
1100
1154
1132
1138
1120
990
1126
1132
1118
1134
1142
1146
1162
1176
1188
1190
1194
1200
1212
1204
1190
1188
1204
1192
1180
1200
1196
1206
1204
1196
1204
1194
680
1516
1186
1154
1198
1166
1138
1138
1136
1140
538
1602
1198
1212
1258
1220
1178
1210
1188
1184
1172
1180
1170
1172
1158
1176
500
1632
1206
1188
1240
1210
1160
1172
512
1600
1170
1164
1196
1154
1112
1124
1124
1126
1108
1100
1162
1170
678
1594
1144
1190
1264
1190
1212
1232
1188
1190
502
1652
1212
1184
1218
1184
1144
1156
518
1586
1196
1176
1238
1218
1186
1186
498
1636
1238
1222
1270
1236
1200
1200
1162
1180
1180
1180
1164
1162
1164
1180
1080
1152
1148
1138
1138
1128
1158
1122
1156
1174
1180
1176
1186
1202
1200
1206
562
358
1316
1232
1214
1264
1236
1192
1184
504
1630
1182
1156
1200
1160
1136
1142
506
1594
1208
1194
1254
1226
1204
1194
1192
1190
1196
1180
708
1482
1194
1170
1234
1206
1172
1148
1144
1138
1152
1156
1168
1104
1130
1116
1186
1196
1198
1194
1200
1200
1208
1198
1208
950
1452
1182
1182
1234
1214
1144
1136
508
1576
1172
1164
1238
1222
1166
1174
1188
1164
1188
1186
1188
1196
1184
1174
540
1632
1202
1184
1244
1210
1146
1142
1098
1140
1108
1136
1112
632
1590
1186
1192
1240
1222
1178
1186
506
1646
1214
1200
1256
1222
1194
1150
514
1604
1184
1172
1214
1182
1132
1150
502
1600
1188
1176
1240
1190
1178
1172
506
1634
1196
1182
1236
1212
1166
1172
514
1598
1168
1148
1228
1188
1158
1160
596
1572
1182
1196
1244
1224
1198
1178
504
360
1318
1210
1202
1246
1214
1166
1168
508
1622
1176
1162
1204
1172
1122
1132
1128
1144
1136
1162
1140
1174
1174
1186
742
1512
1182
1180
1240
1212
1176
1206
1186
1190
1178
1186
1180
512
1626
1192
1180
1216
1200
1142
1132
1064
1132
1086
1106
1150
1162
658
1640
1188
1180
1216
1192
754
1528
1198
1186
1232
1228
1202
1202
1074
1126
1126
1160
1142
1146
1146
1142
1138
1152
1166
1170
1184
1150
1164
1168
1156
1200
1196
1182
1192
1184
1174
1170
1156
594
1604
1158
1132
1210
1180
1148
1154
1166
1174
1170
1182
1150
1188
1166
1174
1176
1166
1170
1162
1176
1172
1166
1166
1138
1148
1172
1170
1168
1148
1166
1150
510
1578
1176
1166
1248
1224
1182
1178
506
1662
1220
1204
1258
1226
1172
1164
502
1630
1174
1160
1226
1202
1158
1150
1090
1144
1130
1142
1132
1144
1146
1150
504
1640
1212
1186
1266
1238
1202
1172
774
1330
1232
1210
1264
1234
1190
1176
1168
1170
1160
1158
1150
1158
1138
1134
1092
1126
1140
1116
1100
1178
1180
1186
1194
1186
1174
1176
1204
1196
1202
1186
1194
1220
1208
1194
1188
1176
1180
1168
1084
1150
1114
1164
1158
1170
1138
1138
614
1596
1176
1166
1230
1206
1164
1164
1090
1168
1134
1210
1212
1212
1198
1212
1196
1200
1190
1206
650
1608
1192
1160
610
1574
602
1602
1206
1108
1198
1140
512
1608
1190
1182
1260
1216
1190
1150
506
1656
1190
1190
1246
1226
1178
1174
496
1632
1176
1146
1204
1174
1130
1136
1098
1110
1126
1110
1172
1176
1172
1176
618
1634
1198
1198
1266
1218
1162
1162
496
1602
1154
1138
1208
1180
1160
1150
1164
1176
1178
1174
1196
1190
1146
1182
1122
1180
1178
1144
1196
1200
1184
1186
1190
1200
1174
1156
1158
1134
1120
1118
1074
1110
1120
1074
1110
1158
1130
1170
606
1644
1204
1202
1262
1228
1164
1160
494
1606
1162
1146
1212
1198
1168
1156
506
1634
1202
1198
1246
1216
1138
1152
494
1594
1182
1164
1216
1198
1192
1160
506
1644
1202
1178
1228
1196
1158
1158
1082
1160
1112
1110
1098
1148
1152
1158
612
1614
1130
1158
880
1464
1188
1162
1242
1206
1194
1158
508
1628
1208
1198
1236
1212
1146
1140
1148
1142
620
1480
1180
1162
1234
1204
1176
1178
1186
1194
1186
1196
1086
1160
1132
1194
1170
1148
1154
1160
610
1604
1154
1150
1184
1168
1138
1138
1116
1132
1146
1136
1168
1162
664
1504
1176
1174
1220
1192
966
1192
746
1514
1172
1148
1130
544
1584
1178
1156
1230
1216
1190
1156
1172
1158
1166
1162
1200
1192
1188
1190
1188
1190
1168
1158
1166
1150
1154
1148
604
1592
1162
1142
1190
1164
1128
1110
1098
1132
1088
1092
1154
612
1602
1190
1180
1226
1210
1178
1180
1168
1164
1158
1172
1168
1168
1144
1170
1150
1166
1156
1156
1144
1132
1142
1152
506
1584
1188
1184
1240
1204
1164
1172
1172
1168
1186
1166
790
1432
1168
1170
1224
1196
1164
1162
1168
1158
1154
1142
1132
1126
1122
1130
506
1562
770
1508
1254
1178
1174
1164
1176
1168
1178
1158
1158
1164
1144
1178
1162
1174
1170
1148
1174
1166
1156
1148
1192
1128
1128
1128
1138
1150
1166
1142
1162
1186
1174
1170
880
1484
1198
1196
1244
1226
1192
1166
1168
1160
1162
1140
1128
1128
1150
1156
1150
1140
1156
1168
1176
1174
1184
1180
1176
1182
1196
1182
1192
1192
1198
1192
1214
1190
1190
1208
908
1408
1166
1150
1200
1176
1126
1136
502
1574
1178
1176
1230
1192
1166
1182
1182
1180
1182
1172
1164
1180
1154
1170
1154
1156
1168
1166
1166
1154
1170
1166
554
1622
1212
1196
1242
1218
1190
1176
1172
1168
1178
1188
1174
1160
1154
1148
1080
1100
1122
1104
1094
644
1428
1118
1118
1170
694
1448
1136
1116
1170
710
1436
1138
1130
1192
622
1496
1164
1182
1236
1204
1186
1206
1202
1202
1182
1192
1208
1190
1186
1208
1142
1150
1152
1152
1146
1156
1150
1172
532
1624
1216
1204
1256
1234
1186
1168
1164
1156
1164
1162
1166
1162
1158
1166
1096
1140
1160
1102
1152
1138
692
1484
1102
1098
1172
1128
1160
1142
1166
1158
1136
1174
1152
1160
1158
1164
1162
1138
1100
1134
1122
1122
1140
1116
1138
1106
608
1650
1210
1192
1254
1230
1184
1186
1176
1178
1172
1200
1194
1138
1148
1122
948
1132
1182
1168
1158
1166
776
1484
1152
1136
1178
1142
1134
1118
1114
1120
1118
1132
1126
1128
1136
1120
1078
1092
1108
1148
1148
1168
1172
1188
1174
1192
1176
1182
1188
1182
1176
1170
1184
1162
1158
1124
1128
1120
1130
1142
608
1588
1192
1188
1262
1222
1176
1170
1198
1176
1174
1162
1176
1162
1176
1178
1164
1170
1166
1154
1176
1168
1168
1162
544
1604
1182
1132
1170
620
1470
1142
1080
1196
1126
1146
1186
534
1630
1196
1186
1240
1206
1168
1160
1160
1158
1172
1176
1170
1156
1150
1156
506
1564
1148
1134
1196
1154
1132
1136
492
1578
1194
1192
1246
1218
1202
1212
1198
1196
1222
1204
650
1550
1218
1176
1222
1190
1146
1148
1146
1146
1164
1174
1164
1144
1182
1182
1182
1196
1190
1172
1174
1186
1186
1174
1172
1156
1152
1174
1148
1138
1130
1138
498
1588
1194
1162
1224
1192
1174
1174
1182
1178
1180
1192
1188
1180
1176
1160
1160
1160
1160
1142
1136
1124
1132
1132
1086
1122
1088
1118
1150
1166
1162
1162
1174
1178
1196
1168
1168
1182
1190
1182
1186
986
1382
1186
1182
1244
1222
1190
1202
1206
1216
1208
1204
1270
1126
1208
1206
1180
1200
1216
1182
1222
1218
1222
1214
1216
1212
1198
1192
1216
1216
1196
1196
1220
1164
1222
1226
1218
1200
1148
1190
1202
1190
1060
1130
1202
1200
1192
1180
1178
1174
1162
1176
1168
1162
1154
1172
1164
1140
608
1604
1178
1168
1228
