842
846
792
642
680
676
674
680
668
662
700
680
676
680
678
698
686
684
708
680
664
684
666
664
678
662
670
676
652
698
702
680
704
718
730
734
732
748
746
710
692
714
712
722
720
684
684
688
684
692
682
688
694
672
656
688
668
676
678
684
672
680
676
688
678
686
676
672
670
678
672
680
670
672
676
656
688
692
684
670
692
694
692
694
698
666
678
666
696
682
676
702
688
732
712
708
712
722
730
718
712
720
728
724
748
758
738
762
750
754
740
730
720
760
768
774
766
778
770
770
778
756
764
770
754
746
740
748
746
754
748
770
748
740
760
768
764
784
784
782
766
796
784
784
786
782
750
736
742
744
710
734
752
784
776
774
770
776
768
768
782
786
816
778
804
798
782
774
772
758
808
766
784
800
824
792
806
802
812
822
802
804
806
798
794
816
794
782
770
764
758
760
770
772
774
772
774
760
762
768
758
754
750
772
772
766
766
770
780
762
770
786
774
768
724
754
734
730
722
730
736
722
766
752
746
760
798
776
774
790
794
782
804
784
772
790
766
788
800
800
782
814
774
744
736
702
734
716
752
760
772
796
780
792
792
790
794
788
794
750
770
744
736
764
764
760
762
784
746
726
736
726
734
748
742
756
748
746
744
724
730
724
774
774
820
776
786
788
730
750
716
752
786
788
774
794
808
816
806
816
840
832
844
838
830
774
774
760
760
756
764
776
748
788
770
782
796
790
754
764
770
746
736
720
722
712
714
750
848
828
828
838
814
856
858
846
840
840
840
838
852
834
832
832
822
826
768
814
808
818
922
896
882
868
826
862
844
904
1002
972
952
970
936
890
922
932
922
932
914
924
916
916
912
916
930
914
912
878
894
866
872
862
850
850
866
886
856
864
884
888
892
908
878
898
900
884
846
888
862
924
906
908
906
922
928
930
926
924
908
898
910
902
908
910
902
920
902
912
880
848
864
912
910
910
914
916
894
916
914
880
862
880
874
876
870
888
878
842
844
856
856
924
892
892
918
904
918
930
892
860
850
880
862
852
872
906
892
884
904
910
920
868
898
910
912
914
902
868
834
832
834
866
866
860
852
864
868
852
852
862
864
832
862
842
842
994
728
1178
956
940
820
842
814
802
816
808
868
846
844
856
858
868
854
882
898
886
844
810
868
840
876
868
866
884
860
838
838
822
826
830
846
838
848
846
860
846
892
860
884
872
852
852
860
836
854
842
862
854
864
862
858
858
856
824
824
836
808
816
832
866
860
886
862
876
866
888
900
886
912
958
916
980
960
946
956
954
954
916
932
920
872
892
942
932
956
942
950
952
932
908
872
848
884
874
868
850
874
858
864
850
854
850
856
872
890
896
894
890
920
884
894
808
810
806
816
816
812
806
820
840
822
834
826
794
794
774
778
758
754
844
836
822
842
780
810
818
846
836
880
894
920
902
890
906
898
866
880
888
892
884
880
886
886
880
882
862
888
854
854
826
822
850
864
876
874
872
882
882
902
914
912
862
840
876
842
858
870
870
848
814
862
842
888
900
920
912
910
862
828
864
862
866
870
856
912
902
886
932
904
920
914
922
912
922
932
922
932
894
846
874
868
858
884
864
890
922
916
908
958
938
944
944
956
952
916
928
914
924
918
926
928
956
934
932
918
912
908
900
912
916
930
914
912
916
902
874
910
956
968
938
948
952
946
942
962
952
956
956
940
964
956
888
922
928
918
926
920
934
924
920
962
954
938
962
932
932
948
934
1004
998
982
980
992
968
980
966
942
970
962
968
926
940
938
898
932
904
914
908
900
948
918
910
1004
976
996
1010
980
1010
1006
718
1218
1020
988
1002
946
976
926
946
942
938
958
940
866
870
894
1074
1038
988
1030
1016
988
914
942
950
944
944
964
976
1002
992
996
994
992
1008
1014
1042
1026
1018
1014
936
956
966
934
968
950
1042
998
998
996
960
928
940
972
960
956
984
976
988
998
982
978
1006
984
984
994
944
1006
1018
1042
1012
1034
1016
1026
1024
962
1002
916
950
956
956
1032
1054
1006
1026
1002
998
970
994
990
970
992
1044
1008
982
968
946
956
950
936
940
950
918
916
924
924
908
920
912
918
924
900
916
908
924
930
922
932
906
922
914
922
898
832
830
860
840
912
894
896
914
886
886
882
892
930
916
926
930
950
994
964
968
968
956
940
918
942
912
918
966
946
960
938
922
920
862
900
892
872
892
910
912
922
922
906
934
948
924
954
970
950
956
956
1048
986
1008
952
934
954
950
928
934
918
926
928
972
922
936
932
994
942
966
1006
968
970
932
960
954
916
900
924
920
900
952
944
928
964
954
940
896
904
904
908
904
910
982
958
1002
984
966
972
954
946
964
978
988
984
976
966
988
984
986
994
986
1002
996
988
952
982
972
962
974
972
996
984
990
908
884
842
822
798
818
806
812
926
882
922
922
920
918
904
882
906
898
900
904
910
914
914
920
906
920
914
916
910
900
894
896
870
886
890
876
904
892
958
950
938
942
932
924
902
880
894
896
892
904
890
900
880
874
918
914
884
902
904
898
886
864
882
870
868
878
858
932
874
888
916
926
910
876
902
894
902
882
940
938
926
944
980
956
968
988
968
974
976
958
956
972
950
948
898
906
908
884
888
950
966
954
978
998
986
968
900
904
910
894
874
884
878
882
882
906
948
594
1222
986
936
942
882
856
882
868
876
860
872
884
878
884
878
906
884
908
906
910
910
884
878
896
878
888
902
970
934
868
866
866
858
974
926
912
982
956
948
936
954
942
954
946
992
978
564
1364
964
960
974
940
956
942
950
944
938
936
976
970
1014
1000
1008
988
994
948
952
1016
956
1002
992
1024
1010
1008
996
958
992
978
992
1002
990
1000
1022
994
1016
1024
992
968
986
974
976
972
982
976
982
988
986
990
986
972
964
974
960
952
960
1030
980
920
978
952
960
972
1010
968
1020
1026
1000
1004
1036
998
966
930
956
968
956
952
952
932
926
942
944
944
954
954
948
938
968
962
1004
988
984
928
954
902
942
932
948
938
962
934
958
900
904
838
880
868
850
910
868
872
894
888
884
900
882
876
864
864
860
884
868
908
874
914
890
900
886
900
920
926
920
936
926
930
924
922
924
902
912
942
924
920
944
948
920
878
900
842
882
864
910
936
956
996
988
994
984
992
978
948
938
946
946
952
950
956
952
958
950
956
934
940
914
894
908
906
900
866
888
890
864
878
874
886
864
898
868
880
872
866
852
860
846
882
880
898
910
904
890
916
896
920
896
918
926
888
866
876
880
864
872
872
922
898
930
944
946
952
950
936
932
876
922
918
888
888
902
862
876
868
928
886
938
914
928
938
914
928
922
870
876
870
878
872
854
862
830
844
940
898
926
926
950
922
928
876
910
900
902
916
942
914
954
950
950
960
936
892
892
870
890
882
882
888
870
878
922
906
888
892
882
876
870
870
964
926
906
958
940
932
904
922
916
928
954
948
958
958
952
970
962
946
958
960
932
946
948
926
900
828
838
824
838
896
946
908
932
896
902
846
890
892
930
912
930
920
918
928
920
884
870
868
868
880
894
860
886
886
884
890
894
886
896
892
890
874
898
878
960
954
936
948
942
926
930
918
868
892
892
876
938
914
918
922
924
934
922
918
918
938
928
870
860
884
902
922
916
872
854
886
852
910
910
908
922
882
890
542
1228
938
908
962
884
926
908
906
896
896
908
894
892
894
908
926
944
930
940
880
912
894
910
898
916
882
884
892
878
880
876
894
862
848
868
856
854
864
838
862
858
842
858
860
844
854
860
848
864
858
886
850
876
874
860
870
874
844
858
900
934
880
912
894
896
902
852
856
834
808
810
760
794
794
772
764
764
772
770
784
786
772
770
756
754
768
772
774
778
760
782
804
800
816
806
808
806
800
774
782
780
758
764
758
758
744
732
738
746
740
738
748
742
740
738
738
746
734
734
730
740
724
722
732
718
722
718
730
728
732
730
736
730
718
700
702
708
706
696
704
688
696
684
674
668
666
678
660
652
668
658
652
660
642
646
642
650
654
640
650
646
652
656
654
644
652
656
662
656
646
662
656
648
644
636
638
632
644
646
644
650
642
652
650
646
644
654
650
654
648
652
656
656
656
648
640
650
644
642
640
634
628
632
638
632
622
628
624
620
622
610
614
618
612
616
620
622
620
622
620
624
618
624
626
624
628
632
624
634
626
632
626
622
618
614
620
602
606
600
616
608
600
608
602
608
614
620
598
592
594
606
602
606
610
604
596
592
590
588
572
592
582
580
588
584
586
590
600
588
586
588
586
594
610
608
606
618
610
608
630
636
622
632
654
660
652
648
648
644
634
630
652
646
622
628
632
626
632
634
634
638
630
624
630
634
632
626
626
616
610
616
620
612
622
610
608
610
608
600
610
614
596
600
610
588
618
620
644
628
626
622
628
642
634
632
630
654
660
644
670
650
660
634
642
640
648
654
656
654
650
648
652
644
652
652
646
660
638
656
656
660
650
656
664
658
656
680
696
676
704
700
672
684
692
676
694
692
672
716
696
690
686
684
702
674
648
646
646
632
636
636
630
640
650
636
658
662
686
678
676
686
696
706
698
706
678
664
666
670
690
690
690
688
680
674
670
688
706
688
684
680
728
718
722
714
690
700
696
692
704
688
706
700
692
704
698
716
690
692
688
706
680
694
712
726
716
738
710
688
704
704
704
702
696
716
716
696
724
706
702
704
706
708
720
700
726
736
726
742
748
752
750
766
774
752
778
760
728
736
732
742
720
764
748
732
756
734
740
706
686
720
692
736
728
744
756
766
760
758
772
784
770
784
782
788
782
766
794
760
734
760
748
728
746
744
742
740
746
742
742
738
748
750
738
748
744
736
752
752
744
786
770
754
774
774
776
768
742
758
758
752
758
754
766
756
766
766
764
764
746
738
708
698
708
696
696
734
768
748
750
778
746
768
750
774
764
778
760
790
786
766
792
780
782
780
760
764
776
802
784
782
786
788
766
772
734
762
758
758
768
762
770
762
760
774
770
784
780
776
734
754
742
738
742
732
734
740
738
732
724
732
724
738
742
724
750
754
746
750
734
734
744
722
740
732
726
748
722
738
686
722
714
730
754
744
732
740
752
742
746
742
758
750
762
760
784
792
768
806
812
790
814
810
810
812
782
802
796
780
796
772
818
828
830
828
824
802
792
782
784
808
782
798
828
838
822
836
788
810
810
794
822
804
812
824
806
816
806
820
810
802
824
812
802
824
806
812
800
826
794
788
802
804
810
802
808
816
816
824
824
826
816
800
780
796
804
800
802
788
776
782
782
786
774
796
790
792
798
788
794
778
772
784
784
752
762
742
740
722
728
722
730
726
724
718
728
732
730
738
734
726
732
708
704
706
718
706
744
758
776
768
790
810
802
806
806
806
804
810
800
792
802
810
802
818
822
800
836
802
840
830
846
850
842
838
836
798
812
808
804
802
822
826
814
828
826
822
814
784
786
782
786
804
812
808
820
812
816
792
790
790
796
804
804
766
760
776
764
818
802
826
836
818
810
834
818
822
808
814
826
830
830
814
826
828
826
824
832
820
810
812
818
804
792
794
786
792
774
786
764
776
770
764
788
796
800
786
794
820
814
804
798
812
796
788
804
790
776
810
824
796
808
816
810
832
830
840
820
834
836
812
840
854
836
830
824
826
812
836
824
810
798
526
936
760
782
818
802
796
806
812
806
816
814
816
836
846
838
852
840
842
858
852
858
844
852
846
856
854
860
842
854
848
848
838
860
854
846
854
834
806
790
800
792
782
858
852
832
858
842
810
816
814
796
856
840
836
832
846
828
860
860
842
860
860
868
868
868
864
874
834
798
800
812
818
832
830
842
844
844
802
784
802
778
800
786
814
784
814
812
800
818
816
828
808
822
850
910
900
870
890
880
850
812
832
838
818
830
832
842
836
814
814
816
822
818
788
796
802
812
810
784
782
786
768
794
768
810
798
800
808
824
822
816
822
834
804
848
822
822
826
828
820
806
802
796
820
818
816
814
836
830
828
822
836
826
826
812
820
804
816
790
796
800
814
788
826
840
830
846
840
838
848
846
842
840
838
810
820
814
826
816
812
802
814
810
868
872
894
882
884
882
874
848
872
862
860
840
848
850
860
854
862
872
864
872
854
856
854
860
856
842
798
810
798
806
806
790
802
790
764
772
778
778
826
860
856
832
846
848
864
852
870
868
868
856
848
840
842
828
834
826
834
832
830
836
834
812
816
840
826
828
826
814
820
820
798
804
824
790
826
796
794
810
798
812
812
820
818
832
814
852
816
838
828
832
816
816
820
832
816
840
870
852
834
874
844
854
822
826
842
826
806
812
804
838
848
872
868
852
884
884
878
898
880
876
840
852
862
860
852
862
862
864
856
874
864
878
870
872
874
844
868
850
860
848
846
848
830
842
832
832
776
806
792
806
786
842
830
818
820
822
800
818
800
818
830
826
840
838
832
842
826
830
838
824
838
836
832
836
840
830
842
840
848
848
848
844
850
848
844
846
816
828
814
816
804
812
816
810
814
816
812
806
816
812
816
814
806
808
776
770
790
782
788
780
796
784
794
820
816
828
828
844
826
832
850
824
794
794
796
792
792
794
792
788
776
782
792
786
776
808
800
808
802
818
808
806
786
780
780
772
768
754
766
774
756
796
800
808
824
802
794
820
842
836
828
822
832
824
818
838
836
850
842
844
842
838
830
844
842
846
846
830
828
838
818
830
822
838
822
818
806
808
800
822
824
800
804
830
852
866
878
864
884
864
860
864
868
838
802
798
812
812
788
796
812
788
818
816
810
804
816
804
804
804
784
796
792
756
752
772
762
772
754
784
808
812
806
818
804
822
814
782
798
802
814
812
788
784
780
770
764
776
772
768
764
762
770
780
774
782
768
774
770
796
818
804
820
822
798
808
806
804
802
810
800
802
798
800
794
786
802
824
818
834
824
836
838
830
846
832
834
840
806
830
832
828
826
832
834
806
820
816
808
806
784
780
786
798
802
784
842
818
826
836
842
850
846
822
812
798
802
798
790
796
796
800
780
828
836
818
820
818
814
820
804
824
802
790
808
784
808
840
828
862
846
842
864
846
844
848
854
862
854
850
862
846
794
806
822
816
836
862
846
836
836
686
616
480
548
526
554
488
438
496
740
722
752
784
810
860
856
866
856
872
858
842
816
814
796
804
798
804
802
796
790
816
826
828
828
822
834
828
844
844
838
852
858
842
848
792
820
818
816
844
864
846
836
860
848
840
836
838
834
842
836
834
838
844
838
856
848
840
850
838
852
848
846
844
866
856
808
830
808
822
816
832
832
822
822
808
810
806
794
790
778
782
784
790
794
790
820
812
816
804
800
804
810
824
810
804
804
806
804
800
802
820
810
816
826
804
820
818
810
814
816
822
820
816
814
808
814
808
804
810
808
812
814
812
816
818
782
778
800
790
782
808
802
814
826
854
830
840
838
844
840
826
858
850
852
836
834
824
830
812
834
826
820
844
802
788
758
780
774
824
826
824
828
806
790
794
792
796
786
798
800
802
802
778
786
784
776
770
770
788
778
774
800
820
838
816
814
816
822
794
772
790
788
778
830
804
814
826
800
810
798
802
800
788
802
792
802
800
812
824
814
806
806
798
808
796
602
1012
794
816
816
762
760
764
770
770
768
784
792
794
800
786
782
794
782
788
794
774
800
782
792
810
818
818
800
828
812
806
794
790
804
794
800
802
808
804
804
806
800
806
796
808
810
788
530
972
790
812
828
800
786
778
778
776
496
980
768
768
806
784
776
766
752
758
760
770
754
764
764
748
772
798
788
792
794
794
796
802
796
796
800
824
822
820
824
826
820
820
802
838
834
824
838
814
830
816
838
824
834
832
818
804
818
814
812
808
814
806
810
818
812
814
802
786
786
792
772
782
778
766
812
800
814
806
