698
604
606
608
574
620
604
580
634
522
704
562
724
630
636
644
652
548
656
636
608
650
636
628
642
620
646
644
642
614
540
650
674
618
632
644
618
624
632
636
634
646
614
604
628
622
616
614
626
626
634
630
642
528
612
716
622
632
612
610
620
612
618
602
620
598
618
616
606
596
606
606
580
590
580
606
606
610
620
600
604
604
600
616
612
610
580
588
580
572
578
564
578
574
586
586
576
588
578
584
598
578
580
602
560
574
590
556
584
476
710
590
634
634
610
622
588
572
588
554
666
610
604
642
636
630
626
616
622
600
626
626
624
626
608
616
604
674
614
620
648
610
626
614
612
620
600
610
612
598
530
708
624
634
630
622
624
610
594
614
624
624
634
606
626
624
604
642
638
650
614
662
538
754
660
608
644
594
546
696
630
622
580
650
618
628
634
640
620
590
610
598
598
610
610
608
610
604
634
640
630
628
622
572
596
630
556
688
504
598
690
696
670
476
722
636
592
596
588
580
600
568
576
578
584
578
580
584
462
682
594
568
608
558
570
582
582
590
472
686
620
664
648
592
618
578
464
690
462
758
638
600
584
594
612
630
616
626
586
600
614
612
614
604
600
618
614
576
594
602
602
640
636
624
622
610
600
626
630
622
624
624
596
646
664
652
654
630
598
624
634
628
638
666
612
632
646
618
644
624
628
618
612
622
606
610
612
612
624
620
620
622
620
638
634
628
632
596
504
656
608
664
648
614
586
612
622
638
630
618
612
624
518
654
604
604
620
622
504
686
614
602
630
622
630
626
582
556
598
578
586
592
482
606
564
600
590
592
598
602
566
596
508
628
650
596
590
560
580
604
616
620
614
620
624
600
616
596
584
570
608
620
602
610
602
604
512
750
620
636
596
594
598
630
622
612
608
638
576
698
594
656
654
546
640
624
632
646
622
616
614
628
624
626
608
630
612
468
720
620
618
656
618
594
628
602
522
718
626
636
654
632
626
628
638
498
756
652
634
646
608
588
646
658
636
652
582
580
616
686
612
638
578
614
576
608
634
508
720
614
622
608
600
480
722
618
598
624
610
598
614
624
634
612
638
618
468
604
762
602
620
436
694
608
626
618
588
596
584
586
538
566
508
666
594
590
608
516
628
594
606
620
634
616
602
612
568
592
594
530
670
630
626
658
626
626
614
602
630
626
608
622
614
636
644
628
644
600
592
602
638
616
614
608
608
632
646
634
622
646
624
636
624
624
640
622
640
626
636
632
614
616
636
636
622
622
618
620
654
636
522
744
642
600
630
630
632
590
602
608
626
642
630
624
638
610
614
616
590
590
604
600
624
630
628
624
616
622
634
580
654
616
630
594
616
632
636
626
644
606
612
632
612
606
640
620
590
626
604
592
602
578
604
578
594
598
588
578
554
462
690
522
666
610
602
498
414
868
606
600
624
612
624
558
626
598
608
602
604
602
606
596
612
608
624
628
616
608
608
606
538
670
622
604
634
494
700
646
552
680
622
562
642
616
554
694
618
640
640
638
644
644
650
632
644
650
628
540
644
632
592
664
628
636
616
628
638
638
628
620
638
620
634
622
630
624
610
648
644
644
632
628
624
654
642
626
632
620
680
658
626
620
614
608
610
602
630
614
608
600
606
616
624
622
608
604
600
616
620
620
618
628
606
606
596
614
570
606
598
612
606
606
596
574
628
610
602
570
556
580
584
598
592
588
576
606
514
670
616
602
554
694
598
580
622
576
624
610
610
572
602
610
620
620
506
708
608
634
652
634
566
644
618
654
512
766
654
618
586
618
526
718
520
714
630
612
666
618
492
698
610
630
660
614
590
626
606
612
620
608
600
602
636
548
736
634
638
608
666
644
650
634
628
594
620
648
656
640
640
630
624
630
628
612
632
634
596
622
594
612
626
608
614
610
614
636
634
618
622
622
596
612
638
614
630
628
612
624
656
628
624
630
598
606
638
520
714
622
624
598
594
608
602
598
562
588
578
544
568
580
598
576
572
568
568
598
598
588
606
584
578
580
626
618
614
610
340
674
802
646
634
626
640
618
580
626
636
628
626
618
592
596
624
628
624
620
664
614
616
618
562
640
608
604
626
622
644
632
658
650
556
698
634
616
636
532
720
630
630
500
726
642
616
662
602
616
616
614
618
554
510
786
522
702
650
598
498
718
620
628
624
610
600
616
596
596
622
642
650
604
620
624
602
604
614
598
608
600
596
614
618
614
620
622
596
596
610
604
598
604
606
596
608
598
604
598
598
592
596
606
586
598
582
574
586
582
562
554
548
558
576
586
584
582
574
580
546
572
596
592
560
600
576
566
580
576
586
598
592
582
594
592
556
628
594
576
580
600
594
592
598
594
594
600
580
602
614
518
682
602
612
614
598
614
596
596
602
530
698
624
616
496
738
626
618
620
556
592
616
616
610
608
618
576
620
650
604
602
590
586
596
614
636
628
622
630
622
630
640
636
640
640
630
622
628
624
616
612
608
616
612
618
592
628
616
606
604
608
600
604
618
578
596
580
594
604
612
614
606
590
596
594
596
564
640
604
620
648
604
632
518
648
600
592
618
596
568
602
558
592
700
400
538
584
510
520
642
562
564
592
572
570
572
558
546
562
594
582
580
416
502
552
272
648
468
786
618
596
602
602
600
620
626
636
618
618
622
622
616
560
714
658
542
712
624
580
666
624
600
638
628
594
728
622
656
536
774
606
640
632
522
578
760
566
706
682
638
536
744
536
736
620
626
636
662
576
680
626
658
620
660
580
704
606
630
588
660
592
642
586
636
608
564
468
872
652
620
588
642
582
688
628
630
584
672
628
672
580
520
824
624
634
628
616
630
632
626
622
636
614
648
626
628
628
634
634
628
610
588
588
590
590
580
592
600
592
594
602
600
606
602
598
598
626
608
608
596
594
598
624
614
632
636
620
606
622
612
612
612
612
604
602
612
632
618
624
620
618
628
610
620
624
614
570
670
630
640
648
658
634
630
640
658
652
634
646
630
622
620
658
658
642
642
644
634
638
644
624
616
614
598
614
616
664
658
634
646
640
632
656
660
648
492
592
586
692
606
824
540
524
588
370
504
562
738
650
652
640
630
622
630
628
636
642
624
632
634
634
642
642
624
620
588
630
612
656
648
618
636
630
630
644
646
646
602
662
616
624
602
588
590
598
604
590
596
602
614
600
618
500
676
582
584
608
608
606
586
506
724
614
640
652
636
610
614
616
622
646
550
726
582
652
658
660
648
652
622
674
636
632
640
630
632
616
640
652
634
648
644
636
622
644
642
640
648
618
630
610
638
642
632
638
558
734
666
534
726
622
622
652
632
652
644
636
644
648
660
664
658
632
542
678
568
692
564
680
590
698
590
650
604
658
598
636
608
608
622
628
620
622
614
610
622
632
620
646
640
628
592
600
620
622
622
618
618
616
648
640
636
628
630
614
636
624
610
596
596
576
620
608
608
582
590
594
616
614
590
514
674
620
604
614
610
602
614
614
620
630
634
628
622
630
624
620
622
612
602
612
614
616
614
624
620
628
616
610
606
618
612
608
614
612
500
752
630
620
608
656
642
634
626
618
612
618
642
634
640
634
624
622
674
650
650
620
614
614
600
600
632
630
520
728
632
626
636
658
664
642
626
614
608
578
692
654
646
630
612
528
776
666
660
636
642
610
668
644
640
638
620
518
722
634
654
634
628
622
612
628
608
612
616
654
594
616
622
614
630
618
628
624
630
624
612
616
616
614
582
592
590
606
618
598
600
610
592
502
700
604
590
482
632
670
614
506
642
690
642
588
606
630
618
618
620
600
602
604
630
628
634
622
614
620
640
704
634
626
626
614
622
622
678
652
650
642
642
634
662
640
632
554
736
624
632
610
632
646
646
630
626
638
656
640
630
620
630
620
640
634
640
636
656
624
684
660
676
658
642
644
628
620
636
650
668
682
626
624
626
650
644
640
636
626
550
670
650
646
648
602
650
628
612
652
654
622
638
626
618
618
644
640
636
640
632
628
634
502
832
652
638
620
620
610
662
644
586
638
602
592
572
676
620
612
566
636
596
598
588
624
606
598
592
614
586
690
634
636
616
622
588
664
650
622
614
612
492
740
654
566
678
614
614
624
622
620
624
622
608
642
624
634
634
644
638
628
624
630
630
626
624
634
628
624
642
658
712
658
544
728
636
640
648
640
638
634
620
644
664
664
652
652
646
640
664
658
644
642
634
624
624
660
538
788
644
646
644
474
794
738
648
652
632
658
664
504
822
536
768
660
694
574
836
700
680
504
650
664
708
572
656
612
614
534
466
592
760
492
752
578
786
688
692
504
700
716
546
624
634
770
638
536
668
626
438
804
698
642
668
636
524
664
574
662
554
672
542
762
504
806
652
642
630
518
734
650
600
698
644
646
526
748
642
654
664
656
656
656
672
682
668
648
662
652
510
754
638
660
646
650
644
358
350
612
666
652
642
650
632
660
668
642
682
626
652
660
656
652
660
662
658
670
652
524
804
734
678
708
662
670
672
652
678
690
668
664
660
582
720
644
650
614
696
658
656
606
712
658
634
526
704
654
652
570
710
584
696
630
704
614
692
610
660
562
734
620
708
600
704
558
672
558
624
584
596
552
578
572
544
532
572
554
564
570
570
522
628
578
664
566
666
602
624
660
634
606
640
620
594
612
638
596
686
636
620
500
746
604
620
638
606
620
612
618
648
654
662
652
618
654
642
662
600
662
632
620
640
678
600
654
602
662
588
702
696
688
600
752
664
684
608
786
694
678
652
592
708
640
752
704
628
668
582
756
678
672
602
736
678
658
584
672
644
712
662
672
614
712
682
680
684
664
658
652
712
676
658
662
656
818
514
686
674
682
658
644
632
590
620
598
600
574
648
626
636
664
608
686
506
622
516
772
556
692
540
718
574
688
642
672
618
584
626
724
544
704
572
640
586
592
598
604
596
614
604
662
530
664
594
586
572
610
590
604
598
604
604
640
604
656
636
680
686
660
682
696
714
692
666
670
680
690
676
678
674
664
652
682
682
670
594
682
650
640
598
752
690
522
814
656
650
642
598
664
660
670
612
708
686
640
672
762
690
674
586
744
666
580
672
634
830
658
494
716
648
830
622
714
588
668
524
594
614
694
562
860
630
720
668
654
606
702
676
686
624
698
656
682
656
692
680
660
626
666
608
610
558
608
582
582
580
594
610
608
514
670
604
606
590
576
570
588
578
594
570
612
590
670
634
646
584
684
632
636
644
570
520
842
646
668
598
734
664
664
596
690
650
660
692
672
650
572
698
690
656
674
660
524
774
626
618
598
610
610
616
618
642
624
682
668
636
676
694
662
682
702
684
534
822
696
674
670
688
584
740
658
636
598
614
614
642
648
654
666
692
534
728
498
878
646
666
686
738
602
738
654
674
596
652
620
624
596
664
588
704
662
658
526
786
636
642
568
726
672
674
594
690
628
590
572
582
564
566
564
598
616
666
660
650
658
654
646
626
648
632
620
622
670
648
638
638
652
698
632
638
596
674
624
592
594
592
582
654
508
816
672
622
714
566
746
568
742
634
644
688
680
678
598
750
686
666
616
678
650
644
614
684
592
702
668
658
618
726
664
654
598
698
550
746
592
714
682
640
598
616
794
692
668
676
678
668
672
630
622
676
700
704
740
728
714
616
776
704
662
638
600
746
706
498
862
500
834
520
852
514
776
522
758
566
766
560
750
572
732
676
702
592
776
536
830
682
654
544
724
610
642
656
624
674
642
650
594
708
632
662
648
628
636
570
632
584
736
674
664
666
654
650
576
690
674
480
712
684
732
706
680
706
672
660
680
670
660
642
654
616
626
542
844
668
648
688
650
570
718
660
548
788
652
656
648
646
596
702
618
640
592
618
600
678
638
644
604
654
636
632
626
680
632
736
702
712
690
682
638
742
654
672
676
662
620
696
774
690
678
588
784
666
644
636
678
662
686
614
772
684
664
638
602
630
616
616
620
650
602
680
678
684
668
620
704
644
642
668
502
404
674
750
480
708
646
690
682
676
628
650
652
638
624
634
632
662
566
490
716
788
534
776
504
814
512
756
558
658
592
598
494
736
648
712
634
684
614
664
622
632
636
656
642
674
640
686
618
720
628
662
616
720
650
760
616
766
704
610
754
706
676
636
738
700
688
664
660
602
784
650
678
672
666
560
784
682
678
670
678
710
690
706
702
668
658
622
784
712
722
556
858
666
674
614
702
502
880
524
910
714
700
626
736
672
528
692
750
670
672
666
678
672
530
622
900
676
608
618
616
656
618
688
666
662
660
634
622
624
568
634
626
618
628
622
568
530
786
600
608
592
588
584
586
636
600
606
574
662
654
634
626
642
592
704
700
682
670
672
652
600
664
640
662
506
814
720
654
668
668
668
668
654
668
672
658
662
656
670
684
686
690
682
504
724
736
654
630
610
620
620
626
644
664
698
702
706
692
686
686
680
704
718
710
696
644
590
602
900
684
624
718
656
668
736
678
670
654
606
752
682
706
706
688
696
620
724
652
622
614
616
618
602
626
640
644
434
718
700
692
694
682
676
652
660
652
658
658
672
670
656
624
606
608
612
612
622
620
628
626
642
646
656
698
632
614
620
622
618
614
608
640
650
660
670
662
672
688
676
636
514
750
562
732
628
672
646
640
604
694
666
666
662
586
716
608
730
592
728
610
740
636
698
640
764
538
786
598
674
630
638
622
758
554
762
562
774
580
630
672
816
578
798
586
776
566
742
540
712
638
636
672
654
656
656
640
624
634
624
638
648
662
680
676
702
718
708
686
688
674
682
696
660
652
692
674
660
670
682
704
690
666
648
650
652
642
664
656
714
686
700
708
696
640
690
626
652
646
630
608
602
590
608
616
612
670
646
648
646
638
650
634
642
644
644
632
640
666
666
672
668
650
648
670
658
660
656
634
658
650
622
638
684
664
682
606
770
690
534
796
642
700
614
552
866
698
612
724
540
796
558
780
662
612
662
754
674
656
636
638
650
658
666
678
540
838
600
790
542
820
662
704
640
820
652
686
702
626
608
622
612
612
736
582
854
716
672
710
696
668
698
610
736
664
662
708
696
690
692
650
640
660
680
660
688
658
712
688
658
650
638
662
646
754
552
608
852
646
636
630
478
632
606
778
564
618
742
640
656
584
680
626
698
626
628
620
736
646
652
554
768
664
714
600
716
680
668
616
736
680
682
674
658
644
608
612
646
704
684
684
680
668
674
674
652
606
602
626
642
636
638
620
664
632
628
632
630
622
638
630
630
640
626
648
648
630
630
626
612
612
620
650
650
642
648
624
630
626
550
702
640
628
632
614
630
664
690
660
660
646
632
626
650
614
684
648
636
644
646
644
658
652
546
772
606
612
628
614
564
654
618
624
612
638
648
646
652
630
626
602
640
632
654
636
628
600
596
608
600
608
610
596
578
580
542
658
604
614
596
530
656
612
618
620
606
606
476
704
622
628
630
600
602
596
642
512
736
622
618
610
598
616
630
618
622
612
618
618
630
636
646
656
664
654
616
630
624
640
656
624
622
630
624
628
660
644
654
642
628
628
630
640
650
636
654
642
642
646
670
666
672
664
650
634
666
686
648
654
664
648
644
650
678
680
660
654
646
630
652
654
648
648
646
640
616
606
718
658
648
628
622
562
712
650
622
640
618
628
660
646
626
636
628
630
590
712
644
626
638
634
642
630
638
642
668
610
616
618
600
600
580
578
550
624
602
590
602
610
618
628
622
646
626
616
622
604
616
614
642
646
632
640
636
634
628
646
650
620
628
622
604
604
650
636
628
596
656
632
656
652
650
632
622
610
574
726
576
712
628
626
630
644
676
656
562
720
632
650
660
668
514
636
718
762
648
598
692
660
648
640
616
646
602
682
652
630
638
642
680
640
682
668
640
662
656
596
588
824
662
628
528
574
868
672
716
676
644
620
636
644
646
648
636
642
622
630
546
796
654
534
742
500
596
638
784
636
668
636
632
628
658
662
650
636
576
506
676
586
590
628
614
622
608
586
624
632
626
628
626
602
590
614
616
620
622
536
714
626
606
660
546
690
590
658
586
686
628
604
614
632
638
634
566
718
638
658
672
652
654
612
682
632
648
650
642
630
632
656
600
754
630
642
642
636
626
662
634
650
652
670
648
648
670
646
664
676
626
618
640
604
504
826
644
682
640
666
678
700
496
816
636
632
664
658
652
660
652
642
648
652
666
658
644
626
624
666
528
700
740
646
632
648
648
610
712
548
738
652
660
566
774
642
640
666
694
660
658
660
648
638
632
628
622
594
618
530
668
604
616
628
628
628
624
600
592
608
624
614
616
618
610
610
644
638
648
648
638
636
634
632
628
632
622
626
632
626
656
644
636
640
632
610
614
634
626
702
634
622
632
636
638
626
644
640
636
640
650
660
664
524
710
710
662
666
658
656
662
660
658
660
664
660
654
646
630
642
652
670
654
654
664
658
664
676
666
658
646
648
612
668
664
650
658
728
688
674
656
656
658
644
662
654
662
650
664
668
670
666
662
646
630
638
632
616
628
624
614
614
634
646
640
640
642
632
640
640
646
634
626
614
610
616
620
604
626
606
608
614
612
608
598
606
590
654
648
524
714
506
716
590
666
540
712
624
622
620
648
650
624
634
618
628
652
648
632
642
616
652
624
626
636
644
644
644
644
646
670
674
668
646
632
632
632
654
656
648
636
628
632
644
636
632
690
678
620
658
620
638
638
634
634
634
642
656
658
672
662
670
660
556
738
646
648
664
656
670
608
708
656
656
666
646
640
658
618
662
646
654
628
692
650
656
636
668
614
704
600
690
580
690
554
722
628
734
582
678
614
656
672
662
656
658
640
638
646
662
656
634
556
654
594
634
634
620
612
602
586
586
604
618
614
600
598
600
624
652
636
636
610
602
614
628
632
626
630
628
630
634
636
662
642
634
614
660
636
616
586
620
602
614
636
652
644
654
650
654
608
676
638
638
630
634
664
506
670
578
856
624
708
632
674
582
734
664
650
648
668
674
658
646
658
648
644
652
660
616
666
652
640
646
648
502
700
802
576
722
640
646
662
648
650
670
650
640
664
670
680
698
676
684
650
670
640
640
636
492
794
636
618
646
658
650
638
648
644
642
612
648
638
546
752
656
646
684
638
662
532
740
502
544
660
720
556
724
588
638
594
512
652
736
574
718
602
638
562
690
596
664
574
662
624
628
654
652
644
638
616
614
594
664
642
628
622
606
616
614
650
634
654
652
654
656
678
666
662
646
536
738
620
566
798
684
614
758
632
626
568
718
618
654
646
638
650
658
674
676
676
678
546
498
928
580
716
648
618
732
672
672
692
698
700
612
708
660
656
672
666
666
670
666
672
668
668
678
676
662
638
644
640
612
742
682
648
632
648
656
652
644
648
598
708
652
656
658
666
676
652
680
668
648
554
818
660
600
624
600
618
618
624
562
650
596
620
634
660
632
534
742
612
630
640
648
622
634
564
716
636
696
644
686
598
706
640
626
626
638
632
652
636
656
662
656
660
596
680
640
638
652
654
666
650
656
648
652
654
664
656
656
650
638
650
668
672
678
652
648
666
680
676
674
698
654
650
634
654
662
656
652
666
682
660
662
592
726
662
660
670
666
666
664
668
674
678
696
684
694
698
696
678
698
676
560
790
604
764
616
720
588
780
614
740
616
726
566
708
658
650
656
634
632
666
672
670
670
636
662
656
676
658
614
612
612
622
618
630
632
644
630
622
610
606
606
638
650
634
630
642
614
510
752
664
640
620
628
650
642
642
644
642
604
630
636
626
664
654
652
652
654
654
652
652
658
670
648
648
662
702
706
676
658
650
646
658
660
658
672
660
662
650
704
646
690
686
672
650
658
648
664
672
670
652
656
668
666
676
698
670
672
674
664
652
654
678
672
540
704
668
734
680
672
668
598
688
644
676
688
670
624
672
656
648
670
686
668
662
644
646
644
672
666
662
652
646
654
666
692
526
832
656
672
626
640
678
654
658
650
618
632
634
468
610
786
654
608
610
604
598
618
598
626
634
620
660
628
732
644
616
630
616
630
638
648
658
650
664
660
654
650
606
682
638
636
646
632
634
616
642
648
634
644
664
662
672
656
648
644
648
684
642
660
668
678
602
732
574
800
534
844
642
696
622
728
678
702
600
730
612
752
632
688
608
724
578
766
572
766
600
734
626
708
604
734
644
720
596
744
588
760
614
724
624
726
612
756
688
712
564
786
586
730
594
744
588
700
546
756
564
758
584
744
676
652
612
664
612
692
584
702
606
740
660
716
544
736
558
678
528
716
574
700
530
736
640
620
644
640
604
652
672
630
550
740
632
640
616
660
580
722
688
652
662
656
608
622
636
648
666
644
618
664
702
646
652
672
648
654
646
654
676
658
674
664
644
638
660
668
676
664
678
642
636
656
658
650
668
652
648
666
682
678
684
664
678
654
650
664
672
666
690
686
674
692
696
708
688
684
664
666
720
664
666
678
686
676
650
714
704
688
678
674
662
608
748
682
680
678
522
810
640
720
674
658
652
656
660
656
656
658
656
678
664
660
510
802
508
820
662
642
588
602
610
614
630
616
618
618
658
612
614
620
608
634
608
540
652
702
586
658
696
662
600
756
674
546
618
780
660
640
636
622
656
638
664
670
658
648
646
650
634
654
530
548
890
702
652
692
694
662
678
660
676
666
668
680
696
750
578
748
672
608
758
688
680
672
654
656
678
684
670
676
668
508
764
714
672
696
666
690
658
632
626
712
682
674
698
680
686
716
694
668
714
566
690
766
536
834
562
842
660
670
732
716
738
656
600
666
654
672
604
710
592
762
594
758
656
710
628
708
576
748
624
472
712
602
840
584
722
652
640
628
642
590
656
574
672
634
656
606
652
638
672
660
654
610
640
638
644
634
640
636
644
702
632
500
656
754
668
656
638
664
632
658
658
656
658
682
674
686
694
706
680
670
670
636
674
648
666
680
670
700
684
684
694
642
716
672
666
662
658
634
720
682
698
692
696
696
594
732
660
732
692
668
664
684
680
688
694
642
684
682
668
688
674
666
668
670
668
672
682
696
688
686
514
860
682
500
846
674
592
720
712
678
678
676
660
718
684
684
574
718
680
700
686
660
662
684
696
648
656
644
652
626
636
642
626
644
626
646
644
660
664
676
656
664
656
644
644
656
658
654
654
622
554
718
726
676
672
652
642
636
624
638
662
654
650
654
662
652
654
568
768
658
558
702
638
794
564
744
558
742
590
790
640
760
602
738
598
820
608
760
594
812
578
798
602
762
590
808
558
794
596
754
578
766
564
814
604
802
600
778
620
772
616
768
600
546
824
778
606
814
600
850
660
730
614
746
636
704
640
720
624
724
634
732
608
730
642
720
614
698
600
734
656
668
600
738
650
712
560
802
664
640
538
684
654
632
560
696
566
766
662
664
560
678
726
658
540
710
696
704
550
728
686
660
588
744
662
652
658
658
676
656
660
646
652
662
586
748
708
672
664
656
656
634
670
678
658
670
668
664
668
686
602
716
686
676
654
672
598
728
694
674
688
682
594
740
714
738
672
656
588
704
736
698
696
670
640
524
730
894
726
686
604
754
712
688
682
696
590
728
712
700
680
752
684
692
694
698
710
704
700
708
702
702
632
786
696
684
682
674
682
672
588
794
556
786
594
730
628
710
642
698
670
670
584
576
730
670
588
718
576
614
770
630
652
628
548
680
650
664
648
664
668
668
602
780
666
634
588
700
662
660
674
676
528
790
662
636
710
664
644
692
682
646
574
734
644
652
664
684
698
548
840
680
674
654
694
684
544
786
706
694
702
686
694
644
724
674
674
658
668
682
580
746
684
694
664
704
640
726
604
742
596
748
604
780
588
762
630
782
600
766
614
780
602
770
612
776
592
762
636
806
602
762
640
796
622
746
616
686
630
784
630
742
648
714
658
722
656
718
580
770
666
674
700
692
694
638
712
658
670
652
650
650
624
660
648
622
640
626
636
642
664
658
654
648
646
654
654
652
658
652
656
656
656
656
686
672
670
638
640
648
656
660
654
652
672
660
678
660
674
680
678
676
670
678
582
722
662
700
626
724
540
802
616
816
596
750
580
718
688
680
482
810
728
718
560
884
722
684
682
674
696
690
692
684
678
682
690
698
694
686
676
676
674
688
580
724
708
714
702
704
612
768
550
882
612
756
686
674
650
744
720
694
574
772
622
770
608
744
568
782
582
748
600
774
574
686
634
838
578
802
528
756
530
768
536
748
566
718
530
760
568
776
568
752
570
746
474
808
564
806
580
744
590
742
596
724
628
746
598
688
586
700
612
668
622
702
628
720
680
656
662
666
560
614
754
726
690
698
584
746
704
698
592
754
710
686
574
764
744
694
680
692
700
704
702
706
688
628
736
690
690
698
696
752
688
690
688
690
696
652
618
780
722
698
698
694
712
714
700
718
612
698
778
722
690
706
582
712
718
696
618
700
722
712
606
736
698
680
672
668
582
740
700
674
586
746
700
680
568
768
732
662
564
722
642
640
568
706
700
654
534
718
682
660
536
716
682
660
574
738
678
678
674
676
664
602
704
648
606
732
656
608
746
662
588
716
696
680
690
718
612
650
562
700
692
546
770
674
630
700
636
722
670
668
576
704
564
384
420
686
690
596
758
730
702
692
682
584
730
694
668
596
548
586
948
758
552
718
774
724
702
578
754
562
840
574
816
582
566
856
816
610
758
592
580
866
814
576
800
594
618
752
854
648
812
608
752
604
798
604
800
646
744
580
732
664
720
628
710
578
718
670
694
598
734
686
686
586
696
666
658
670
626
532
706
660
648
560
718
682
620
580
770
732
672
558
716
594
738
590
756
648
722
566
754
724
684
588
716
692
664
562
732
640
692
688
662
658
686
616
732
682
662
590
756
652
726
674
682
684
666
680
682
694
678
588
726
606
734
678
728
578
706
696
678
592
746
702
688
584
738
716
702
592
750
736
706
590
778
734
712
590
758
712
690
594
788
690
738
602
788
760
716
710
716
704
674
578
786
734
688
704
700
694
702
710
752
658
672
674
662
684
680
694
682
676
680
588
764
716
662
610
622
534
698
654
632
566
682
640
630
642
670
556
684
656
634
570
714
700
668
552
702
698
686
684
606
734
672
548
750
702
656
554
762
552
828
552
792
582
726
576
782
592
744
564
770
612
810
544
846
598
760
606
660
674
754
730
678
596
622
662
840
584
714
570
868
594
704
636
840
600
782
610
718
622
790
644
744
588
740
710
694
582
722
624
756
600
758
636
782
598
770
642
794
600
760
698
756
596
778
742
718
594
782
750
706
568
762
720
694
578
772
710
684
556
778
616
790
700
664
688
688
590
722
538
792
684
690
528
740
682
650
630
644
560
716
672
650
668
672
568
728
714
674
570
702
678
650
570
724
662
652
560
736
698
662
572
738
662
662
564
712
702
684
550
744
720
682
574
754
730
686
570
732
744
728
686
680
686
686
576
760
754
522
858
516
702
798
736
692
688
680
706
530
722
822
732
506
688
578
884
546
866
694
512
836
682
748
686
710
690
698
700
684
680
698
702
710
598
754
556
938
626
764
598
732
706
692
590
730
744
718
582
772
746
710
560
740
712
674
574
766
594
812
642
740
