1080
964
994
1014
1004
996
996
998
1016
992
1016
1018
1006
970
968
962
948
960
996
974
956
944
972
956
936
966
950
926
902
884
910
932
924
884
844
862
884
888
878
854
906
922
922
924
942
946
954
950
948
930
918
920
924
914
926
924
892
882
884
914
896
880
868
906
952
944
928
914
930
944
924
894
912
916
934
916
912
928
952
978
962
958
966
962
956
950
926
946
960
978
972
974
976
998
1018
998
992
1004
1012
990
974
958
972
968
962
948
952
944
944
880
834
836
844
856
836
832
862
862
890
896
884
904
924
914
906
934
990
990
992
1004
990
978
988
984
984
972
982
994
1016
984
958
944
960
964
958
960
940
936
934
924
918
936
952
934
928
928
906
910
896
918
966
938
950
952
938
926
924
936
920
884
864
862
872
882
924
944
928
940
930
918
906
896
910
906
904
918
918
898
880
868
874
876
890
882
868
866
854
848
822
802
794
804
782
784
766
766
750
758
800
818
842
852
894
906
922
930
928
942
936
916
904
900
910
906
892
882
884
882
872
878
874
888
896
886
878
900
906
906
910
916
934
928
932
916
898
894
888
872
852
836
852
858
872
884
870
868
858
846
832
814
798
832
852
872
868
866
870
860
864
860
862
854
852
852
860
874
884
872
872
888
870
886
866
878
892
922
950
962
966
976
968
948
958
956
954
952
956
958
954
960
944
930
926
922
928
964
954
950
944
914
902
874
872
870
866
868
868
880
870
870
862
836
838
836
846
892
884
912
910
914
924
938
888
854
824
812
778
714
690
678
658
636
636
642
626
614
614
604
602
606
604
594
614
630
630
634
640
660
676
706
750
734
748
786
756
802
734
758
760
756
770
758
744
732
720
720
720
730
728
766
762
776
844
792
840
792
794
800
798
838
846
836
804
810
820
810
820
830
822
812
816
832
844
834
800
802
768
776
790
842
834
834
828
832
824
778
758
752
776
794
806
842
860
892
892
908
912
906
896
892
872
848
870
894
928
914
934
946
944
960
950
918
896
864
860
878
912
914
906
918
910
872
870
872
872
870
892
906
888
872
854
846
846
856
840
846
862
886
890
898
934
946
976
960
986
978
976
958
940
932
942
950
992
984
988
976
970
986
946
934
902
890
882
870
872
892
954
972
1008
1012
1008
1004
986
966
948
932
934
930
944
962
990
986
968
974
892
796
754
718
690
688
684
712
736
830
882
914
926
968
970
936
920
928
928
944
906
902
918
926
948
940
940
962
974
952
902
878
882
920
950
958
948
940
934
936
896
882
886
898
920
950
954
942
964
968
942
924
922
946
960
992
988
976
990
992
964
958
948
970
980
992
990
1002
1000
978
992
950
950
944
966
970
958
952
934
918
942
972
944
952
956
980
988
1006
990
972
956
956
962
960
974
964
974
952
922
884
868
916
930
936
938
946
962
962
958
952
938
888
862
802
816
822
840
832
870
870
862
850
818
800
838
850
876
886
890
918
914
906
924
928
916
916
890
842
810
798
822
806
846
894
924
844
808
792
838
878
920
938
974
988
980
972
968
1000
994
990
990
964
978
980
972
940
920
928
926
908
922
894
898
908
936
956
950
976
982
1004
986
988
980
974
944
928
906
900
880
896
914
932
986
1008
1036
1004
1000
978
950
952
942
956
960
998
978
972
980
982
978
964
932
908
868
870
844
832
848
846
892
928
944
954
974
990
998
984
970
974
988
1012
1014
982
980
978
966
968
970
1004
1016
1018
1018
1004
1000
988
982
956
964
974
960
954
930
934
934
930
932
940
926
912
860
766
718
706
700
710
700
714
754
764
744
758
770
776
776
760
790
844
798
790
844
854
858
852
894
914
902
870
878
858
828
770
752
748
748
746
778
782
784
824
864
886
902
906
890
866
868
860
856
886
902
908
914
902
902
912
906
898
912
910
906
898
904
904
916
914
922
940
942
938
896
886
888
856
858
834
848
866
890
904
918
906
914
930
950
964
982
972
972
968
976
966
970
918
910
926
968
968
960
962
934
928
930
930
914
910
900
876
866
836
842
824
806
802
818
842
856
882
924
934
940
934
982
990
994
968
968
962
966
968
952
942
956
966
968
950
936
914
894
942
972
996
988
984
988
968
972
938
930
914
928
958
974
972
958
966
964
936
916
898
888
900
894
906
928
936
982
996
988
970
970
966
964
940
914
914
920
966
970
1010
1022
1032
1048
1056
1030
1030
1024
1008
964
970
906
898
884
834
788
764
732
716
686
680
678
688
714
724
728
792
834
874
902
932
996
1002
990
960
968
924
904
914
954
1008
1024
1016
1004
1010
1004
1002
994
1008
1004
982
992
982
966
960
924
922
936
964
980
980
980
944
912
910
910
920
910
926
930
946
964
968
968
968
960
974
966
952
920
930
936
950
966
968
1020
1020
1004
1002
980
994
992
1020
1050
1032
1022
1018
1020
998
990
986
988
988
1018
1010
990
1000
986
1002
990
968
972
970
976
978
988
1004
1022
1004
996
992
976
946
936
878
846
820
824
860
864
864
852
852
874
842
816
798
802
796
774
772
770
798
830
872
872
878
886
924
944
956
964
960
962
958
954
938
918
910
926
932
930
930
932
928
908
902
906
938
956
958
952
956
940
926
912
888
882
872
880
868
870
838
782
742
724
710
700
704
704
732
732
750
770
778
784
774
838
848
840
808
832
868
874
858
824
818
848
888
852
806
786
772
760
778
802
822
828
860
858
838
854
844
868
898
912
908
890
876
882
880
902
916
894
886
894
850
812
802
818
834
860
906
902
894
934
920
926
912
930
944
958
974
1006
996
1006
1020
996
950
936
936
942
948
944
972
966
966
970
964
976
958
948
902
850
786
750
746
746
786
880
900
860
880
890
882
874
918
892
884
882
892
922
950
958
958
968
960
976
944
936
964
978
990
964
934
924
940
986
996
986
988
978
978
954
950
944
954
960
944
924
918
924
922
932
942
940
960
962
960
956
958
958
946
936
924
904
882
844
764
726
710
686
684
660
642
660
638
632
632
620
624
624
618
638
648
666
698
720
782
810
852
880
894
884
886
924
918
914
902
902
906
910
922
910
928
938
928
958
958
974
954
954
950
952
948
920
902
892
900
958
1022
1024
1020
1012
1010
968
966
984
996
1010
1006
1010
1000
984
964
946
930
908
894
866
816
754
746
732
730
686
688
672
676
658
648
656
648
646
660
656
692
722
788
748
820
822
830
844
856
858
878
874
888
880
886
868
860
860
862
864
880
868
852
862
862
858
864
862
866
872
872
872
854
860
860
882
892
900
952
1002
988
970
956
942
942
916
910
900
886
872
852
798
768
764
776
780
754
768
750
706
706
682
670
682
668
676
688
738
778
802
802
830
826
838
830
858
824
854
864
876
872
880
870
874
874
872
884
888
890
910
940
952
952
958
956
954
928
908
892
892
884
892
918
924
938
914
908
908
902
886
874
904
938
946
940
938
922
926
900
886
880
878
914
954
980
1002
1032
1026
1022
1020
1014
1022
1000
982
960
942
896
876
880
874
880
918
972
976
974
942
900
868
826
790
794
812
846
854
894
944
952
942
946
934
950
958
952
976
978
998
986
998
994
978
980
954
950
962
960
978
976
984
972
946
944
938
920
880
892
898
916
916
922
926
912
924
934
904
844
854
844
854
796
790
812
844
838
812
808
804
834
874
912
940
926
924
912
918
890
886
906
912
908
890
902
912
908
914
912
896
898
902
922
942
960
952
916
920
920
944
930
952
974
932
904
906
900
900
914
932
938
950
942
918
880
838
774
750
754
776
804
812
874
934
944
948
1004
1016
1016
1000
1004
1000
1002
1008
976
968
964
960
974
976
946
940
944
924
934
946
950
938
910
924
932
914
924
942
952
940
946
948
968
958
944
898
906
888
858
856
856
868
830
812
844
906
950
946
938
976
1002
1020
994
1004
1008
1018
1004
984
946
928
938
928
950
990
976
966
980
1012
1018
1012
996
974
994
980
984
968
952
962
952
946
940
936
958
974
956
900
846
836
830
814
844
874
958
1010
996
996
1018
1010
1002
992
978
984
974
968
946
970
998
1002
984
952
912
920
928
950
968
956
946
946
962
964
956
948
964
986
990
1016
996
1016
978
932
900
896
902
894
898
892
930
966
962
954
948
958
964
966
992
978
968
966
994
1012
988
1010
1002
1010
1016
1022
990
968
978
978
998
1008
1000
976
954
950
966
968
942
952
946
918
904
902
968
944
878
826
790
768
782
844
884
896
912
1002
988
970
972
996
1024
1014
978
946
960
966
964
966
954
976
982
996
996
984
992
990
978
954
952
946
952
982
956
972
986
956
932
904
916
906
898
882
870
892
874
784
748
744
740
772
782
856
856
856
850
878
878
850
914
946
956
946
964
986
1008
1010
994
1006
1012
1014
974
954
942
946
968
968
966
978
998
982
976
956
940
938
956
970
948
938
930
924
912
938
952
974
980
974
946
964
970
940
968
1002
1028
986
978
990
1000
998
1016
1008
1018
1014
1006
1002
998
980
992
992
1002
1004
978
962
934
936
896
876
892
902
910
930
930
954
940
900
864
892
904
906
896
926
964
968
942
960
996
992
986
964
960
972
990
984
954
938
950
956
988
972
972
988
1014
984
998
990
978
980
950
912
920
928
938
926
956
958
920
902
922
918
926
946
950
936
932
946
956
964
950
936
936
940
948
970
994
1002
966
978
984
984
994
988
988
1004
1006
990
1008
986
980
946
970
966
960
936
932
918
894
868
848
840
838
824
858
872
866
868
904
886
882
878
890
886
884
916
930
922
914
912
932
944
940
946
924
904
914
950
990
1014
1002
1002
1008
978
966
960
958
960
936
942
974
970
966
964
984
990
1014
996
976
998
996
988
946
926
922
944
952
952
958
962
962
960
924
940
940
944
940
924
932
918
914
922
944
922
896
902
908
908
904
926
934
926
928
938
936
916
924
916
912
910
924
940
934
944
942
950
930
936
934
940
970
952
952
944
944
928
938
964
972
984
958
954
960
970
962
942
942
954
956
952
954
946
952
942
936
936
928
928
936
976
956
946
908
848
782
748
736
722
722
700
726
746
758
790
810
804
814
802
824
856
862
890
906
908
926
924
950
948
958
952
938
936
942
946
950
962
988
990
986
1016
1004
982
948
926
930
934
948
932
936
938
934
926
932
962
980
954
942
958
986
984
978
998
1004
978
936
954
938
938
924
898
878
854
866
840
852
854
854
858
874
884
920
916
916
906
906
902
902
890
894
898
884
890
908
934
926
916
928
922
922
918
920
906
904
902
898
924
916
932
946
930
914
912
920
928
926
944
958
950
948
952
962
954
938
962
964
968
970
994
992
988
968
956
950
942
962
984
982
986
1008
1046
1032
972
930
882
904
956
994
984
974
984
978
964
956
952
940
930
936
924
922
930
934
946
938
930
938
940
958
952
952
934
924
910
922
928
918
910
908
910
930
922
922
934
934
912
874
774
752
766
764
774
768
706
716
688
684
676
686
698
736
780
790
758
760
740
750
788
838
842
880
874
874
858
852
836
850
878
796
822
802
806
802
838
854
858
840
838
854
836
820
832
788
774
786
794
812
822
846
852
884
888
906
914
902
900
902
908
902
898
906
916
918
930
932
944
934
924
924
884
800
772
754
792
810
806
806
768
738
748
754
782
818
862
904
930
922
944
938
928
932
926
898
884
884
896
894
894
898
912
902
898
902
892
798
784
770
754
742
740
744
778
814
850
898
898
890
894
896
878
846
808
802
794
824
830
832
862
874
874
874
842
820
832
820
798
810
816
820
812
816
850
816
778
806
788
792
782
778
784
784
774
778
774
768
772
774
774
796
782
778
798
814
790
784
796
794
796
808
826
796
780
778
784
796
824
826
834
848
848
860
864
866
862
856
844
852
836
836
848
854
846
856
878
870
870
864
862
822
822
824
806
804
800
790
750
760
776
776
772
754
722
722
718
760
752
768
758
752
754
724
732
738
736
742
740
760
802
794
762
752
756
742
772
742
748
726
712
696
696
696
688
708
712
708
704
708
710
714
688
692
686
704
736
754
732
730
708
680
680
676
696
762
796
780
770
696
694
654
652
636
634
630
624
616
638
642
658
714
732
742
738
714
708
694
674
684
662
682
672
688
680
662
680
664
684
678
676
676
698
682
658
658
636
644
628
622
616
618
606
612
622
614
616
632
642
660
674
666
674
654
660
646
634
628
636
630
632
628
620
624
616
610
618
620
606
620
628
638
634
628
612
622
618
602
610
610
614
616
618
624
616
628
624
636
646
644
646
660
658
652
656
672
678
672
668
624
616
614
604
594
580
584
596
600
626
614
622
634
658
632
622
630
624
612
602
604
592
600
602
594
598
600
600
620
610
622
626
638
674
644
652
656
640
618
622
616
598
600
594
588
594
604
606
630
654
686
694
654
646
688
686
664
630
628
626
642
690
726
726
752
742
700
702
692
674
686
684
640
654
674
636
672
642
654
644
638
658
666
662
664
664
750
746
772
774
762
786
726
720
722
774
788
826
892
920
942
952
960
960
948
956
956
938
934
964
974
974
952
904
842
778
768
806
816
796
864
870
882
832
828
846
850
824
830
872
916
920
902
946
952
934
934
980
994
986
986
1004
1022
1004
1004
1010
1008
1000
1006
1000
990
936
856
834
850
862
880
940
970
992
958
960
950
950
946
960
974
986
970
968
970
926
862
880
886
898
892
896
886
880
834
882
910
928
924
928
908
850
818
834
848
868
854
876
876
870
868
884
904
912
900
914
928
916
906
912
902
914
900
908
918
912
904
902
890
866
814
848
846
882
888
918
942
954
930
942
920
910
882
876
866
850
804
826
828
830
830
872
882
882
868
864
852
768
754
752
758
812
806
848
864
862
866
866
808
846
798
820
810
796
766
736
720
702
690
678
686
718
706
740
760
724
724
750
778
786
806
826
808
822
856
876
870
822
800
814
830
856
866
858
874
872
862
846
808
790
822
792
848
832
836
842
844
834
806
838
812
772
740
730
798
804
790
786
840
814
774
808
814
814
782
806
820
814
816
730
786
790
788
760
808
792
810
828
818
828
828
838
816
806
816
830
832
814
824
784
798
746
770
808
846
882
868
814
828
816
784
770
818
852
892
874
838
802
768
744
720
704
694
666
678
660
668
700
702
710
728
736
742
720
730
752
734
706
686
690
704
728
722
738
740
760
758
782
814
796
798
816
838
842
820
844
846
830
812
828
838
826
806
838
844
830
802
804
812
796
726
758
738
688
726
680
694
730
728
742
740
792
824
816
810
818
812
788
792
774
776
776
782
788
786
774
772
770
756
758
754
754
764
756
758
752
736
730
724
708
696
678
698
696
700
674
718
726
722
710
734
740
684
700
708
708
668
678
714
668
662
662
674
672
700
756
776
766
698
676
690
666
654
646
650
642
632
622
636
644
626
630
622
628
626
614
608
622
608
604
596
602
596
618
634
648
652
668
650
670
656
674
660
654
686
656
652
654
674
650
648
642
632
628
636
622
594
616
634
614
620
684
702
736
752
776
774
758
784
734
760
720
716
764
712
750
704
756
714
756
754
728
736
760
758
762
710
700
690
700
694
738
578
904
704
776
716
748
696
694
714
794
808
794
798
796
734
728
730
694
696
748
750
708
780
768
776
774
792
790
812
798
810
816
836
846
858
858
842
850
850
786
728
712
724
774
784
794
812
766
762
770
700
734
768
818
828
822
810
762
738
774
760
760
764
754
704
706
682
674
716
744
756
786
800
820
844
828
810
742
736
728
784
780
786
788
778
772
774
766
762
722
760
746
746
762
706
686
668
678
698
756
776
812
846
834
836
794
750
776
724
742
726
726
718
722
708
728
682
670
662
670
684
762
780
826
868
858
852
880
874
870
850
860
856
856
846
842
800
796
746
742
780
786
784
786
806
798
810
780
786
786
766
740
784
772
748
768
790
780
758
772
750
708
688
702
710
746
752
776
770
756
774
780
794
800
796
822
834
828
804
824
820
816
796
790
794
790
734
738
740
768
750
766
764
762
734
714
736
758
772
784
788
818
840
846
838
860
870
862
850
852
854
862
816
810
820
822
830
828
842
832
800
792
714
704
700
728
782
808
806
818
836
848
832
840
854
864
844
830
794
752
734
728
768
730
776
788
782
772
760
744
744
734
738
760
784
812
810
830
856
896
936
906
916
924
894
864
810
804
810
810
816
802
794
818
836
824
812
824
842
840
812
776
792
776
746
744
770
772
778
762
784
794
794
810
800
764
786
826
804
804
774
750
760
722
752
774
780
782
824
824
822
822
842
846
836
782
748
716
730
706
724
770
794
844
870
902
910
880
838
840
786
746
750
760
764
768
758
788
790
780
768
792
784
788
766
740
736
758
780
794
806
834
866
828
840
818
774
740
764
794
832
854
834
862
810
796
812
806
814
754
720
718
752
748
710
720
762
776
786
818
840
882
896
912
920
902
900
872
880
862
850
844
834
842
848
826
832
836
842
848
844
830
802
790
784
812
846
854
880
894
882
858
810
834
810
794
780
782
772
736
738
776
786
794
830
866
898
852
872
898
888
880
890
864
880
888
894
878
890
886
886
894
900
914
904
914
912
904
894
898
898
874
876
882
892
884
878
884
870
848
840
832
806
792
786
790
776
764
792
824
824
814
836
830
828
796
802
806
790
810
842
822
798
778
768
714
726
686
686
706
746
756
800
856
880
918
948
946
950
924
898
864
862
874
866
880
860
874
870
852
860
858
882
904
916
886
870
830
756
764
780
780
826
866
898
920
896
910
906
898
896
854
872
836
828
844
846
842
874
888
884
888
890
864
882
880
894
886
888
936
922
920
910
922
898
976
1066
1048
1016
970
936
890
844
774
746
756
794
844
874
878
888
930
936
926
892
870
792
764
738
726
708
712
706
658
672
668
666
658
668
668
686
690
696
700
680
710
720
732
722
700
706
702
704
706
694
722
768
764
778
730
708
712
762
770
796
828
844
854
842
842
862
878
832
762
762
866
868
876
890
884
864
864
878
838
770
814
830
864
872
892
904
904
916
910
912
910
912
906
898
906
914
898
892
890
890
898
886
894
894
902
890
874
880
886
862
870
834
814
808
828
856
830
838
870
878
876
876
886
900
880
884
892
900
880
866
882
888
838
840
862
876
860
874
902
908
892
890
896
886
888
866
878
876
880
868
880
894
902
876
856
836
808
774
812
838
878
888
870
906
900
902
896
886
884
852
842
854
868
890
880
876
890
920
918
902
914
910
924
894
936
928
950
910
924
912
916
880
882
906
896
878
886
878
894
884
898
902
896
880
898
902
896
880
896
896
884
868
886
870
850
840
854
852
840
846
868
864
862
856
886
890
892
876
886
884
884
866
874
876
872
854
862
866
898
870
872
882
874
858
826
852
864
886
888
864
870
876
890
874
876
882
866
854
828
778
776
792
824
854
858
900
916
938
916
902
922
886
858
814
762
814
818
864
896
902
896
888
892
880
890
856
874
888
900
912
870
910
902
896
842
862
866
832
808
816
818
808
752
720
706
702
686
688
730
764
822
860
870
904
918
898
866
862
844
844
816
806
816
810
812
804
736
786
774
792
822
846
848
842
854
852
856
850
842
842
844
846
844
844
858
1118
974
358
356
358
378
396
360
1120
766
738
718
734
752
814
898
936
946
932
968
978
968
940
922
912
902
880
862
864
864
864
872
880
896
898
892
886
874
878
858
824
850
856
884
878
864
878
888
878
856
862
856
868
852
828
846
850
846
860
864
852
828
852
874
866
846
864
860
880
854
852
856
856
830
846
862
882
884
860
884
878
888
882
876
858
844
842
748
710
704
718
770
804
856
848
896
910
930
902
908
902
896
868
858
874
860
858
846
832
836
856
874
894
898
912
890
912
910
914
910
880
896
886
876
848
844
864
864
882
882
888
900
908
874
864
870
868
842
840
880
898
872
878
892
886
866
874
896
880
860
884
900
882
876
894
902
874
858
880
886
866
862
880
894
878
854
868
868
862
866
886
910
908
900
912
906
878
866
886
894
876
872
894
906
884
848
810
730
714
696
758
802
866
886
922
942
938
904
898
892
900
876
886
894
918
932
924
942
954
946
934
932
920
930
930
936
952
946
938
922
912
906
890
890
902
920
898
898
892
882
868
880
896
900
872
894
902
900
874
862
868
876
862
842
858
858
870
848
860
866
864
892
906
906
910
916
922
902
894
888
860
878
892
890
884
890
888
880
872
880
874
856
866
864
874
862
874
896
900
890
862
868
864
858
842
862
862
858
850
870
868
844
800
816
838
854
834
824
836
842
820
810
808
800
726
702
664
642
666
720
766
846
900
956
966
934
878
818
796
808
794
792
770
806
806
792
798
792
832
858
872
872
866
864
864
876
876
870
870
836
846
862
858
848
832
862
880
894
870
