822
834
838
526
1218
850
862
992
816
482
1218
872
526
1194
852
850
534
1176
842
526
1188
860
530
1196
842
854
520
1176
846
870
970
900
912
950
562
1232
896
942
902
924
558
1094
864
536
1178
852
524
1194
858
976
540
1098
874
1012
540
1082
868
1010
548
1108
880
1018
552
1072
862
538
1224
858
980
850
896
550
1228
904
940
908
946
554
1154
868
994
562
1062
888
498
1190
848
528
1168
840
528
1152
846
528
1204
842
872
980
894
922
932
962
1008
564
1122
560
1174
890
490
1182
844
532
1148
830
526
1152
830
530
1170
848
534
1236
880
948
900
924
518
1168
874
988
546
1086
892
486
1192
844
528
1190
848
534
1190
862
536
1186
854
528
1216
888
876
936
898
466
1212
868
526
1202
858
522
1218
858
864
972
892
952
544
1136
886
532
1216
868
1006
546
1066
892
488
1172
834
852
994
548
1156
878
532
1196
850
532
1186
848
528
1202
846
540
1194
852
526
1190
856
902
528
1230
876
944
922
468
1208
886
1054
544
1044
886
490
1158
840
536
1192
852
528
1166
842
864
524
1220
874
884
988
548
1082
854
538
1172
842
844
534
1168
844
858
908
492
1190
850
524
1160
832
848
532
1218
850
862
986
864
478
1196
872
536
1188
868
532
1176
846
526
1166
846
530
1176
846
846
530
1222
860
886
984
906
968
608
1020
872
540
1192
852
532
1178
872
848
494
1168
852
868
948
890
956
912
968
986
564
1210
928
950
550
1088
848
536
1160
834
538
1162
844
530
1170
834
530
1070
804
810
796
754
756
722
698
714
700
684
684
690
682
684
692
670
676
674
668
666
670
662
656
718
572
938
762
748
864
714
790
686
704
682
648
684
670
668
640
666
652
666
648
700
554
924
540
1008
508
1018
514
1012
522
960
542
942
750
724
720
736
780
896
946
968
944
526
1188
888
850
840
844
508
1118
830
822
866
846
852
872
854
562
1164
846
562
1122
836
550
1092
818
816
878
850
950
860
882
940
978
944
944
954
952
940
944
934
932
882
916
918
922
856
898
886
920
892
914
922
950
868
894
906
944
870
920
910
900
922
916
918
878
880
866
912
814
852
900
858
868
886
988
866
894
920
952
882
912
934
928
930
926
842
904
852
918
862
924
858
920
862
916
860
884
948
832
884
914
836
910
822
902
810
892
826
894
838
918
874
874
832
816
802
836
524
570
564
752
590
476
566
706
568
1004
766
790
750
730
734
744
754
776
756
942
834
530
1134
842
804
774
764
766
758
756
776
772
634
548
468
534
200
726
754
738
758
746
716
720
712
708
712
478
944
522
938
528
912
534
898
534
888
544
916
534
916
530
948
522
966
508
990
796
762
810
788
546
1150
826
550
1102
808
552
1064
788
794
560
1104
810
824
550
1154
830
546
1168
840
550
1164
832
554
1136
824
836
558
1196
852
546
1180
874
850
504
1172
848
538
1166
830
850
544
1184
850
844
542
1174
854
538
1160
842
544
1158
844
860
538
1218
860
1002
804
870
978
926
954
1012
966
936
960
878
924
932
916
922
916
924
854
908
824
856
940
828
880
886
880
956
832
894
898
922
864
894
892
918
910
924
908
918
928
910
888
914
850
914
844
870
924
864
974
924
926
912
928
950
938
910
924
844
888
928
816
858
916
820
856
942
856
916
840
866
956
846
884
962
856
902
930
900
942
858
914
854
874
936
842
866
938
826
874
924
852
924
854
922
862
872
950
850
888
484
1212
852
534
1158
840
536
1178
844
536
1216
852
536
1218
866
532
1200
852
856
540
1234
868
888
984
872
924
558
1126
874
528
1214
888
490
1166
840
850
536
1194
848
528
1164
832
842
538
1192
844
846
528
1178
844
856
528
1168
838
864
492
1124
820
818
872
500
1158
834
838
534
1150
822
852
496
1128
806
806
532
1124
804
818
532
1118
822
818
868
490
1144
834
840
534
1184
848
862
528
1174
872
852
840
474
1174
834
850
528
1222
856
872
986
908
904
548
1226
888
1034
552
1050
892
488
1166
844
850
538
1216
856
866
522
1172
838
842
548
1178
870
864
472
1184
830
852
532
1196
870
484
1172
830
850
524
1200
844
856
542
1208
866
526
1212
850
530
1182
846
530
1182
840
526
1176
846
858
976
874
982
974
936
1006
1022
970
944
938
950
854
926
846
868
944
846
876
476
1200
854
540
1146
830
534
1124
814
542
1124
822
534
1180
850
876
534
1256
904
880
1026
506
1036
848
852
542
1168
834
844
540
1198
854
852
540
1184
840
872
506
1150
832
830
532
1132
832
824
1182
1310
800
796
722
750
750
698
716
692
694
680
684
658
660
656
664
668
654
650
646
644
646
646
646
644
638
656
630
686
546
882
558
922
534
920
530
882
840
628
668
478
862
530
924
544
930
536
952
532
960
754
730
752
714
688
684
694
686
682
740
742
764
778
788
770
782
776
766
770
788
768
748
736
766
728
744
466
980
740
732
758
746
680
700
692
686
692
686
694
686
478
904
554
952
562
930
542
918
542
930
538
956
552
958
790
760
760
768
764
826
580
1116
838
576
1092
822
812
864
828
842
830
890
976
828
878
878
904
878
888
908
956
844
884
882
926
824
880
868
944
822
870
878
892
878
882
884
942
842
880
884
918
902
904
906
918
910
902
898
920
900
910
904
886
902
896
908
922
912
916
930
950
942
982
880
904
928
910
914
910
960
936
948
894
904
904
888
860
854
490
1124
812
558
1044
808
764
740
774
784
942
960
938
988
960
946
962
954
962
826
896
902
488
1210
858
556
1156
846
558
1144
834
554
1172
848
548
1186
864
540
1230
870
546
1220
860
540
1198
868
890
988
914
980
830
900
968
890
962
922
496
1172
848
546
1140
826
818
548
1148
834
554
1212
856
546
1216
862
862
982
908
914
940
942
926
990
938
940
972
910
914
940
898
1010
788
902
916
850
568
1192
860
546
1152
872
494
1154
846
540
1206
856
854
542
1224
862
1056
562
1134
900
1006
854
916
924
940
1024
990
978
976
994
540
1236
936
904
884
498
1190
862
546
1182
854
546
1190
846
546
1210
852
860
986
900
962
956
992
578
1256
938
906
910
492
1222
888
536
1198
894
504
1188
860
538
1252
872
884
998
918
918
954
952
1030
986
948
960
964
902
928
938
882
492
1194
850
542
1132
820
542
1126
832
544
1150
862
500
1152
834
540
1152
838
844
546
1182
848
534
1220
848
534
1182
856
536
1212
884
876
476
1184
860
546
1212
864
876
982
892
484
1224
874
536
1174
850
528
1172
838
536
1150
830
838
538
1198
872
534
1232
870
890
984
880
948
550
1140
864
534
1192
852
538
1180
842
538
1192
848
538
1186
870
954
940
924
934
960
560
1234
934
894
896
492
1188
868
526
1194
854
538
1206
848
866
538
1198
852
854
540
1234
862
532
1218
854
878
978
900
924
942
920
910
924
564
1222
898
952
916
490
1202
890
540
1204
894
498
1188
844
532
1188
848
540
1174
844
536
1186
850
884
956
896
966
940
964
980
962
958
984
964
878
916
914
908
916
958
862
908
484
1204
868
538
1164
840
542
1130
822
544
1126
818
544
1174
844
538
1210
858
538
1150
834
858
964
956
1038
1030
1020
1002
1014
1006
980
850
912
906
900
954
818
884
480
1178
850
538
1162
842
546
1124
828
546
1118
840
540
1126
820
538
1110
824
536
1138
832
540
1142
834
542
1148
846
536
1156
850
542
1164
850
544
1178
844
536
1156
846
534
1152
836
540
1170
840
860
946
890
960
926
936
978
558
1238
934
900
886
490
1176
862
532
1172
844
540
1158
836
540
1182
868
534
1224
870
882
988
880
490
1240
886
946
884
990
548
1072
864
542
1198
890
498
1174
878
530
1228
858
872
976
962
1018
1032
1014
1002
980
990
1020
998
970
964
990
970
878
956
886
918
912
838
494
1092
966
1002
846
894
968
560
1074
864
538
1184
858
540
1184
860
530
1188
866
536
1214
868
542
1234
862
536
1220
876
528
1222
858
874
984
872
492
1208
868
532
1194
860
540
1218
858
884
984
876
906
898
494
1212
886
530
1208
864
536
1210
856
538
1204
848
542
1166
846
538
1178
842
862
540
1202
860
870
980
880
1008
554
1074
884
534
1200
892
502
1186
850
542
1190
868
534
1216
866
872
542
1200
890
872
472
1222
854
888
992
908
922
926
944
566
1222
930
970
552
1084
860
540
1150
836
536
1134
822
540
1140
828
538
1140
836
860
540
1216
872
528
1202
866
536
1206
848
536
1174
838
850
536
1190
850
854
536
1222
870
880
980
910
1016
554
1252
938
916
918
480
1186
858
534
1164
846
854
532
1182
846
534
1170
860
536
1176
856
538
1146
832
836
542
1210
860
528
1200
856
938
894
926
916
950
560
1210
892
956
908
488
1188
874
540
1192
854
540
1176
844
548
1158
854
534
1184
858
540
1184
842
540
1172
860
532
1194
862
540
1214
864
536
1188
856
532
1198
882
496
1164
850
534
1204
856
876
1078
554
1052
902
494
1226
894
872
970
910
932
548
1240
906
990
556
1080
892
498
1174
846
544
1218
864
866
542
1208
858
538
1194
852
866
538
1190
882
496
1182
834
538
1152
838
542
1162
866
532
1192
860
534
1160
830
538
1118
822
834
536
1186
852
880
976
878
902
934
982
556
1236
942
962
554
1084
862
544
1178
840
540
1132
824
834
536
1170
848
538
1178
852
540
1176
840
854
538
1188
856
542
1188
870
536
1202
854
856
532
1186
846
854
534
1202
862
860
990
860
968
552
1114
888
1036
546
1072
900
490
1198
848
538
1150
860
532
1192
860
534
1208
856
872
538
1226
868
532
1196
868
536
1194
880
530
1200
888
498
1142
850
856
540
1214
872
1010
554
1094
880
546
1218
866
546
1212
878
884
996
880
902
554
1186
882
900
538
1214
870
1046
558
1062
896
506
1196
884
870
484
1202
848
534
1170
834
540
1158
838
846
540
1214
886
876
474
1240
882
538
1242
906
496
1186
854
846
540
1160
834
532
1124
816
808
542
1118
820
830
544
1196
860
534
1192
862
858
544
1182
862
532
1178
850
534
1178
848
878
958
904
534
1218
884
1038
552
1082
870
544
1220
860
866
996
880
1014
558
1048
886
950
870
498
1204
872
534
1184
864
532
1222
868
540
1202
876
530
1214
890
498
1178
834
540
1170
868
524
1222
870
886
540
1224
920
852
500
1146
838
546
1122
826
542
1134
828
844
528
1188
860
534
1192
844
848
538
1194
870
540
1216
868
540
1220
894
496
1172
842
538
1148
832
540
1146
840
528
1162
838
536
1140
824
840
542
1164
848
536
1174
846
542
1180
840
852
540
1218
872
530
1196
854
866
532
1190
852
532
1200
862
866
546
1216
858
862
542
1206
850
536
1160
832
526
1152
828
848
540
1202
852
530
1172
854
850
542
1154
838
534
1120
830
826
536
1176
842
858
534
1202
850
866
954
896
490
1212
870
538
1204
858
864
1010
562
1084
906
496
1168
852
842
538
1206
862
538
1208
878
1042
586
1038
868
542
1208
852
538
1166
850
540
1172
852
530
1154
864
840
498
1214
876
530
1226
874
902
996
850
498
1222
886
530
1206
894
500
1176
846
536
1168
842
852
536
1202
866
536
1228
876
962
910
484
1212
876
524
1182
844
536
1156
828
850
532
1176
850
530
1190
882
534
1234
880
948
912
492
1224
898
962
910
1006
558
1084
874
540
1184
848
536
1162
850
538
1148
836
530
1160
852
866
542
1222
862
542
1222
860
870
532
1216
858
530
1172
842
888
1044
544
1076
902
970
868
490
1198
880
536
1194
856
538
1182
856
534
1160
856
530
1182
856
870
952
890
504
1220
898
958
910
480
1220
880
536
1196
852
868
534
1210
854
538
1180
846
856
538
1216
870
532
1206
870
902
996
880
916
556
1228
884
540
1196
858
534
1170
842
532
1188
848
862
1084
544
1054
900
498
1194
854
540
1176
844
538
1164
840
538
1164
852
854
538
1204
860
886
534
1218
880
540
1208
888
864
484
1166
854
852
542
1180
864
872
536
1204
866
878
532
1222
860
868
1044
560
1072
884
538
1210
894
498
1182
856
534
1184
850
530
1164
840
538
1182
864
530
1190
860
532
1208
860
542
1202
850
534
1162
844
848
540
1166
854
526
1150
842
522
1114
810
810
540
1186
886
950
906
928
930
976
556
1242
920
952
910
480
1196
848
530
1162
844
538
1146
832
540
1154
842
538
1172
848
540
1248
864
888
992
880
958
548
1062
870
530
1188
868
530
1188
858
534
1188
854
860
540
1210
872
880
538
1226
872
526
1186
846
852
538
1224
876
528
1188
858
530
1210
892
968
894
956
562
1176
894
538
1210
872
530
1196
856
528
1176
846
540
1152
848
534
1172
858
532
1214
868
534
1182
876
868
530
1166
872
848
942
894
964
1014
1010
1054
560
1182
914
970
908
912
562
1156
876
540
1206
856
534
1172
850
532
1172
854
540
1174
852
534
1182
868
538
1202
862
532
1198
856
530
1190
862
526
1190
858
522
1218
858
866
1006
554
1114
906
498
1218
882
540
1196
864
526
1216
856
868
984
874
474
1220
864
902
996
844
488
1212
878
538
1214
874
1036
556
1086
904
492
1184
856
540
1166
852
522
1186
860
530
1214
862
538
1224
862
868
1070
548
1092
918
484
1220
874
530
1192
852
534
1170
842
536
1178
854
536
1178
852
886
530
1240
872
896
1034
542
1068
898
490
1196
842
848
534
1220
866
876
988
906
942
546
1242
904
970
904
500
1210
882
534
1204
864
534
1200
884
872
468
1200
860
538
1172
854
528
1226
864
540
1218
866
534
1186
856
528
1200
860
878
994
906
468
1220
874
534
1130
862
494
1098
816
538
1216
904
988
952
938
556
1248
930
910
900
956
552
1058
844
538
1166
850
538
1200
872
532
1204
866
536
1218
862
532
1186
850
534
1176
840
528
1210
856
542
1222
880
536
1216
856
534
1212
854
540
1172
852
524
1174
850
528
1160
832
854
532
1226
880
524
1210
860
526
1208
858
864
526
1202
856
532
1172
846
846
536
1160
838
836
524
1148
830
538
1124
822
828
538
1190
846
860
536
1212
856
868
536
1206
864
880
492
1164
848
840
542
1208
862
860
534
1188
856
886
526
1214
894
484
1158
848
836
538
1170
852
910
994
972
550
1242
918
960
910
944
548
1142
866
544
1058
950
1018
1090
1008
826
752
718
710
710
704
696
692
698
688
682
500
710
674
546
546
458
902
534
882
550
848
710
682
662
676
714
558
1156
898
536
1388
1022
538
1374
978
484
1244
888
496
1216
854
540
1176
850
540
1210
878
500
1120
830
532
1154
844
530
1196
864
538
1188
850
542
1212
876
536
1200
860
948
936
908
928
966
952
966
966
980
966
940
842
930
876
816
954
932
898
934
870
902
886
1024
1004
978
806
1142
974
978
864
932
918
1022
960
964
964
970
972
904
942
940
814
1024
844
932
524
1168
856
536
1192
862
948
912
944
936
1048
1098
1062
1034
1012
1036
1026
962
968
994
980
914
976
888
936
932
926
928
920
926
950
932
910
948
882
920
898
906
924
922
902
920
916
898
858
892
466
1154
848
550
1156
856
542
1238
874
948
964
948
952
952
970
1018
982
988
1000
998
946
926
952
896
922
950
904
970
1018
1034
870
960
884
904
942
896
946
984
934
936
944
948
960
962
950
946
960
900
936
930
924
934
936
882
918
900
906
922
934
924
930
944
938
952
972
950
956
990
994
950
982
968
546
1220
922
964
850
908
952
912
988
1050
1006
994
988
1004
1002
876
942
950
922
932
942
942
944
1010
568
1252
922
952
916
922
916
934
918
994
950
944
964
888
926
928
910
960
1010
956
970
964
572
1250
912
950
910
936
940
938
1000
1050
1008
996
978
992
534
1268
912
968
940
934
934
936
920
1022
1002
942
984
936
962
958
952
952
958
904
930
930
924
970
990
952
970
966
956
964
964
954
936
936
940
946
944
932
950
904
942
880
910
958
932
938
952
944
952
940
934
930
920
928
918
940
930
942
918
930
932
930
928
936
926
938
864
978
956
918
950
886
906
1026
1000
952
1000
988
928
986
934
954
572
1202
890
960
900
934
916
924
924
996
1046
1008
988
1004
886
932
954
908
932
968
948
934
866
1042
962
922
958
880
930
936
924
1008
960
958
964
950
950
946
936
914
944
884
794
1006
972
924
928
868
946
996
1098
1086
1040
1044
956
1002
928
954
978
970
970
980
964
958
968
946
960
978
952
968
976
962
966
910
936
940
812
1046
968
900
792
990
974
860
938
864
906
914
822
1022
962
886
946
866
778
1068
966
998
970
978
932
944
948
834
1044
946
1024
858
942
900
802
1010
948
882
962
808
914
908
1026
576
1278
980
932
936
964
908
940
566
1266
916
970
912
924
946
926
938
1024
1018
934
996
986
914
946
564
1272
940
1000
554
1252
918
968
570
1242
914
966
574
1220
902
960
932
942
1014
978
1038
1036
1016
994
1008
1042
1018
982
1012
1002
916
994
912
940
948
918
918
916
862
810
914
968
844
940
876
830
1000
968
920
976
938
960
1066
896
980
1038
964
1060
1038
932
984
860
926
904
1028
954
970
1024
894
972
900
946
938
970
942
966
960
968
952
948
964
972
886
816
940
992
856
780
988
970
922
958
928
988
1032
986
1016
1038
1006
1012
960
980
1026
962
974
1016
944
988
930
966
1004
914
942
940
788
1056
996
892
994
856
934
932
986
960
1002
1014
908
962
900
942
930
818
998
978
930
968
862
952
1046
904
950
1046
942
964
964
958
1010
892
968
878
938
922
808
1040
986
936
970
886
954
1032
914
950
972
1020
1024
974
998
924
980
1038
996
988
992
944
958
940
940
936
790
1016
990
870
820
920
968
826
786
954
976
856
936
956
1036
1036
958
996
1036
996
1036
1034
990
1014
916
986
966
892
962
892
788
1012
978
876
964
826
802
964
994
834
808
942
972
830
790
938
954
834
924
872
952
894
978
572
1264
932
992
942
966
892
948
1022
890
964
910
958
1008
904
972
910
940
564
1232
916
1002
896
950
890
822
982
978
932
948
894
934
936
962
940
944
988
912
930
946
948
946
966
950
938
1008
898
934
942
936
570
1246
930
976
926
936
878
850
888
974
848
788
970
988
854
952
932
1046
1030
984
1002
990
822
926
896
1002
928
956
948
948
936
968
954
952
1018
914
954
956
970
966
978
924
948
956
938
932
956
942
804
1016
976
922
820
966
980
870
934
912
950
1028
954
1002
1058
1036
950
1004
988
930
968
1024
920
960
1018
900
976
890
960
888
820
952
966
848
792
924
962
824
818
882
816
868
976
760
480
1142
944
798
1058
708
928
850
924
868
944
922
968
934
956
950
930
936
946
894
822
982
986
860
924
866
928
884
928
872
922
904
804
960
964
830
792
858
948
784
892
836
902
914
1030
1020
1002
1014
1010
884
962
920
918
926
926
914
810
1000
966
838
942
792
894
840
912
864
786
988
978
852
926
868
912
902
834
962
974
860
850
892
942
822
930
844
920
874
942
890
932
1000
900
962
922
946
1012
880
966
914
950
922
820
1026
984
910
818
984
978
872
798
1024
964
908
976
950
1016
1064
992
1086
1070
1040
1076
1062
944
1020
1004
882
966
928
960
938
1040
1020
920
980
940
966
868
932
890
816
960
980
874
934
874
942
888
950
1032
934
984
960
978
1028
968
998
944
986
918
950
892
798
1004
992
870
938
898
788
1034
972
928
972
930
940
948
976
936
1026
1054
1004
1012
1026
874
954
1016
916
964
930
944
996
868
942
902
946
906
802
1002
998
878
974
854
938
1016
912
948
1048
932
986
944
982
1022
936
990
924
954
1022
926
978
920
946
1004
898
934
944
970
994
902
940
1014
934
952
1014
922
956
962
960
1016
924
968
968
892
946
928
984
1026
942
966
1014
968
980
974
920
946
1000
896
946
952
960
930
968
952
936
570
1208
966
560
1162
890
986
938
944
970
982
1072
1056
1042
1030
1022
1046
876
892
866
908
846
924
882
926
910
1018
1030
926
986
932
952
1034
878
962
896
930
926
942
916
918
918
920
916
930
906
992
944
954
910
954
902
804
996
990
876
966
836
912
900
992
936
962
1016
918
982
934
960
1028
922
952
1020
936
976
948
972
1034
988
956
998
908
964
998
910
938
942
964
1020
918
952
946
1048
1014
980
1012
986
942
962
958
962
1014
922
980
940
968
1014
934
982
978
916
976
908
942
1002
896
930
930
936
990
906
956
972
918
960
1004
910
946
1008
922
952
958
962
1022
924
980
960
896
926
928
926
990
912
936
936
970
1010
934
960
1026
924
956
952
946
1004
880
926
990
878
942
902
932
556
1220
992
558
1140
934
882
976
562
1234
938
994
1046
854
954
990
924
962
1026
936
984
518
1216
1004
850
964
816
918
872
904
846
792
894
962
818
800
868
948
814
914
880
920
1006
916
956
1034
958
1002
1044
978
992
1034
962
1008
982
922
986
962
928
948
1024
978
986
994
970
982
1046
974
1020
1030
908
970
1036
966
1018
1020
998
1002
1032
1006
1018
1040
1008
1026
1014
952
1004
992
924
992
922
950
942
938
938
950
944
970
1006
920
946
1032
902
964
966
938
952
936
938
946
556
1208
968
872
976
840
948
900
958
1008
918
968
1008
908
944
958
958
998
908
950
1004
896
966
888
934
996
880
946
900
950
552
1170
984
854
964
808
920
892
918
1030
926
970
1020
978
998
1014
894
966
962
900
948
994
894
932
936
972
1004
896
940
1012
894
