424
1080
1072
1096
1096
1176
1096
1104
1168
1136
1144
1184
1216
1160
1184
1152
1136
1152
1152
1160
1160
1144
1152
944
1128
1088
1072
968
1104
856
1104
880
1272
1160
1128
976
1152
1152
1144
1144
992
1192
1232
1184
1184
1176
1160
1160
944
1232
1256
1160
1192
1192
1144
1128
1136
1160
1016
1168
944
1112
864
1240
1192
1176
1184
1408
1240
1160
1416
1288
1112
1320
1232
1208
1240
1352
1280
1224
1240
1240
1240
1224
1072
1384
1208
1248
1264
1256
1256
1096
1376
1232
1240
1192
1208
1200
1128
1272
1112
1288
1240
1192
1080
888
1032
856
1016
840
1064
1016
1000
1040
880
1080
904
1120
1064
1072
1072
760
1360
1056
1056
1040
984
1016
944
976
976
1032
1032
1000
1008
1032
1056
1064
1048
1048
1048
1024
1040
1016
832
1056
1040
1040
728
1344
1040
1032
1016
1000
1008
1016
1072
1120
1168
1176
1160
1184
1160
1088
1128
1144
1136
1136
1120
1168
1184
1160
1176
1184
1160
1208
1184
1224
1184
1200
1192
1208
1232
1216
1296
1416
1360
1248
1224
1216
1152
1200
1200
1200
1152
1152
1288
1200
1208
1240
1200
1224
1200
1200
1184
1200
1176
1184
1240
1224
1208
1256
1168
1216
1232
1208
1312
1248
1256
1200
1224
1224
1240
1232
1240
1208
1232
1200
1192
1280
1208
1264
1320
1256
1304
1280
1272
1224
1232
1248
1184
1208
1296
1168
1232
1216
1192
1200
1192
1200
1216
1352
1240
1280
1192
1152
1248
1216
1024
1152
1280
1144
1288
1248
1240
1184
1096
1240
1152
1336
1248
1232
1224
1152
792
1568
1192
1176
1256
1144
1192
1184
1224
1032
1024
1120
1208
1152
1224
1192
1184
1176
1088
1088
1080
1096
1040
984
1040
1040
1024
1040
1024
1056
1056
1048
1056
1072
1080
1096
1096
1104
736
1440
1360
1168
1296
1192
1192
1128
1120
1120
1104
1104
1112
1096
1128
1160
1136
1160
1160
1152
1168
1160
1192
1152
1224
1184
1208
1208
1216
1192
1272
1496
1256
1296
1144
1256
1184
1248
1232
1232
1224
1240
1144
1200
1192
1280
1184
1264
1200
1232
1128
1208
1144
1176
1192
1176
1184
1264
1224
1208
1176
1096
1176
1112
656
1560
1200
1232
1152
1224
1088
1184
1208
1272
1216
1248
1176
600
1456
1424
1152
1224
1160
1056
1160
1160
1368
1216
1256
1248
1168
1168
1104
1192
1144
1288
1240
1264
1256
1200
1200
1208
1200
1168
1168
1184
1264
1192
1208
1280
1232
1160
1240
1152
1304
1224
1272
1264
1216
1232
1168
1216
1264
1296
1248
1112
1424
1272
1208
1224
1200
1136
1352
1256
1232
1192
1152
1120
1072
1296
1312
1224
1280
1248
1128
1168
1144
1144
1160
1144
1104
1144
1128
1344
1232
1176
1248
1232
1344
1232
1224
1128
1192
1168
1216
1208
1176
1224
1296
1216
1256
1280
1272
1240
1208
1256
1240
1232
1256
1248
1248
1216
1200
1176
1160
1168
1200
1256
1208
1264
1256
1240
1240
1208
1152
648
1544
1472
1128
1152
1248
1056
1104
1080
1136
1120
1112
1120
1160
1120
1160
1136
1128
1144
1072
1040
1032
1048
1024
1040
696
1464
1264
1152
1128
1096
1104
1056
1184
1104
1184
1144
1232
1168
1168
1192
1248
1192
1232
1128
1160
1184
1168
1320
1224
1232
1184
1168
1200
1088
1152
712
1464
1464
1264
656
1320
1256
1288
1176
1336
1232
1272
1200
1224
1248
1160
1216
1200
1208
1200
1184
1336
1240
1328
1296
1256
1296
1296
1280
1256
1288
1248
1232
1160
1184
1240
1336
680
1472
1400
1280
1232
1304
1200
1256
1224
1224
1224
1144
1280
1240
1264
1264
1264
1280
1328
1304
1312
1232
1304
1208
1256
1176
1232
1272
1232
1264
1232
1224
1216
1176
1024
1424
1368
1240
1120
1176
1168
1160
1216
1192
1176
1128
1288
1176
1280
1240
1240
1160
1224
1168
1176
1184
1176
1256
1248
1232
1224
1224
1208
1296
1240
1280
1272
1320
1344
1304
1240
1208
1208
1168
1392
1240
1200
1216
1232
1208
1232
1440
1288
1280
1192
1280
1232
1312
1160
1304
1272
1168
1264
1224
1400
1280
1296
1216
1200
1128
1168
1160
1376
1304
1264
1272
1240
1200
1120
1216
1168
1400
1184
1176
1128
1176
1168
1296
1216
1256
1160
1240
1232
1264
1200
1200
1152
1176
1192
1256
1224
1224
1232
1256
1288
1160
1208
1304
1312
1216
1224
1160
1224
1304
1296
1336
1256
1208
1152
1224
1240
1216
1264
1232
1328
1224
1296
1216
1248
1256
1248
1344
1304
1216
1256
1200
1184
1176
1192
1336
1264
960
1184
1432
1424
1328
1288
1224
1160
1216
1232
1200
1176
1176
1176
1224
1192
1232
1328
1320
1440
1320
1264
1304
1168
1208
1376
1264
1224
1160
1208
1208
1208
1192
1216
1184
1184
1152
1168
1184
1256
1184
1392
1216
1224
1168
1304
1240
1344
1264
1280
1408
1320
1240
1328
1224
1328
1256
1248
1344
1296
1288
1232
1392
1296
1288
1288
1320
1312
1328
1272
1232
1336
1296
1248
1192
1264
1264
1272
1360
1304
1264
1168
1192
1144
1184
1232
1216
1336
1256
1256
1272
1216
1232
1184
1296
1240
1272
1248
1184
1152
1208
1184
1192
1264
1224
1168
1224
1208
1224
1224
1192
1088
1064
1104
1056
1096
1096
1312
1232
1192
1000
960
1024
1136
1096
1104
1160
1168
1184
1152
1160
1104
1168
1160
1112
1144
1144
648
1520
1240
1216
1216
1224
648
1600
1224
1184
1192
1160
1144
1136
1152
1128
1208
1216
1200
1216
1208
1232
1248
1248
1264
1272
1400
1280
1280
1192
1184
1136
1184
1112
1168
1152
1160
1176
1152
1224
1160
1184
1136
1176
1136
1152
1144
1152
1368
1360
1280
1216
1240
1152
1240
1176
1280
1216
1272
1224
608
1576
1312
1160
1256
1152
1208
1192
1184
1176
1176
1208
1208
1216
1128
1160
1080
1136
1088
1208
1216
1216
1272
1232
1256
1168
1160
1120
1144
1152
1168
1248
1216
1160
1096
1144
1112
1248
1144
1168
1144
1128
1168
1112
1128
1144
1264
1176
1200
1168
1168
1136
1136
1128
1088
1144
1144
1296
1216
1224
1224
1144
1144
1080
1096
1104
1136
1096
1312
1264
1232
1176
1208
1184
1200
1200
1264
1192
1200
1176
1168
1152
1136
1168
1176
1128
1152
1128
1128
1192
1152
1120
1064
1136
1088
1088
1032
1072
1080
1040
1088
1088
1112
1112
1128
1104
1096
1096
1080
1032
1040
1040
1048
1040
1064
1056
1056
1056
1072
1056
1048
1048
1032
1048
1056
1040
1040
1008
632
1336
1024
992
1024
1000
984
576
1192
1120
1064
1080
1080
744
1456
1088
1104
1112
1184
1120
1168
1160
1136
688
1520
1256
1144
1096
1200
1136
1152
1144
1184
1160
1264
1200
1216
1152
1248
1192
1288
1184
1224
1200
1208
1120
1184
1184
1112
1200
1232
1176
1224
1200
1192
1176
1104
1160
1152
1144
1192
1280
1224
632
1592
1488
1296
1232
1184
1152
1136
1136
1144
1184
1296
1224
1248
1248
1248
1232
1192
1144
1152
1136
1296
1208
1192
1200
1208
1160
1200
1168
1136
1112
1128
1112
1192
1112
1024
1088
1104
1112
1112
1096
1176
1160
1168
1160
1088
1032
1080
1000
1000
1040
1024
1000
984
960
856
920
888
952
960
1032
1000
1016
1056
1048
1072
1096
1048
992
1000
992
1000
1000
1000
976
968
968
992
984
984
984
1000
968
1016
1024
1032
1008
1032
1024
1016
1016
1008
1008
992
1056
1016
1008
1016
1032
1040
1016
992
976
968
976
976
1080
1064
1080
1112
1104
1136
1152
1128
1128
1152
1128
1088
1072
1064
1096
1104
1088
1088
1088
1072
1088
1056
1032
1040
1032
1040
1040
1040
1048
1032
1048
1072
1056
1072
1080
1104
1096
1112
1096
1128
1056
1080
1072
1064
1088
1088
1088
1088
1096
1088
1080
1088
1088
1088
1040
1024
1032
1040
1048
1040
1104
1128
1136
1112
1128
1104
1144
1136
1128
1152
1192
1168
1192
1200
1184
1160
1160
1144
1160
1152
1160
1152
1176
1168
1152
1168
1168
1184
1160
1168
1176
1168
1168
1184
1160
1216
1216
1216
1224
1184
1152
1192
1192
1152
1160
1192
1144
1128
1128
1136
1136
1104
1104
1096
1112
1120
1120
1112
1104
1160
1136
1152
824
1472
1128
1136
1096
1112
1112
1120
1120
1128
1176
1144
1184
1160
1152
1144
1128
1112
1160
1096
1112
1128
1136
1144
1128
1208
1216
1208
1224
1224
1216
1208
1216
1200
1224
1184
1216
1224
1176
1160
1160
1168
1176
1168
1176
1160
1208
1224
1208
1224
832
1520
1192
1168
1152
1152
1160
1160
1168
1144
1192
1200
1184
1192
1200
1200
1184
1184
1184
1184
1200
1192
1192
1192
1184
1160
1184
1168
1184
1160
1184
1168
1184
1200
1192
1168
1144
1152
1176
1152
1176
1152
1144
1184
1168
1152
1184
1168
1136
1144
1120
1112
1120
1144
1112
1112
1128
1120
1128
1136
1136
1136
1128
1136
1144
640
1504
1280
1136
1088
1072
1192
1104
1040
1128
1088
1128
1120
1128
1096
1120
1128
1128
1104
1144
1136
1160
1128
1120
1144
1168
1136
1160
1168
1176
1184
1208
1168
1176
1208
1200
1160
1192
1192
1192
1200
1176
1184
1224
1216
1216
1224
712
1528
1416
1224
1152
1280
1192
1152
1176
1144
1184
1200
1184
1168
1192
1176
880
1592
1272
1088
1272
1128
1160
1152
1176
1152
1168
1176
1272
1200
1256
1256
1232
1136
1208
1144
1144
1216
1256
1208
1112
1200
1152
1200
1144
1208
1208
1200
1192
1208
1112
1096
1120
1144
1128
1144
1160
1128
1136
1112
1096
1104
1128
1040
1048
992
784
1208
992
1096
1088
1104
1088
1096
1056
1080
1040
992
960
968
616
1336
1000
1000
1040
1008
1008
976
976
992
976
1016
1024
1000
1024
1008
952
976
992
984
984
968
1064
1048
1088
1112
1096
1160
1136
1144
1136
1128
1160
1096
1080
1072
1080
1080
1080
1088
1088
1088
1088
1104
1072
1104
1096
1128
1104
1096
1128
1064
1080
1080
1072
1064
1104
1080
1080
1104
1104
1096
1104
1088
1080
1136
1136
1120
1136
1136
1136
1144
1136
1128
1096
1104
688
1408
1064
1080
1104
1088
1008
1048
1056
1056
1048
1088
1072
1072
1080
1064
1096
1048
1032
1016
1000
1008
1016
1008
1008
968
1000
1072
1072
1048
1056
1024
1032
1032
1008
1008
1008
1008
1000
1016
1000
1048
1032
1048
1024
1040
1032
1040
1064
1048
1064
1072
1072
1064
1064
720
1432
1064
1088
1048
1048
1032
1048
1032
1040
1048
1056
1032
1104
1072
1088
1072
1088
1064
1080
1048
1048
1072
1048
1032
1056
1040
1032
1024
1040
1032
1064
1088
1072
1088
1096
1104
1072
1072
1024
1064
1048
1040
1048
1064
1056
1048
1072
1072
1080
1072
1088
792
1320
1056
696
904
1112
1520
1272
1120
1024
1072
1024
1056
1056
1112
1112
1096
1176
1144
1128
1240
1152
1176
1088
1128
1144
1216
1176
1120
1184
1088
1232
1032
1184
1160
1216
1184
1184
1152
1152
1128
1128
1112
1096
1120
1056
1104
1112
1200
1136
1192
1192
1120
1160
1112
1136
1120
1128
1152
1152
1112
1128
1128
1032
1080
1096
1064
1104
1064
1088
1120
1144
1128
1040
1032
1040
1032
1064
1016
1064
1072
1080
1064
1056
1056
1032
1056
1064
1056
1040
1048
1032
1032
1056
1032
1080
1064
1080
1032
1000
1008
1000
984
1064
992
1032
1040
1056
1040
1040
1048
1024
1008
1008
1032
1016
1032
1016
856
1224
1232
1224
1216
632
1536
1176
1104
1112
760
1304
1072
1088
1088
1048
1032
1048
1048
1056
1064
1088
1096
1112
1120
1112
1112
1080
1040
1048
1088
1048
1064
1080
1048
1080
1104
1088
1088
1136
1160
1136
1152
1144
1152
1152
1168
1160
1136
1120
1160
1168
1160
1168
1144
1176
1192
864
1464
1304
1168
1176
984
1128
1056
1128
1144
1056
1136
1256
1152
1176
1128
1152
1160
1080
1112
1096
1104
1208
1112
1160
1088
1120
1144
1128
1160
1136
1184
1152
1144
1128
1136
1000
936
1264
1104
1168
1144
1120
1104
1160
1056
1208
1120
1144
1072
1160
1120
1160
1136
1112
1128
1120
1136
1048
1048
1032
1000
984
984
992
992
1000
1008
1000
1024
992
1016
1040
1016
960
1016
968
1000
992
1032
1016
1016
1024
1040
1000
968
960
976
1000
992
992
1024
1000
1000
992
1008
976
1048
1024
1024
1056
1048
1016
1040
1032
1024
1000
1040
1032
1040
1032
1040
1024
1024
1008
1048
1056
1040
1032
1048
1024
1056
1040
1048
1040
1040
1040
1040
1064
1024
1048
1032
1048
1032
1040
1040
1048
1016
1048
1016
1040
1040
1032
1032
1048
1048
1064
1048
1024
1040
992
1040
1024
1016
1024
1032
1040
1032
1040
1040
1032
1040
1056
1024
1048
1040
1048
1048
1008
1032
1016
1040
1032
1040
1032
1048
1104
1096
1088
1104
1104
1096
1064
1064
744
1344
1080
1056
1048
1016
1048
1032
1040
1064
1024
1088
1056
1056
1056
1064
744
1344
1072
1072
1024
1000
1040
1032
1032
1024
1032
1040
1040
1048
1032
1048
1040
1032
1032
1040
1040
1040
1032
1016
1072
1064
1072
1064
1040
1088
1088
1048
1056
1056
1032
1064
1048
1064
1064
1080
1088
1064
1136
1128
1136
1144
1128
1120
1080
1072
1080
1088
1088
1096
1096
1088
1120
1120
1112
1136
1112
1128
1144
1120
1112
1096
1056
1088
1064
1088
1096
1056
1080
1048
1080
1080
1048
1112
1104
1104
1104
1120
1088
1096
1096
1096
1104
1088
1072
1096
1056
664
1360
1048
1032
1056
1056
1032
1040
760
1336
1056
1048
1048
1024
1040
1024
1032
1032
1032
1048
1016
1048
1056
1064
1072
1064
1048
1048
1024
1064
1016
1048
680
1368
1072
1040
1056
992
1040
1024
1024
1040
1008
1040
1080
1048
1072
1088
1080
1088
1088
1080
1072
1088
1096
1104
1096
1088
1096
1096
1088
1112
1088
1088
1104
1080
1096
1088
1096
1080
1104
1064
1096
1080
1096
1088
1096
1080
1096
1088
1088
1104
1096
1072
1112
1080
1088
1088
1056
1080
1080
1080
1088
1080
1064
1080
1072
1064
1072
1072
1064
872
1272
1072
1064
1032
1040
1040
1040
1032
1040
1024
1048
1072
1048
1056
1072
1080
1024
1072
1040
1024
1040
1024
1024
1040
1032
1032
1032
1032
1008
1040
1064
1088
1064
1072
1064
1048
1024
1024
1000
1000
968
992
1040
1016
1064
1064
1056
1096
1024
1048
1072
840
1464
1120
1120
1152
1152
1128
1120
1128
1136
1104
1144
1112
1128
1120
1128
1128
1112
1072
1112
1088
1080
1080
1040
1064
1048
1064
1040
1056
1040
1056
1032
1080
1096
1064
1064
1144
1112
1096
1096
1104
1184
1088
1144
1080
1088
1104
1088
1064
1088
1080
1088
1088
1104
1096
1048
720
1416
1120
1096
1096
1096
1064
1072
1080
1056
1088
1088
1088
1072
1008
1040
864
1024
1008
1008
1016
1024
1024
1008
1016
1016
1000
1008
1024
1008
1016
1056
1064
1048
1080
1048
1048
1080
1016
1016
1024
1024
992
1024
992
1016
1000
984
1016
1000
1008
1016
1000
1056
1048
1024
1056
1032
1032
1048
976
1000
720
1304
1000
992
1000
808
1120
1000
1000
1024
992
1032
1032
1032
1032
1032
1000
1000
1032
1016
1000
1008
1000
1016
888
1224
864
1048
896
952
1248
1032
1032
1072
1072
1048
1040
1072
1056
1088
1056
1064
1112
1064
1064
1088
1080
1088
1080
760
1416
1064
1040
1016
1064
1024
1056
1080
1056
1048
1048
1032
1040
1040
848
1088
896
896
1256
1024
1000
1008
984
968
1000
992
1024
1040
1016
1000
968
976
1000
992
984
992
912
1024
1072
1096
1080
1120
1104
784
1608
1408
1280
1200
1168
1136
1096
1136
912
1152
912
1208
920
1112
832
1136
904
1088
848
1136
840
824
1408
1072
1112
1328
1240
1184
1208
1088
1312
1144
1192
1232
1200
1176
1216
976
1336
1112
1192
1216
1184
1184
1048
1208
1040
1256
1192
1168
1184
1216
1192
1184
1024
1152
1064
1032
1288
1144
1104
1136
1040
1112
1136
1112
1112
1160
1104
1056
1080
1088
1272
1208
1160
1128
1152
1144
1088
1248
1144
984
1176
1120
1184
1128
1112
1056
1040
1040
1056
1048
864
1024
864
1032
1008
904
1032
1008
1032
1008
1048
1064
1040
1072
1056
1072
1072
1072
1008
1016
864
1008
984
1016
1016
1016
1024
1040
1008
1024
1024
1032
1040
1040
1040
1048
1032
1016
1016
1032
1000
1008
984
1016
968
992
960
792
1128
968
952
960
928
864
1120
984
1000
1024
1000
968
960
984
968
952
960
952
968
952
960
968
960
976
968
976
968
944
920
944
944
952
944
952
936
952
952
944
944
936
920
968
944
952
968
968
968
968
928
952
944
920
928
968
976
952
1016
984
1016
1056
1024
1016
1016
992
952
976
968
944
992
952
944
920
952
936
968
968
960
976
976
944
968
944
872
936
928
904
928
896
920
880
888
880
880
904
896
912
888
872
928
880
904
864
992
928
912
944
832
928
880
904
928
888
872
872
864
848
864
856
848
848
848
856
856
856
864
872
872
856
880
872
864
896
896
872
880
872
856
872
888
904
872
888
864
888
880
880
848
864
896
864
904
896
896
872
872
904
880
896
888
912
928
888
920
912
896
880
912
848
872
880
920
888
896
888
896
624
1144
872
880
904
896
856
880
872
888
896
888
888
904
888
848
864
872
896
904
896
912
912
912
888
888
872
872
880
888
896
880
896
880
880
848
864
888
856
872
952
936
928
912
952
960
920
912
920
904
920
896
920
904
928
896
904
944
960
960
992
1008
960
984
1008
984
976
584
1344
976
984
976
1008
976
976
992
1000
992
896
552
1496
1104
960
1024
1000
976
968
1008
1008
1008
920
1008
992
920
984
840
1008
944
912
976
944
880
816
864
864
1776
968
920
928
896
904
880
896
840
880
896
920
912
936
840
888
880
864
872
864
864
872
848
848
832
864
848
856
872
872
872
856
888
872
904
888
920
936
904
880
888
880
904
896
888
880
832
848
880
904
904
904
904
920
888
912
904
928
896
968
888
880
896
904
904
904
904
848
1192
640
1248
752
1104
1008
944
888
888
936
928
896
976
968
968
960
1328
592
1504
1152
1096
904
1072
1016
1040
1016
1024
1008
1000
1000
944
1040
1040
1040
1032
1056
1008
1040
1104
1056
1160
1128
1112
1120
1088
1064
1112
1016
1048
1024
1072
992
1224
840
1352
1056
1088
1120
1064
1088
1048
1048
1072
1040
1040
968
1008
968
992
984
952
992
952
952
960
1080
992
1016
1032
984
968
992
976
984
960
992
968
984
984
984
984
976
848
1000
904
1080
1008
1024
928
1024
1024
1016
1032
888
1016
912
1136
1048
1016
1056
1008
840
1008
1000
1000
992
1008
992
976
1000
880
944
888
1032
976
968
960
944
944
920
952
944
952
960
968
960
1000
1008
1016
1040
1008
1008
1064
1136
960
888
448
1488
1016
976
936
888
936
904
928
904
936
968
640
1352
960
984
952
984
976
976
976
984
992
1008
976
1000
1000
1000
1008
1032
1040
1056
1048
1032
1048
1024
1024
1024
1016
992
1000
1016
1024
1048
1040
1040
1104
1072
1096
1088
1088
1064
1096
1112
1104
1104
1080
1080
1072
1088
1080
1104
1080
1096
1088
1096
1088
1112
1080
1096
1080
1072
1064
1072
1072
1072
1056
1080
1056
1064
1056
1056
1040
1088
1080
1088
1072
1080
1072
1088
1072
1096
1112
1096
1056
1104
584
376
1072
1104
672
1392
1072
776
1344
984
1032
1008
952
984
1016
1008
1016
1008
1016
1024
1016
1000
984
960
968
944
992
984
976
1032
992
600
1440
1008
1008
928
944
960
632
1224
840
1136
944
952
936
920
984
992
984
1024
1040
1048
1048
1080
1072
1056
1064
1080
1040
1024
1000
1016
984
984
992
1024
1008
1000
1032
1032
1032
1024
1048
1024
1080
1104
1064
1104
1104
1080
1112
1096
1072
1040
1048
1000
1048
1000
1032
1032
1032
1008
1016
1008
1016
984
1040
1064
1080
1120
1104
1120
1112
1120
1112
1184
1184
1168
1160
1192
1184
1176
1176
1152
1144
1184
1088
1064
1096
1056
1080
1072
1072
1064
1088
1080
1096
1160
1120
1136
1136
1152
1128
1152
1144
1128
1168
1120
1128
1096
1112
1096
1112
1088
1144
1152
1144
1160
1136
1184
1168
1144
1096
1096
1120
1056
1072
1024
1064
1032
1048
1040
1056
1032
1040
1056
1056
1064
1040
1048
1048
1064
1056
1088
1304
1200
1232
1088
1136
1216
1032
1136
1200
1208
1128
1168
1208
