996
972
1032
1012
1028
1086
1088
1106
1150
1190
1112
1140
1146
1128
1136
1172
746
486
1070
1130
1136
1132
1124
1140
1132
1088
1078
1078
1036
1034
1062
1042
1010
1038
1000
980
982
598
1250
966
636
1046
850
686
948
824
780
718
788
786
822
868
926
974
970
1000
1020
990
996
998
1010
952
948
592
1264
914
770
1056
908
898
920
922
992
1034
1088
1130
1098
1110
1122
1116
1074
1050
1058
996
970
1018
998
996
1008
1022
1026
1000
1036
984
972
984
994
986
998
992
1046
1024
1022
1046
1056
1028
1034
618
496
924
648
1248
930
558
1284
954
896
894
916
938
1028
1022
1038
1056
1034
950
934
480
1312
910
900
852
882
874
942
948
952
968
978
948
956
960
956
960
980
988
976
974
974
978
946
960
972
956
970
990
1004
978
992
988
966
992
970
942
950
952
958
946
968
968
924
608
1208
922
768
1012
880
864
684
1054
614
1148
876
860
908
878
854
874
858
882
902
926
942
938
944
958
952
928
946
956
962
954
978
998
1006
1008
974
968
946
940
926
950
632
1212
932
840
892
842
848
904
936
928
934
960
948
956
964
964
950
972
1002
996
1004
1020
1044
1020
1034
1060
1074
1064
1054
1066
1058
1068
1024
1064
1042
990
1024
1008
1036
1030
996
1004
1010
930
970
974
972
954
538
494
882
604
1246
916
914
524
1300
936
950
970
956
952
1008
1002
1018
1036
1026
520
500
934
962
958
954
974
990
968
990
994
978
990
964
962
946
966
968
956
960
958
930
926
938
928
942
922
938
946
956
940
944
950
938
958
852
872
542
1222
870
886
932
882
954
566
544
912
1032
1028
1032
1036
1048
996
994
1018
946
980
982
964
972
984
998
1006
984
992
1004
1024
1008
1008
1018
1030
1028
982
1024
1020
1008
1028
1032
1032
1002
1024
950
968
974
616
1316
978
968
526
1292
904
904
1036
818
918
986
976
1004
1026
1030
584
502
898
976
976
960
954
958
956
964
922
926
740
1080
560
480
750
590
1120
822
862
514
1148
852
840
850
844
840
828
886
894
902
608
1082
1026
896
872
838
846
836
842
884
910
946
518
520
876
950
960
950
962
972
972
984
948
956
964
950
956
1022
1020
1030
1056
1060
1032
1046
1056
1016
1032
1046
1006
1012
1032
1002
1000
992
1006
966
986
988
996
998
686
1394
1012
1032
990
972
982
1038
1020
1016
1036
1044
1028
1004
1040
966
998
990
1012
1018
1012
1020
950
938
932
946
936
938
926
962
980
980
992
982
954
924
634
1178
904
794
1002
892
884
932
872
522
1296
592
1220
926
876
886
892
894
890
940
962
950
968
986
986
982
970
940
952
960
938
962
962
976
984
974
980
556
532
872
970
982
960
974
976
974
978
946
944
920
912
942
886
898
552
1224
872
782
968
880
654
994
830
832
894
858
766
1084
936
922
1000
936
944
962
936
958
954
952
944
938
952
958
946
960
966
956
960
980
982
958
968
962
630
1244
946
770
998
932
650
1012
864
736
938
864
872
908
930
946
938
966
988
966
964
966
948
946
966
984
960
984
990
978
988
1004
1012
976
1012
1008
958
952
964
954
970
962
1020
1008
1014
1022
1020
986
1010
676
1342
570
550
830
932
922
938
964
1152
824
936
950
926
976
990
586
1346
972
946
970
966
900
926
916
966
974
984
996
976
976
978
968
974
1000
994
984
998
1008
1168
854
984
724
1184
678
1212
974
872
922
916
974
978
1006
1030
1004
1010
1008
994
996
988
966
954
948
934
944
922
924
930
882
926
940
964
966
942
950
954
936
934
944
936
934
948
950
938
956
956
942
954
968
952
950
964
964
950
976
998
1012
1012
1036
1052
618
532
914
1008
1022
1024
1002
1002
1032
924
940
898
902
916
888
910
894
936
928
920
938
958
952
956
970
982
966
988
1014
1018
996
1008
1026
1018
1012
1032
1042
1054
1070
984
1010
1038
960
998
972
992
994
978
550
1334
934
870
848
832
832
842
822
876
910
942
966
966
984
1006
1010
1006
1024
990
974
1024
1038
1048
1056
1044
1040
1054
1040
1040
972
972
912
852
842
828
860
828
824
872
898
828
972
890
926
828
882
840
848
914
948
954
988
1000
986
988
986
1000
972
1000
960
936
938
1088
942
612
1278
950
942
1002
934
944
920
932
978
832
1162
988
992
982
942
946
956
970
982
970
980
1010
1024
1010
1010
1014
1008
986
998
1020
996
994
1000
1008
1014
550
1392
994
972
944
924
962
948
948
926
930
920
976
962
982
992
982
982
548
514
888
544
514
822
932
924
928
948
968
978
966
984
988
994
970
982
994
990
998
968
966
964
926
928
912
904
944
966
972
950
970
982
974
982
996
1018
984
1008
1016
1016
1012
1032
1024
998
1008
1008
1014
986
1012
1032
1014
1018
1036
1044
1008
1016
1028
1010
992
1012
1026
1002
1010
1008
1000
976
988
994
976
974
984
984
972
988
1002
978
980
988
976
986
966
984
976
980
970
1012
992
992
1008
1014
998
1002
1018
1016
994
990
998
972
988
992
980
608
1256
956
932
948
942
920
870
906
906
902
896
912
902
930
972
1010
990
1006
1010
1020
1024
532
1390
972
904
926
918
896
964
1018
1046
1042
1026
1046
852
1180
988
938
942
956
946
918
1000
998
976
990
976
1006
918
940
936
880
906
930
902
724
812
794
792
790
800
794
810
826
834
826
850
862
878
876
900
912
914
910
934
948
954
938
976
998
1000
1010
1026
1032
1008
1016
1032
1020
1002
1022
1032
1028
1000
1046
980
1012
998
1034
1012
1044
732
1370
1046
994
954
970
966
1026
988
1024
1026
1016
1034
1028
1026
986
1010
990
1038
1010
1030
1040
1004
1006
1034
996
992
1018
1038
1008
1032
1050
1042
1018
1000
1046
1014
1060
1080
1094
1086
1066
1084
1078
1030
1050
1060
1038
1022
690
1322
996
888
942
892
902
900
878
928
906
924
946
922
936
948
946
926
946
970
976
964
994
1028
1028
1048
1096
1118
1146
1126
1122
1116
1112
1072
606
576
970
1102
1046
1034
1034
1060
1032
1042
1064
1046
1006
1022
1014
1008
1006
952
950
962
950
1010
982
1010
1028
992
1006
1024
1046
1016
1034
1054
1040
1024
1046
1060
1018
1038
1056
1068
1040
668
1420
1058
946
978
1020
968
976
1028
1032
1004
1018
1028
1026
1000
1000
976
992
1004
1004
972
992
998
972
976
986
982
954
962
954
958
924
924
918
886
884
930
914
938
622
1284
910
924
1068
828
962
940
922
930
922
972
962
970
994
1008
994
1008
1024
1030
990
998
1004
1008
998
1024
1018
988
998
958
880
610
422
696
832
834
820
822
838
848
876
906
912
912
940
952
940
954
970
974
974
958
970
950
968
994
1016
1024
998
1008
1014
1014
1000
990
1038
1022
1052
1064
1030
1056
1068
1054
1026
1044
1050
1030
1064
1084
1098
1088
1070
1068
1050
1030
1046
702
1334
1010
998
1022
976
946
966
972
974
990
966
976
992
978
980
1002
1018
1006
1016
1040
1042
1024
1044
1064
1082
1056
1084
1104
1132
1090
1108
1044
1044
1010
1004
1030
1008
1026
1012
1024
1022
1012
980
1008
960
1004
980
992
1058
1008
1026
1032
1014
1020
992
996
970
1012
966
970
980
980
952
994
942
934
940
952
966
916
934
986
996
968
1000
1010
1034
1010
1034
1032
1034
1026
986
1002
1014
996
1006
1006
990
982
992
982
968
946
974
924
592
1296
944
930
950
930
922
942
954
978
974
960
890
1046
982
864
884
878
884
890
898
960
972
974
1000
1008
988
986
978
966
934
686
1158
930
526
1164
858
818
820
832
846
930
950
956
994
1018
1000
1006
1010
1002
556
512
874
534
542
834
952
976
988
976
996
994
968
986
1006
1000
988
594
1398
988
948
974
942
958
522
478
848
956
976
1002
1026
1018
1020
1040
1050
1054
1024
1030
1046
1044
1022
1046
1030
1016
1014
1028
1056
1020
1034
1048
1038
1020
1064
1014
1040
1022
1088
1048
594
560
946
1006
1052
1092
1100
660
1448
1084
996
998
1022
990
1018
1042
1084
1076
1098
1112
1122
1104
1098
1118
1120
1108
1060
1074
1094
1076
1070
1072
1086
950
1132
950
866
916
478
1232
874
860
856
856
866
860
890
896
914
896
900
902
888
900
914
908
914
914
914
924
900
940
878
914
882
876
918
918
936
938
940
932
924
930
942
936
948
968
970
962
924
1050
988
1000
986
608
1364
990
964
942
930
944
934
974
984
520
592
916
1004
1026
1030
1022
1012
1034
1040
1030
1048
1080
1088
1074
1080
1092
1102
1066
1062
1040
1020
1022
1000
1042
1046
1010
1060
1066
1090
1092
1096
1064
1078
474
606
992
1078
1104
1118
1072
1094
1108
1112
1090
1078
1034
1034
1004
1024
1030
996
1008
1020
1000
1020
1008
1102
968
1024
1046
1010
1072
1104
1118
1106
1076
1114
1088
1076
1054
1088
1076
1044
1054
1026
1034
1062
1066
1082
1082
1066
1088
1092
1074
996
994
964
922
916
918
906
898
910
908
896
912
922
872
904
886
884
886
886
882
880
864
848
854
860
846
902
922
914
942
958
928
948
966
948
968
984
1002
1010
986
1002
1004
1020
1032
1020
1036
1060
1074
1090
1082
1052
1072
1046
1086
1058
1056
1072
1076
1060
1064
1064
1030
1020
958
960
986
976
966
988
882
1068
964
974
1032
926
940
946
946
946
898
940
912
930
954
952
958
918
918
900
922
874
878
880
886
896
892
878
920
912
922
922
908
912
918
902
914
926
916
918
932
938
916
928
926
908
924
932
942
926
954
982
974
964
984
994
994
998
1014
800
1236
988
1008
950
974
960
960
930
960
946
944
936
974
940
948
952
970
960
916
934
972
986
1016
1034
1032
1052
1050
1052
1052
1088
1108
1134
1110
1128
1142
1120
1112
1142
1150
1148
1178
920
1038
988
982
1004
1004
1004
988
992
1012
966
946
912
912
480
1248
882
844
868
844
838
878
846
936
928
974
1002
1004
1004
1010
1022
984
954
976
1040
1056
1034
1050
1072
1090
1060
1078
1086
1094
1070
972
930
974
968
1024
1034
1054
1030
1054
1020
1008
990
1012
1014
1066
1040
1054
1038
582
542
956
1004
1018
1020
1018
1018
1024
1006
998
952
940
952
940
894
914
878
868
898
806
844
812
818
832
810
856
868
868
864
880
892
882
890
906
918
912
936
952
940
926
942
944
928
922
920
934
880
890
876
870
884
904
850
866
902
892
908
896
882
894
904
888
898
914
922
912
932
984
924
564
1232
930
910
960
906
956
950
948
982
996
1006
994
996
982
980
984
962
900
856
862
834
826
852
886
920
922
934
922
916
892
878
896
854
830
836
832
832
816
840
834
896
930
920
932
936
920
932
940
952
936
948
950
944
968
958
938
958
894
926
918
896
932
926
928
576
1286
902
944
864
874
922
862
768
658
484
912
710
1068
878
656
952
824
806
800
800
788
832
848
866
882
882
902
904
890
902
890
908
876
886
884
866
910
854
886
888
862
906
886
886
900
912
928
920
932
938
946
940
956
974
982
990
982
584
1364
658
1186
924
812
856
844
898
962
992
1032
1022
1038
1044
514
544
936
984
950
956
960
948
940
964
956
948
970
984
972
1012
1028
1006
1038
1040
1022
1032
1046
1032
1056
1082
1090
1066
1086
1104
1120
1096
1102
1100
1074
1082
1084
1094
1070
1062
1070
1008
906
1146
1010
946
990
896
948
940
972
1000
1028
1028
1028
1018
1022
976
1002
990
1040
1010
1064
1096
1104
1094
1104
1114
1052
1090
1128
1126
1136
1120
1140
1038
1072
1084
548
586
974
1056
898
988
774
386
884
892
882
914
960
1004
1022
566
508
930
1010
1020
996
1018
1032
1052
1048
1032
1032
1036
1034
1008
1018
1050
1018
1040
1044
1050
1016
1012
1010
950
960
762
1158
962
946
962
968
952
1024
1050
1038
1044
1052
1050
1020
1026
1032
550
572
896
1026
1058
1086
1056
1066
1058
1054
1016
1004
978
952
954
930
908
920
910
884
900
910
890
900
908
906
888
914
896
940
916
934
934
920
940
906
892
862
712
978
856
848
882
870
546
1200
884
882
914
904
898
934
784
1154
956
962
920
926
928
926
922
914
974
970
998
1026
1036
1050
958
986
996
952
1004
1022
1016
1004
998
1004
980
988
978
1000
978
992
808
1170
1008
908
912
942
942
980
1028
1068
1056
564
578
956
1066
1012
1022
948
944
906
912
934
966
994
976
1000
1008
984
1008
1018
1028
1024
1022
1016
1060
1028
530
586
988
1076
1042
1080
1110
1126
1082
1116
604
570
1030
1070
1098
1110
1176
1012
1048
652
1420
1032
978
1046
1024
1004
1008
1014
952
966
970
934
946
938
918
926
590
1222
894
900
854
876
886
862
930
962
958
990
1010
984
988
1004
990
986
1012
1024
1022
1016
1050
1050
1054
1054
1046
996
1030
1016
1008
1066
1088
1054
1082
1082
1034
1030
998
1006
818
1160
978
940
926
906
920
980
952
1004
1022
1006
1012
1028
1034
1024
1002
1006
1024
1014
998
1036
1016
1014
1022
1038
1026
1042
1050
1064
1064
1064
1054
1106
1104
1090
834
1320
1078
988
980
982
980
934
832
1086
940
912
908
898
886
874
914
894
918
934
902
918
920
884
920
874
888
868
632
1042
866
850
864
900
940
998
1030
1034
1038
1082
1094
1116
1088
1156
1192
630
640
1154
1232
1272
1268
1252
1196
1186
1178
1070
1136
1070
1012
1066
1042
1018
1028
1022
998
986
1010
990
972
992
1002
990
982
1012
1020
994
1030
1038
1018
1030
1032
1034
1008
1034
1060
1046
1072
1094
612
562
960
1072
1110
1128
1112
1122
1140
1126
1134
1094
1072
1040
1052
1068
1080
992
1058
1040
1036
608
566
908
1038
994
1008
1016
1002
1016
942
980
950
970
970
968
990
1010
982
984
986
982
976
958
954
926
958
936
974
954
974
978
958
960
976
982
966
972
996
1014
1008
998
980
996
986
996
1016
988
1002
1002
1004
1000
990
1008
984
996
982
998
1018
1032
1032
1026
1014
1020
982
986
986
998
966
976
1036
1016
1008
1030
1034
1054
996
1034
1010
1026
1008
1060
1034
1068
1076
1070
1068
1086
1084
1106
1036
636
1426
1014
932
976
598
1248
936
928
986
942
972
968
1004
998
996
976
982
988
926
960
934
932
924
862
888
872
872
886
830
824
830
816
872
876
918
962
992
988
1022
1056
1066
1040
1048
1072
1082
1082
1036
1038
608
1386
990
944
912
894
922
902
652
1234
940
958
942
956
962
916
932
944
962
978
948
952
956
960
938
958
964
956
958
1032
1012
1040
1062
1044
1058
1030
1042
966
982
1038
1036
1052
1090
1098
1090
1078
1086
1084
1044
1094
1052
1060
1086
1078
1050
1038
1064
1040
1032
1044
1052
1044
1062
1032
1030
998
1034
1028
1046
1048
1062
1046
1038
1032
1040
1002
1026
1018
520
556
946
1032
1032
1048
1070
564
562
978
1080
1082
1058
1082
1094
1064
1080
1068
1058
1050
1032
1046
1024
582
604
866
1056
802
1264
1046
1028
1018
1016
1032
1034
1010
1060
1072
1058
1048
1064
1040
1046
1034
1080
1040
1054
1064
1060
1062
1088
678
1412
1020
1006
938
580
1260
880
844
840
838
806
830
822
822
822
812
820
820
816
816
824
834
848
842
852
862
864
852
878
892
906
906
692
1184
930
710
1116
906
914
864
878
900
854
884
874
922
916
912
930
940
922
934
956
968
968
948
946
936
914
938
924
952
958
978
984
958
984
1002
972
972
978
982
968
984
1020
1030
1004
1036
1062
1056
1092
1110
1090
1098
1056
1050
1002
1044
1036
1036
1094
1136
1084
1112
1102
1094
1088
1080
1048
1074
1078
1028
1056
1030
968
934
944
902
956
882
934
908
924
870
884
898
862
854
866
724
1006
568
1224
896
866
912
876
878
880
918
916
906
926
864
842
846
852
858
860
866
930
936
996
1038
524
624
948
1078
1062
1038
1058
1026
1044
898
926
932
922
962
992
1054
1098
1070
1082
1088
1068
1066
1078
1064
1106
1110
1172
1202
1174
1178
1128
1108
1116
1102
1084
692
1232
902
858
842
812
798
830
840
850
820
816
808
808
810
814
824
822
852
874
904
944
986
1028
1068
1176
1068
674
496
998
684
514
1052
1158
1174
1150
504
660
1108
1166
552
662
1038
1110
1014
1054
1010
976
846
1040
934
954
926
950
876
924
906
916
948
950
928
940
948
926
942
958
946
958
964
942
940
936
866
960
930
888
876
872
862
916
936
926
966
984
992
978
988
986
972
978
958
950
948
956
942
992
964
990
1002
996
1014
944
1000
946
932
964
952
958
620
1302
948
942
946
944
928
944
986
998
1026
1042
1020
1042
1036
1060
998
1034
1006
998
1058
1076
1058
1102
1126
1084
1088
1116
1070
978
976
732
1272
1008
1014
984
980
990
1004
1014
1034
990
976
882
884
884
908
882
890
922
946
950
924
942
952
946
906
906
882
894
910
910
908
922
910
946
956
970
982
982
1002
1016
996
1014
1008
1018
1006
1040
596
580
962
1096
686
520
1038
1040
1016
1016
910
904
902
890
888
876
842
810
816
812
806
796
808
816
826
828
854
864
874
892
884
882
898
886
898
904
880
908
868
878
814
848
816
838
862
874
870
894
890
900
616
1210
586
1176
884
830
860
846
906
954
1006
1002
1026
1036
1028
1010
982
994
988
730
1124
932
922
1000
920
938
960
954
980
928
924
868
890
756
798
756
772
782
704
726
748
960
550
652
676
622
666
654
646
658
666
674
688
700
716
706
718
714
706
692
714
664
678
686
680
674
676
674
674
708
512
762
604
682
680
600
632
636
620
634
628
618
616
622
616
622
614
590
602
600
602
598
592
586
590
582
576
582
586
582
588
592
600
604
608
614
612
618
572
654
618
622
620
620
544
724
628
636
630
624
620
624
628
626
626
632
626
624
626
622
616
622
622
626
632
628
628
622
626
626
620
622
624
624
626
618
620
614
606
608
608
600
604
600
600
610
608
606
608
606
600
600
602
598
600
602
600
600
498
704
590
596
620
590
566
588
586
592
590
598
604
608
616
614
622
624
626
628
626
632
626
628
628
624
634
642
648
644
644
654
646
652
650
646
648
640
636
648
574
658
618
618
622
430
474
986
618
644
612
600
616
570
610
616
628
644
652
672
664
686
688
686
686
690
408
1004
684
696
724
600
654
638
662
666
646
708
652
668
690
670
638
670
638
622
664
582
642
608
600
634
646
644
654
650
660
662
672
664
656
660
648
652
642
640
640
630
636
630
632
630
626
642
638
644
650
644
640
646
638
638
636
638
638
636
638
648
640
638
642
646
642
652
648
654
656
662
662
666
664
670
676
524
848
518
830
692
496
758
638
650
680
624
654
656
666
686
708
716
724
750
766
788
742
776
778
772
774
766
760
490
1044
484
968
606
864
734
674
636
696
724
758
768
798
494
1140
548
382
674
746
748
738
718
716
694
670
708
636
644
668
670
672
490
870
532
804
650
654
648
524
368
516
650
724
776
802
832
856
848
840
824
844
818
770
834
764
768
814
824
840
848
772
780
782
776
772
766
588
614
580
472
788
724
698
690
694
702
736
748
758
780
808
808
814
828
816
810
814
786
800
774
760
524
1026
524
1044
534
1004
556
950
538
988
474
1078
574
912
720
732
738
766
792
806
834
834
844
840
836
828
828
812
810
820
802
798
780
712
730
710
730
732
792
700
704
570
828
696
686
726
658
646
682
686
690
696
714
706
722
734
738
746
754
744
736
744
736
730
742
740
750
766
764
764
776
770
776
780
778
788
782
776
782
750
750
742
738
738
732
734
738
732
732
736
720
722
704
702
512
888
714
690
638
660
634
654
644
658
652
642
612
642
634
626
634
626
630
632
498
794
632
632
660
624
664
586
626
638
606
640
504
786
638
630
526
398
970
498
740
600
624
598
614
574
624
548
604
604
620
672
592
644
648
658
654
656
656
654
550
754
656
660
728
650
672
652
664
638
664
654
664
660
514
808
570
732
526
756
646
620
626
628
608
630
628
608
632
642
642
576
724
648
658
538
778
660
654
650
640
642
644
638
642
642
648
594
722
654
658
590
418
972
508
440
488
504
638
598
702
652
666
680
684
684
692
688
678
676
672
674
670
662
660
658
656
662
526
810
666
668
698
636
682
618
640
636
660
668
684
684
692
692
692
684
688
518
868
678
664
466
846
446
872
770
496
628
640
632
628
624
616
616
616
614
624
618
634
638
648
664
666
670
680
680
682
678
676
682
680
674
672
666
654
648
646
642
636
640
636
636
652
650
600
700
656
664
634
630
492
724
622
622
630
628
630
636
654
648
654
652
648
654
654
652
524
800
646
654
650
650
658
658
660
664
662
662
662
668
660
662
658
658
656
658
660
658
658
658
658
654
658
658
654
488
846
466
824
738
492
604
572
634
606
614
616
626
638
522
774
644
410
914
502
796
632
638
680
580
650
596
624
628
630
612
648
660
656
658
662
656
656
652
652
636
638
634
632
636
542
732
632
644
638
638
640
636
640
638
642
638
640
644
640
640
650
646
652
658
528
802
670
670
698
682
434
874
660
530
784
652
650
688
564
698
644
640
652
640
646
642
644
642
638
642
644
642
640
650
460
846
646
642
624
622
614
624
562
682
634
632
636
640
640
634
648
608
618
624
612
600
606
604
600
592
594
600
600
594
588
590
598
600
608
604
462
768
608
598
602
600
596
594
600
602
610
602
608
614
614
618
608
614
610
610
608
602
612
612
608
604
610
604
604
598
600
596
604
600
612
482
756
622
618
622
608
606
612
606
606
616
612
612
616
626
628
628
634
626
624
612
516
704
600
614
612
610
612
618
626
634
640
642
486
816
632
636
472
796
626
564
668
606
608
606
610
612
616
618
616
618
622
618
626
626
630
626
634
634
632
628
622
622
616
626
608
608
600
602
