790
806
790
754
674
808
742
704
712
698
698
686
664
536
806
486
806
644
666
648
642
626
640
212
436
630
620
612
628
648
628
628
632
642
472
800
492
762
626
640
624
628
388
898
514
754
630
666
720
712
686
682
472
874
504
862
670
654
654
656
656
668
660
700
688
674
678
668
684
682
690
456
918
502
854
676
660
672
662
666
674
664
718
736
724
536
882
496
880
680
662
660
648
654
670
656
660
634
644
662
648
664
640
654
668
660
666
648
662
666
660
726
716
718
694
692
682
692
686
662
670
666
678
672
674
500
788
480
950
476
526
578
726
716
704
704
688
684
656
662
674
668
670
648
646
654
652
660
538
778
648
664
676
664
692
750
736
710
708
710
706
700
506
866
474
884
672
676
688
464
922
482
878
512
928
488
928
572
948
692
666
674
674
466
876
464
860
648
658
662
462
878
492
824
516
810
630
660
650
640
644
626
654
662
642
644
638
656
656
644
654
634
670
680
706
726
716
534
544
456
558
504
872
494
874
674
674
678
686
750
750
730
734
718
726
708
698
690
680
692
686
684
660
680
676
506
840
476
836
642
466
820
452
824
614
640
640
626
636
630
638
630
454
790
486
744
624
600
620
624
614
614
606
624
614
604
606
614
634
682
656
488
804
648
652
648
640
638
654
666
640
636
640
646
658
638
628
628
642
648
636
630
570
726
688
666
666
656
672
668
656
658
574
736
656
650
710
720
708
692
696
696
686
676
664
680
684
748
714
716
724
694
690
672
672
660
660
668
664
712
450
950
450
902
688
656
520
774
638
636
632
632
622
630
650
620
642
676
664
662
630
660
632
650
656
648
646
638
638
654
636
634
626
640
654
698
454
466
492
682
680
674
682
496
866
480
906
434
928
486
430
636
694
470
914
456
892
702
766
740
502
952
500
920
474
894
670
758
752
728
740
714
718
696
708
684
680
674
456
922
470
892
660
692
694
678
686
764
744
712
488
920
490
930
678
668
666
666
664
662
674
660
660
654
658
674
608
746
444
946
452
934
764
680
686
676
664
656
658
670
648
656
654
668
748
728
722
688
702
686
676
654
658
670
674
676
530
906
484
918
450
928
494
936
456
934
654
690
674
686
762
752
732
730
702
708
704
690
684
676
686
744
758
730
724
718
704
692
684
504
854
496
824
656
664
648
652
660
520
828
496
824
654
672
672
674
678
536
916
472
878
684
672
664
470
832
514
804
662
654
656
512
810
530
788
672
684
682
766
738
740
708
716
682
678
676
670
674
666
678
690
764
730
720
722
708
702
672
680
664
672
652
678
698
702
788
756
756
432
200
816
458
928
700
698
702
714
810
768
752
744
756
730
712
706
710
708
690
692
702
712
718
796
768
754
744
722
720
706
702
682
682
508
852
506
892
502
916
478
486
606
710
684
688
686
670
684
680
678
472
868
498
834
530
766
648
542
776
484
814
640
654
628
638
616
612
634
626
630
610
678
704
670
660
650
650
644
634
624
616
626
630
628
630
630
720
698
686
684
670
662
638
634
486
790
456
838
486
854
500
512
430
670
448
888
474
858
650
660
658
666
732
708
710
690
704
668
660
656
652
650
634
628
640
646
642
634
632
638
640
642
618
620
684
664
656
634
644
636
638
556
722
636
644
634
652
436
820
628
624
628
614
608
638
620
628
610
632
632
482
760
602
618
456
790
618
606
612
622
602
612
618
618
666
650
648
656
646
648
634
632
652
634
640
644
518
782
474
882
452
844
500
808
494
908
364
812
486
806
630
618
632
676
724
686
682
488
838
486
806
636
636
634
650
630
496
762
464
806
612
640
632
648
694
660
670
646
644
650
632
650
626
622
636
620
636
614
616
620
626
646
686
474
862
444
856
630
632
624
622
370
886
480
768
618
622
610
628
624
610
620
630
624
626
626
634
670
644
642
630
632
648
628
624
612
614
438
422
368
436
774
480
752
500
700
478
748
600
604
596
614
572
648
624
614
664
646
634
644
618
636
622
626
632
606
612
608
606
610
590
592
626
658
668
620
626
636
620
536
700
476
766
606
602
592
604
620
594
454
740
490
708
644
644
620
610
614
498
718
494
692
592
600
578
576
588
582
574
490
660
578
566
584
586
570
582
632
602
596
586
594
600
592
596
608
590
592
594
594
594
582
464
734
468
718
602
616
636
620
622
638
614
620
612
622
482
774
456
788
672
662
628
628
632
640
642
622
616
618
618
620
604
604
550
652
592
452
724
598
572
590
598
580
580
572
622
588
570
516
676
488
668
582
574
584
598
582
576
572
488
504
686
672
582
588
590
594
590
586
574
228
370
594
574
574
600
588
584
490
678
474
702
572
598
582
582
578
586
588
568
590
588
578
572
594
598
596
574
594
598
580
584
600
494
338
554
660
622
642
488
736
430
798
612
556
564
578
558
564
572
560
554
556
502
624
544
556
574
552
570
564
586
572
600
590
562
560
564
576
548
560
556
536
560
566
552
560
556
550
572
582
572
572
490
666
424
714
448
694
448
674
572
468
656
498
640
558
586
566
558
570
574
572
552
570
570
552
562
556
558
558
586
576
568
582
574
574
562
578
574
560
566
494
452
766
832
244
556
680
442
696
438
688
566
564
408
746
416
708
482
664
462
688
434
696
464
696
430
712
460
400
880
456
720
446
700
470
710
444
722
470
724
440
740
506
658
442
740
586
584
562
586
582
570
572
578
504
626
502
642
548
468
662
564
552
558
564
560
572
582
570
518
640
572
562
582
562
560
566
586
584
564
560
594
576
564
590
576
572
574
576
578
570
570
592
574
528
638
572
568
596
580
578
570
584
594
566
574
596
572
584
584
584
416
742
468
696
564
586
594
570
576
592
574
588
570
574
588
568
582
586
562
564
598
572
578
476
668
466
670
470
678
550
570
584
558
570
568
552
472
544
646
524
532
448
640
480
628
442
666
564
566
554
548
566
552
578
556
542
548
556
534
532
562
546
526
572
554
568
568
488
624
566
552
576
572
550
564
544
560
560
432
558
590
632
554
564
482
444
724
556
552
562
344
606
442
642
486
682
464
608
448
482
584
648
538
554
558
556
558
554
548
570
556
560
560
552
560
566
542
574
560
444
648
490
640
500
610
554
570
568
566
566
562
464
700
466
694
516
646
578
592
594
584
586
600
528
348
342
404
672
436
706
450
698
444
692
496
656
566
584
586
570
590
606
580
586
618
602
460
734
458
734
486
686
474
728
610
620
422
392
506
466
598
506
722
482
722
446
510
702
436
698
546
572
580
432
686
462
656
572
568
568
580
556
578
580
566
588
590
578
584
602
596
598
588
582
568
548
474
468
724
454
696
500
670
590
604
606
594
616
612
596
606
610
618
614
608
622
630
626
638
610
478
760
476
748
492
430
902
506
714
628
626
626
520
642
592
598
596
606
490
476
746
636
624
610
614
620
626
468
800
450
798
624
638
624
656
680
658
650
456
826
488
798
638
634
546
756
624
644
616
492
806
438
750
460
730
516
674
590
598
576
428
722
456
284
960
438
716
554
576
452
690
460
726
594
604
612
646
648
638
644
648
660
646
628
646
626
470
806
460
782
500
752
480
792
482
798
466
804
490
772
478
762
628
624
616
638
610
602
588
602
590
580
582
590
572
584
530
616
576
556
574
572
564
572
580
562
558
582
570
558
570
566
558
556
570
572
548
558
576
568
568
578
558
402
762
444
706
482
674
444
706
478
700
426
736
486
712
428
748
474
752
444
746
470
748
406
802
468
772
442
770
472
756
456
744
476
780
446
788
476
762
464
790
462
784
448
796
456
748
466
774
482
722
464
764
454
742
482
748
452
746
480
742
442
744
504
704
460
714
514
672
574
574
596
566
578
594
508
648
506
372
880
446
710
460
706
574
602
596
590
574
586
600
574
492
670
574
580
592
592
586
578
574
582
568
576
578
454
674
502
654
562
578
578
574
560
568
568
498
622
574
566
556
570
566
564
584
566
562
562
584
390
724
492
644
560
564
578
560
376
754
558
372
770
486
626
482
442
694
550
574
550
550
560
542
536
558
502
586
550
544
548
470
620
482
600
542
554
536
544
546
528
552
558
526
528
554
558
538
550
558
546
554
556
458
626
446
654
438
678
432
646
454
664
440
662
428
686
458
672
440
686
454
690
446
686
452
686
438
738
446
722
466
720
454
718
450
730
432
732
448
730
440
736
446
478
848
446
748
464
702
466
714
448
716
540
648
484
662
480
686
440
708
476
682
570
582
584
558
572
454
712
468
676
562
570
564
570
574
550
572
578
468
288
256
448
802
442
692
566
572
564
484
638
494
638
488
628
488
662
448
676
442
670
448
704
446
684
576
594
590
578
588
588
580
582
496
676
450
722
432
742
454
706
460
484
764
596
582
578
592
578
584
578
582
582
586
568
574
568
580
576
562
568
586
580
570
580
572
576
592
544
528
532
540
528
544
546
534
476
596
520
520
546
528
526
538
550
530
562
510
384
306
354
310
284
532
552
548
538
554
536
532
554
552
548
548
540
548
546
548
548
544
546
544
532
546
544
432
632
448
652
476
592
538
522
520
520
546
548
518
530
536
524
550
524
528
520
536
534
520
530
526
520
530
522
524
508
556
484
592
430
654
460
430
652
452
608
448
656
442
636
428
648
456
640
428
650
442
636
438
654
416
488
412
678
648
504
584
528
536
526
540
542
524
464
634
522
534
532
522
540
484
582
434
648
448
644
454
608
474
316
304
518
442
442
290
346
596
542
346
700
518
506
538
534
518
516
526
514
534
532
516
504
540
476
564
530
526
522
516
520
520
520
528
528
466
584
520
528
536
508
520
536
452
582
446
598
400
650
428
554
424
660
424
610
514
528
518
500
512
528
514
526
520
522
544
534
482
578
414
644
460
628
428
660
440
450
558
420
506
488
856
440
752
512
634
466
682
418
706
478
482
782
470
644
450
664
438
684
426
674
450
464
758
480
638
482
648
446
666
456
688
430
714
424
448
634
660
590
576
588
586
572
582
598
600
578
574
572
576
556
568
580
554
580
576
570
556
566
560
566
574
568
560
570
570
580
476
670
588
590
596
606
574
560
580
574
580
560
572
578
568
578
580
566
570
598
572
562
592
572
584
570
500
676
414
728
432
740
440
746
408
792
428
778
424
824
436
808
422
832
430
780
442
770
456
736
466
744
452
738
458
754
472
724
458
762
424
776
456
778
436
780
452
782
420
784
456
768
470
756
466
750
452
770
456
742
444
744
454
756
442
744
456
754
476
742
452
788
470
774
448
770
486
748
464
758
458
774
462
758
458
760
618
614
606
610
602
416
794
446
762
592
596
624
602
502
702
456
732
458
716
464
716
468
710
488
682
482
684
470
708
496
692
458
710
474
704
444
718
474
700
460
690
482
674
456
726
456
716
456
718
480
728
452
746
444
762
454
470
894
456
794
480
784
452
810
474
724
506
808
456
784
626
612
630
598
634
616
624
602
616
616
624
594
594
616
464
734
456
730
500
710
600
604
582
592
610
606
598
578
598
606
576
586
616
590
598
580
588
594
568
582
602
578
588
584
586
580
568
480
698
432
724
472
722
454
720
488
722
454
738
450
746
446
766
450
774
438
780
450
796
452
772
456
776
464
758
458
766
300
922
444
776
614
378
240
612
622
610
600
472
756
462
702
482
682
596
584
572
590
584
570
554
570
572
564
570
580
568
568
576
568
572
254
326
580
580
570
458
694
562
564
574
550
564
574
554
560
580
570
574
572
582
576
558
492
270
386
560
568
576
578
498
664
448
710
422
736
440
698
454
718
428
700
460
694
440
702
480
670
458
570
544
526
532
540
518
530
532
514
524
526
516
526
530
478
450
648
460
510
430
712
440
618
524
526
524
542
414
618
456
600
436
618
462
400
306
394
532
524
548
528
530
544
522
532
552
534
522
542
538
520
540
542
534
540
538
538
558
526
540
444
630
434
636
430
624
446
616
428
634
478
584
494
574
528
526
262
258
518
536
528
514
534
522
530
548
530
516
538
532
532
538
526
518
542
542
546
544
532
534
478
638
422
668
432
440
740
448
636
454
632
436
634
436
650
450
610
544
574
548
548
540
556
586
490
606
454
674
434
700
436
468
750
430
668
460
654
424
398
292
444
648
450
678
442
658
436
672
434
420
584
582
576
588
454
736
412
820
444
742
446
706
434
722
448
718
444
738
448
734
446
738
436
738
492
720
458
728
444
764
468
734
440
786
442
774
464
776
430
800
446
822
438
812
446
874
434
864
442
830
450
826
432
808
448
796
458
786
450
786
460
776
436
764
484
766
452
766
470
750
460
732
456
736
468
732
458
756
440
754
474
750
440
766
444
796
468
758
474
764
458
782
444
774
458
760
488
726
450
760
484
714
450
728
458
736
486
736
476
728
452
744
538
638
590
592
598
612
600
604
604
610
608
594
582
616
604
600
592
600
606
596
508
698
442
732
470
720
472
648
504
730
470
678
516
634
476
686
212
356
600
452
706
468
696
570
592
562
378
490
298
250
324
584
558
582
588
572
580
584
574
570
592
574
576
558
580
576
566
582
572
566
576
588
580
570
572
568
580
558
588
226
354
590
396
656
664
520
732
588
598
576
588
400
394
538
872
438
810
446
756
468
714
454
726
484
680
590
468
672
488
448
208
576
542
554
574
548
470
678
462
642
568
556
550
564
544
440
692
464
656
492
392
234
570
544
560
540
552
558
560
540
546
556
540
520
518
362
238
492
610
448
592
496
564
484
582
454
598
450
610
522
450
588
512
554
516
526
546
514
536
544
528
490
460
664
440
654
428
648
440
636
506
590
532
534
542
524
540
554
536
536
548
524
528
550
526
522
536
522
534
544
524
530
544
532
538
542
518
450
620
412
674
428
660
446
642
426
648
474
598
434
628
450
620
428
650
434
638
418
646
434
622
422
664
410
662
438
656
410
704
428
656
448
652
428
672
436
666
432
660
560
546
550
552
534
430
652
438
642
450
668
420
660
516
596
448
638
432
642
460
618
448
642
434
644
454
624
450
634
456
616
460
626
426
656
542
540
534
540
536
546
538
530
532
566
556
538
550
562
530
470
472
574
658
440
642
452
676
426
656
458
656
442
680
430
662
450
660
446
654
436
652
458
654
552
546
542
552
546
474
646
442
462
632
426
648
454
586
516
466
614
440
610
448
630
436
616
424
650
508
548
524
510
540
532
540
550
464
600
460
632
526
420
648
426
638
518
554
538
536
520
550
540
520
540
532
530
468
608
458
624
528
526
548
536
526
468
590
446
662
482
578
462
624
478
592
466
598
458
592
536
544
522
520
536
442
374
256
526
522
524
532
520
524
530
476
576
542
514
522
534
522
506
534
522
520
528
516
528
520
510
514
490
552
508
504
520
442
626
454
564
534
520
524
522
510
522
510
518
528
532
542
528
526
474
580
434
632
510
514
528
536
520
534
528
520
496
556
442
604
406
602
428
618
438
610
462
564
452
574
518
520
498
510
516
522
524
516
518
518
514
544
522
502
524
530
506
542
446
254
230
276
242
208
418
402
644
410
622
440
570
422
502
546
622
442
592
452
588
426
614
420
482
560
620
428
612
434
620
476
562
440
614
432
598
422
604
536
516
494
532
510
430
616
502
506
518
492
524
530
514
518
516
498
518
532
520
508
508
520
526
526
526
524
518
550
528
440
626
402
652
430
622
416
642
436
602
448
624
522
540
522
518
544
534
530
548
452
600
502
598
522
536
522
536
546
474
592
506
584
530
546
530
558
526
452
598
478
610
440
618
444
624
488
600
402
670
524
330
374
570
468
858
444
746
616
454
720
444
712
490
680
450
728
432
772
444
684
562
558
578
576
570
566
576
364
758
454
692
476
658
456
694
566
582
560
542
572
592
544
472
640
466
472
602
434
774
448
786
588
528
632
432
354
400
754
440
802
466
742
454
758
600
610
602
620
604
578
572
592
466
694
454
692
444
704
440
718
558
570
590
402
718
436
672
552
566
560
550
538
560
568
552
570
556
542
542
558
542
494
608
532
546
566
546
538
544
550
546
568
548
542
484
626
480
632
548
540
550
564
572
552
554
562
538
548
554
544
552
560
552
566
572
568
516
642
462
684
464
678
440
678
570
588
550
564
578
568
564
566
566
484
650
502
634
570
556
556
558
576
566
538
466
658
460
656
562
548
554
572
554
536
556
548
548
550
562
556
550
558
564
542
562
484
634
500
624
548
568
572
550
458
660
430
680
456
676
572
574
582
580
550
580
592
570
558
590
576
590
574
570
450
708
442
706
448
692
472
656
456
724
566
556
540
602
570
554
528
616
470
668
504
654
444
702
494
628
472
652
448
662
562
564
486
632
466
636
464
660
456
624
462
648
556
572
538
542
566
552
562
450
658
444
686
574
570
558
570
548
592
510
606
572
562
592
554
568
580
572
566
572
500
628
480
646
488
628
450
690
428
650
562
552
458
684
452
672
466
700
456
686
454
696
462
676
452
680
462
698
454
672
480
670
448
670
470
654
546
578
574
542
550
568
552
560
568
530
544
572
568
562
556
554
458
658
442
664
540
546
564
562
560
564
548
560
580
552
558
570
552
562
582
576
464
674
444
714
454
686
466
678
454
690
562
578
524
624
558
574
518
634
494
366
828
434
686
562
444
654
562
558
444
648
432
670
566
548
552
560
548
550
550
542
532
542
490
606
456
634
544
532
544
562
540
544
538
520
548
560
542
558
548
526
548
570
550
546
554
546
554
596
568
552
574
578
574
586
562
584
562
594
588
576
586
590
572
596
812
616
616
612
622
652
636
638
618
610
596
420
780
432
752
596
578
578
602
592
594
636
430
832
422
798
488
712
470
726
576
578
572
576
582
568
574
560
570
578
550
566
574
566
592
640
612
444
748
446
742
456
688
584
572
578
590
586
586
576
594
600
666
488
728
450
770
444
744
452
718
452
724
446
716
448
692
458
856
456
672
554
554
578
550
550
548
556
560
548
552
552
274
268
570
564
538
444
660
554
568
556
546
464
540
446
740
556
204
336
540
568
544
534
552
534
544
554
226
312
534
542
416
660
556
538
538
538
542
554
540
536
538
534
548
546
530
544
544
530
548
538
530
534
540
524
538
290
262
522
540
546
524
536
534
486
580
450
602
446
642
440
640
432
642
466
620
440
640
458
616
462
642
428
670
444
660
458
658
428
672
460
646
434
698
442
668
448
686
436
678
412
710
436
688
438
680
428
702
436
674
466
652
422
284
400
560
564
582
556
548
554
564
556
534
542
562
542
562
554
544
546
552
550
552
538
524
546
556
450
632
456
618
462
628
408
650
422
634
484
604
442
638
456
628
430
676
452
620
448
664
442
674
408
732
442
690
506
666
442
720
432
712
442
754
426
728
460
708
428
704
464
674
430
736
444
676
468
294
396
444
664
420
682
448
646
436
686
450
656
438
668
454
644
466
634
444
656
564
544
528
568
460
632
474
614
432
672
420
662
462
638
434
642
444
626
454
636
428
652
550
562
548
554
556
550
564
566
536
476
662
432
684
430
700
454
692
440
684
424
702
456
696
454
702
438
716
422
750
428
732
414
784
456
724
432
758
452
744
430
740
422
762
438
742
426
764
446
736
456
736
442
714
458
716
426
708
596
560
570
576
584
552
568
582
572
384
734
412
714
568
586
556
552
562
556
558
582
554
538
564
560
564
558
560
554
552
568
578
556
556
558
440
698
434
688
448
704
446
684
474
658
436
698
458
678
418
694
456
686
428
694
436
688
446
688
440
692
436
704
446
700
430
406
430
470
584
552
470
666
448
680
458
702
428
696
450
698
434
682
464
682
444
712
442
706
462
706
434
724
438
712
448
728
436
732
452
738
448
732
444
722
450
744
442
722
464
720
468
682
464
494
402
392
556
556
564
586
578
432
696
430
694
568
564
564
556
566
582
548
558
576
550
464
660
414
692
470
662
450
668
416
672
478
666
464
632
458
676
456
670
440
662
566
588
560
412
700
432
704
450
684
432
684
438
698
430
682
422
710
444
712
436
710
438
738
428
738
434
742
424
616
304
916
422
514
424
516
590
578
594
606
578
582
604
584
594
480
674
428
716
442
734
438
692
594
594
472
676
438
716
436
730
472
682
450
742
444
712
452
714
420
748
450
714
444
720
450
716
440
738
430
772
440
690
468
728
454
694
460
690
480
666
434
700
494
656
428
690
444
664
442
682
422
396
830
438
686
472
650
560
588
570
562
556
562
574
572
470
680
426
712
470
420
854
460
688
470
670
462
706
458
680
484
666
488
602
644
788
506
712
486
710
442
744
462
864
442
810
474
778
496
734
498
736
464
778
452
776
482
796
440
890
450
848
476
772
472
756
470
754
478
740
476
746
460
760
460
742
458
850
462
830
424
818
492
742
512
690
474
740
470
722
590
604
614
580
674
660
630
634
612
602
612
594
592
584
590
588
586
586
470
706
442
726
444
728
458
702
442
738
448
722
454
716
476
704
468
692
442
738
442
722
474
708
454
708
436
730
460
704
456
732
454
742
444
802
436
762
610
598
600
626
596
604
592
602
602
584
582
588
590
592
600
434
838
424
816
472
752
426
758
462
742
444
718
462
718
438
728
434
744
442
722
456
736
448
780
446
812
446
686
582
566
556
574
556
562
576
566
560
478
634
462
654
558
562
542
558
562
552
568
572
542
558
576
566
562
566
560
552
550
568
226
336
540
556
564
550
562
568
560
580
594
588
590
586
580
600
594
580
586
582
608
600
572
590
352
822
438
742
480
698
432
468
568
600
628
690
658
650
634
628
630
616
606
598
596
602
586
506
694
436
748
452
720
448
736
452
726
460
708
480
696
450
784
452
770
592
592
606
566
660
576
596
468
734
428
744
440
720
438
730
458
712
460
328
488
498
582
468
740
434
838
434
810
444
796
434
780
456
754
430
792
454
766
438
768
452
764
420
778
430
784
424
770
470
746
434
770
472
736
420
754
480
738
426
768
446
760
436
752
470
724
434
760
464
728
428
744
466
720
466
708
444
736
482
692
592
580
584
594
578
562
594
578
574
568
584
584
576
582
598
614
590
478
722
426
748
440
660
538
734
454
710
432
732
448
724
434
722
450
728
436
762
430
826
430
472
398
596
452
806
430
796
506
706
444
772
462
756
444
758
460
750
444
744
480
734
468
726
470
740
458
522
812
606
594
606
618
606
612
616
626
652
666
648
640
644
640
614
514
714
490
748
446
770
490
540
466
898
420
838
598
598
622
604
616
624
630
444
892
424
868
500
790
458
798
468
780
474
764
444
792
482
774
456
782
486
776
450
788
474
888
440
902
468
514
456
534
646
648
636
628
466
792
448
796
620
628
632
476
798
446
834
490
864
420
534
426
588
654
666
658
656
644
642
642
640
642
628
644
448
834
432
836
500
774
458
820
498
788
486
824
646
626
670
720
682
676
664
656
664
664
664
434
848
460
814
518
756
450
812
482
798
626
654
666
710
688
656
672
654
650
484
796
442
820
608
630
626
528
736
514
752
478
806
454
900
476
840
664
644
644
642
644
664
642
638
638
676
736
690
688
670
674
664
656
664
644
648
654
468
852
450
916
446
940
448
898
656
638
642
646
656
658
670
726
700
694
690
674
678
656
654
652
650
654
684
748
692
690
684
678
682
650
654
638
640
648
626
636
644
674
708
674
680
664
656
630
638
652
628
632
634
652
732
682
672
482
822
464
824
480
774
490
840
468
934
464
900
460
840
484
810
472
900
450
946
492
888
472
848
470
824
480
808
480
844
480
924
480
890
464
852
484
790
480
810
460
860
468
948
478
898
456
876
460
844
478
846
464
920
478
948
492
868
464
862
470
814
472
824
478
796
486
474
400
550
632
612
624
634
468
804
430
846
478
886
492
892
450
850
480
794
466
792
400
288
216
360
392
864
516
732
486
760
474
752
474
760
514
694
480
740
438
752
474
748
474
704
496
720
596
608
628
486
870
444
822
632
616
618
600
600
604
430
734
452
710
436
706
570
582
454
654
566
542
552
568
550
546
566
544
546
560
544
548
550
540
446
642
448
654
578
556
560
546
558
562
530
552
562
536
548
558
538
550
556
548
544
560
534
544
552
550
532
554
528
532
552
528
526
534
514
532
536
456
596
502
530
536
468
574
476
538
410
586
510
426
552
488
498
482
488
498
480
472
496
480
490
482
472
470
454
502
476
476
482
424
518
440
500
422
500
434
526
406
550
396
476
462
506
410
540
418
542
414
536
412
544
404
558
390
558
420
530
404
544
426
536
400
562
404
546
402
560
392
560
432
526
416
548
390
554
414
544
406
542
436
528
418
566
424
544
392
606
438
542
476
478
426
538
414
526
456
506
476
486
488
470
420
550
404
532
416
554
400
544
392
456
494
480
466
454
330
454
448
554
428
658
392
564
432
502
476
480
454
482
478
438
410
540
400
538
470
468
366
560
372
570
414
512
428
408
576
364
502
460
464
476
464
468
464
468
456
446
476
456
462
432
508
420
422
418
576
382
560
408
988
472
418
528
392
556
406
556
404
566
412
560
366
574
420
506
920
428
500
368
500
506
468
450
472
414
374
594
362
562
404
514
424
470
408
506
450
388
500
454
456
474
448
452
426
428
370
524
390
480
374
542
396
516
392
518
394
496
410
488
384
514
372
528
418
398
530
450
450
436
388
448
386
528
416
496
428
466
426
452
404
478
400
476
370
510
404
468
420
484
380
512
452
440
436
382
480
468
428
462
438
440
410
468
422
456
392
390
522
434
464
364
446
398
520
394
492
408
510
392
512
366
518
408
480
400
484
352
534
366
428
954
378
496
402
478
836
472
440
430
450
368
496
400
482
396
474
410
458
420
390
480
444
434
418
438
426
434
424
408
406
458
316
538
364
520
470
450
428
436
392
484
402
466
366
506
380
416
884
414
486
362
520
380
426
374
594
388
506
392
492
390
496
426
466
382
508
404
484
372
518
408
484
374
504
382
506
384
394
566
398
488
370
522
378
510
378
516
378
508
384
520
386
534
368
534
372
544
908
388
536
370
542
398
432
402
384
704
372
778
384
620
484
480
468
468
436
498
352
414
492
460
652
410
594
380
600
388
584
784
656
404
614
378
606
396
384
662
414
638
352
684
396
632
392
612
408
632
392
634
398
612
392
610
390
412
648
424
674
390
646
404
624
402
636
432
634
394
636
396
652
408
656
388
670
364
684
808
676
410
714
390
666
416
646
410
668
406
662
324
746
408
666
402
680
396
674
412
676
402
686
406
708
408
710
394
718
418
720
398
728
406
718
416
704
418
720
406
724
400
690
406
726
418
718
388
732
442
322
458
474
434
682
418
714
404
706
420
688
412
718
424
710
394
712
438
706
418
716
404
732
418
740
410
732
420
756
414
734
412
744
424
746
404
760
426
744
412
778
420
760
406
788
430
764
406
772
430
770
410
766
434
762
410
776
432
776
408
784
438
794
406
756
434
734
422
720
440
708
416
730
420
708
424
700
422
706
430
710
430
704
448
684
426
720
440
690
448
684
412
712
440
700
416
698
440
694
444
710
408
698
460
708
414
684
438
342
430
534
430
720
408
724
446
710
444
706
412
720
456
694
420
708
426
696
346
828
426
716
442
714
440
460
796
444
700
440
696
388
744
462
690
426
700
450
708
414
756
440
696
432
724
434
706
434
726
440
376
396
550
428
732
432
740
458
720
446
730
470
714
458
738
478
712
454
746
412
756
452
746
412
756
438
750
416
732
448
712
460
720
434
720
484
682
448
692
474
698
430
702
438
732
440
738
456
720
440
720
442
714
430
746
432
732
466
710
438
726
438
744
424
754
462
730
458
706
468
740
432
744
448
746
448
766
458
756
432
772
476
752
440
764
472
762
440
762
448
772
450
776
460
776
458
784
468
772
472
766
452
754
452
744
460
772
450
762
462
780
448
762
454
748
464
752
456
742
456
754
448
776
474
722
454
766
452
782
436
752
458
756
444
684
444
724
460
740
452
720
470
740
444
748
466
722
460
754
474
740
452
732
464
698
446
706
442
722
428
704
426
704
432
670
420
648
476
648
462
654
494
618
446
408
422
402
516
550
560
540
548
556
544
550
560
548
544
564
532
502
620
452
642
440
672
426
692
430
662
420
676
438
662
440
666
440
396
380
456
432
632
422
656
466
648
436
654
438
672
442
682
424
680
452
326
426
482
480
670
438
718
422
738
430
712
446
692
434
714
410
730
442
708
416
734
444
704
420
418
880
424
714
460
692
416
728
422
380
434
464
380
690
380
660
434
764
426
770
458
696
448
770
422
888
378
886
416
848
436
792
442
796
438
778
432
804
432
814
462
866
446
868
418
862
434
852
442
476
416
524
448
774
432
800
458
776
448
872
428
444
478
626
432
836
442
822
436
780
466
744
470
734
440
776
464
744
444
756
460
744
436
762
438
634
476
848
434
846
480
834
456
810
496
746
476
432
412
516
458
462
416
498
380
412
448
656
458
420
476
632
434
836
450
394
428
590
418
790
460
782
454
774
484
864
468
864
464
828
474
824
454
782
484
766
490
756
472
468
420
554
478
454
412
632
452
358
544
478
806
432
824
458
494
442
480
608
644
696
670
650
644
630
642
628
612
476
754
422
808
430
776
466
770
420
794
444
776
456
740
454
766
472
842
452
844
452
820
458
444
374
606
440
792
434
766
450
762
464
756
452
750
452
748
492
720
456
750
454
796
462
826
462
826
490
756
468
770
460
738
470
732
450
762
452
852
442
434
452
598
456
684
724
400
804
438
770
454
714
478
758
446
856
436
842
464
768
448
738
500
452
828
434
732
588
652
664
650
630
630
626
610
610
592
612
638
668
646
636
638
644
622
616
604
622
634
434
876
440
870
486
800
456
768
468
778
460
754
462
796
456
848
428
912
454
440
448
560
438
778
446
774
458
734
440
790
442
768
468
852
450
846
454
808
470
790
460
760
458
440
428
508
474
798
426
882
456
884
462
818
490
782
464
794
474
778
448
804
500
764
464
826
456
900
450
872
470
832
480
814
468
820
460
798
478
810
450
814
490
808
468
896
456
870
474
854
462
814
460
796
480
768
456
788
464
776
476
802
468
890
462
830
490
762
484
770
458
766
472
762
476
758
468
880
460
846
482
772
490
764
450
776
468
754
472
816
454
856
482
858
452
784
474
774
420
830
456
864
466
818
446
850
444
902
456
788
478
788
