846
840
834
842
844
796
830
826
820
806
832
836
846
852
862
846
798
792
808
786
800
836
836
826
846
840
822
830
852
836
784
818
822
800
846
838
840
842
842
840
846
862
838
812
788
806
794
796
786
816
852
894
840
896
870
872
872
846
822
850
826
834
828
820
828
818
812
816
800
796
784
764
776
792
772
808
822
818
820
818
830
822
810
822
806
836
844
658
1042
660
1036
664
1062
626
1052
648
984
676
940
640
950
646
988
642
1008
654
1086
668
1108
646
1184
624
1210
624
1164
632
1100
624
1054
646
1006
682
1006
656
1026
704
966
696
984
694
988
658
974
678
958
720
870
656
896
628
902
806
784
798
800
792
794
804
778
768
782
772
772
776
778
772
652
804
620
922
634
904
630
968
636
972
626
946
648
942
662
940
650
914
698
886
688
906
684
882
676
854
638
880
658
890
622
948
624
954
624
1002
632
992
666
906
702
860
684
898
660
880
804
780
762
760
752
760
742
776
798
814
792
820
808
810
838
834
840
840
840
848
840
838
840
804
824
834
810
846
844
846
878
868
864
862
858
850
874
892
884
892
914
912
906
916
892
876
832
846
846
806
820
822
802
808
796
812
810
872
862
902
886
884
886
894
882
848
830
848
808
822
822
816
820
820
822
808
812
826
820
816
844
850
854
834
852
864
836
868
852
844
854
868
854
866
830
858
842
830
838
840
842
844
850
846
838
824
838
840
838
824
814
804
648
534
500
686
566
1054
612
1022
616
856
920
838
690
812
728
1028
678
878
654
606
904
694
584
954
700
978
676
1084
638
958
766
1088
600
1032
700
930
658
1030
650
606
952
1138
640
1020
672
978
622
1012
672
970
616
1032
650
1020
608
1022
654
984
642
872
800
1018
640
1038
654
862
796
1016
628
1038
658
974
640
974
636
1036
594
1084
636
1038
656
1042
628
1018
724
920
690
958
718
922
688
986
644
896
826
958
986
724
578
978
692
886
662
952
670
1000
662
1068
668
1122
666
1070
666
1136
628
1068
864
824
810
834
816
816
822
820
826
814
826
804
814
808
814
816
812
812
810
802
780
788
774
794
778
830
840
854
824
848
836
834
848
830
840
832
830
840
840
844
840
736
924
842
626
988
614
1066
646
898
810
964
892
774
816
832
794
834
864
864
864
862
864
862
844
810
834
822
828
822
842
816
828
832
838
826
830
838
790
818
824
858
870
870
626
1122
630
1070
628
1064
636
910
804
916
694
922
636
968
708
930
618
1032
644
996
650
954
668
1006
628
782
994
744
904
702
922
666
1074
578
894
788
934
786
1080
642
1024
932
750
590
968
624
960
680
896
616
926
698
858
930
752
616
946
700
982
860
800
986
668
776
732
790
614
880
694
820
660
848
770
758
760
752
758
764
760
758
748
782
802
808
798
812
818
816
806
822
808
798
820
842
844
840
856
844
846
832
822
796
800
808
800
802
806
802
796
806
636
890
730
894
702
964
700
930
686
918
638
978
632
918
698
870
628
934
700
848
642
940
720
920
646
680
850
1014
700
940
668
992
700
1046
1046
732
846
654
1072
656
1040
650
1072
678
1070
708
910
670
1042
844
988
660
988
718
924
682
944
636
980
638
952
662
912
608
946
674
910
716
874
898
724
640
884
648
906
722
836
702
830
700
796
776
754
776
762
736
754
746
748
750
758
750
758
804
808
818
816
824
810
808
806
812
804
804
814
778
804
808
780
788
796
778
834
830
842
830
848
848
834
802
828
834
828
828
828
834
816
834
824
830
804
808
812
794
806
826
878
862
864
832
828
842
826
856
836
834
848
822
820
798
808
814
816
818
824
796
786
794
796
814
880
834
834
854
834
858
668
1020
684
972
618
1026
676
1042
620
1114
688
1108
618
1168
666
1128
646
1090
642
1166
642
1176
632
1180
642
1122
670
1066
672
1046
662
1086
670
1080
696
1068
680
1068
652
1078
684
1050
628
1100
676
1020
728
992
640
1068
652
1128
654
1064
660
1030
710
982
654
1014
638
1018
674
1048
660
1060
726
982
658
1038
662
1032
660
996
642
978
684
850
740
888
648
938
774
790
686
852
642
852
638
900
584
898
622
908
606
926
662
916
640
930
620
964
916
728
574
918
686
892
672
904
630
978
662
934
670
884
684
846
700
834
616
910
692
818
760
768
764
752
740
728
736
724
742
736
728
756
780
786
788
800
804
812
846
846
854
860
860
872
898
874
866
888
862
852
862
868
868
872
616
1110
652
1086
610
1096
692
1008
718
936
684
940
676
900
642
958
728
872
674
876
710
860
682
872
724
858
632
904
650
948
628
926
944
664
642
874
680
922
634
962
660
956
654
942
648
910
644
968
644
994
646
1040
730
1038
644
1152
734
1098
670
1064
892
882
902
882
906
968
982
1014
1034
1026
1020
1052
1030
1046
1034
702
1134
712
1380
1142
898
982
972
930
966
916
936
928
916
892
894
900
866
874
848
858
852
850
862
906
884
932
906
928
932
934
922
922
938
940
948
932
984
1018
1018
998
1020
992
1004
994
1052
1042
1032
1044
1034
1010
998
992
924
974
970
948
932
914
916
890
904
876
820
860
810
812
802
780
794
802
804
794
906
728
1082
652
1198
666
1200
678
1286
950
992
594
1294
642
1278
642
1276
656
1288
658
1294
602
1358
680
1280
700
1280
692
1298
672
538
784
562
1208
632
1120
566
1068
658
986
650
1002
656
1002
864
836
646
988
680
1064
694
1122
660
1204
666
1260
654
1254
644
1272
656
1296
642
1344
712
1256
668
1278
718
1202
616
1222
668
1142
658
1062
656
1038
638
976
832
792
790
660
452
1200
582
1016
816
822
812
812
788
802
798
792
852
870
904
888
966
938
976
968
976
992
1008
1000
990
990
1016
984
1000
1010
1026
1026
1028
1008
948
952
922
892
900
870
872
852
858
832
842
852
834
836
738
832
704
978
644
982
652
1000
646
1008
692
1016
706
1074
664
1168
678
1194
712
1254
716
1306
672
1338
676
1310
706
1276
768
1216
654
1314
620
1322
718
1126
648
1216
714
1112
678
1104
714
1036
640
1100
700
1044
636
1100
708
1040
668
1100
726
1064
654
1096
794
968
674
1148
666
1226
600
1242
670
1066
774
1074
688
1184
762
1142
726
1222
762
1196
672
1342
756
1236
704
1286
1018
958
648
1140
744
1044
702
1044
754
938
704
934
842
670
826
650
914
792
812
818
812
812
804
808
818
838
888
908
962
1020
1034
1062
1074
1054
1068
1078
1086
1084
1090
1078
1040
1028
1010
1006
980
966
948
892
936
910
834
832
822
802
814
780
802
786
774
790
784
778
812
828
864
862
928
1004
1018
1060
1018
1100
1080
1088
1102
1118
1092
1118
1114
1068
1058
1026
1012
734
1194
706
1202
638
1182
702
1012
708
958
684
974
686
974
692
1028
696
1056
654
1112
660
1106
704
1086
652
1206
692
1194
728
1160
672
1272
684
1216
660
1236
666
1256
614
1328
656
1276
762
1104
658
1178
700
1012
974
796
964
742
598
938
806
788
792
776
772
742
722
740
736
732
724
752
764
776
792
786
972
666
1264
742
1332
1136
1024
696
1332
1126
990
680
1314
1124
960
688
1222
634
1268
854
876
848
818
856
820
836
834
836
834
844
860
848
892
882
926
922
942
954
968
1000
1030
1034
1046
1032
1038
1052
1042
1038
1010
1004
990
968
960
950
904
914
898
866
866
876
804
808
820
810
788
768
786
784
774
856
844
894
646
1166
626
1248
650
1256
922
1004
756
1210
662
1296
718
1224
1122
870
956
656
1266
674
1242
660
1232
694
1206
708
1182
664
1176
772
1016
666
1118
690
1096
680
1070
666
1006
668
1002
670
1026
716
1066
702
1048
716
1054
706
1078
732
1034
774
946
704
982
966
758
566
962
796
814
810
812
794
756
770
780
760
774
780
770
778
778
756
766
774
760
850
828
896
898
934
950
946
952
934
974
964
996
1034
1026
1010
1042
1038
1006
988
996
964
962
910
914
884
906
878
882
896
862
882
860
834
850
826
838
538
1130
632
1064
680
992
950
738
794
822
772
832
874
880
916
950
960
996
988
688
1380
1164
922
1014
1134
864
596
1168
666
1144
648
1078
662
1040
728
940
680
986
640
954
682
944
716
908
626
944
724
876
646
960
696
890
752
840
818
820
826
824
854
886
860
896
902
942
936
920
926
914
934
938
930
910
894
896
890
880
878
876
886
874
874
878
876
728
1006
710
1018
670
1030
658
1052
698
960
674
940
710
894
652
1012
672
1022
730
920
736
946
710
1058
664
1114
714
1088
712
1068
722
994
668
1060
662
968
720
1024
654
1186
666
1214
708
1204
680
1260
662
1274
714
1240
716
1240
722
1218
676
1234
644
1260
744
1102
696
1102
736
1050
670
1016
740
870
654
914
622
818
786
760
764
740
746
746
752
756
746
804
818
804
848
858
920
946
936
998
964
1014
986
1022
1020
1032
1014
1016
1016
1010
1018
1018
1006
978
960
902
922
904
870
864
852
806
816
786
780
778
766
734
756
736
736
744
748
732
742
764
808
832
892
904
970
944
1042
1016
1036
1068
1110
1068
1092
1090
1090
1052
1008
994
960
944
964
962
918
942
910
856
856
836
832
832
842
874
870
938
946
990
968
970
982
966
1022
1020
1004
982
930
928
898
902
904
892
902
904
890
892
906
898
910
910
908
890
896
882
882
890
886
874
830
862
852
860
874
862
852
888
902
936
950
958
948
986
986
968
978
1000
994
998
984
1004
998
954
938
934
916
900
896
900
878
876
882
858
874
836
848
838
840
850
836
838
832
838
838
846
900
908
904
950
946
968
940
1024
992
1030
856
1162
692
1310
664
1286
744
1156
694
1202
662
1196
708
1132
728
1138
702
1144
682
1140
656
1144
722
1062
648
1082
658
1034
664
1032
646
1042
730
934
666
1048
726
1042
692
1104
944
894
644
1102
732
1068
656
1130
666
1112
700
1114
928
920
628
1126
716
1066
718
1066
710
1000
660
1026
658
1034
704
914
604
994
702
910
726
910
862
848
850
842
882
956
992
1012
1000
1014
1056
1052
1052
1054
698
1264
678
1286
686
1150
764
970
704
1000
654
1000
702
946
634
974
808
780
670
870
696
894
832
826
868
882
962
992
1028
1026
1050
1046
1066
1072
1050
1070
1054
1010
1002
944
944
904
878
878
840
828
830
810
812
804
794
806
798
804
790
824
802
836
840
844
874
702
1036
682
1104
686
1144
644
1206
742
1092
704
1138
710
1192
728
1178
668
1218
700
1134
676
1094
654
1060
742
900
628
1054
668
1044
706
986
686
1030
706
1046
762
936
764
964
666
1130
678
1140
682
1210
706
1244
762
1192
702
1182
622
1004
1150
912
714
1174
690
1180
770
1048
696
1104
730
992
698
978
778
892
642
1046
722
912
740
880
834
812
826
792
816
798
810
812
806
876
942
890
946
914
966
948
982
966
926
932
946
930
846
874
870
840
830
810
780
810
684
856
688
900
708
950
716
1050
682
1114
708
1110
924
916
740
938
686
1028
688
1052
658
1140
662
1130
706
1086
902
892
906
780
938
906
910
922
920
910
926
912
906
924
910
892
896
860
838
844
830
826
822
836
824
802
810
808
796
762
898
668
954
662
988
706
906
664
934
680
894
650
946
656
980
658
1014
674
1070
712
1148
716
1200
668
1242
672
1214
708
1176
698
1198
652
1184
752
1004
704
1056
662
1024
754
962
658
598
554
742
842
872
842
876
872
876
896
894
876
886
886
874
898
884
904
910
898
920
914
920
932
924
910
906
876
854
876
862
860
872
864
862
922
902
904
894
910
904
900
900
892
880
870
876
850
862
846
826
842
816
812
830
826
814
814
570
1134
698
1036
730
1036
670
1092
726
1044
1196
1376
660
1076
632
1200
692
1142
674
1168
924
910
668
1152
654
1170
678
1096
666
1080
708
1028
700
1000
746
898
708
948
656
982
838
818
822
792
808
816
814
806
814
826
814
866
840
848
858
860
892
914
900
922
932
910
942
928
920
930
940
948
922
896
898
888
862
862
852
834
838
832
826
840
820
818
800
818
788
780
764
772
782
758
790
810
826
820
852
848
860
876
876
918
934
940
998
1032
1018
1022
1036
1036
1034
1036
1008
972
970
624
1166
678
1136
702
1038
656
1044
698
934
704
910
676
964
654
950
852
816
830
802
808
814
818
826
814
842
834
854
862
844
878
884
866
892
908
880
900
926
912
908
918
920
874
868
870
860
842
850
846
836
810
836
836
826
840
842
820
826
836
834
840
842
824
832
826
814
816
824
808
810
804
834
844
802
918
682
1066
698
1054
700
1066
730
1086
708
1026
756
984
636
1122
702
1012
642
1084
696
1080
706
1026
704
1020
642
1058
728
942
664
998
670
978
698
986
712
992
710
1030
698
1130
740
1092
656
1190
720
1112
698
1096
716
1094
698
1064
678
1038
650
1064
698
994
658
982
720
928
656
1022
824
826
690
948
690
952
866
840
818
798
820
808
816
810
858
864
896
898
892
916
934
910
940
942
924
964
962
936
950
946
950
946
918
906
916
920
892
884
908
882
878
880
890
860
858
836
840
842
822
822
812
790
808
792
790
794
798
804
804
802
792
796
830
844
842
862
874
868
886
924
916
912
908
918
914
880
882
874
862
868
868
874
858
896
926
930
904
930
930
866
892
880
870
866
864
840
862
852
832
830
838
830
828
828
830
816
862
860
870
862
874
880
866
872
896
902
900
908
914
898
878
878
886
862
846
850
846
840
834
866
862
874
880
872
874
868
886
870
870
880
860
868
876
868
862
872
870
876
858
886
900
904
892
886
916
892
900
908
896
896
890
900
902
902
876
866
854
858
856
862
844
852
882
886
904
920
920
906
912
922
914
726
1012
678
1068
692
1064
684
1026
690
1020
952
866
602
1050
652
1090
688
1074
690
1026
704
1020
648
1074
670
1018
684
1046
690
1028
764
954
686
1078
706
1082
764
1002
648
1116
716
1042
966
788
838
846
820
834
826
846
874
914
908
916
904
922
910
890
880
878
858
868
844
864
846
834
842
840
820
832
810
814
810
820
822
814
816
810
818
806
834
828
822
840
842
824
844
862
846
858
854
810
796
814
802
798
800
840
876
898
888
942
952
932
942
956
958
960
936
902
918
916
890
904
910
634
1104
660
1152
698
1086
676
1082
730
1024
652
1040
748
888
638
990
702
930
728
890
706
986
652
1086
726
1020
654
1104
720
972
670
950
726
900
648
1004
634
1034
696
1066
706
1126
778
1116
702
1224
704
1228
1148
840
920
942
920
920
938
928
904
882
862
838
842
840
822
494
1128
644
1014
862
832
846
852
822
834
822
880
908
950
932
974
992
994
1032
1030
1030
1046
1022
1034
1040
1032
990
966
914
900
896
884
838
848
848
822
800
794
770
760
762
764
758
756
772
752
832
862
876
894
914
884
936
940
948
984
1012
996
1054
1056
1046
1044
1056
1002
1004
994
976
980
968
948
964
936
914
898
884
862
878
870
842
826
842
826
824
824
828
838
830
834
836
828
824
840
758
1008
704
1004
706
1002
652
1062
900
880
876
886
970
950
982
1028
1040
1044
1042
1020
1008
1018
992
970
914
876
868
860
854
862
844
876
890
916
890
916
928
910
912
928
922
882
896
862
870
860
844
860
858
860
858
898
896
894
888
904
900
904
914
888
872
872
876
886
920
954
974
958
966
960
956
972
992
956
972
962
942
956
936
964
930
906
884
866
876
860
852
872
852
862
862
848
884
872
774
982
664
1074
660
1060
782
926
658
1056
722
980
688
1002
736
912
642
1086
700
1090
694
1086
710
1108
718
1158
806
1002
700
1164
756
1078
654
1176
694
1122
692
1078
710
1056
676
1066
870
868
878
874
872
870
868
874
852
860
862
874
880
900
886
892
904
898
854
854
838
840
830
840
840
850
866
894
908
704
1108
672
1174
856
940
768
956
680
1112
708
816
640
680
1032
724
626
588
616
552
1036
694
1336
714
1214
968
914
902
924
874
882
890
876
868
914
928
912
910
920
896
874
864
852
836
838
836
842
850
888
924
944
924
970
972
948
978
992
988
984
820
1128
696
1214
706
1158
760
1056
694
1122
760
964
688
1002
788
910
670
1066
676
1070
720
1080
706
1084
912
902
892
868
866
884
882
876
880
940
918
936
966
946
958
994
970
966
962
966
970
936
872
870
874
868
872
888
930
928
924
954
942
936
952
926
932
928
946
924
938
946
918
892
908
832
906
912
886
914
900
900
900
876
872
868
866
862
894
872
882
866
888
880
886
886
896
904
910
936
816
1062
726
1204
720
1116
956
920
890
902
898
896
892
532
1158
686
1036
762
920
680
1020
658
1038
774
916
780
926
720
992
736
994
688
1050
910
890
864
884
880
578
1154
676
1110
668
1136
756
1010
706
1054
776
994
708
1018
774
964
696
1018
740
932
690
1004
750
934
698
1024
724
1048
702
1048
904
882
910
906
894
892
888
882
898
882
886
894
888
902
910
906
896
918
908
910
900
894
896
872
862
848
866
856
634
1032
686
982
838
828
868
830
828
834
844
866
900
910
932
924
924
940
926
922
908
912
892
888
858
860
866
850
860
852
858
856
842
874
866
872
914
880
900
896
866
844
868
866
860
842
852
858
840
880
886
872
872
874
860
886
890
886
900
900
834
856
862
860
858
862
874
900
902
906
902
920
918
908
918
926
920
946
954
936
934
960
932
894
910
896
866
874
876
870
874
864
878
880
866
898
874
882
890
884
872
892
878
874
860
872
860
854
866
866
852
860
856
864
866
916
910
886
904
916
892
894
888
878
884
904
886
882
902
898
900
902
904
886
878
862
848
826
830
842
832
832
892
882
880
904
884
908
918
900
922
912
912
914
918
916
918
942
916
930
936
924
902
906
902
910
900
908
914
880
882
872
866
848
870
864
860
864
876
868
864
770
960
682
1098
692
1100
702
1030
660
1096
692
1024
644
1056
688
1034
882
862
868
848
846
860
886
904
914
936
920
946
954
942
932
932
938
896
884
620
1080
684
1084
714
982
644
1026
688
966
708
906
754
880
686
966
848
834
850
844
844
842
836
852
840
894
924
902
926
954
930
940
954
948
936
934
900
898
898
868
874
850
858
858
856
870
862
594
608
596
776
874
740
1020
684
1036
702
1028
756
922
698
972
670
1006
674
984
682
1016
698
1038
736
952
650
1142
714
1094
938
898
886
910
886
890
928
930
932
950
940
938
940
934
930
920
912
894
894
910
904
878
880
874
858
858
872
852
852
856
856
852
862
860
864
858
870
872
884
908
912
888
916
916
916
924
896
890
890
892
900
898
896
900
908
892
932
910
920
906
710
1070
690
1102
700
1030
760
958
676
1042
748
884
700
960
678
1020
868
844
858
858
856
860
898
958
962
960
976
966
948
956
964
920
922
928
920
908
918
896
898
896
890
894
870
890
872
882
868
870
838
850
868
858
852
860
868
858
874
874
868
886
888
880
874
866
872
866
858
886
864
884
884
888
886
900
930
918
932
944
946
920
930
946
928
942
918
920
892
894
878
874
870
866
874
886
894
910
912
906
916
920
904
916
916
922
900
926
866
852
818
808
824
808
820
814
840
848
852
846
844
848
862
852
850
862
846
852
628
894
672
970
700
898
844
786
796
810
810
840
890
906
940
978
980
1036
1052
1032
1026
1036
1018
1008
988
976
968
946
894
910
872
858
860
846
828
818
828
826
818
828
816
798
814
804
810
810
824
828
866
864
858
910
952
956
770
1188
1150
840
622
1276
716
1238
992
976
950
936
946
942
942
950
964
958
946
930
908
910
886
882
900
890
866
870
852
836
836
830
812
824
816
820
816
832
838
840
844
840
848
858
846
866
924
894
916
906
908
906
928
908
914
894
866
856
876
874
920
970
954
962
954
970
976
976
968
922
924
916
908
908
904
894
858
872
860
844
850
868
860
866
682
854
890
588
844
884
824
812
710
664
732
796
794
798
802
814
808
834
860
866
894
922
922
966
990
998
992
1004
958
966
968
952
968
966
912
920
918
888
906
910
902
916
916
912
924
892
860
840
826
822
826
818
822
830
816
830
826
820
826
832
812
882
918
902
924
948
948
970
978
972
976
948
926
878
880
868
848
850
864
832
840
858
852
898
886
894
918
924
932
926
942
932
926
954
952
954
620
1082
950
710
1200
640
1278
660
1162
936
908
890
900
888
894
890
878
894
882
876
886
874
884
872
872
878
874
878
880
878
880
882
886
886
886
878
892
864
870
850
848
842
838
828
826
818
828
818
814
850
840
836
848
862
874
870
874
890
874
880
896
868
896
886
890
880
884
886
876
902
880
874
880
892
884
888
890
872
872
864
856
864
840
868
844
870
874
876
900
942
928
944
956
928
932
948
916
916
958
964
960
958
936
912
924
916
908
914
918
922
904
920
916
884
900
908
874
880
890
874
866
866
868
838
844
852
852
844
840
844
850
858
846
874
884
908
910
892
900
908
892
890
888
878
898
886
882
864
862
862
866
872
872
866
904
924
936
914
930
940
920
932
928
916
888
892
876
862
878
876
864
866
872
882
858
904
910
900
926
904
922
904
862
854
838
856
846
850
864
866
870
854
888
886
874
888
890
892
924
926
902
934
802
1112
678
1166
694
1128
760
1002
688
1056
690
1026
702
994
702
1018
664
1062
892
860
866
866
574
1072
682
1310
684
1254
954
944
924
868
906
890
882
726
1014
712
1112
686
886
