866
772
900
900
902
914
938
932
916
922
956
968
952
900
950
934
942
914
940
952
948
918
938
948
916
950
944
942
910
910
930
932
916
898
924
942
954
912
926
940
940
922
904
928
954
952
902
934
912
778
800
832
812
782
774
786
904
886
928
906
956
984
936
910
958
960
926
906
940
956
912
918
930
916
886
898
912
946
908
888
954
958
936
908
932
930
910
890
876
900
920
906
900
938
944
922
904
928
940
918
906
928
968
922
906
918
938
920
902
948
960
924
916
930
942
920
898
922
922
926
912
886
904
914
882
874
878
892
892
832
840
866
928
854
942
924
928
890
898
934
942
918
902
920
918
918
894
924
900
924
886
870
904
882
866
876
892
876
864
872
870
900
886
874
898
924
904
896
928
944
924
908
914
934
936
898
934
930
934
896
908
928
942
920
920
944
974
936
936
970
964
938
908
938
946
936
908
932
926
922
922
912
934
930
842
660
912
892
902
866
884
900
884
856
882
866
872
856
842
866
882
900
864
890
926
904
894
858
886
856
890
834
914
908
900
882
912
918
876
876
890
910
894
890
916
912
888
874
904
908
906
884
906
918
900
882
908
924
908
872
928
898
878
870
880
890
900
888
900
924
928
900
920
924
916
896
916
934
920
896
906
918
918
886
904
924
928
888
898
908
902
884
846
878
904
900
884
892
892
868
916
900
896
876
882
884
902
876
862
886
896
884
876
894
912
882
868
882
884
852
856
874
910
852
834
870
864
854
814
852
880
902
852
884
902
902
872
896
906
884
860
884
878
866
860
880
904
894
870
904
892
890
866
896
922
924
916
942
952
964
910
964
960
924
826
858
874
902
906
916
908
942
988
968
936
994
994
968
956
974
974
930
942
868
792
708
724
702
726
760
756
800
848
892
868
904
952
940
942
946
974
984
996
956
984
976
938
964
970
954
912
948
950
936
898
884
852
824
802
774
822
898
872
886
932
964
974
922
944
968
954
942
958
968
932
914
936
948
940
914
946
960
972
938
934
962
968
906
904
924
934
924
890
938
934
918
908
934
924
932
876
920
894
904
862
878
872
876
862
850
902
904
898
866
880
910
916
888
924
936
916
894
912
936
898
888
926
926
912
882
898
912
902
876
880
896
900
874
878
896
890
882
846
888
906
898
874
912
928
904
872
910
936
926
896
924
916
916
910
860
716
874
902
860
880
888
902
870
870
902
888
870
872
890
898
876
870
878
912
910
872
848
848
880
852
856
878
916
890
874
908
914
914
860
888
892
902
870
912
922
898
884
904
898
884
870
890
910
916
892
908
910
908
892
902
900
796
832
856
852
888
878
876
922
932
932
918
928
950
948
902
916
940
936
910
914
926
922
896
900
916
922
890
924
928
908
886
900
888
886
846
878
872
864
836
866
874
874
854
854
870
884
898
876
884
886
872
840
874
884
856
840
902
886
868
842
860
880
874
844
822
872
860
858
844
878
908
916
874
898
914
916
892
876
900
930
898
886
900
902
936
870
904
888
910
884
874
916
918
880
886
914
914
886
864
924
924
892
854
900
736
818
818
880
896
866
842
904
894
878
842
848
876
874
866
910
914
914
868
870
922
910
886
906
920
926
898
930
930
938
878
924
910
914
896
894
922
928
930
900
934
936
914
920
930
934
898
934
942
930
904
916
922
904
872
856
880
850
826
792
806
810
762
750
724
724
728
720
740
770
818
822
796
826
854
572
810
730
720
698
682
688
660
648
638
622
604
582
594
570
580
562
560
560
536
522
524
526
556
538
530
528
552
508
530
522
526
526
500
508
504
506
504
506
504
530
508
560
544
564
588
618
598
600
622
522
732
624
630
638
654
630
632
642
638
634
636
654
630
626
632
638
636
636
626
624
650
632
622
644
632
636
640
652
650
650
650
654
670
660
668
664
642
644
640
656
696
698
706
734
770
778
760
788
816
806
784
812
860
844
818
824
850
836
816
832
852
866
846
832
870
864
816
726
866
874
846
818
824
844
844
818
864
870
830
836
816
814
836
828
806
778
626
812
808
818
858
860
812
796
820
786
768
762
774
792
776
796
810
812
804
830
868
904
858
896
938
926
888
938
970
916
870
906
926
892
874
928
914
886
888
908
886
866
886
910
874
868
920
942
908
950
860
930
892
878
918
924
898
874
910
920
884
872
894
920
898
930
826
910
922
886
902
920
910
868
866
880
882
848
852
868
862
806
796
802
810
742
726
710
728
724
720
718
748
748
736
776
806
810
778
814
844
846
806
812
844
822
804
828
870
834
800
836
852
854
814
842
860
846
816
862
874
866
842
864
874
872
828
860
882
874
848
864
894
884
838
880
894
890
842
872
892
854
844
900
896
864
860
860
662
844
860
896
870
832
876
904
880
874
852
816
776
786
748
698
682
710
730
704
448
706
670
648
656
666
678
648
450
792
658
662
670
666
658
664
678
722
736
686
692
670
676
690
676
688
694
696
672
676
678
666
672
678
688
666
690
702
710
682
710
692
664
688
676
664
666
742
736
716
760
762
748
744
766
750
734
720
736
700
672
662
658
652
646
636
630
620
608
604
598
590
574
584
574
570
574
560
590
576
596
598
610
626
700
642
616
614
596
606
616
632
646
652
696
718
722
708
726
742
754
740
760
770
774
752
764
772
740
734
750
764
728
734
758
774
762
754
784
824
810
762
800
800
802
790
790
814
768
738
736
696
728
670
670
646
646
638
642
652
664
658
658
668
682
688
682
698
700
694
706
684
682
696
702
682
676
688
684
674
664
680
694
684
690
726
734
708
704
720
740
716
712
720
736
698
716
740
736
722
732
734
724
566
682
704
716
700
682
660
668
676
672
670
662
650
628
622
644
626
624
600
606
476
592
594
600
628
650
662
660
654
684
570
608
612
610
612
622
624
638
648
652
662
658
658
698
704
664
718
740
738
722
726
762
742
710
716
720
714
694
680
690
688
684
686
718
754
698
722
764
780
776
770
798
804
770
750
786
776
768
762
788
820
834
804
820
830
798
786
796
792
770
756
770
810
802
774
804
814
806
790
808
804
780
788
772
762
756
760
764
750
754
772
764
744
756
748
742
724
756
768
742
712
740
738
720
716
700
736
768
742
732
770
776
736
736
744
752
722
718
726
724
726
698
700
714
766
772
742
766
794
788
770
748
760
772
752
752
756
724
720
718
724
766
814
778
760
788
806
780
754
758
776
788
758
768
784
790
772
766
774
778
772
746
740
766
776
774
732
720
720
746
732
712
730
732
742
516
662
766
722
728
746
770
760
740
758
744
716
690
666
688
640
706
704
662
662
694
724
720
758
734
732
700
694
710
734
738
736
724
768
768
770
746
752
766
786
744
760
754
770
760
758
788
808
794
764
798
796
776
742
748
736
740
712
714
702
664
700
694
702
702
710
692
696
662
682
666
644
668
660
658
654
652
648
624
616
606
596
606
608
652
682
732
740
750
750
766
762
752
732
710
696
680
672
730
728
708
726
776
434
338
786
710
756
756
748
830
746
752
750
764
746
708
694
708
708
730
714
702
692
700
700
708
702
714
702
742
730
736
732
732
708
726
736
724
710
710
714
706
708
736
718
718
716
694
674
678
678
672
650
670
664
654
660
654
672
678
676
644
644
638
628
648
586
768
694
598
856
740
746
832
616
720
712
684
664
658
644
646
632
628
632
636
652
646
668
660
680
692
696
686
710
708
670
672
644
632
608
582
540
598
614
628
666
722
682
704
708
720
724
732
720
682
692
648
654
674
718
696
658
650
654
686
742
696
688
704
712
708
688
702
690
682
670
706
696
706
706
690
728
720
704
706
702
696
676
666
680
656
664
642
654
648
662
692
682
696
710
724
728
590
704
706
736
752
748
716
736
756
748
742
700
646
658
652
658
678
680
688
696
716
716
710
720
682
684
686
684
668
676
648
668
676
684
688
702
668
678
682
642
624
616
616
620
614
602
600
600
614
626
630
648
664
632
638
646
670
682
722
732
728
734
750
732
744
750
768
770
788
784
808
806
764
798
794
772
708
718
718
750
742
748
760
796
722
710
726
720
718
690
678
678
674
628
596
626
630
656
684
726
738
754
740
708
708
720
676
670
678
658
664
698
652
626
644
630
616
614
588
604
606
600
610
636
678
720
704
714
706
712
712
702
692
708
720
712
690
696
688
690
660
666
676
696
682
638
608
722
702
710
744
714
716
720
724
702
694
698
636
686
630
690
706
712
702
706
710
724
704
706
696
676
692
690
668
662
672
668
658
666
672
668
658
678
688
714
696
704
654
676
666
678
672
672
678
692
694
680
698
702
698
686
712
698
692
658
710
694
714
718
730
754
730
728
738
750
710
712
732
710
692
718
740
748
722
746
758
742
716
732
734
718
712
722
720
698
702
692
684
648
674
658
656
658
670
650
670
662
658
640
666
710
686
664
704
710
698
722
712
708
792
712
728
716
692
678
672
668
650
634
632
638
654
664
650
658
642
670
650
666
682
716
702
700
714
722
696
664
648
672
670
646
638
650
644
648
670
682
722
732
740
758
748
752
752
754
730
736
716
722
690
690
696
708
694
728
748
720
758
658
726
722
702
704
712
734
714
718
724
730
722
736
756
750
726
736
736
744
722
744
732
740
716
756
744
728
726
736
738
1100
730
720
712
692
712
730
710
710
730
758
722
702
676
702
642
660
676
708
696
716
720
760
708
728
740
724
712
730
740
742
734
750
784
752
746
746
744
748
750
734
738
700
716
694
704
702
660
668
662
664
676
666
656
654
710
708
682
706
730
708
698
694
682
686
682
686
686
684
686
680
682
644
642
656
686
708
724
724
716
722
702
712
692
682
670
666
674
664
688
696
704
654
648
644
622
658
664
754
704
692
726
732
708
712
722
736
736
672
702
686
682
674
646
626
630
650
638
638
642
652
660
652
672
682
650
684
664
672
664
692
708
692
676
694
706
712
686
658
658
666
688
682
674
666
666
674
666
654
666
690
696
708
710
670
700
644
654
652
662
658
658
696
700
700
682
706
676
680
670
660
660
664
656
664
650
650
650
628
630
636
640
636
632
644
662
682
674
684
694
676
666
670
690
716
716
746
762
766
740
786
748
716
722
722
688
672
586
706
676
688
714
710
702
702
720
688
616
690
674
698
700
710
712
714
692
716
730
746
732
766
728
726
702
718
738
716
702
700
722
746
712
692
686
676
660
688
676
662
658
692
698
720
700
650
652
664
680
686
676
680
688
654
682
682
714
736
732
718
714
692
696
718
730
720
724
740
706
704
710
642
692
714
706
698
714
736
740
728
726
728
736
712
732
750
732
720
724
732
718
722
732
730
696
658
666
666
686
704
690
720
720
712
726
744
754
730
780
772
776
732
736
740
708
696
706
694
704
712
714
702
724
710
716
694
722
724
728
714
724
722
710
696
684
686
656
674
696
712
686
646
628
626
626
626
628
628
642
666
640
656
702
690
698
714
702
692
684
694
710
678
666
668
652
664
672
658
636
652
646
656
646
638
630
616
630
652
634
632
646
682
676
664
666
668
634
632
638
650
642
656
682
726
756
746
770
752
686
694
712
690
664
502
612
702
646
646
656
678
722
744
782
724
714
696
686
686
694
684
684
686
694
694
662
692
740
754
716
752
752
746
770
682
738
750
730
748
744
724
708
682
704
728
740
714
754
762
736
710
730
738
710
726
722
724
716
718
766
784
798
790
744
756
706
690
676
664
654
642
644
646
658
674
714
682
680
704
718
706
708
700
706
680
704
690
698
718
704
708
734
736
690
696
696
672
686
678
678
656
654
662
634
648
632
638
610
608
622
612
636
630
596
642
658
694
732
754
760
764
760
764
754
754
752
710
714
696
700
644
646
602
632
632
630
628
626
634
618
626
622
622
632
656
666
660
672
684
670
644
664
648
632
632
644
640
624
650
622
648
640
628
630
624
628
596
604
608
618
608
610
632
630
626
638
656
650
638
648
650
646
650
674
686
664
648
690
682
658
662
646
628
634
634
634
644
642
640
644
670
652
674
654
662
668
676
674
688
690
708
696
704
670
594
648
686
656
676
672
682
582
662
646
646
674
674
646
668
684
714
660
684
692
684
662
674
670
698
702
688
664
698
692
696
680
706
722
732
680
704
670
676
678
652
678
714
666
678
684
684
666
698
700
706
696
732
754
728
718
726
722
694
730
734
698
686
706
698
690
702
720
692
708
742
708
714
706
706
610
698
708
718
708
722
750
722
708
734
686
676
692
666
660
658
656
648
634
646
654
654
658
660
656
628
624
670
678
684
686
690
678
684
678
668
662
672
684
668
672
664
648
652
658
642
642
614
630
644
664
690
710
720
726
734
696
678
684
684
660
652
666
676
686
660
646
640
642
632
610
600
606
600
596
600
618
620
618
608
600
598
588
586
588
586
588
606
604
606
600
618
616
612
608
602
618
592
590
604
602
614
614
612
608
600
580
588
586
584
592
604
610
604
606
610
618
600
608
612
612
590
590
598
606
618
606
636
626
624
640
656
646
652
664
668
654
644
614
638
642
614
618
494
574
634
602
624
590
642
616
642
640
632
656
666
644
642
668
702
644
642
658
664
640
646
652
670
650
664
670
658
654
680
684
664
678
654
648
634
632
604
604
606
592
598
606
600
612
618
636
630
652
672
646
662
678
678
666
690
710
654
668
674
670
660
630
642
658
700
690
688
672
698
688
678
680
680
664
646
654
716
746
762
716
710
724
724
690
692
678
730
712
706
748
736
722
720
748
732
724
762
790
746
732
750
710
688
714
658
686
662
620
630
640
622
706
634
638
646
650
666
636
656
676
654
646
676
684
682
676
690
708
652
664
646
630
594
610
600
612
604
610
642
638
644
662
664
644
668
682
662
686
696
686
648
666
682
662
670
664
688
660
682
698
696
682
690
680
648
696
690
672
674
670
638
656
674
694
682
670
686
706
688
674
672
662
652
652
626
648
636
612
612
608
630
626
630
640
642
650
674
660
658
666
676
664
682
680
676
658
690
694
668
690
700
688
668
550
656
714
660
690
694
734
694
714
706
662
674
648
616
596
616
634
636
668
654
660
660
664
644
682
664
662
650
658
656
636
620
626
634
648
646
656
690
690
710
686
684
712
704
692
688
694
664
676
680
652
674
680
680
632
632
644
664
676
674
690
704
716
704
714
716
686
704
718
714
692
732
752
712
730
724
582
702
706
702
700
712
728
712
726
710
704
672
714
700
704
688
696
712
674
690
706
710
706
728
700
718
730
730
698
702
722
702
690
696
724
734
726
750
766
742
734
752
774
754
736
760
776
756
756
730
742
718
734
738
744
718
760
748
752
748
746
744
724
708
692
666
670
650
676
680
654
688
696
698
678
708
708
692
700
698
670
628
632
646
662
656
624
630
642
668
652
678
682
696
668
688
666
656
644
672
668
676
662
688
668
652
640
638
664
668
670
672
692
708
678
682
668
656
654
666
660
668
684
676
674
708
740
720
722
734
722
624
692
710
710
704
692
704
722
706
726
720
720
698
700
700
690
696
684
696
676
690
674
652
680
704
678
676
700
708
670
678
684
682
668
674
690
660
638
652
662
642
676
680
686
698
688
676
696
686
672
684
706
690
676
666
690
692
698
700
690
658
666
656
656
668
654
656
644
652
646
664
674
654
670
676
638
610
642
670
658
692
702
668
672
682
680
652
660
672
650
658
656
652
640
656
656
648
642
650
648
628
632
624
608
594
596
602
618
624
622
642
632
618
636
650
674
654
672
664
652
644
646
664
646
646
664
696
712
696
734
746
730
622
728
746
706
708
740
706
676
694
702
704
668
692
708
716
692
724
722
718
682
718
734
708
694
728
748
722
710
754
766
730
716
742
762
724
740
772
794
732
726
748
766
724
736
742
740
706
716
718
676
656
666
666
674
654
644
638
638
648
672
658
658
658
642
648
648
650
678
708
712
672
708
734
722
678
672
650
568
620
574
584
658
680
674
672
674
672
652
650
642
658
674
696
708
698
754
740
734
700
736
750
714
728
736
738
736
710
744
786
760
766
774
766
730
742
716
686
680
710
706
666
650
660
660
656
658
678
710
698
686
706
718
686
652
658
670
696
682
704
732
738
722
746
780
762
736
762
768
722
742
748
758
730
744
816
776
772
818
780
820
646
716
732
730
698
718
720
724
696
720
700
676
664
678
670
648
648
610
642
624
664
664
742
662
672
694
686
662
668
646
670
682
702
666
678
682
696
686
674
716
728
714
694
706
654
686
640
660
660
648
706
696
708
730
642
718
684
674
706
726
722
706
734
720
708
682
692
664
670
690
692
654
630
676
664
666
662
668
676
692
674
688
682
664
676
664
670
690
706
686
676
696
706
674
676
666
656
678
668
676
702
714
696
710
722
718
696
706
716
722
708
726
760
732
732
734
732
718
686
694
658
688
660
674
656
660
698
690
690
674
660
640
652
664
660
666
678
682
676
678
730
710
704
676
666
680
674
662
690
724
710
682
694
700
702
682
682
700
674
672
662
654
650
682
674
666
696
702
652
638
656
684
648
716
676
698
698
716
716
696
714
712
692
666
670
670
666
642
648
650
666
672
644
650
636
638
644
632
622
618
604
558
630
634
636
646
668
680
664
670
684
652
648
650
688
684
666
680
678
690
662
670
674
674
660
682
690
686
658
648
678
696
684
696
704
706
690
692
684
672
642
652
666
666
664
684
694
686
674
690
712
708
692
640
668
668
658
662
654
658
692
660
654
644
646
668
674
652
660
650
662
678
680
680
664
672
658
644
628
626
624
622
616
602
594
592
618
602
566
572
578
574
578
572
582
590
600
598
596
592
590
592
610
602
602
612
588
592
580
594
580
560
556
538
562
538
608
534
530
552
550
562
562
572
586
592
604
590
594
596
604
596
600
604
600
592
582
574
556
424
528
608
586
596
598
598
594
610
598
600
590
544
588
610
628
630
634
612
614
636
624
624
626
620
622
610
608
596
598
600
592
584
580
624
604
586
578
564
566
564
568
578
576
606
592
594
632
650
626
624
642
672
630
670
676
636
640
636
620
630
650
642
648
636
632
652
644
634
632
638
640
628
628
636
634
658
682
674
652
696
704
696
684
706
716
674
672
654
646
664
648
624
648
658
640
618
636
618
626
628
626
642
650
660
654
662
668
648
632
620
632
628
626
622
632
648
640
636
654
672
644
654
636
642
622
612
622
664
636
706
652
682
672
674
680
682
658
664
670
682
650
660
646
624
630
626
572
618
588
608
628
622
634
614
618
620
638
652
628
630
638
648
634
622
610
626
652
668
644
654
664
664
638
636
618
624
622
644
652
646
656
648
662
654
634
624
624
624
642
654
650
640
630
628
630
626
638
662
668
644
660
652
652
680
672
644
642
648
658
658
646
644
652
662
674
656
670
664
646
662
650
652
676
664
676
690
678
696
676
670
676
692
644
704
682
718
698
700
710
706
682
680
702
700
680
694
700
702
716
736
720
688
684
666
704
690
706
662
674
682
692
694
704
714
724
716
672
672
666
680
676
666
684
688
672
666
684
682
652
628
640
636
656
634
692
650
660
658
664
680
698
686
670
698
688
688
658
668
664
664
640
642
648
630
616
626
636
624
548
628
612
638
650
632
624
648
652
624
634
628
620
618
620
620
636
646
656
638
642
652
646
636
632
628
632
638
646
634
634
646
644
646
636
644
660
658
646
624
626
632
626
618
612
600
610
622
648
630
640
658
682
660
660
652
704
680
636
648
642
642
664
642
666
678
660
640
642
648
648
640
652
660
672
658
674
668
670
666
650
652
654
668
666
634
636
664
684
644
646
652
668
664
652
676
678
690
658
660
668
664
650
630
652
656
676
666
672
678
684
656
650
628
630
606
636
630
682
624
606
622
600
608
612
624
644
630
638
656
620
534
648
630
654
658
664
648
638
638
658
616
610
618
652
646
596
620
638
634
628
648
652
630
622
636
638
652
646
692
690
718
694
690
670
684
696
772
720
690
726
752
718
734
708
694
734
716
630
706
676
656
670
664
672
656
646
638
632
640
660
662
700
732
750
724
712
734
744
742
720
730
746
764
746
724
752
760
758
728
738
710
702
700
720
744
752
732
722
680
696
696
704
706
724
696
662
670
674
708
732
724
716
738
748
762
752
738
746
754
744
724
706
734
722
688
662
682
696
708
668
764
740
732
708
724
728
688
674
682
704
658
656
646
680
690
716
684
640
656
646
670
690
702
672
702
682
656
678
690
720
740
722
750
748
760
732
738
748
736
740
712
716
726
732
754
684
688
742
760
710
722
736
754
724
726
720
742
734
712
724
738
726
704
712
720
714
704
686
718
724
744
704
724
728
726
696
690
718
732
716
704
726
744
742
700
726
724
702
694
674
652
650
676
700
710
688
658
696
754
688
712
722
720
718
700
710
734
734
692
702
704
752
714
690
710
730
738
708
704
714
716
716
696
704
706
750
716
688
710
716
724
680
652
652
660
666
702
670
640
650
648
626
658
670
710
692
700
712
728
726
700
730
744
762
742
710
726
724
746
720
710
720
720
712
696
704
706
722
700
636
690
712
708
676
694
704
760
728
692
702
714
708
692
680
700
726
700
676
694
726
724
696
688
702
730
730
694
688
700
716
718
692
712
734
744
706
708
704
682
670
672
678
656
638
620
606
616
612
594
572
562
584
570
566
570
560
566
556
542
554
550
564
552
548
552
558
554
566
558
566
584
586
602
594
594
596
602
596
584
584
576
576
568
572
566
562
564
550
546
514
544
546
544
544
550
546
552
562
562
578
578
590
604
610
604
600
604
620
616
634
642
644
630
616
606
600
598
600
602
592
580
586
592
586
594
584
582
584
568
574
584
612
626
608
620
626
620
624
610
618
618
602
568
574
568
568
556
558
552
500
538
570
554
556
554
556
556
558
560
562
564
580
580
582
562
576
580
582
594
580
582
582
590
580
580
578
574
578
598
588
586
588
594
576
574
596
580
568
570
576
596
596
582
580
580
592
582
580
586
574
568
560
568
560
556
564
572
564
574
576
580
568
564
564
566
570
560
564
566
560
560
540
542
546
550
566
552
534
542
526
534
534
520
526
530
526
532
536
530
524
478
520
526
524
522
534
530
536
546
552
576
570
572
572
572
566
572
572
576
580
566
564
564
564
568
572
568
562
570
566
566
556
558
572
566
564
558
568
584
604
592
576
574
568
568
566
570
574
574
562
550
548
554
558
560
562
566
582
612
618
606
604
616
618
592
608
616
616
606
612
620
680
654
640
652
664
680
658
640
642
654
668
638
614
616
592
598
590
600
594
596
604
614
614
602
598
574
528
596
590
570
566
560
576
592
606
600
600
610
606
606
608
624
632
622
640
620
622
622
590
582
576
572
566
552
550
550
540
530
540
546
546
552
538
536
458
514
702
540
602
470
516
514
452
494
1052
622
426
488
506
552
576
596
648
672
730
728
722
752
648
714
720
750
704
746
604
666
656
660
656
616
618
616
594
618
594
598
596
486
730
626
626
602
614
626
598
602
590
590
586
572
558
562
558
574
566
564
574
562
560
558
556
550
538
544
544
532
532
538
532
534
530
526
532
536
544
552
552
548
544
548
542
538
534
530
528
522
526
516
522
518
518
522
522
524
530
522
528
532
530
534
536
528
532
524
530
530
530
486
544
546
552
550
534
544
534
534
552
546
558
572
560
570
568
566
568
564
566
588
562
572
578
576
578
564
572
574
562
558
548
544
548
534
540
540
538
546
548
556
550
554
542
550
546
548
556
554
564
566
572
576
576
570
578
578
576
578
584
578
574
560
566
558
494
560
548
558
568
556
546
566
556
568
572
568
578
560
566
552
556
562
554
558
556
544
544
534
536
538
536
544
538
550
552
544
538
544
546
558
536
524
552
532
538
540
532
536
538
534
532
540
552
564
556
556
558
562
564
564
562
566
582
576
582
574
560
562
550
540
528
530
528
538
530
448
490
338
394
416
482
496
506
506
512
446
1074
624
440
512
524
546
574
626
684
724
742
684
698
548
670
590
510
562
550
522
424
492
542
526
544
570
556
556
548
554
554
550
552
572
566
552
560
576
568
584
554
556
558
556
554
560
546
518
542
534
534
532
532
532
534
538
534
544
554
538
546
554
548
568
558
544
534
540
558
562
566
600
608
584
578
578
576
564
568
568
560
558
562
570
574
566
568
566
576
582
580
584
576
580
574
580
582
590
604
592
592
600
594
588
564
580
584
572
568
558
562
560
472
558
546
558
556
544
552
550
558
564
560
578
582
588
590
578
596
600
580
584
574
584
594
586
594
588
596
596
590
582
580
586
592
586
580
592
598
596
576
572
576
568
572
566
572
564
552
548
546
560
552
560
548
544
534
524
526
544
542
552
548
544
540
540
550
576
586
598
602
592
598
620
598
594
592
600
606
598
602
596
604
606
602
598
594
614
616
608
614
614
620
596
602
592
600
598
582
582
544
602
582
588
582
582
570
580
578
576
576
574
560
562
558
566
578
566
570
562
566
566
550
560
556
550
556
554
566
572
544
558
542
536
550
550
554
552
552
552
558
546
562
568
568
566
554
566
560
556
556
558
556
564
578
572
554
552
548
