466
704
682
706
402
980
674
692
704
408
970
686
726
704
362
1006
714
390
1006
718
716
408
1016
700
714
706
706
716
704
406
966
664
670
662
642
338
932
636
640
616
624
454
300
888
592
616
622
600
612
620
620
638
626
432
306
950
636
668
650
662
654
664
662
648
670
648
660
646
390
860
616
592
608
580
584
582
616
608
580
586
608
604
590
590
594
602
310
852
606
584
382
748
592
602
436
312
900
594
598
606
362
828
614
616
602
608
622
652
398
872
644
638
652
650
630
646
386
816
648
660
660
664
660
638
640
638
646
426
864
622
624
594
616
586
582
604
588
598
604
616
634
624
642
392
292
904
634
626
616
624
622
646
396
770
618
622
376
868
620
642
630
626
632
418
830
612
340
886
332
886
592
598
604
588
572
574
560
548
566
548
546
544
398
702
546
548
550
532
548
560
532
542
542
522
456
644
520
378
706
528
550
554
380
720
558
560
572
568
554
552
572
556
552
558
548
540
554
540
530
544
374
686
544
546
436
630
532
536
424
646
524
540
522
518
538
532
526
540
524
530
538
518
520
532
516
520
540
518
526
540
510
314
734
370
634
512
496
512
514
512
520
508
412
600
496
514
312
692
512
494
508
408
620
516
514
320
692
518
506
508
500
510
518
514
536
518
524
534
538
528
544
388
666
538
528
386
668
522
332
734
534
530
534
518
522
536
526
542
534
526
536
306
766
544
554
530
402
692
546
544
564
550
546
562
548
550
554
550
550
396
728
560
568
572
582
556
566
332
780
558
578
544
548
402
350
814
546
346
722
532
302
752
544
322
742
536
286
760
538
350
714
540
396
682
880
816
576
576
596
624
634
402
910
682
722
746
788
798
770
790
822
782
796
312
1064
718
710
336
846
828
716
738
706
744
742
758
368
1024
752
342
1044
718
336
1036
724
342
988
708
334
980
658
348
952
636
354
950
646
672
660
666
640
652
668
672
682
688
716
382
982
700
720
722
706
702
696
706
698
682
674
664
668
318
784
640
616
660
676
404
952
662
698
704
422
1006
746
786
326
1090
804
824
784
786
312
1074
738
748
730
768
384
1052
782
792
804
774
318
1102
774
798
782
792
806
812
310
1148
418
1064
786
754
738
714
700
710
678
674
676
364
914
386
880
606
408
848
590
584
598
596
396
846
630
654
620
622
636
626
666
664
688
688
398
992
690
728
720
738
734
756
370
1010
774
736
718
722
746
724
388
1038
702
724
686
684
676
666
428
886
366
890
634
420
818
386
730
578
626
606
604
420
810
626
616
620
624
624
648
366
770
636
304
956
642
656
674
656
390
924
664
668
666
414
910
642
356
934
672
650
642
662
666
658
652
644
634
654
664
654
676
674
664
674
640
642
636
676
690
392
1034
762
774
776
314
1096
784
780
786
356
396
1040
736
750
374
996
720
740
750
728
726
706
404
968
692
684
672
358
344
934
636
622
624
402
862
632
344
892
638
646
628
338
858
608
302
848
592
310
856
592
318
844
576
332
860
584
322
864
592
606
606
608
306
914
632
636
650
658
372
826
668
666
672
676
676
668
368
968
696
316
964
650
662
660
658
628
652
448
862
658
668
678
682
392
918
656
664
672
674
658
658
390
308
932
642
310
936
650
652
648
664
666
666
370
304
912
610
316
388
876
366
858
608
316
886
406
786
588
588
598
592
592
578
612
612
622
390
860
626
628
590
604
638
632
314
930
648
318
970
704
710
360
1000
406
992
698
698
678
382
916
644
650
668
656
634
638
384
918
640
658
654
704
386
318
1004
702
752
714
418
980
730
338
992
712
692
682
652
644
430
832
626
586
608
602
576
610
372
834
600
364
848
610
320
856
608
308
896
616
310
902
428
842
644
624
650
348
896
646
344
916
640
360
916
622
632
620
632
636
614
620
638
634
636
620
632
644
638
646
626
632
640
624
340
850
600
606
584
572
372
702
566
584
572
564
434
704
586
570
570
584
380
802
618
606
618
604
630
644
656
298
990
686
690
702
700
394
982
708
698
726
720
398
1018
710
724
714
394
938
706
726
718
692
696
682
680
670
626
652
644
646
646
626
628
650
648
644
674
670
646
650
656
634
646
416
858
632
422
874
632
642
636
638
660
626
616
630
620
614
602
610
596
570
578
334
800
542
336
346
806
568
552
554
568
558
572
590
324
822
588
338
856
594
316
420
878
618
630
602
394
434
918
642
660
658
674
668
666
342
908
652
360
908
622
354
930
654
662
636
670
690
700
432
940
696
370
956
672
706
386
370
972
712
718
752
734
732
706
336
978
684
668
658
652
638
638
630
636
392
884
636
650
660
404
328
938
348
318
694
772
676
696
698
686
694
670
342
962
694
310
958
662
354
926
672
644
658
654
670
674
664
650
644
646
662
652
662
636
632
652
628
630
640
638
640
650
384
910
646
648
618
646
632
622
648
642
442
340
938
498
772
624
630
396
830
596
606
632
370
858
610
640
656
622
414
862
634
646
634
642
656
658
660
636
626
660
638
650
626
626
658
638
650
622
638
632
636
640
618
610
618
600
590
578
338
696
568
592
420
760
584
596
584
562
582
556
552
582
330
796
560
368
796
584
340
836
580
330
836
586
306
846
586
304
850
404
792
586
588
604
590
580
586
422
760
562
580
576
570
582
604
584
584
590
576
372
706
558
580
556
566
576
564
318
832
588
312
872
606
634
630
644
660
642
654
426
868
660
664
678
672
684
680
450
882
662
314
914
622
650
644
630
398
856
638
632
620
628
630
414
846
634
634
612
620
402
818
604
584
594
632
608
404
826
636
652
618
622
626
650
682
360
940
672
698
692
692
706
718
740
344
1008
726
730
744
692
376
956
692
688
670
666
672
454
866
662
664
660
676
660
656
416
870
626
602
598
638
380
868
608
648
660
662
660
384
932
708
734
736
742
436
1064
770
760
352
1066
756
762
370
1026
658
826
722
326
1006
712
710
352
946
344
910
656
646
632
630
622
398
852
616
608
626
638
400
880
618
650
622
606
620
624
616
646
648
666
658
662
666
640
644
636
650
646
384
906
652
660
644
662
382
924
672
678
656
662
650
654
682
370
946
672
708
698
694
694
662
648
644
660
396
898
668
666
360
798
658
662
646
396
878
618
654
642
656
648
652
678
678
664
682
424
964
674
690
692
694
702
682
688
670
666
658
664
686
684
686
696
374
984
714
716
660
436
894
650
642
636
644
404
858
648
640
660
630
400
862
642
662
648
388
906
656
664
648
642
630
638
642
642
378
910
652
672
668
680
698
712
724
326
966
676
660
670
656
656
640
404
888
644
648
648
672
674
670
708
704
710
344
1006
722
728
722
704
710
710
714
690
684
682
690
704
688
698
362
982
692
714
702
392
944
646
316
334
944
380
916
652
666
632
652
424
874
642
644
392
878
638
676
652
674
684
700
410
1002
740
724
768
430
1008
728
754
408
1008
732
726
350
350
792
814
728
748
706
704
710
398
946
660
640
634
634
628
606
408
808
596
596
576
582
584
564
330
818
568
320
844
530
318
870
600
638
624
646
406
880
662
318
916
646
642
658
668
670
674
382
940
662
680
670
692
384
968
360
942
672
330
946
666
350
300
934
634
636
614
624
410
686
648
624
592
394
830
596
580
608
600
606
576
588
602
360
826
608
594
578
574
594
412
774
586
618
616
632
638
642
678
370
824
672
698
698
686
684
674
686
434
940
688
692
702
398
976
674
666
684
342
926
634
322
906
618
372
872
612
308
920
650
672
660
700
392
970
692
732
748
392
988
726
738
366
982
694
708
748
732
722
744
496
962
716
718
728
684
756
686
694
690
650
644
640
644
642
618
628
654
648
646
636
626
628
606
600
590
578
590
576
590
388
782
572
608
590
600
610
638
670
678
692
688
678
694
682
398
904
654
666
648
646
394
860
642
660
634
626
648
554
410
908
640
652
652
350
864
612
348
854
586
570
612
590
598
418
752
590
574
578
592
298
808
584
370
788
570
396
756
568
324
828
568
584
598
600
634
654
662
694
680
686
650
648
670
658
654
656
646
646
632
634
610
630
470
818
640
634
758
818
744
688
694
696
696
696
706
722
726
728
744
718
734
722
730
726
728
696
688
676
648
666
656
646
410
880
656
332
920
646
674
684
690
688
692
410
938
672
680
674
694
682
694
696
724
724
410
1012
740
726
724
706
354
992
704
700
672
684
664
672
336
1002
738
774
746
776
766
736
710
680
682
642
646
640
646
652
628
616
616
610
610
578
590
586
570
578
582
570
560
388
758
564
562
564
556
548
548
558
316
766
560
550
570
568
466
656
560
316
778
562
300
780
564
298
804
588
574
394
762
592
596
578
588
596
598
590
594
384
814
594
610
610
590
584
404
826
620
592
598
618
612
618
626
632
652
656
658
410
876
648
646
632
636
634
646
404
844
626
634
378
838
602
598
586
586
580
582
570
564
584
386
794
576
604
600
614
646
676
384
1000
712
724
740
320
1038
412
1014
542
926
722
682
380
944
646
664
648
650
406
912
402
892
662
660
660
666
658
656
650
654
646
394
780
654
668
656
326
920
658
330
932
642
664
686
664
374
938
682
686
668
832
922
646
664
658
652
860
890
334
874
398
846
606
410
340
682
682
614
596
396
806
618
612
598
312
854
618
616
598
598
390
808
590
358
376
636
634
562
570
564
562
346
774
400
356
814
558
300
804
542
324
782
416
336
824
564
302
836
586
320
828
594
308
836
590
616
592
606
610
616
408
842
624
614
608
634
426
844
664
694
718
700
708
708
734
734
726
704
708
714
700
698
678
688
670
622
630
626
632
628
608
624
384
882
652
590
692
650
674
688
366
934
660
666
656
650
658
658
668
660
642
662
676
690
716
754
358
1036
794
746
744
726
338
996
710
484
316
292
972
660
684
698
694
676
674
688
666
672
696
692
720
726
738
380
1062
750
782
798
324
1056
802
796
806
816
410
1046
392
1030
754
748
750
400
332
676
412
990
728
402
974
728
736
708
370
966
704
344
988
680
740
408
1010
450
984
340
1016
746
736
356
340
782
836
738
362
1012
716
382
978
696
698
386
932
660
670
640
648
652
638
386
858
620
606
602
452
778
584
586
580
594
602
590
600
618
614
616
606
622
620
384
858
400
844
616
320
384
892
614
626
638
618
602
598
590
594
584
590
604
596
404
830
624
646
646
666
418
910
676
676
680
666
682
682
674
686
394
942
674
696
680
672
670
638
656
676
392
930
654
676
670
690
694
690
698
684
682
674
666
662
648
658
420
900
374
896
642
318
900
644
624
616
648
396
890
650
638
664
404
968
668
688
692
692
682
672
698
674
670
668
654
650
344
892
626
316
902
628
642
624
622
648
514
722
644
630
642
368
842
626
614
606
626
344
842
590
384
832
596
336
828
586
600
568
586
586
572
584
312
824
576
590
584
596
586
600
398
800
598
370
844
604
632
654
654
406
874
632
340
294
882
386
834
596
436
782
350
826
596
586
582
568
580
592
314
834
596
310
842
420
844
640
550
720
650
656
646
634
654
664
650
660
636
636
658
672
674
368
952
690
708
694
720
378
1012
734
780
798
320
1024
452
998
700
722
734
730
400
1016
716
734
444
1006
722
704
710
710
710
720
734
744
398
1004
720
726
746
422
978
716
736
736
724
744
764
778
328
1046
770
764
754
368
1012
720
722
714
712
708
700
716
714
704
710
728
418
1014
736
730
368
1014
758
792
772
310
1070
776
760
768
330
342
1032
770
746
336
1004
696
362
970
692
380
914
662
388
904
636
356
888
612
620
606
614
636
656
654
646
650
402
936
684
662
718
714
712
716
708
700
404
914
660
318
918
646
644
658
642
642
620
630
632
620
638
628
644
536
312
920
414
888
366
270
932
464
870
660
660
660
668
658
646
648
674
682
678
698
370
950
424
894
670
316
352
968
642
688
674
558
816
688
634
810
612
830
730
360
1010
726
718
736
734
730
718
698
398
978
592
376
996
712
472
944
698
742
730
720
708
770
736
772
762
754
756
756
754
780
790
344
1042
720
750
748
746
728
744
720
398
992
688
724
724
708
724
744
710
708
712
680
680
674
690
672
706
716
408
954
706
728
724
386
1006
738
364
1018
740
410
1012
706
722
746
724
700
678
354
960
664
688
668
680
668
674
674
680
422
900
358
920
658
338
922
644
638
662
638
680
380
918
426
944
672
672
682
694
680
698
408
972
694
712
698
452
330
1004
714
728
724
744
734
710
416
982
710
708
712
462
920
696
692
694
694
704
674
720
732
736
756
758
774
354
1094
750
774
764
384
1028
726
716
704
622
406
914
652
650
660
634
630
650
574
692
642
674
652
672
696
682
716
708
426
950
712
702
372
868
674
710
700
382
960
670
394
760
638
380
896
652
658
640
640
348
952
660
694
718
704
710
692
680
700
436
934
700
380
960
686
698
690
726
720
712
704
716
396
1016
742
736
752
746
754
750
758
748
428
1058
456
1018
744
730
748
372
1002
720
728
718
700
354
964
662
690
670
670
658
694
706
680
686
696
698
690
702
714
706
384
440
982
688
712
404
958
676
692
676
696
696
692
690
702
682
694
726
710
706
698
724
694
720
718
714
726
696
728
698
698
718
408
364
744
780
698
684
412
948
680
686
690
418
934
720
686
700
394
982
722
362
968
666
682
682
680
676
664
670
382
886
642
646
658
644
630
628
628
630
412
810
620
606
598
592
584
596
598
606
606
588
586
590
592
588
328
814
572
568
572
572
548
552
560
556
546
560
540
552
570
560
552
566
396
720
564
556
350
666
538
540
554
542
528
532
504
532
536
524
512
524
518
356
700
514
378
658
468
538
520
498
510
514
496
516
520
508
514
492
504
498
496
506
496
500
388
664
370
716
548
554
578
566
568
578
378
768
574
606
614
602
424
810
622
396
818
598
600
406
726
594
580
572
596
596
592
586
596
610
598
602
610
364
816
592
590
610
560
580
604
582
584
600
574
582
584
580
572
562
576
574
324
470
864
310
306
804
522
538
534
322
730
546
340
398
322
524
384
652
522
266
754
504
514
506
510
520
376
368
756
310
716
516
506
514
516
506
400
644
512
516
510
524
524
514
532
516
380
484
720
528
424
632
518
410
616
380
650
504
514
528
502
522
528
500
520
524
518
526
518
512
520
366
674
526
358
676
512
510
526
508
512
530
400
364
786
518
534
530
522
532
548
524
530
538
518
536
540
524
536
530
518
532
540
518
528
526
518
540
542
526
538
532
518
544
536
524
530
540
526
552
550
536
546
540
548
558
558
306
786
558
550
458
688
338
792
582
288
826
390
756
324
816
572
348
780
560
330
798
560
348
782
556
578
562
566
578
568
584
590
588
596
584
600
610
604
342
750
600
390
826
598
300
864
584
606
596
386
788
582
368
802
580
522
620
430
282
872
572
586
572
408
742
562
556
560
570
554
388
720
544
538
552
536
528
542
536
534
544
554
398
540
684
524
538
534
518
528
526
368
696
540
374
684
534
340
726
528
336
510
566
392
660
522
304
728
522
394
658
524
528
504
522
426
620
406
328
790
528
546
534
540
536
532
544
556
544
552
556
532
556
574
548
564
390
326
818
564
548
546
548
532
374
730
526
542
546
528
548
548
300
444
766
362
732
544
518
526
526
514
528
538
514
528
322
744
550
546
536
544
552
542
554
372
326
752
610
548
566
570
550
564
574
550
570
590
556
560
570
550
554
564
388
708
550
544
536
350
668
342
776
554
308
790
544
558
550
400
754
548
566
576
556
564
570
548
554
596
576
576
578
616
388
370
898
602
584
594
424
810
594
618
622
634
384
870
630
636
616
612
506
750
326
898
600
622
362
356
896
374
858
598
418
816
592
334
852
602
634
626
380
358
930
642
652
658
664
672
696
376
974
384
918
648
386
918
636
676
648
638
400
872
626
634
384
896
618
658
646
646
418
358
940
640
662
638
376
902
640
644
644
662
660
688
694
692
686
700
390
940
658
682
692
652
674
664
662
672
654
666
674
702
422
960
712
718
314
970
354
956
664
668
650
420
908
380
916
628
628
654
636
636
632
664
656
690
718
718
716
308
996
384
994
722
384
962
694
688
714
714
336
994
716
714
708
344
996
718
722
702
324
968
688
710
708
326
964
672
396
938
674
350
952
650
358
920
370
936
648
316
350
920
632
640
634
410
838
404
836
602
600
394
826
380
774
594
594
590
586
590
616
612
610
648
646
672
658
672
692
678
716
700
722
704
714
714
392
930
652
672
620
612
622
356
894
604
632
624
618
622
652
350
894
616
644
626
664
396
318
988
690
706
706
704
414
990
694
702
706
706
346
976
396
862
662
696
666
398
814
650
356
912
650
318
928
632
312
952
648
684
424
812
702
706
710
334
1042
344
1042
356
1022
350
1038
338
1002
376
996
358
974
384
950
668
660
384
834
396
950
670
686
350
966
644
660
616
774
390
982
348
974
680
326
984
666
704
708
720
710
746
736
318
1068
728
730
732
716
334
1030
692
316
1014
678
686
670
660
344
928
634
346
918
404
414
914
622
624
614
368
892
612
316
306
916
398
888
646
656
648
684
410
968
728
722
742
746
368
1062
774
790
838
802
828
812
786
782
338
1078
472
1002
394
1010
678
672
650
686
692
678
394
996
686
718
720
718
738
780
786
790
812
840
804
838
862
820
822
812
802
828
764
782
392
1046
760
746
728
744
736
740
398
1022
726
752
394
1038
748
722
732
722
738
734
748
758
416
1038
776
794
764
786
326
1062
768
370
1014
718
710
704
726
720
714
736
734
722
754
376
904
784
760
768
396
1080
748
772
344
1020
724
522
806
354
1022
732
710
752
416
1006
720
374
998
696
716
676
706
700
400
1012
716
700
394
1006
702
716
370
532
810
702
700
724
366
506
886
812
718
338
1028
700
370
976
694
320
1022
720
734
410
992
710
710
726
396
1016
700
744
488
874
760
754
406
1050
748
776
532
948
790
794
826
392
1056
752
770
756
732
734
718
728
728
726
354
1042
734
334
1036
734
744
384
1032
752
714
362
988
710
510
812
360
1002
736
726
716
716
436
980
358
994
430
988
702
712
402
882
682
688
696
700
724
696
732
378
1010
410
1012
716
388
1004
688
682
700
708
728
718
390
1040
732
734
750
444
976
718
722
708
390
1016
714
726
730
394
1004
700
334
996
688
694
680
412
954
690
662
694
686
696
692
666
690
432
928
640
666
444
232
650
338
920
644
344
918
388
876
634
644
622
622
634
666
662
666
678
688
416
980
688
700
684
400
940
658
334
970
674
668
662
694
688
680
386
948
666
668
702
676
696
326
1030
728
386
1054
732
752
746
766
776
354
1128
366
1092
772
768
768
784
342
962
728
764
742
740
718
402
1016
404
1010
706
710
696
432
954
692
426
934
704
692
708
710
718
740
730
754
736
744
766
754
344
1062
766
742
382
898
726
748
748
730
730
726
722
392
992
718
714
440
872
714
744
730
746
724
746
742
728
724
746
736
738
398
902
756
756
744
446
1016
722
714
448
894
708
734
736
716
756
414
1054
730
774
406
1018
712
724
726
402
984
680
710
710
432
976
714
708
716
324
1010
698
380
992
702
388
1008
708
696
728
728
410
904
728
760
356
1024
714
716
736
724
684
730
726
696
698
710
712
702
736
718
730
408
1032
706
706
752
338
1048
724
416
1012
682
328
976
682
324
986
662
360
978
666
344
958
682
396
934
666
380
952
664
704
408
972
718
706
686
440
940
696
698
710
724
742
732
736
746
750
414
1020
742
750
738
724
726
724
728
706
740
448
1018
730
716
728
408
996
712
702
380
1014
738
696
746
400
1028
714
734
744
724
736
732
748
412
1042
444
1010
728
726
732
740
456
896
720
752
748
740
708
736
746
724
738
744
378
1042
366
1024
686
708
420
960
680
702
690
674
702
724
400
1012
724
730
332
1072
748
740
756
750
378
1010
752
728
396
1026
724
746
736
418
980
382
1000
704
700
696
438
1006
770
734
344
990
716
728
746
748
758
764
828
806
384
1132
818
818
794
810
384
960
792
756
426
952
730
744
756
396
1032
724
746
728
738
742
744
752
780
428
1050
774
766
744
338
368
1018
704
706
718
730
716
750
396
1038
732
472
900
724
774
770
398
1070
786
798
378
1046
770
432
1008
730
724
416
1020
722
738
374
392
988
702
692
702
698
700
684
708
374
1034
706
724
728
710
732
744
756
760
408
1080
430
1080
764
774
434
1050
720
730
752
726
350
998
728
690
698
704
688
692
722
738
722
740
746
740
434
1044
762
746
404
1018
762
382
826
378
998
726
726
718
708
700
712
420
996
706
748
728
440
982
734
728
362
1012
724
720
714
708
718
714
710
402
1010
730
764
728
734
758
760
406
1056
734
752
718
716
740
742
738
728
760
738
762
752
758
374
1048
760
726
386
1042
538
860
728
728
708
718
712
734
720
736
718
728
726
746
750
734
380
1042
732
712
720
372
988
664
704
710
694
714
726
720
700
728
340
1038
740
742
732
412
1014
500
942
700
732
718
358
1010
712
332
1010
726
710
722
740
394
1036
466
988
364
982
680
712
690
680
692
702
710
392
988
722
744
736
738
406
1080
768
764
422
1040
742
764
764
766
334
1080
766
786
780
800
326
1082
746
756
728
758
404
1034
734
336
1038
706
370
978
716
702
698
708
696
708
398
398
1010
702
720
722
696
720
746
434
1034
776
752
344
1060
778
780
678
814
762
742
386
1056
752
770
732
752
378
1034
736
736
718
436
390
1036
752
746
390
1034
734
766
392
478
854
770
782
794
802
806
804
798
808
786
348
1030
718
716
352
332
1000
674
394
946
692
686
730
332
1024
742
424
1036
760
342
1066
788
762
782
412
1086
784
804
782
790
370
1044
758
758
754
752
746
752
734
700
736
722
728
722
740
740
406
1046
722
736
726
730
714
734
436
902
722
750
744
736
738
758
744
748
382
1024
736
752
420
896
440
1022
730
722
370
1012
720
420
974
698
700
692
698
722
742
422
1032
726
760
450
1024
734
762
742
362
1022
752
740
746
378
1032
724
754
736
738
754
766
786
356
1094
794
790
388
1058
766
738
710
722
476
892
732
726
712
726
712
688
724
706
692
718
326
1032
726
736
734
728
768
744
748
764
408
1054
764
758
418
1064
742
762
486
886
722
736
580
850
698
692
694
712
718
706
410
1010
714
698
712
724
718
750
744
756
752
764
442
1054
754
766
736
776
762
752
746
772
374
1052
780
742
772
732
764
744
742
778
758
746
764
766
464
938
758
784
410
1046
738
754
396
1006
710
728
734
734
762
746
776
418
1030
730
368
1038
732
778
788
758
766
794
372
1096
792
810
776
806
346
1106
824
534
1036
762
750
426
1008
708
726
424
478
844
726
750
740
748
740
768
756
756
736
780
410
1072
744
744
746
712
746
748
732
742
760
780
774
780
792
772
802
782
342
1060
768
770
770
762
776
786
790
806
798
364
1074
786
390
1044
386
1012
722
734
726
688
346
330
444
1006
694
712
712
736
410
1026
760
762
744
748
410
1044
766
736
418
1066
784
784
790
798
354
1078
774
788
750
754
752
780
742
756
400
1026
756
742
588
846
730
748
396
1036
746
732
724
734
724
742
376
1056
750
736
746
750
752
752
782
770
778
796
780
746
804
416
1068
750
768
780
760
330
1066
750
742
430
880
734
738
744
736
746
744
748
736
744
762
434
1044
756
782
350
1042
736
758
722
738
444
908
742
776
758
764
440
1058
406
1032
758
746
682
796
744
780
788
386
1096
384
1082
356
1082
760
730
390
896
708
724
722
732
720
724
716
696
696
726
740
716
760
414
1072
750
744
778
394
1028
718
752
402
1040
740
764
350
1006
700
708
708
700
696
340
998
720
726
718
712
750
760
398
1060
444
866
890
776
808
350
1046
770
744
738
684
424
978
700
696
680
682
664
660
656
650
650
648
648
630
634
646
646
644
636
642
600
708
390
926
646
670
654
668
658
664
682
682
694
668
684
678
688
702
696
730
712
750
474
888
720
746
712
744
750
734
744
730
744
756
746
754
746
742
732
746
744
748
446
1036
708
728
414
834
426
938
676
328
952
642
650
650
656
650
656
672
702
406
990
696
740
716
714
486
1050
776
780
796
772
768
762
380
942
770
758
740
772
784
768
782
792
764
786
786
354
1070
768
752
762
766
406
1056
780
728
736
736
742
764
752
740
768
776
748
760
486
944
792
786
418
1082
792
778
762
782
782
746
764
728
738
730
716
696
714
726
708
740
778
748
752
740
406
1038
714
714
742
388
1012
708
734
704
730
710
708
420
994
708
702
726
428
1004
714
748
722
744
728
738
410
1042
730
748
400
1034
712
400
1016
708
706
712
712
398
1010
682
698
688
718
412
888
722
742
750
388
1026
752
756
728
756
762
410
1076
734
736
740
728
708
740
736
736
394
1026
708
744
712
718
728
722
746
748
404
1064
736
736
752
