894
816
932
762
1080
934
942
932
794
1032
798
1060
738
1094
774
1102
752
1090
750
1056
760
1128
884
1082
804
1108
906
1096
892
1104
890
1044
826
1082
800
1112
812
1124
756
1086
758
1072
748
1102
774
1128
906
1066
890
1030
938
966
948
944
938
954
948
748
1112
920
1036
968
952
942
940
938
924
930
934
956
718
1112
856
1134
838
1116
782
1126
780
1110
778
1126
786
1106
760
1086
764
1094
752
1156
818
1140
936
1110
900
1080
818
1144
858
1116
808
1132
832
1120
776
1108
826
1112
820
1124
838
1130
922
1066
936
1012
862
1054
878
1094
1000
982
970
952
942
968
954
732
1110
822
1110
798
1080
792
1134
846
1074
790
1084
742
1032
776
968
760
954
742
956
734
998
812
1034
930
946
944
874
1008
962
778
1132
1002
986
982
958
956
964
972
740
1176
1042
980
978
744
1140
832
1144
788
1146
792
1158
802
1136
752
1150
774
1144
794
1140
778
860
1268
1004
848
1092
956
978
958
944
946
948
956
944
948
930
954
952
948
730
1116
650
1214
764
1088
780
1120
782
1002
796
1110
978
992
950
740
1170
924
1098
886
992
826
1074
940
962
962
952
934
940
938
940
952
944
754
1120
896
984
872
1006
956
932
940
776
1098
960
946
950
762
1080
822
1074
926
960
940
926
936
912
930
932
938
932
918
924
926
930
926
840
978
920
918
930
832
1006
936
940
932
756
1094
812
1102
812
1056
790
1044
792
1078
780
1076
826
1042
832
1004
808
1032
804
1060
884
1010
936
932
928
918
924
930
854
1004
944
944
932
762
1062
768
1092
782
1074
748
1114
812
1092
838
1044
816
1034
878
978
876
978
936
930
922
744
1074
862
992
808
972
768
970
746
978
770
1002
842
984
952
946
932
868
942
920
724
1042
826
1028
772
974
792
994
772
1042
812
1064
960
920
920
812
980
836
960
804
972
784
1018
854
1020
864
910
784
952
896
894
764
928
782
928
884
872
894
892
742
1002
952
804
1062
972
960
944
934
940
938
848
1062
1042
1004
978
960
966
964
792
1106
1036
1008
970
946
982
1004
1006
996
1002
1006
984
746
1190
958
1108
768
1164
984
996
952
954
952
938
928
930
750
1122
1014
1002
1056
676
1154
1036
984
956
938
922
956
952
944
956
960
954
976
816
1300
1012
1220
906
1118
858
1082
850
1036
978
984
964
960
974
974
978
996
982
772
1160
962
1060
852
1080
902
1022
866
1020
924
992
900
1028
986
972
970
962
964
892
954
956
958
962
760
1180
1066
968
946
974
974
840
1036
982
984
980
794
1162
964
1012
948
974
974
964
926
944
940
734
1128
952
1030
1064
834
954
964
956
800
1154
930
996
936
980
936
952
950
936
916
930
932
914
928
912
896
914
736
1050
934
922
906
704
1010
768
972
724
982
756
1026
814
998
738
976
768
1024
934
946
940
952
950
964
960
958
956
864
1072
1004
970
984
978
978
980
830
1176
804
1176
828
1146
788
1192
774
1136
908
1086
846
1034
878
1010
958
980
990
812
1158
1024
988
966
736
1218
928
1132
770
1158
1024
1014
948
964
972
960
938
956
970
732
1096
926
992
954
680
1256
786
1138
1058
844
938
906
766
950
874
872
882
808
950
740
930
840
904
892
930
958
966
992
998
1000
986
1002
1006
742
1238
1064
1164
896
1150
1028
1002
922
1042
1016
756
1170
1054
990
964
978
974
900
992
976
978
978
746
1164
1014
962
926
986
970
942
912
994
954
944
942
910
948
912
914
830
976
822
952
774
956
732
980
800
956
900
888
908
802
902
764
1012
928
946
924
912
908
956
952
920
1008
1014
808
1162
1038
1012
1010
730
1146
956
1068
796
1112
1008
978
944
1000
998
762
1166
848
1182
982
1122
832
1152
1008
1034
990
772
1170
890
1130
936
1108
1028
1000
994
822
1184
1080
1030
1016
996
988
980
970
980
966
832
1078
998
992
986
1002
1004
896
1032
828
1164
760
1150
930
942
932
900
874
808
906
834
914
890
898
902
912
954
966
970
714
1160
1048
1030
1022
1012
1000
994
990
970
824
1208
1136
1082
1122
886
972
986
956
960
990
984
982
996
1014
996
1006
984
994
992
766
1192
846
1178
876
1152
924
1076
854
1076
978
966
954
944
946
898
906
848
896
786
908
716
974
902
906
906
756
1076
952
962
964
746
1160
982
1000
984
980
988
980
962
972
976
724
1204
1094
1018
984
974
974
798
1224
1064
1124
1018
1002
1002
970
984
962
966
964
856
1098
1012
972
964
786
1184
850
1192
1022
1024
962
980
982
980
974
950
774
1154
820
1124
998
976
854
996
788
1016
924
898
868
898
870
802
876
904
908
880
898
886
748
1004
958
878
966
946
822
1016
966
968
970
964
760
1212
1112
1072
1046
998
986
814
1190
864
1160
944
1050
880
996
944
970
928
986
992
772
1218
1120
1056
982
998
982
986
950
962
824
1138
874
1140
896
1070
838
1136
854
1068
1022
1002
950
952
958
750
1132
980
972
958
914
936
904
826
906
802
900
730
984
846
676
1178
1032
766
1116
848
1018
810
1196
864
1204
932
1180
1056
1028
1012
744
1264
1036
1280
952
1188
1028
1080
1014
968
982
986
970
978
988
918
994
960
958
964
954
960
974
980
978
954
788
1240
988
1134
894
1086
988
962
980
978
966
952
838
1108
1016
972
968
958
960
944
940
954
922
988
942
950
918
690
1144
860
1050
794
1114
782
1046
908
1002
928
940
936
768
1016
836
1022
892
1006
970
966
982
868
1150
1058
1014
1004
818
1164
1034
1010
992
988
984
984
832
1178
1030
994
964
952
954
958
956
952
956
872
1040
988
974
986
982
976
958
794
1150
842
1150
880
1164
1006
962
972
980
974
768
1216
1032
1088
988
978
976
964
948
944
952
984
784
1170
978
954
736
992
870
868
860
842
850
854
880
872
870
932
912
900
940
938
884
986
970
798
1154
1052
998
994
1014
1016
1020
814
1256
1076
1216
944
1124
1002
978
980
978
984
978
980
984
814
1222
1058
1108
1012
786
1258
1016
1166
864
1178
1060
992
1002
998
996
866
1158
972
1070
866
1060
876
1064
970
998
946
964
964
758
1162
1024
978
936
930
926
910
926
918
902
708
1030
878
918
830
986
940
946
956
938
930
950
778
1182
1090
1030
1014
742
1176
1106
1060
1008
1010
1022
1024
1024
1028
1032
1014
1012
802
1232
1044
1132
1022
1024
1012
994
1010
998
910
1100
1032
1022
1004
808
1154
1052
1002
966
980
992
916
1056
1022
996
960
986
976
832
1048
978
962
808
1024
860
972
908
968
950
832
1138
1056
750
1238
1120
1086
1050
774
1234
878
1264
1022
1130
1128
990
1064
1008
996
1010
786
1216
1008
1166
1022
1076
988
1060
1040
998
1014
1002
992
1004
1008
838
1200
886
1186
994
1114
1030
1024
1002
778
1220
1038
1142
864
1176
1018
1038
984
1002
1000
984
990
996
764
1188
1040
1032
916
1044
976
1010
980
746
1150
1064
1024
1002
990
986
776
1140
1036
1016
940
1008
992
744
1172
1054
996
940
984
982
1004
956
950
964
946
922
786
964
814
926
738
960
766
960
728
1010
766
996
792
1104
994
974
968
940
968
988
1004
992
994
984
1040
1014
862
1242
1184
1088
1044
988
932
988
976
974
970
802
1238
1008
1236
1002
1190
956
1188
1066
1132
1024
1028
1026
1018
902
1138
1066
1028
1002
1014
1002
812
1198
1042
1070
1002
980
1000
1000
752
1208
1152
1082
1032
992
996
748
1178
1028
1016
772
1034
920
900
898
910
894
908
892
850
892
880
908
904
692
1064
846
1010
962
958
994
970
828
1242
1134
1116
1124
744
1186
894
1260
1040
1188
1100
1072
1048
802
1246
1030
1170
1004
1076
1000
996
994
980
966
798
1218
988
1186
850
1214
1022
1150
994
1046
1012
988
992
994
1028
998
970
972
992
984
834
1110
1014
986
856
1052
978
952
764
1034
914
938
840
1054
968
936
950
930
942
810
1058
832
1074
848
1066
804
1038
802
1014
810
1050
974
964
958
730
1224
1136
1082
1082
998
1104
1046
1034
1038
1056
1036
1050
1074
1042
778
1126
888
986
860
1000
954
948
912
1002
1000
804
1172
1098
1042
1032
740
1218
1132
1094
1034
1022
1026
754
1230
1000
1176
988
1058
1020
1014
996
1012
1008
974
1006
1002
990
756
1284
1114
1016
956
910
910
762
980
864
880
736
958
754
952
840
918
872
868
852
864
878
892
904
898
720
1018
772
988
798
1050
938
952
950
814
1152
1122
968
1124
1028
864
1140
1082
1040
1018
1008
1022
1082
920
1184
996
1164
834
1184
1034
1054
994
1000
1016
998
998
1006
996
978
974
842
1204
822
1236
1028
1076
1014
1024
1022
980
986
1004
990
956
972
790
1142
766
1166
990
968
928
906
906
806
960
892
890
886
894
888
892
916
898
978
948
968
960
958
936
988
972
734
1150
1012
1034
998
1004
1006
1002
734
1238
1042
1162
808
1196
1048
1066
982
1000
836
1230
1030
1012
1018
1002
998
1006
1012
988
988
1000
992
990
974
968
810
1152
860
1096
834
1106
894
1074
986
944
948
954
936
912
814
928
786
944
760
992
836
1024
926
930
926
734
1062
902
1058
978
992
1000
1002
996
1002
800
1216
1116
1072
1006
990
1002
814
1242
1038
1178
904
1126
1006
1006
1002
982
1060
1110
1072
1020
1030
838
1248
1012
1190
1084
1002
974
984
990
970
960
970
980
902
1002
820
1160
998
786
1256
986
1148
992
1000
946
972
954
786
1064
956
956
978
862
1010
976
974
960
936
976
960
958
944
948
930
936
956
972
978
968
984
1018
1012
1002
990
990
818
1212
1108
1064
992
1004
1016
1006
992
1004
1012
992
970
964
986
984
980
986
998
990
980
962
986
824
1162
904
1064
964
1006
952
948
984
1016
966
1048
1016
996
978
980
970
950
834
1150
1022
968
938
944
916
788
1004
928
904
892
902
884
690
972
764
932
734
1004
768
992
804
1060
956
926
928
882
894
740
974
776
1070
990
1000
1020
980
998
1018
1020
1008
1014
1028
750
1224
884
1242
786
1216
1038
1096
1008
994
1008
982
958
984
996
760
1224
1010
1132
890
1084
994
1014
986
762
1228
1158
1058
850
1074
936
976
950
950
952
766
1046
824
1048
808
1134
962
1018
960
956
962
958
970
976
990
974
996
1020
1002
986
980
982
974
744
1202
1076
1060
994
984
1000
1010
986
978
976
982
978
984
984
982
972
956
992
982
976
970
956
950
764
1124
794
1190
1056
1042
966
984
984
966
976
862
1092
1000
984
968
924
970
944
948
968
756
1128
886
1092
822
1072
984
1012
992
998
1004
978
960
990
998
974
986
972
746
1190
850
1202
834
1206
936
1258
976
1162
1040
1000
978
982
986
966
962
1002
1074
990
1086
1036
1006
990
976
978
1012
1004
992
1004
992
966
986
976
750
1162
894
1140
870
1102
918
1082
998
962
854
1116
966
998
910
1010
982
976
970
986
978
966
942
964
810
1180
866
1176
906
1180
1048
1014
982
962
990
1010
960
998
984
982
986
992
1014
984
972
974
954
746
1246
1038
1184
1010
1000
970
948
962
976
964
968
990
824
1242
930
1174
976
1034
980
902
1106
1032
996
1004
940
1066
1022
1014
986
798
1192
1090
1006
970
984
976
906
1032
994
976
952
782
1162
896
1094
1020
1008
984
962
990
1002
990
974
972
982
968
958
994
1006
770
1200
994
1068
984
976
952
978
972
974
982
782
1184
1056
1006
968
966
978
980
966
760
1214
1132
1038
1002
974
950
782
1198
982
1064
1010
980
934
912
926
938
940
930
782
1218
1130
1060
1018
992
966
956
976
988
972
952
966
974
964
886
1044
1000
772
1186
1074
996
980
968
1002
982
976
980
990
990
976
962
986
988
986
976
984
826
1176
1050
996
972
980
978
976
970
966
982
978
972
952
978
984
776
1228
1000
1140
920
1044
988
966
934
978
992
970
964
936
1006
982
960
984
800
1226
1086
1038
970
964
992
1002
978
958
964
968
960
828
1174
1084
998
944
952
958
884
974
978
850
1142
1016
1006
1004
794
1260
1076
1204
1060
996
994
974
966
978
982
998
986
988
982
968
978
986
802
1198
1064
1006
974
986
988
976
952
984
994
988
968
972
978
974
870
1054
1008
968
888
984
960
964
968
998
988
982
958
978
986
976
964
782
1242
974
1192
1052
1040
980
990
976
964
968
982
990
784
1188
1042
1038
980
974
972
794
1168
922
1136
1032
982
926
1020
1032
998
998
986
994
962
802
1174
1022
998
904
1028
978
968
978
976
952
954
974
978
970
970
974
960
976
964
958
976
746
1182
1004
1054
900
1006
888
1028
962
952
970
962
972
982
970
964
948
964
982
976
962
958
804
1200
1090
1010
900
1064
968
980
988
978
958
982
976
972
982
920
1034
984
978
972
776
1228
854
1228
1046
1072
986
982
968
956
966
970
960
980
992
990
980
968
984
986
978
976
974
962
950
796
1242
1056
1100
990
986
968
958
974
990
976
968
980
858
1090
1016
996
990
966
984
986
928
966
956
968
972
840
1178
1114
1010
992
998
982
980
986
982
978
816
1230
1060
1102
942
1020
946
958
982
966
960
944
978
992
978
978
998
992
980
896
1040
996
960
966
798
1198
976
1064
968
1010
964
972
988
988
974
984
982
982
892
1052
1020
994
960
968
978
970
968
968
966
954
952
824
1180
1070
982
970
976
970
966
970
968
964
948
960
956
876
1016
966
972
984
956
952
972
964
950
956
968
972
768
1154
956
1042
984
980
994
824
1164
1010
1078
986
956
972
990
974
974
970
800
1194
994
1108
1012
966
958
994
988
786
1130
1010
988
968
860
1080
1008
994
968
970
986
964
958
958
978
988
976
982
982
974
796
1178
1052
1006
978
984
964
980
998
992
980
970
964
968
962
974
988
972
798
1206
1130
1028
970
968
978
846
1106
1016
1008
972
782
1148
1022
974
948
962
956
754
1136
1010
992
976
976
976
966
958
972
964
966
956
968
980
970
968
980
968
826
1100
1020
998
978
778
1192
1022
1018
956
1014
994
964
956
830
1160
932
1076
998
964
956
954
958
970
958
962
968
962
954
960
972
898
1006
1000
776
1200
1092
1006
982
954
952
972
976
980
952
966
956
966
966
978
970
966
892
996
976
978
970
984
956
966
978
974
964
950
952
762
1158
920
1082
1006
972
932
1006
978
972
966
966
954
960
936
950
964
948
844
1072
1010
972
966
970
954
956
948
952
970
958
960
980
990
1006
992
1000
994
960
974
954
1002
960
960
966
968
964
982
972
964
960
970
982
972
980
978
782
1170
810
1172
984
1008
984
960
956
948
950
964
974
964
960
962
982
966
856
1064
992
970
976
978
972
964
962
966
960
962
978
982
762
1198
1044
1066
864
1074
1004
970
958
982
978
972
968
962
968
968
966
960
972
976
920
966
970
972
966
962
954
966
972
774
1176
1046
996
962
960
968
854
1088
1010
980
968
950
952
962
470
284
1128
878
900
882
874
870
900
908
910
928
954
932
934
944
936
820
1000
924
956
944
934
942
950
794
1158
1006
1032
984
968
978
910
994
992
870
1120
1006
988
972
962
962
966
988
978
758
1174
1042
996
972
982
988
904
1020
984
978
978
982
986
998
968
968
970
982
788
1184
896
1134
834
1126
994
984
978
970
970
974
744
1166
1040
992
962
972
966
976
792
1146
1008
978
948
950
962
970
972
764
1190
1004
1038
848
1130
1012
984
990
968
946
736
1164
962
944
846
988
912
862
884
878
870
876
876
888
734
1028
940
926
932
858
938
708
972
888
874
862
882
882
808
910
896
902
906
940
926
924
928
938
936
958
932
942
960
928
734
1120
930
990
958
958
940
922
938
940
938
932
936
768
1178
1066
990
950
938
912
922
924
918
732
1126
864
1068
884
972
778
1068
798
1128
812
1110
898
1004
934
942
902
932
930
912
902
910
728
1064
926
928
926
746
1138
858
1128
950
966
916
962
936
934
946
946
942
944
934
942
920
938
948
962
778
1224
814
1122
758
1108
962
950
930
946
946
962
950
936
950
956
942
932
944
936
752
1068
780
1076
816
1086
954
980
934
924
940
932
930
938
926
916
916
918
926
914
910
902
818
966
926
916
922
914
914
920
926
732
1108
984
942
928
934
938
942
938
920
936
776
1134
800
1140
958
926
908
930
928
924
748
1122
984
952
938
786
1144
1010
936
918
942
928
928
910
922
832
944
888
910
902
892
888
902
894
894
720
1196
994
1030
928
924
930
928
922
930
930
930
750
1228
1024
1046
826
1064
952
928
928
948
944
940
924
942
926
928
914
910
918
914
768
1058
956
926
916
878
930
922
924
926
936
768
1124
982
962
946
802
1082
972
944
936
912
922
906
900
900
904
908
854
936
936
924
934
936
934
942
930
928
932
822
1006
924
942
928
756
1050
910
948
924
918
870
920
912
904
910
832
1010
962
908
968
938
932
920
920
912
900
838
936
916
918
916
914
912
928
922
922
916
924
924
924
926
738
1136
822
1040
812
1050
828
1038
888
936
808
992
926
910
926
880
950
916
912
926
908
758
1082
838
1020
846
992
940
938
928
922
922
736
1068
970
934
932
928
910
922
910
900
918
916
768
1034
940
922
918
916
938
922
780
1042
938
928
934
746
1036
854
990
916
920
844
954
924
908
922
914
912
898
910
908
742
1032
826
1050
938
918
930
922
912
730
1026
868
944
918
914
916
748
1042
940
916
912
714
1062
938
910
892
904
904
908
906
794
1034
938
924
936
918
922
918
742
1058
904
926
908
916
918
908
914
882
932
916
752
1070
952
920
932
754
1060
934
950
944
732
1076
940
936
930
718
1096
912
998
930
932
934
716
1068
880
992
928
908
926
924
920
728
1094
906
676
1226
706
1020
790
976
876
906
898
880
718
994
872
878
872
894
874
874
718
1010
822
940
738
938
880
868
880
864
892
898
808
968
922
758
1086
954
940
918
762
1002
792
996
778
1016
772
1050
776
1030
786
1064
810
1056
822
1022
892
966
944
926
932
918
918
774
1006
868
964
894
932
928
826
992
934
942
936
774
1090
792
1060
764
1090
762
1058
778
1094
790
1072
786
1080
794
1054
780
1064
794
1082
812
1060
866
1010
934
936
928
936
932
948
938
924
916
928
832
1000
942
940
932
924
944
932
918
922
856
936
906
926
912
914
936
930
790
1040
946
924
908
776
1036
930
902
878
932
916
914
920
802
990
938
920
918
736
1054
792
1024
778
1054
782
1066
774
1044
780
1040
782
1044
798
1042
802
1096
834
1050
788
1088
814
1002
782
1108
814
1034
790
1062
816
1030
910
966
942
928
932
844
992
940
730
1142
908
972
926
946
912
556
858
608
582
588
618
626
766
760
1072
1218
1036
970
938
940
922
942
934
896
956
930
960
966
950
924
936
940
738
1094
816
1096
778
1084
784
1092
786
1066
810
1132
870
1026
786
1104
784
1074
810
1044
802
1022
816
1068
866
958
806
1034
938
918
914
912
916
908
924
916
908
898
916
832
950
882
882
788
866
708
906
792
856
796
862
836
830
838
776
924
886
708
972
882
884
872
898
880
882
872
880
866
730
972
910
900
902
880
886
906
908
730
1054
800
1118
808
1058
780
1130
828
1078
838
1096
844
1044
826
1104
828
1006
848
1038
962
934
930
776
1160
1000
966
948
766
1146
988
968
948
776
1082
898
994
924
942
884
960
934
932
934
930
942
940
932
930
730
1138
920
1022
972
946
940
902
938
940
742
1104
968
934
930
774
1182
952
1036
958
944
940
938
942
952
732
1160
842
1108
810
1096
854
1110
972
942
946
938
930
940
932
914
916
918
918
924
922
916
920
732
1152
896
1034
874
994
950
940
934
920
936
788
1082
986
952
946
716
1128
842
1072
800
1090
852
1036
836
1040
868
1008
938
928
926
900
834
960
922
924
922
922
918
784
1070
946
926
916
860
940
912
744
1024
936
924
926
916
712
1082
840
1000
794
1018
804
1040
826
1022
868
978
926
910
908
890
892
882
878
868
874
748
974
904
896
886
752
952
800
868
820
788
774
770
754
758
758
764
760
762
758
754
738
518
934
794
502
714
830
736
776
764
782
788
800
744
884
842
838
840
874
868
732
972
896
868
860
718
1016
908
880
882
716
990
874
902
880
710
864
