618
662
662
666
664
664
672
674
674
674
688
682
676
666
672
678
672
678
664
666
656
654
652
652
654
650
650
650
648
646
646
638
642
644
640
648
642
646
646
644
382
742
716
680
652
648
652
642
646
644
642
640
638
650
642
654
648
652
644
648
618
660
642
640
648
650
646
654
644
648
646
646
644
648
658
654
658
656
652
656
652
656
666
662
670
666
668
666
666
664
664
668
664
674
664
672
662
666
656
660
662
660
666
666
664
664
662
660
652
658
662
660
654
658
664
662
660
662
658
662
650
662
658
664
662
664
660
664
662
668
664
678
670
674
674
670
670
670
676
668
674
664
674
660
666
658
658
660
658
664
664
664
658
662
662
658
658
664
664
668
666
654
658
652
658
648
668
654
664
656
666
652
654
648
656
656
662
658
664
662
670
656
660
656
660
660
666
670
672
660
672
662
668
662
674
666
676
672
676
674
674
664
668
662
678
668
682
674
682
672
676
646
686
686
672
680
676
674
666
672
666
662
666
666
674
668
672
670
668
666
668
660
668
666
674
664
672
668
670
660
670
674
674
678
668
674
662
676
670
668
680
672
670
684
680
678
676
532
814
678
664
676
670
668
670
662
666
666
670
664
678
670
674
666
664
662
664
668
678
670
676
674
674
668
510
816
668
668
560
782
674
674
518
804
664
662
668
670
674
674
670
672
668
668
662
668
668
678
672
658
668
660
668
666
664
674
668
674
670
674
664
670
664
658
666
666
670
680
672
670
670
664
590
732
680
670
680
670
674
668
670
670
668
668
668
672
674
672
670
672
666
668
672
668
680
672
672
658
516
810
670
680
682
672
676
672
668
664
664
660
668
664
668
666
666
664
664
660
662
662
558
772
686
670
672
666
666
664
664
670
670
668
668
666
664
670
664
668
666
676
670
680
672
674
670
664
546
772
686
672
684
680
674
666
666
668
660
670
666
678
676
664
676
666
666
668
672
668
680
672
676
672
674
666
668
664
672
676
678
670
676
662
666
662
672
666
672
676
668
676
668
672
674
668
672
670
662
674
672
674
672
668
668
666
666
672
672
666
676
662
664
660
670
668
670
666
668
670
664
666
664
668
660
668
662
670
664
662
666
660
666
666
680
678
678
674
678
670
678
672
676
690
684
684
668
678
686
682
682
680
520
836
696
680
540
802
686
674
678
678
682
682
682
676
674
666
672
670
678
676
678
684
684
672
678
678
680
678
674
680
688
680
680
674
674
674
680
676
682
684
682
672
678
670
676
668
686
678
686
672
680
666
674
668
672
676
680
680
682
684
680
682
684
676
682
682
686
682
676
672
672
668
674
670
678
666
672
666
672
670
670
670
668
674
666
670
662
670
660
670
662
658
662
526
808
680
668
658
662
658
660
670
664
672
664
664
660
672
664
672
666
676
674
664
684
692
688
686
680
686
690
692
692
676
678
670
668
666
666
666
666
662
664
664
658
658
662
660
672
666
670
674
678
674
680
692
688
698
700
702
710
690
706
692
696
686
698
692
696
690
692
682
688
676
680
524
826
684
680
682
670
522
820
670
568
770
690
676
678
674
678
678
680
676
682
684
686
678
662
678
674
672
678
680
678
678
680
670
676
676
676
676
666
674
672
664
656
642
648
650
646
648
606
706
652
644
640
644
646
648
650
652
646
648
642
646
642
638
646
648
604
714
670
680
682
676
538
788
674
666
674
672
672
672
668
662
652
660
658
654
664
658
658
652
656
648
652
652
652
656
660
662
658
616
680
650
648
652
650
654
658
658
656
658
656
660
652
656
656
664
666
660
662
658
660
660
662
652
666
666
668
658
664
656
658
660
658
658
656
654
656
656
654
652
654
658
666
658
666
664
662
662
664
662
668
668
670
678
672
672
666
670
660
666
672
678
674
672
670
658
664
656
662
662
668
666
664
664
662
652
658
656
660
658
668
666
674
662
662
658
586
728
674
678
680
674
676
666
670
664
670
668
676
670
682
670
676
664
670
666
668
666
670
674
678
666
666
668
664
670
668
680
678
672
674
660
660
666
660
660
666
666
668
664
658
664
662
664
664
656
672
670
674
664
674
660
672
664
672
674
672
668
670
672
660
670
666
672
672
664
670
662
664
658
664
660
666
666
674
664
676
668
668
664
590
740
686
510
832
678
672
664
666
672
666
674
670
680
680
670
670
666
670
672
660
674
666
672
664
664
660
662
664
658
662
674
672
670
670
660
666
672
670
670
674
682
678
682
678
678
676
682
678
678
682
692
682
680
684
678
680
680
682
688
680
676
684
670
680
680
672
680
674
682
672
680
668
680
672
676
674
686
686
670
682
670
674
672
674
676
684
674
676
672
672
672
668
676
672
678
678
666
668
664
672
668
678
674
684
682
672
678
666
674
670
680
668
684
686
678
678
678
676
672
678
676
672
680
676
674
670
674
672
670
678
676
674
678
686
674
672
668
670
670
668
680
674
526
818
680
660
670
664
676
672
686
676
682
670
676
672
686
672
688
684
684
686
676
680
672
672
668
670
672
670
670
672
668
662
666
662
658
662
664
660
662
662
654
658
650
656
656
662
662
672
668
678
670
666
672
668
680
670
678
668
676
668
674
668
678
674
680
676
674
672
674
674
674
676
672
678
674
676
668
674
670
678
586
766
690
678
520
822
682
672
684
670
680
678
680
674
676
676
678
676
686
682
680
682
682
676
672
672
674
672
674
680
666
674
664
674
672
674
674
678
686
682
682
682
678
672
680
680
680
686
688
690
688
686
668
674
700
696
696
692
694
686
688
684
686
682
684
686
686
684
678
672
680
672
670
674
672
672
678
674
672
668
668
674
670
678
690
680
692
686
694
684
694
696
694
702
688
698
688
692
682
690
684
686
686
680
692
684
680
680
678
678
678
682
674
676
672
668
664
668
666
672
666
676
672
672
674
670
672
676
688
692
690
698
690
704
692
700
694
700
698
698
700
686
684
680
680
680
680
684
682
682
676
676
678
680
682
680
678
680
682
684
686
566
794
686
678
682
694
680
686
684
688
672
682
680
688
678
684
682
688
676
690
676
688
676
688
678
690
674
684
678
678
676
678
676
678
676
670
674
666
668
670
676
674
676
674
676
678
676
684
680
692
688
684
690
684
692
688
688
696
684
690
692
678
686
672
682
674
682
676
678
678
678
672
676
674
676
674
676
678
680
674
676
672
670
674
666
674
666
680
674
674
664
666
660
670
666
678
670
680
666
674
658
664
662
672
670
676
674
676
672
674
672
664
674
684
674
688
684
688
686
682
682
684
682
684
690
684
692
682
692
686
694
690
694
692
690
696
692
690
686
688
692
690
692
688
688
684
686
686
676
682
682
678
686
680
678
674
676
676
674
674
670
678
676
682
676
678
678
688
682
688
686
684
688
686
690
686
686
692
690
692
680
684
678
682
680
692
686
686
690
690
688
676
690
678
688
682
682
692
688
684
686
684
682
684
686
684
682
686
680
688
676
680
674
686
680
692
684
690
688
688
690
690
688
688
694
694
684
686
680
682
676
690
684
690
688
684
686
682
688
680
694
688
690
676
692
688
688
686
694
688
690
690
694
692
692
692
698
688
696
690
696
692
692
686
686
690
686
694
688
690
680
686
688
684
682
674
692
678
684
680
680
676
680
682
678
684
686
690
682
686
682
678
680
688
692
688
696
682
688
682
684
678
698
690
698
692
704
688
702
688
700
686
698
690
690
686
688
690
682
682
682
688
680
688
678
686
686
680
680
672
678
676
684
682
684
682
684
686
678
682
686
690
686
694
686
690
686
690
682
698
686
700
698
704
694
698
698
702
690
696
694
692
688
692
688
574
796
700
686
694
682
686
684
686
690
694
706
696
694
700
690
696
690
696
690
698
688
692
688
688
700
706
694
704
702
702
702
690
694
690
694
688
702
688
696
690
694
688
692
684
698
688
692
690
700
692
690
684
688
690
686
696
688
692
680
686
688
694
690
698
696
696
704
690
702
692
700
696
724
706
714
708
704
706
720
720
710
714
702
710
704
704
702
696
700
692
702
690
692
692
690
692
684
690
686
696
692
690
684
688
686
680
684
684
692
688
688
688
686
694
686
688
692
692
690
692
688
692
688
690
684
692
690
700
688
696
534
894
708
712
712
698
694
690
686
684
678
678
670
674
674
672
674
666
666
670
496
822
676
670
768
578
672
674
672
682
674
682
674
680
676
680
672
680
674
682
678
676
684
678
682
678
682
672
676
678
574
782
684
682
678
674
676
674
668
672
672
676
672
672
664
674
668
668
670
672
674
676
672
676
676
676
678
686
684
690
680
688
684
688
688
690
694
688
682
688
682
680
684
688
684
684
684
684
686
676
678
676
674
674
682
672
678
668
528
814
680
672
674
674
672
674
674
674
676
676
680
678
686
688
686
690
686
686
684
694
684
690
686
698
690
698
688
688
688
692
678
692
688
694
682
690
684
686
680
680
682
686
682
682
684
682
686
670
680
678
688
682
682
676
684
682
678
682
682
684
688
684
686
676
688
684
678
682
686
690
676
690
682
690
682
682
680
686
678
686
678
686
678
688
678
686
672
684
672
678
666
672
676
676
674
674
676
664
672
668
674
674
674
676
674
674
674
662
676
670
678
682
688
686
688
686
684
686
680
694
682
690
698
692
692
686
682
690
690
692
690
696
692
690
688
686
682
688
688
690
682
692
684
686
680
686
682
686
684
688
686
700
688
692
694
692
692
688
698
690
700
690
688
688
688
688
686
688
690
588
776
684
682
682
688
692
696
692
696
692
686
686
686
686
682
686
686
680
682
680
676
676
676
678
678
680
680
678
686
682
688
680
688
684
694
684
694
686
704
692
702
692
700
690
692
688
690
692
684
684
682
684
684
686
686
674
682
680
680
686
678
684
678
680
676
680
682
680
682
676
682
680
678
674
678
670
680
676
676
684
674
678
676
670
670
666
668
668
670
670
674
670
668
670
666
670
658
664
662
664
668
664
664
660
666
664
668
670
668
668
668
662
660
664
656
660
660
658
658
658
660
662
662
662
660
660
660
664
660
656
658
658
658
664
660
664
662
656
654
652
656
654
660
660
662
664
662
656
650
660
658
668
664
662
674
664
666
654
662
660
662
662
666
664
666
664
664
646
658
656
652
654
658
654
656
650
650
638
650
646
650
648
650
648
648
656
640
646
630
642
638
644
640
646
648
644
640
642
638
638
636
642
648
652
642
646
648
654
650
654
654
660
654
662
658
660
654
658
658
664
668
660
664
662
662
658
662
660
660
662
660
662
660
662
660
664
662
656
654
658
658
658
654
656
648
652
646
652
652
648
638
648
646
642
646
644
654
646
650
642
648
642
648
646
650
650
650
650
654
650
652
640
646
642
642
644
652
648
646
650
644
644
640
642
642
652
652
650
646
646
650
646
652
650
658
644
654
652
646
648
640
644
636
642
640
642
646
642
642
642
638
642
636
638
636
640
640
650
644
644
640
644
642
648
644
648
650
494
800
650
648
648
646
644
646
646
648
642
644
640
644
642
644
642
648
644
644
644
644
646
644
648
650
646
642
646
652
648
650
650
648
650
654
660
646
658
652
652
644
650
648
650
646
650
644
642
638
640
640
634
638
644
638
642
640
640
636
640
636
636
630
642
638
640
640
642
640
636
636
632
646
638
642
642
648
642
640
638
484
790
654
648
650
654
494
796
652
648
658
642
550
740
654
650
472
800
642
640
648
636
640
642
638
644
640
640
634
638
636
644
632
634
636
638
504
764
646
640
494
766
644
632
630
630
632
632
636
644
640
650
644
652
652
594
708
658
650
662
654
660
656
664
654
662
648
660
652
654
656
664
656
658
654
656
652
654
654
658
658
666
660
654
652
648
652
648
660
652
658
656
652
652
644
652
648
656
658
668
658
664
660
664
650
656
648
656
658
664
654
660
652
654
650
656
656
666
658
660
654
662
650
652
644
652
650
656
652
660
656
666
654
652
648
650
650
650
654
652
644
640
640
638
646
640
658
644
650
650
652
644
648
648
644
644
644
650
648
648
648
646
642
644
644
646
644
650
646
650
648
648
650
648
652
650
656
654
656
656
658
656
662
650
656
456
846
660
656
652
648
650
648
650
656
656
654
654
656
648
648
650
652
652
654
654
652
646
652
642
642
648
652
652
650
652
648
650
644
644
642
650
648
654
652
658
648
652
646
644
652
646
658
652
650
644
650
646
646
648
650
650
648
644
650
646
652
648
648
644
648
654
662
654
662
654
660
652
656
652
658
654
662
660
656
656
654
658
650
654
650
662
656
660
658
662
654
658
658
660
658
662
662
656
656
658
654
656
658
664
658
656
648
656
652
654
654
656
654
658
656
658
652
654
650
648
652
648
654
650
650
652
652
650
652
652
656
658
658
658
654
652
648
650
650
658
650
662
660
666
662
656
660
648
654
652
660
654
664
658
654
646
646
644
646
652
658
652
658
652
652
646
652
652
652
654
660
474
752
726
664
650
660
654
658
660
662
660
666
662
654
658
658
660
660
664
660
662
660
656
662
658
666
656
662
656
658
658
658
654
650
654
652
654
656
656
654
648
654
648
650
654
660
658
656
656
652
650
642
652
634
658
650
654
652
652
646
650
648
660
654
658
662
662
664
666
660
666
660
672
668
678
670
672
660
440
882
672
668
680
668
672
666
666
664
664
654
662
658
662
664
670
666
668
656
658
656
660
660
668
664
664
668
660
662
652
662
662
662
664
670
664
666
662
666
662
482
840
682
670
684
668
672
656
662
658
660
662
668
668
660
658
656
656
656
656
652
658
656
650
654
656
652
656
656
662
666
594
734
666
664
480
826
668
660
672
662
664
658
660
652
660
656
660
660
662
666
660
664
658
660
660
658
658
662
664
660
662
654
664
662
660
670
678
678
674
674
668
668
664
666
668
668
672
672
668
662
658
658
652
658
662
668
662
668
600
718
660
660
662
672
664
680
672
678
674
674
670
674
672
674
678
672
672
668
668
664
666
660
662
662
664
668
668
666
668
666
658
666
660
670
664
670
658
664
656
660
662
658
668
662
662
658
656
656
654
650
654
654
660
658
656
654
654
648
652
656
660
660
660
660
652
648
658
652
658
666
658
664
662
660
654
658
656
660
660
668
664
482
838
666
660
664
658
662
672
666
672
664
666
658
664
658
666
664
668
668
672
660
668
656
662
660
664
666
670
666
666
668
662
664
654
662
664
668
674
666
670
652
662
650
664
664
662
674
668
666
658
664
662
666
668
670
674
674
674
674
672
664
666
662
670
666
674
670
672
658
664
664
668
664
672
674
674
670
670
670
664
672
668
666
664
668
662
664
660
660
654
658
660
660
662
656
654
648
644
648
652
660
656
660
660
652
658
648
664
658
662
662
664
670
664
664
660
660
658
658
666
670
672
666
660
658
658
660
662
674
672
678
670
666
660
662
666
674
676
674
678
676
680
672
674
672
672
672
684
684
688
684
684
668
678
674
676
676
676
676
676
672
674
662
668
660
662
664
662
668
664
664
660
660
658
664
666
678
670
674
668
664
658
478
840
678
666
678
662
668
660
658
658
658
656
658
660
662
660
664
660
660
662
660
662
666
670
666
668
656
660
660
658
658
654
658
652
648
640
648
640
644
642
650
648
652
644
650
644
646
638
486
798
664
648
646
644
492
778
640
638
638
638
638
644
642
640
636
632
636
634
640
638
638
646
640
640
640
634
640
638
638
656
646
652
642
640
636
626
636
642
638
644
640
644
640
640
634
630
634
634
644
634
636
640
632
634
636
630
632
634
640
640
638
476
786
638
632
634
626
630
642
630
638
632
630
634
628
634
634
632
636
632
640
642
636
638
630
640
638
634
632
646
638
642
636
638
642
642
654
648
650
664
658
644
636
644
634
644
648
646
632
646
636
638
640
624
466
800
650
642
644
638
480
780
634
628
636
636
636
628
638
632
634
624
634
630
640
634
654
640
644
650
646
646
558
722
644
496
802
646
660
646
652
636
638
646
640
652
646
648
650
636
644
628
640
636
638
646
640
648
642
644
632
640
638
636
638
644
648
642
644
642
642
630
638
640
640
644
640
654
638
644
630
638
634
632
440
828
640
636
642
628
634
634
636
636
634
636
638
624
634
634
630
632
636
640
634
640
642
640
642
638
642
640
634
640
636
642
634
636
628
624
634
630
628
642
632
636
642
624
638
626
628
630
628
636
624
634
626
462
782
626
628
620
632
626
628
618
624
622
618
620
616
628
624
634
630
628
636
622
624
622
622
630
626
642
640
636
644
632
630
634
628
632
630
632
630
644
632
634
634
628
634
624
634
630
640
634
630
626
434
804
624
630
626
630
628
630
630
618
624
618
620
620
620
626
620
626
616
618
622
616
622
616
626
620
630
626
624
628
628
630
626
628
630
630
634
624
628
628
624
622
620
626
622
628
626
624
622
624
614
618
618
622
626
618
618
606
614
622
616
620
620
618
626
628
624
632
618
624
624
620
622
622
626
622
632
622
618
614
616
618
618
618
620
626
622
622
614
618
616
614
614
616
618
624
618
632
618
612
624
620
630
624
624
634
628
636
626
636
630
630
630
630
634
630
458
800
632
630
628
620
622
628
624
628
622
630
622
624
620
624
626
626
626
628
626
626
620
624
612
624
620
622
448
794
642
630
626
622
618
618
618
622
622
510
732
636
626
624
626
524
708
640
630
628
634
476
760
624
624
618
626
622
630
626
626
626
620
624
622
632
628
630
630
630
632
630
624
624
614
624
620
436
812
478
774
630
622
616
620
614
618
630
622
620
624
622
600
612
432
790
628
622
626
622
620
624
616
616
600
618
610
618
614
612
616
444
768
610
608
608
614
614
618
616
614
616
612
610
600
608
608
616
610
444
770
628
610
620
614
622
618
624
618
626
626
626
632
628
628
628
626
632
628
646
632
636
628
636
630
444
802
640
628
638
628
636
632
624
634
630
630
638
628
634
638
632
638
626
638
632
642
486
794
636
640
496
760
632
630
630
636
634
636
634
636
628
622
626
624
630
634
632
644
634
636
632
634
634
636
638
636
644
636
644
636
632
634
632
634
634
648
640
640
642
632
632
624
630
628
638
638
650
642
638
642
632
636
634
638
638
640
644
652
642
642
638
640
642
636
644
640
640
640
642
636
638
636
636
636
642
638
646
642
640
630
636
634
640
630
636
638
642
636
640
634
636
636
640
642
640
644
644
646
642
646
636
644
642
654
642
650
644
644
640
642
644
642
650
644
646
646
642
636
638
630
638
640
648
642
644
642
642
644
638
634
632
640
636
642
640
642
640
638
638
638
638
646
642
654
646
458
818
648
642
652
644
654
650
652
652
656
644
652
642
650
650
648
652
652
648
646
638
640
638
638
640
640
642
662
654
650
650
642
644
646
648
646
646
642
636
634
634
636
634
636
634
634
638
634
640
636
640
640
648
648
652
646
652
646
654
650
652
646
652
432
858
652
650
648
644
640
640
640
644
642
646
642
642
640
642
644
648
644
654
644
654
642
646
644
648
646
654
660
662
666
652
660
654
652
658
652
660
658
656
662
658
656
522
772
654
650
658
656
652
654
648
648
640
644
642
644
644
650
650
648
648
642
648
644
646
646
654
652
660
660
658
654
648
652
648
656
652
666
656
658
646
650
646
646
652
652
654
652
654
456
834
654
646
648
644
650
646
654
650
650
646
648
650
648
650
474
828
660
650
658
646
656
652
652
658
658
652
654
652
494
796
648
642
642
640
636
638
636
634
638
626
634
634
638
636
640
638
640
632
638
640
644
640
644
642
644
640
642
636
638
638
646
646
646
648
642
644
644
636
640
648
650
648
648
648
650
642
644
642
644
650
650
654
642
648
642
644
640
646
640
646
644
648
646
648
642
644
642
640
638
642
650
648
652
648
644
646
642
644
640
644
648
646
646
646
646
648
644
646
644
650
654
654
658
654
656
650
654
648
660
654
662
660
654
650
652
650
650
650
652
650
648
530
758
646
648
648
644
642
644
640
650
646
648
648
480
806
650
654
652
654
648
650
646
650
650
650
658
658
660
650
656
652
652
654
654
652
666
656
664
658
658
662
658
650
658
662
664
662
664
662
650
656
644
650
650
664
654
656
654
656
654
656
654
654
656
658
656
660
654
658
646
650
654
654
648
658
608
698
654
648
650
642
646
646
648
648
646
648
648
650
650
646
650
642
646
646
654
648
652
646
650
648
650
648
652
652
656
650
648
648
650
650
656
652
654
644
652
650
650
602
698
658
644
654
644
648
648
648
646
648
646
502
810
662
660
656
652
654
652
652
660
658
656
650
646
650
642
638
644
642
644
644
644
640
636
636
640
640
640
648
652
658
662
658
656
656
656
658
656
670
664
666
664
666
666
556
762
666
664
668
656
662
656
658
652
656
654
664
660
668
666
670
666
662
652
662
658
658
672
662
668
668
658
658
648
654
652
660
654
656
660
656
658
652
656
650
656
658
658
658
660
658
658
656
658
652
658
656
656
654
652
660
652
658
656
658
656
662
658
658
662
664
660
662
658
662
662
664
664
656
660
660
658
656
660
660
658
658
652
658
656
660
658
664
664
666
664
658
664
656
660
658
658
660
658
664
570
742
656
658
656
586
726
666
664
658
660
650
656
656
662
654
662
658
658
654
650
478
812
648
648
650
648
648
648
646
648
646
646
648
648
656
650
656
644
650
648
650
646
650
648
652
650
654
656
654
654
658
650
654
658
660
664
662
662
656
660
656
660
664
674
666
666
660
664
664
656
664
662
670
660
664
656
658
658
658
660
656
654
658
660
668
662
662
658
660
660
658
664
664
660
662
656
662
662
668
668
666
666
666
668
654
662
666
664
674
670
666
662
664
660
658
654
648
652
652
658
654
654
646
650
644
646
640
646
652
658
652
652
652
652
656
654
660
658
660
660
664
662
662
662
662
654
662
658
670
662
662
658
660
658
660
658
664
664
662
664
660
662
662
668
664
662
660
662
662
666
662
666
658
662
656
658
662
660
658
658
660
660
660
668
662
670
666
664
664
664
664
670
664
668
666
666
666
670
668
668
664
666
664
668
664
662
652
658
660
660
658
664
660
666
664
648
648
654
658
662
662
662
662
662
644
652
652
652
656
646
652
652
658
654
652
652
644
650
644
646
648
652
648
648
648
642
646
644
644
650
646
652
650
656
652
654
656
654
654
654
656
658
668
662
660
664
654
660
664
660
672
664
664
660
658
650
656
654
660
656
656
656
658
660
660
658
650
656
648
660
652
652
652
654
644
648
656
648
650
648
646
640
646
646
650
646
654
652
658
652
656
654
660
658
660
656
654
656
656
656
654
654
652
654
654
656
654
654
656
648
654
654
656
660
664
656
662
650
656
672
662
656
660
658
660
664
664
660
654
648
652
650
650
652
652
654
654
650
650
646
650
648
654
656
658
652
656
654
664
658
662
656
660
666
660
662
662
656
654
652
652
654
654
654
654
650
650
648
646
644
644
642
642
640
640
640
644
642
642
644
646
644
638
646
644
652
644
652
650
652
646
650
652
652
498
784
646
644
646
638
528
744
640
642
632
638
636
632
636
634
626
634
630
640
634
634
468
790
650
634
640
640
640
466
798
634
640
642
638
640
640
638
640
638
640
630
636
642
630
640
640
636
638
634
616
628
624
624
626
628
626
614
626
622
478
752
624
622
620
622
622
624
628
622
624
626
628
626
626
628
628
628
632
630
622
626
626
618
626
624
628
632
626
624
626
622
626
624
634
630
634
634
632
634
646
640
644
636
640
632
384
496
896
682
650
640
636
474
796
646
634
632
630
626
624
622
616
632
636
632
630
458
786
630
636
628
640
634
632
628
632
636
630
632
632
628
616
626
630
510
730
478
772
634
628
626
630
630
632
632
630
626
620
618
622
620
622
622
628
622
628
626
624
618
626
626
630
626
470
790
644
634
628
620
628
624
628
626
478
774
640
630
622
618
622
618
622
622
620
618
622
634
618
624
624
624
622
626
626
628
638
628
472
774
626
632
624
628
628
628
628
628
628
622
468
772
626
630
622
622
454
782
624
630
626
630
626
626
630
622
626
626
622
626
460
772
636
630
630
626
626
626
626
626
480
776
638
630
634
632
632
626
630
628
630
642
632
634
634
632
632
630
622
632
628
628
628
630
482
770
634
628
628
632
632
630
486
778
638
636
636
626
622
626
626
622
626
624
624
622
622
620
624
620
628
624
634
624
626
620
626
622
622
622
622
622
626
622
626
622
628
618
620
620
620
622
624
624
622
624
628
622
624
626
624
624
626
630
626
626
634
624
628
622
628
624
686
780
690
696
548
814
656
500
372
322
704
640
634
634
626
626
626
628
636
624
634
630
628
530
716
634
628
638
628
632
632
630
626
628
618
624
622
446
798
630
628
630
626
620
624
628
620
628
626
640
626
632
630
628
630
630
630
624
622
626
626
624
624
620
620
618
614
628
622
632
632
628
638
632
632
644
636
628
476
788
648
638
644
642
634
636
632
624
630
628
634
632
636
634
632
628
632
636
632
634
486
768
638
634
632
632
628
630
634
632
628
630
630
622
634
628
636
632
634
632
636
628
638
634
632
642
638
648
638
636
634
636
634
634
636
638
636
646
642
638
636
628
636
630
638
642
642
646
642
642
632
638
636
640
638
640
648
640
488
782
646
638
636
636
636
638
646
642
638
642
632
638
636
638
638
640
640
638
636
638
636
634
624
632
630
636
628
636
638
640
638
622
632
632
630
642
636
642
642
650
646
638
646
644
648
644
646
646
646
648
648
630
640
638
646
648
646
642
644
648
644
646
642
648
644
656
650
650
652
654
654
642
648
646
652
650
652
654
646
654
650
644
648
646
646
650
648
650
644
646
650
650
650
656
652
654
646
646
644
644
646
644
646
646
648
644
640
642
636
638
636
642
638
646
646
650
642
646
644
644
650
646
646
644
644
640
442
828
644
632
648
632
640
640
638
642
436
836
638
640
642
644
644
650
646
638
646
632
638
638
644
642
650
650
654
650
650
654
650
652
654
656
662
656
664
662
666
662
660
668
664
670
662
656
666
662
656
654
656
654
656
654
648
648
644
644
644
650
640
652
648
646
650
638
640
642
632
644
638
650
646
646
640
648
644
648
646
652
650
654
650
652
648
650
648
648
650
648
654
652
650
644
648
636
642
644
646
648
650
654
646
648
642
644
642
646
648
658
654
658
658
654
652
652
650
650
652
654
654
654
652
648
648
642
652
648
658
652
660
650
650
650
654
650
656
656
660
660
658
658
660
658
658
652
658
658
660
658
664
662
660
658
654
654
654
660
656
662
658
658
656
658
660
660
660
666
666
660
662
656
658
658
658
660
666
662
662
662
660
662
648
670
608
710
