756
1600
1120
918
1322
1134
724
1530
1124
1142
804
1524
1164
1156
724
1606
1178
1154
762
1614
1192
1176
668
704
956
1122
1152
670
1592
1182
1156
722
1580
1160
1134
1132
1140
736
1592
692
1666
1154
850
1430
1138
1028
1210
1136
1140
696
1626
694
1640
1148
1176
1184
1188
1178
1190
722
1620
1198
1202
702
1664
1176
1202
726
1658
1226
800
1566
1180
870
1406
724
1630
788
1510
1122
930
1308
1146
1120
1122
1126
1116
652
1600
1112
886
1342
1118
1120
1124
724
1518
1130
1152
1158
1160
1156
1158
718
1582
788
1566
1170
850
1464
1144
716
1576
1136
1160
712
1594
1150
1134
622
704
978
1164
1172
1166
1178
804
1536
688
1612
1118
884
1380
1088
1070
688
1466
1046
1056
1062
1074
1076
644
1538
716
1444
1062
1076
850
1136
1162
1146
788
1336
1104
1116
1132
1142
1184
1196
1204
756
1680
1240
1220
1254
1270
1240
1276
1240
1262
1272
1266
1274
1334
1318
1300
1260
1264
1258
1266
1242
1230
1288
1298
1300
1310
1320
1330
1326
1320
1322
1316
1312
1320
1300
1308
1288
1262
1272
1280
1250
714
1160
766
1056
1184
1174
816
1552
1166
1166
1162
1162
1184
1206
1212
1218
1224
1240
1238
1234
1268
650
1408
406
1236
1162
1146
1222
1212
682
1772
1250
834
1646
1244
974
1588
1256
1260
656
1830
1288
806
1720
1276
820
1670
738
1818
1320
1282
1264
1300
1298
642
1866
1318
1180
1174
1188
1202
788
1688
1282
1252
1266
1276
1302
1312
1286
1294
1316
1330
1354
1370
1362
1344
1322
1320
1320
1326
1300
1274
1266
1326
1272
1256
1250
1282
1252
1202
776
1648
1180
1180
778
1580
1192
1180
710
1670
1246
1190
1220
1236
1236
1272
1276
1296
1308
1302
1272
1264
638
1910
1298
838
1774
1302
836
1746
1314
826
1674
1236
1208
1202
1242
1230
570
1964
1314
908
1606
1292
1022
1490
1274
1248
712
1780
1292
850
1672
1274
902
1618
1228
1206
1248
1224
778
1734
1310
1216
1220
1270
648
1834
1258
1248
1232
1204
1240
694
1840
1274
874
1652
1242
870
1626
1244
1210
1198
1226
1226
724
1760
1266
1198
1212
1202
1224
924
1500
1212
1232
1226
1206
774
1698
1288
1224
1222
838
1700
1234
1184
774
1658
1214
1202
1188
1224
778
1674
1248
684
1796
1250
902
1564
1230
1184
1202
1220
772
1686
1230
1250
1238
1220
652
1844
1302
916
1596
1292
1254
1256
1244
1266
1276
1228
1238
1268
1434
1100
656
1852
1288
1194
706
1764
1266
974
1478
1264
1206
1252
1270
1294
932
1614
788
1844
1300
1278
1268
1320
1276
1272
1250
674
1894
1330
1302
1302
1320
806
1890
1380
770
1854
1326
854
1752
1312
862
1780
1330
892
1740
1360
816
1862
1358
718
1906
1356
714
1852
1310
756
1746
1242
1256
750
1704
1252
1274
1276
1284
1260
1248
1286
1290
652
1876
1310
1252
1236
1262
1292
1284
1270
1252
1258
1448
1142
1246
1264
1286
1286
1248
702
1880
1274
984
1516
1256
1236
1220
680
1750
1208
1200
1178
662
1736
880
1550
764
1610
1152
658
1376
1128
664
1736
1232
1238
1216
1284
1338
1542
1118
1528
1136
1512
1156
1378
1360
1338
1354
1352
1378
1426
1388
1352
1428
1418
1418
1398
1502
1468
1398
1372
1382
1372
1356
1372
1370
1364
1290
1224
686
1800
1300
1306
1282
1248
1318
1324
1316
1334
1310
780
1880
1346
838
1852
1358
660
864
1094
656
804
638
1800
1324
1280
1268
1260
852
1714
1322
1238
1244
1276
1292
722
1794
1294
1008
1524
1318
1270
1228
1228
784
1724
1270
1226
1230
1228
1232
1226
760
1758
1316
1240
704
1780
1294
1238
1240
1258
1266
648
1876
1308
1242
1208
1228
1258
1452
1076
1222
1228
1234
1226
1202
664
1834
1028
1474
1252
1254
1258
1238
1286
654
1800
1176
1232
1256
1272
1252
1274
648
1820
1332
1306
1296
1246
1290
1298
1304
1324
1384
1366
1368
1352
1312
826
1794
1216
1250
1268
1276
752
1834
1292
1270
1338
1338
1354
1354
1360
1370
1356
1538
1170
656
842
656
1896
1396
1346
1316
1296
676
1922
1272
1246
1262
1244
1296
1284
1526
1114
1238
1144
1380
1288
1300
694
1926
1296
1232
1260
1292
1488
672
1738
864
1802
1326
1296
1314
1280
1268
1252
1210
664
1850
1256
732
1822
1260
1252
1236
1244
1266
1296
1312
1332
1322
1296
820
1824
1298
1308
1336
1350
1326
668
758
1154
1256
1240
1264
1256
1512
1094
1312
1050
1610
1320
1298
1278
1316
1322
1276
1256
1286
1298
704
1800
1374
1308
1294
1262
1288
1274
1288
1290
1296
670
1822
1212
1242
1196
1226
654
1832
1264
1244
1232
1274
650
818
1068
1246
1312
1334
1292
1276
1290
1256
1276
1282
736
1848
1354
860
1804
1332
898
1696
1298
1252
1294
1302
1314
1600
1166
1486
660
1694
1486
1058
1184
654
1822
1204
1214
1238
1212
684
1834
1248
1216
1252
1234
726
1844
1320
1294
1298
1270
1324
642
858
1122
1240
1210
1174
680
1842
1266
724
1836
1302
1306
1316
1292
1352
684
860
1174
656
870
648
1894
1376
1358
1338
1314
654
826
1120
1242
1248
1256
1270
1252
796
1744
1246
1208
746
1768
1266
1232
1280
1310
1326
1320
774
1872
1370
1318
1294
1332
1324
712
1916
1310
1286
1312
1324
1316
1296
1306
1370
1380
1526
1180
664
850
652
1840
1334
1280
1308
1342
658
854
1096
1272
940
1644
1268
1238
1276
1296
1320
1320
1312
1336
1320
1318
1318
1324
1502
1150
1300
1290
1378
1378
1392
1350
1392
1370
1338
1288
1310
1328
1298
832
1748
1264
1246
1264
1242
710
1882
1336
1292
1318
1334
1322
1490
1110
1272
1268
1316
1550
1146
678
814
654
1754
1332
1298
1350
1328
654
820
1156
1306
1504
650
1794
1304
1328
804
1780
1288
1272
1262
1264
770
1792
1376
1342
1308
1342
1352
1312
1296
1310
1302
796
1754
1334
894
1680
1292
1312
1310
1294
1346
1346
1302
1288
1280
744
1840
1204
668
1752
1176
1142
1132
1170
1184
854
1536
1224
1202
1240
1276
1294
1260
1474
1118
1306
1502
656
1852
1366
1326
1306
1288
1272
1336
1354
686
852
1148
1324
1348
1344
700
808
670
1674
1252
1274
1264
1256
1288
1304
780
1782
1276
1346
1332
1374
650
894
1184
674
856
654
1854
1316
1284
1286
1348
1334
1328
1334
1350
1348
1328
1320
1338
1324
1308
1344
1370
1338
1296
1290
1312
892
1762
1356
968
1676
1258
1298
1316
1296
1274
712
1872
1336
1064
1442
1240
1232
1602
1110
1128
1028
1078
1148
1096
1090
1116
916
1412
766
1750
1284
718
1822
1298
1256
1250
1290
1294
1300
1312
1320
1306
1248
680
1822
1246
1212
1206
1256
744
1804
1264
1250
1310
1328
1310
1330
1332
1344
808
1880
1342
982
1650
1384
1340
1354
1352
1346
1312
1278
1240
1294
1268
732
1840
1354
1326
1288
1278
1294
1298
732
1844
1296
686
844
1138
1264
1336
1338
1324
1314
1338
1340
1320
1318
1392
1368
1306
1266
1268
768
1848
1310
1274
1262
1254
1268
1290
742
1874
1340
1400
1420
1402
1372
1448
1426
1416
1430
1422
1416
1358
1326
1318
1306
1308
956
1752
1340
1302
1326
1312
1312
1336
1520
710
1738
1408
1404
1416
1404
1416
1604
1210
1390
1378
1344
1312
1306
842
1752
1350
1332
816
1840
1328
1238
740
1742
708
1694
1164
664
1716
1246
1216
1236
712
1844
1312
1272
1328
1346
1360
1340
726
1906
1256
1226
798
1652
1220
678
818
1108
1528
1142
1326
686
862
1162
1332
1328
1350
1346
1346
822
1892
1456
704
842
1136
1266
1328
1272
1228
1246
1532
1126
708
1894
1318
652
1922
1292
1294
1276
1328
728
1842
1310
1322
1318
1314
732
1864
1322
1348
1380
1386
1398
1382
1394
1398
1348
1356
1352
1310
1266
1064
1422
1316
1294
736
1912
1366
1300
786
1838
1336
1278
1318
1330
1326
870
1752
1404
868
1916
1368
724
842
642
1868
1390
1380
1350
1348
1366
1370
1540
1236
1428
1382
1366
608
952
1178
1322
1322
1348
1320
1286
840
1462
764
1404
1310
1234
1256
1264
1268
1238
716
1690
1180
774
1474
1058
1104
1190
1296
1308
1258
746
1800
1340
1310
1300
1292
740
1742
1292
1534
1056
1254
1258
1230
1156
1304
1248
1264
1262
1254
1244
1222
730
1660
1260
654
1868
1264
1238
1252
1242
698
1806
1280
1246
1244
1200
674
1826
1242
1220
1212
1252
652
1828
1284
1246
1240
1246
1234
666
1908
1246
1216
1222
686
1688
1218
1178
660
1740
1224
698
1826
1264
1260
1274
1284
1290
1268
1244
1240
1246
668
1586
262
1250
1198
1180
1176
1190
1190
1218
1174
708
1650
1166
1158
1160
702
1662
1164
670
1628
1160
1102
1078
1102
706
1532
1122
1452
846
1022
1074
1086
890
1298
1076
866
1330
1086
1080
1068
1066
1084
1074
1070
644
1512
1094
1098
746
1488
1090
1096
1086
1086
1076
712
1430
1080
1074
1066
754
1358
1040
1036
1022
916
1156
1024
1028
878
1180
1022
1040
1036
1026
716
1350
1030
764
1268
1016
1014
1022
1046
1050
1062
708
1446
1064
1046
1030
740
1320
1022
834
1206
994
1028
1020
1020
1042
730
1384
1056
1042
636
1486
1056
704
1430
1066
1080
674
1510
1070
652
1522
1078
1082
678
1524
1086
1082
1086
722
1492
1082
1094
1098
662
1564
1136
1126
1128
1134
862
1408
1138
1158
1170
1170
658
1664
1148
1132
1132
1136
664
1606
1140
1130
790
1462
1140
1112
1106
1084
736
1464
1092
672
1520
1104
1112
1124
1530
280
1594
1130
1126
1116
1104
706
1560
1140
1146
1132
1148
650
1666
1128
1128
1114
1124
1146
690
1666
1152
1140
1134
1124
1408
650
1364
1138
1130
1144
1152
1136
666
1628
1260
1176
1086
698
1598
1140
644
1630
1104
1088
1092
1766
1542
1098
1108
1106
698
1542
1102
1076
638
1556
1088
692
1484
790
1390
1086
1068
1076
698
1486
1114
1108
1126
1146
874
1410
1142
1136
1124
758
1512
1164
1136
1168
1162
624
1738
1186
1150
774
1550
1138
1124
1116
1092
1108
678
1562
742
1478
1092
1088
1114
1142
686
1640
1140
1126
1120
684
1592
1114
650
1594
1128
1110
1114
1116
1132
742
1638
1236
1202
1174
1210
758
1610
1220
1172
1182
812
1534
1168
1152
1154
1162
1168
1180
726
1616
1146
1178
1146
1130
1130
1130
970
1318
1138
1146
1152
1158
698
958
680
1500
1208
688
1130
666
1628
1122
1106
1088
1126
1140
768
1480
1136
1106
1092
698
1490
1110
730
1524
1242
1180
1166
1186
1114
1180
810
1546
768
1544
1146
1182
1162
1164
726
1634
1142
1150
1136
1136
1146
1168
1158
1164
1150
1162
710
1760
1218
1210
1166
1130
1132
1140
630
1666
1174
1080
1180
1100
1138
1136
1158
1146
1136
1162
1174
1152
1204
1194
1202
1202
1202
628
1736
1120
1128
1184
1158
742
458
1130
1150
1122
1110
1116
746
1516
1112
1142
1138
1110
676
1584
756
1494
1164
1156
1186
1182
636
1760
1184
1186
1208
1214
1192
1280
1246
1170
842
1662
1230
1192
1190
1188
1186
640
1732
1166
1162
1158
1164
1136
682
1638
768
1636
1170
1168
1274
1202
802
1546
1194
1186
1188
1188
678
1692
1178
1182
1186
1170
722
1622
746
1592
1146
1250
1158
1186
632
1644
1140
1120
1100
692
1558
1126
654
1574
1094
1090
682
1532
1084
1098
1192
1172
852
1570
1110
1142
1130
1160
690
1642
738
1576
1148
1140
1132
1128
1122
1122
1122
728
1582
1132
1128
1136
1150
1160
714
1806
1254
1144
782
1558
734
1578
1184
1142
1158
1128
960
1302
1118
1068
696
1400
1118
1040
1180
1088
1080
1086
680
1638
1168
1266
768
1664
1138
1192
1180
1174
878
1452
1176
1160
760
1610
1190
1172
1158
1144
1196
1174
900
1468
1148
1146
1160
1146
1130
670
744
892
1148
1180
1144
1146
690
1614
1168
1162
1164
1182
1174
704
1690
1186
1154
792
1618
644
760
1018
1182
886
1562
1260
1236
1236
778
1594
1134
1172
678
1640
1094
1118
1124
692
1572
1114
640
1610
1114
1096
666
1670
1206
1222
1210
1208
734
1664
1208
1194
1092
634
1678
1178
648
1650
1124
1126
1118
828
1458
1124
644
1696
1248
950
1590
1228
1242
1132
1200
1270
1588
278
1806
688
1646
1144
1146
1136
744
1496
1790
1602
1134
1114
668
1568
1146
1128
1144
690
1710
1234
1236
1238
1234
710
1560
1150
1136
1100
704
1544
1160
650
1652
1284
668
1704
1114
1000
1244
1128
1130
1128
686
1622
1140
1124
652
1644
1126
1094
642
1560
1104
1114
674
1560
730
1512
1110
1114
666
1588
1114
1098
676
1634
1292
800
1630
1222
922
1470
1154
1158
1152
738
1606
1160
1142
654
1622
1112
1082
662
1540
1108
1104
668
1550
1092
736
1534
1062
726
1526
1100
1094
672
1616
1046
758
1486
1122
1110
674
1528
1072
1128
1154
1242
1232
1212
1222
678
736
1070
1206
696
1646
1106
716
1572
790
1468
734
1504
1090
1092
1088
768
1438
1104
1094
810
1574
1216
970
1406
1164
1088
678
1618
672
1586
718
1564
1034
1094
1100
724
1496
1098
1116
654
1594
652
1664
1162
1162
1268
1212
1226
672
1702
1182
1180
762
1566
1162
1158
1158
1146
662
1632
1120
724
1476
1104
702
1522
1118
716
1472
1124
1138
718
1576
1150
1110
804
1436
1126
726
1556
1132
1134
722
1562
1156
1240
788
1658
1206
1098
1160
1176
1174
1158
690
1668
762
1560
1160
1150
644
1622
1136
1110
1140
1142
1128
1138
686
1612
1160
1154
672
1660
1160
1146
1142
682
1658
1312
1220
1204
1172
794
1500
1168
1160
674
1740
1182
1216
1212
1098
670
1634
1154
1116
690
1592
1108
764
1444
1110
738
1472
1088
1092
808
1402
1092
728
1568
1150
1136
676
1620
1164
654
1704
1190
1160
780
1524
1156
1150
652
766
940
1126
1142
720
1586
922
1386
762
1658
1186
1158
1192
1190
810
1400
1226
1084
710
1620
1164
1138
680
1592
1134
1098
1086
774
1512
1152
1152
674
1588
1226
1166
1106
1162
722
1590
1142
1142
1108
762
1554
720
1530
1108
732
1486
1126
718
1682
1208
1158
802
1584
1088
1130
1128
724
1506
1130
702
1596
1128
706
1548
716
1594
1156
1142
1144
706
1626
1202
1174
1152
1146
694
1660
1150
1148
662
1652
662
1614
1158
1122
802
1500
1138
1130
1124
1124
644
1672
1160
1136
798
1480
640
1644
1174
1152
1296
1238
1226
652
1690
1210
1184
782
750
1040
1218
1242
1228
658
758
1664
1694
1160
1140
684
1688
1058
1122
642
1636
1114
710
406
1114
832
1418
768
1542
1164
1142
688
1650
1166
1250
1206
1624
300
1558
1152
1176
1260
1210
686
1656
1232
1212
780
1634
1194
1156
1482
974
1722
454
1442
1288
800
1556
1176
1144
1146
682
1762
1088
642
744
894
1158
1474
782
1486
1204
1202
1236
1238
1256
682
286
1578
1276
878
1616
1208
1150
1282
1200
1190
1174
736
1646
1154
638
1712
1162
1158
792
1498
1136
724
1552
1014
1266
1106
1140
1120
744
1534
1138
648
1638
1124
1102
692
1586
708
1568
1126
720
1528
1136
774
1514
1148
1128
1132
718
1618
1210
644
764
722
1564
760
1580
1088
1160
1130
736
1514
1108
750
1474
1108
740
1478
1106
1090
1098
766
1532
1178
1100
744
1674
1200
1094
746
1634
1156
1134
666
1682
1288
962
1518
1202
1246
1218
1118
1150
934
1546
1270
1266
1222
1186
802
1582
1308
1204
1202
652
1496
752
730
978
746
1516
780
1578
1180
1156
1178
692
1690
1246
1362
1266
1282
788
1832
1322
802
1800
1280
878
1530
1236
1232
1204
1230
1236
698
1754
1210
1220
788
1684
644
758
1026
1272
1028
710
1630
1146
1142
1180
816
346
1206
872
586
410
574
1088
776
394
1140
752
316
832
424
1238
1152
1144
1150
794
1528
1134
696
1634
730
1618
1180
1154
680
1744
1114
762
1658
608
580
414
1564
1736
1186
1206
1232
1264
1266
1250
716
776
672
1746
1300
1272
1284
1266
1280
1274
1258
1284
1282
1248
1256
1268
710
762
990
1182
728
1676
1152
1138
1190
726
1610
1196
1154
776
1496
1134
738
1528
1120
718
628
826
514
454
260
1720
1372
1082
740
1408
982
444
712
1056
1042
680
1520
1094
728
1486
1104
740
1536
1056
1112
656
1578
790
1522
1150
1084
686
1578
1098
1076
1126
742
1672
1184
1148
672
1592
1136
718
1504
1106
708
1534
1124
722
1524
1138
714
1546
1136
718
1536
1130
714
1536
1130
1156
1142
700
1586
1140
1144
784
1484
1132
1154
670
1676
1152
1112
1794
480
708
1542
1134
1098
690
1560
1120
1080
1100
754
1548
728
1616
1162
1120
680
1598
1174
1148
668
1656
736
738
890
1150
1182
1174
702
1614
1178
1134
676
1654
1144
1124
670
1596
836
316
1114
276
842
750
1498
1226
1146
812
1410
1150
1736
502
1108
1094
668
1588
1166
1154
670
1676
1164
1154
658
1664
1156
1150
1142
684
1658
712
1756
750
1666
1128
640
1684
1106
1110
676
1606
1154
684
1560
732
1468
1072
736
1452
1102
742
1458
1100
1116
1222
1180
1180
728
1638
1178
1104
688
1660
586
962
864
1006
1152
1148
666
1638
1156
1138
678
1620
1126
1116
656
1586
1098
736
1452
1062
1778
1570
1128
728
1516
1104
744
1600
770
1398
1106
718
1490
1082
1094
1088
756
1480
1130
1118
1130
748
1520
1124
1120
1118
734
1578
932
1320
756
1492
1142
1126
680
1592
1120
738
1498
1132
698
1562
864
1380
760
1488
1092
1132
668
1592
1128
1138
1110
742
1482
1146
1120
690
1602
1266
1190
800
1512
1198
1174
666
1692
1182
1146
664
1638
728
1570
1116
1108
676
1568
1120
1090
1106
718
1538
1124
738
1492
1086
742
1464
1244
1114
1174
706
1628
1096
1110
788
1520
1184
1206
1214
1212
770
1598
1122
1168
820
1520
1142
1120
674
1594
1142
700
1566
890
1346
758
1468
1108
714
1598
868
1572
1196
1170
794
1502
806
1470
1144
1136
690
1616
1150
1148
674
1624
1182
1140
712
1604
1168
1156
656
1702
1176
1118
1234
1186
792
1578
1188
1188
1186
738
1668
1224
1202
1210
1176
784
1652
1186
1200
1178
700
1670
1172
1130
1144
840
1466
1146
1136
1128
736
1556
1146
718
1632
1184
1178
1176
694
1682
1190
1188
546
1484
382
1196
930
1496
1212
1236
1208
736
1744
1250
1184
658
1788
1202
984
1412
1208
1184
650
1766
1228
1226
1238
628
752
1104
1234
684
618
1256
662
1270
616
1240
866
1626
1286
968
1564
1248
1262
1322
1348
1300
676
1770
1660
1314
1358
1354
1334
