622
740
664
692
672
902
742
766
744
682
628
644
766
836
878
790
706
672
670
730
718
748
750
752
688
776
612
722
726
794
712
698
686
684
822
730
782
650
676
662
630
810
752
462
970
616
610
702
650
744
688
678
690
716
724
758
686
676
674
676
658
624
646
828
686
660
638
736
666
670
632
634
644
666
654
624
632
604
764
750
704
734
586
678
660
660
654
660
666
642
716
662
640
702
638
640
640
738
804
680
722
696
668
828
800
864
824
828
606
686
830
758
786
846
790
806
676
820
586
1184
812
736
820
524
674
924
822
872
934
742
772
652
860
810
864
894
826
922
814
822
798
790
832
902
846
868
918
754
508
1180
946
858
830
712
846
696
760
780
840
774
898
832
888
974
892
932
856
840
894
728
802
824
732
916
782
886
874
856
920
942
904
910
920
710
870
800
840
780
864
944
860
852
884
858
982
896
964
922
868
940
864
910
882
832
942
870
872
896
918
968
878
928
912
926
860
868
924
826
964
932
906
914
1004
934
908
826
812
934
882
806
872
794
888
882
890
832
860
902
894
904
920
870
908
868
864
834
896
854
928
860
858
928
912
878
928
712
736
694
804
908
786
834
846
798
840
736
730
690
718
848
752
746
742
820
814
822
844
822
728
672
690
700
950
856
838
832
852
808
856
788
860
850
502
1230
886
794
854
782
778
800
724
834
844
836
836
828
782
888
828
840
872
834
860
850
914
940
812
966
838
906
844
838
764
794
970
922
840
942
840
898
902
844
856
822
750
940
824
932
838
860
1002
898
912
862
912
952
950
1086
890
890
954
908
806
914
734
998
946
876
962
876
950
876
920
832
922
852
926
800
866
850
844
866
844
958
890
916
900
904
882
806
996
904
960
960
802
982
904
934
932
946
916
882
912
914
954
1142
1000
876
1004
940
876
964
928
906
1094
840
988
920
926
1002
940
892
1030
958
966
1084
804
938
898
832
882
810
958
872
920
936
982
1120
902
990
1110
842
1000
944
784
988
890
924
894
1580
888
1016
810
946
890
916
880
836
988
898
904
774
840
750
780
762
864
790
770
1160
916
968
924
956
932
952
918
932
922
824
966
910
960
932
932
1084
808
960
906
898
902
904
926
840
930
848
866
790
968
872
968
882
932
918
980
1136
874
980
1090
818
870
776
1106
850
968
876
876
852
862
914
844
846
780
926
830
1000
896
928
1088
834
960
966
840
910
788
856
830
892
842
870
818
936
884
950
984
940
982
906
926
886
880
968
880
468
1162
838
940
948
902
924
940
1076
810
952
936
956
940
962
996
974
1090
974
1000
1016
988
972
910
826
968
898
926
922
910
972
908
936
936
922
1076
796
466
1192
826
1096
800
814
806
822
1116
822
912
818
470
1060
876
1006
968
950
932
958
824
900
910
928
930
946
1068
858
952
828
982
920
904
922
828
942
866
824
764
938
856
934
890
906
900
960
1078
918
978
926
920
932
972
922
866
948
906
858
778
706
370
944
818
838
844
1100
882
976
974
820
880
786
932
858
932
888
926
884
916
1134
924
972
946
944
922
922
956
1084
996
1136
904
1010
916
962
948
978
1144
900
1012
882
948
940
978
1138
848
990
886
920
854
898
882
896
874
956
894
912
930
906
950
882
916
894
878
906
912
914
858
944
844
934
924
1008
1008
916
972
930
950
960
896
892
772
940
880
962
898
954
926
922
1130
886
990
894
954
886
948
884
920
856
916
884
988
922
956
956
966
1104
826
978
910
908
952
974
966
882
970
916
962
928
954
930
960
1100
862
966
926
922
910
884
894
866
872
888
854
862
934
872
912
894
898
880
902
914
938
916
932
990
878
914
806
884
852
990
956
998
972
914
956
944
1086
1096
832
1022
970
968
1164
900
1004
946
934
960
926
954
956
954
944
856
978
928
836
812
816
814
852
1124
890
936
962
922
946
874
944
884
942
912
948
944
1002
1098
892
1108
930
988
1018
930
928
1050
1004
584
966
1338
882
1040
860
950
916
954
1146
838
954
1080
976
972
1086
992
916
1006
854
954
908
898
846
1096
940
970
1118
914
982
916
938
938
936
946
926
976
936
946
948
944
970
956
992
942
1006
1152
850
1074
976
948
982
920
942
928
854
926
880
884
898
918
978
926
960
858
900
884
916
942
918
990
882
842
778
1086
896
932
914
966
974
824
1082
820
1002
946
940
944
848
962
880
930
888
932
872
936
894
974
854
872
832
886
1114
778
964
862
860
768
936
834
998
896
926
878
928
900
930
912
946
912
938
916
954
926
980
1140
906
992
930
980
530
1452
926
976
954
872
856
800
1104
920
886
766
1160
986
922
1000
808
924
892
982
954
938
876
990
914
768
1070
1038
960
886
762
1114
908
1006
974
908
948
856
824
764
464
1146
934
916
998
942
948
924
934
858
980
842
994
934
916
950
914
958
960
946
890
940
940
910
1094
888
994
902
940
896
932
906
1078
918
960
990
890
968
920
956
942
1088
990
854
968
918
948
916
918
908
986
958
928
974
898
924
890
920
864
942
906
1102
970
930
998
962
946
948
910
934
876
914
874
908
892
936
944
944
1134
824
958
920
904
908
920
890
918
966
904
906
814
898
884
952
1010
836
794
740
926
862
1076
846
938
890
942
912
966
914
970
1012
974
1000
894
818
824
1090
974
970
1056
868
846
790
968
876
962
924
940
934
946
990
958
970
862
924
846
966
930
924
944
914
974
866
814
734
924
844
998
906
914
536
1314
822
936
874
920
916
944
918
922
824
904
850
904
862
906
874
896
882
886
878
922
866
870
756
814
816
1078
864
926
1100
872
962
862
934
900
914
832
970
906
990
930
932
926
952
924
994
948
940
1114
894
964
892
822
810
1118
912
970
986
918
976
832
894
808
1542
946
516
1278
734
910
786
794
828
846
830
896
554
1240
824
914
838
896
894
878
906
930
988
870
936
802
1540
930
862
952
778
874
868
872
864
916
918
968
926
932
930
914
912
916
906
964
592
998
1598
932
990
986
920
966
826
880
770
914
922
966
892
988
962
982
962
910
1076
818
1078
890
914
942
896
998
890
838
476
1386
970
956
986
840
944
860
936
870
912
874
966
898
970
940
926
958
1088
988
886
994
500
1438
898
932
910
912
904
856
920
854
930
862
898
870
900
876
918
888
908
918
982
594
1338
984
878
980
806
874
852
894
870
880
864
916
882
904
928
1084
954
940
1118
836
938
926
884
908
970
940
926
956
858
906
876
884
902
878
934
968
1098
848
922
892
902
898
906
880
950
946
920
1000
930
964
966
976
986
946
972
878
938
940
962
1132
854
966
930
910
964
904
914
886
526
1102
818
1162
858
942
906
906
906
954
628
1322
942
790
996
804
854
858
934
1002
992
1102
908
990
970
894
970
918
828
800
462
1164
882
994
900
956
898
928
904
928
900
986
922
974
946
938
970
956
998
950
964
938
934
580
894
1256
872
1010
1070
834
914
902
958
918
958
918
966
928
960
964
1002
1108
934
1018
1014
968
1198
838
990
900
972
1158
846
1010
940
950
946
1080
1004
922
988
954
960
992
934
966
916
860
806
998
932
994
1116
816
982
836
914
922
956
984
982
1130
866
990
942
924
972
914
942
924
988
1102
998
1102
968
1004
1110
932
1086
1034
830
1004
920
852
766
1130
864
1142
980
944
1096
760
438
732
806
1072
850
1070
854
968
900
1008
948
1004
990
930
992
868
890
882
1146
988
1060
1078
956
1028
986
980
1060
952
1052
920
974
988
916
966
916
896
856
992
896
1104
944
972
1154
930
1026
986
972
942
916
954
898
942
846
874
960
996
974
972
996
884
938
954
740
342
1078
804
494
1158
840
1142
952
928
1008
950
970
882
950
914
818
768
566
1080
840
1118
834
938
978
890
948
906
944
900
958
928
1132
994
1018
1194
902
1150
964
1006
1138
884
878
858
984
1224
896
1018
968
954
958
952
888
920
964
838
1082
860
946
918
932
918
966
922
988
1146
834
980
846
1074
886
952
654
1230
842
944
882
902
930
952
948
938
968
892
878
820
482
952
954
572
660
824
910
874
850
962
880
970
918
944
918
950
906
936
928
932
928
948
918
946
924
944
940
960
942
962
892
1082
904
954
1096
886
922
800
964
804
966
884
822
780
940
842
1082
858
934
920
930
904
942
898
938
1130
876
998
818
860
790
464
1170
826
946
1116
822
950
922
976
936
1126
986
1092
1016
986
1102
894
1076
1128
524
1394
846
974
978
944
968
964
1082
870
960
904
948
922
942
932
940
918
916
952
1070
996
952
1014
858
944
918
992
936
938
962
858
938
892
890
890
1574
1014
862
1018
824
894
872
882
880
950
884
958
956
994
1126
856
974
980
984
1112
824
828
778
1094
944
928
986
802
918
938
1058
1008
998
1008
940
974
926
944
1088
838
966
970
952
1150
862
1004
982
964
982
956
1092
858
994
950
944
978
1000
970
900
514
716
702
1104
948
906
1110
868
976
986
874
950
918
940
920
1122
986
1012
1118
876
1000
980
972
988
906
972
832
920
914
936
966
1092
1088
864
982
1078
968
1082
848
938
886
876
948
904
942
830
930
870
914
900
970
944
940
496
998
1176
826
1006
906
958
970
986
1096
866
986
938
934
950
952
1106
888
980
984
1080
1124
986
1044
1152
880
1006
1134
840
976
876
966
1040
828
476
598
548
684
1154
926
900
996
938
912
960
906
882
908
996
1206
880
1032
856
964
888
1006
594
1356
844
942
904
974
864
1068
862
664
1234
1002
1172
908
1046
872
1068
922
982
1058
992
1120
994
978
1060
838
964
854
908
914
888
1054
828
992
918
904
890
922
886
888
824
964
890
558
1416
1070
1052
902
994
918
988
978
1058
928
992
942
960
946
956
952
968
1104
838
956
890
912
920
938
902
996
1056
888
1000
886
858
774
1146
996
966
1054
866
826
796
926
716
828
998
942
992
926
1088
962
1054
1030
1022
1124
1052
982
1046
1012
1010
1020
1156
946
1040
1034
982
1066
914
1068
974
970
1088
826
1066
930
950
1086
894
974
996
1092
964
900
994
896
958
946
924
1080
984
1108
982
1112
960
1004
1112
850
988
964
976
1148
884
996
918
954
982
900
930
928
902
914
918
922
982
1112
802
466
1172
964
600
1362
922
848
992
832
904
900
946
908
910
922
1000
988
1006
1146
850
980
1128
904
984
1004
964
1070
978
990
1006
970
998
988
932
974
970
1080
1000
902
978
576
1362
936
908
1054
920
942
1192
914
1112
964
938
1084
934
964
1102
870
914
952
958
1098
886
1052
932
978
1006
900
1154
814
944
900
906
876
1078
914
962
974
844
972
948
894
852
988
1120
914
992
596
1348
846
946
878
956
898
968
908
948
896
960
914
968
914
972
794
948
896
990
926
1086
906
964
980
960
982
964
1112
826
846
934
1138
972
1098
936
1010
972
742
1100
802
824
804
926
934
988
936
964
942
958
908
932
922
962
922
938
930
936
914
946
920
916
900
948
870
932
932
958
924
968
926
946
942
968
940
964
956
952
1166
820
986
902
532
1258
974
872
1030
838
928
916
914
882
934
888
956
916
1078
900
976
988
946
962
888
912
862
924
880
952
906
920
916
946
944
994
1152
798
964
862
1046
892
946
960
928
928
926
940
886
962
922
922
940
930
946
932
924
816
926
878
844
782
948
840
1088
824
938
928
948
928
970
926
954
928
960
946
980
936
978
952
966
610
668
754
1086
830
952
854
976
606
1390
900
978
1038
864
984
912
944
910
914
952
1104
914
986
982
944
960
964
976
892
942
912
936
922
926
908
916
964
902
936
936
956
950
998
986
892
962
866
962
894
970
956
956
980
968
1004
894
950
940
916
1110
988
1092
896
984
1010
1098
1118
840
1032
974
948
968
964
944
916
942
954
1060
1004
990
1106
942
1000
1094
858
980
972
986
982
992
1116
926
1004
990
984
1104
850
1084
994
998
1126
934
1004
1130
884
1078
986
992
1012
968
1006
978
1066
922
988
1056
890
996
968
1072
1008
1006
1010
1088
1026
944
1004
992
968
986
888
954
924
1004
948
1158
974
976
942
804
976
932
936
1112
804
982
916
918
960
982
1148
862
1064
978
1068
1136
876
1028
1006
1066
726
1094
1168
836
1036
948
998
1130
1008
1030
1012
990
1024
1002
994
990
1090
908
988
1122
890
1016
542
1450
926
976
1022
974
1096
940
992
1134
854
972
968
1054
1016
556
1582
830
998
972
926
1124
870
994
950
966
978
984
1160
848
990
1124
950
1012
1098
936
1022
966
956
1062
986
1002
1014
866
950
924
988
968
1066
1090
840
1006
984
950
1148
980
1008
1002
994
974
1000
958
1086
902
976
982
994
982
970
964
974
1560
1566
972
1598
1344
1008
830
1000
860
964
924
932
922
924
980
910
920
852
894
868
872
858
736
928
820
864
796
924
866
930
872
1000
850
964
884
952
920
962
944
1090
868
986
932
970
946
1116
1108
920
1060
926
1098
1008
1000
1024
986
946
890
940
908
1006
926
966
868
932
866
968
900
980
938
1104
924
998
956
948
996
902
968
882
940
916
962
938
970
942
946
974
912
934
926
830
792
1020
1082
908
972
780
920
862
910
860
824
736
1548
972
908
928
870
906
862
876
914
938
920
924
918
924
918
890
928
966
930
946
916
974
942
1000
970
964
920
924
888
1110
878
938
898
852
908
1112
868
948
920
906
932
942
912
956
950
980
948
978
878
924
878
444
676
654
940
754
952
866
916
874
894
884
944
922
910
864
918
858
504
1086
952
900
960
860
992
816
884
828
952
898
1000
944
930
948
936
914
930
858
926
882
906
886
924
868
930
884
894
898
1596
1026
820
1024
756
852
808
936
888
984
916
958
920
950
912
940
896
918
890
920
830
912
806
946
860
876
882
856
766
808
900
838
412
618
1000
886
990
906
918
906
922
896
938
886
926
902
928
904
950
914
966
916
936
928
946
890
940
866
920
892
914
882
910
880
948
858
934
904
908
820
910
838
976
560
996
832
934
874
882
884
508
1100
882
896
892
900
900
864
892
886
886
884
890
842
840
790
506
1112
850
924
960
888
922
888
870
868
982
896
930
868
536
1002
948
928
910
920
910
860
892
876
570
980
962
926
952
936
992
944
964
820
918
900
946
784
854
794
916
840
1014
830
962
870
910
878
934
890
920
794
942
882
1004
942
938
946
932
910
918
902
892
988
906
938
804
1534
790
1100
836
844
872
794
768
878
908
868
936
886
906
826
904
868
920
866
898
874
870
862
898
880
934
870
882
894
906
880
908
604
1116
786
910
884
920
884
948
914
930
908
948
914
982
928
944
930
988
952
976
1088
798
494
548
848
832
730
1092
876
926
920
952
916
970
920
940
892
924
580
1332
856
968
918
920
982
892
950
894
832
784
918
870
1076
898
946
944
928
918
926
918
962
870
934
902
904
896
920
912
890
850
896
798
928
856
934
898
920
858
950
906
958
910
932
920
922
916
946
930
964
940
932
928
950
930
982
522
1420
850
924
916
968
886
996
844
952
870
902
890
892
848
900
862
884
878
878
896
918
850
874
854
834
728
754
910
586
670
724
844
868
930
940
946
958
954
562
1318
896
962
856
900
888
860
866
950
806
900
858
876
852
892
868
910
886
898
860
932
844
954
882
930
854
920
888
910
890
906
906
884
866
898
874
946
912
934
916
926
892
964
882
886
782
940
854
980
902
924
610
1324
830
948
844
928
892
950
862
924
892
942
934
958
954
944
936
972
948
964
954
952
922
962
938
976
956
960
938
958
896
996
952
960
906
968
928
932
916
938
866
896
848
848
856
832
918
1084
890
940
856
960
848
828
764
916
884
942
926
932
816
950
900
888
904
828
910
996
916
988
852
926
912
956
906
986
924
952
910
1000
906
946
878
936
884
994
948
966
940
966
874
956
870
1016
876
970
894
948
872
974
866
954
878
920
876
936
876
924
886
916
840
916
864
936
882
936
874
882
872
920
870
930
900
896
882
930
886
958
624
1270
826
934
868
926
902
930
886
934
870
948
910
932
902
942
876
960
904
940
900
956
852
944
532
1254
778
940
886
922
902
902
900
952
884
964
900
906
902
962
876
964
890
910
814
934
880
964
906
936
828
932
862
970
912
926
890
954
894
936
908
954
902
936
894
944
904
988
888
964
600
1142
750
852
798
1074
898
878
818
962
890
1002
930
926
934
976
944
978
900
954
860
984
886
928
870
978
892
920
866
922
882
870
876
942
876
912
860
926
882
916
882
926
872
540
1244
902
808
1008
814
860
938
856
826
924
850
902
876
916
908
966
938
1002
928
982
944
994
946
998
912
982
938
940
944
948
966
990
958
964
954
978
872
948
890
976
938
954
934
964
890
960
914
976
934
954
904
960
868
972
904
922
900
930
870
948
900
944
894
936
874
956
922
948
916
952
888
936
856
926
894
906
900
910
854
922
888
882
882
918
858
926
890
910
894
950
876
932
904
912
914
958
912
962
910
912
874
940
896
948
878
934
894
894
888
930
896
926
890
924
904
962
914
964
900
902
812
958
876
1004
926
920
946
908
920
962
884
944
900
906
908
938
892
952
882
894
880
920
872
954
898
898
884
890
878
974
896
970
928
932
940
960
930
1008
980
966
974
956
750
398
774
1102
782
1110
838
988
940
924
854
946
884
978
926
972
946
966
924
986
964
984
966
980
918
976
930
958
946
982
1094
928
1074
800
968
894
884
776
946
894
1118
890
988
948
962
942
976
960
950
962
960
866
880
796
946
872
1084
886
934
960
946
924
964
920
922
904
944
916
952
538
1372
830
972
860
1000
810
920
876
902
894
930
892
952
896
902
868
880
866
976
894
964
890
972
896
1000
920
962
912
930
814
980
906
970
910
952
932
970
950
968
920
946
914
932
928
956
918
954
890
954
916
956
906
974
870
962
886
944
566
1366
832
940
864
932
870
898
868
844
710
734
902
956
976
988
974
990
962
942
898
926
908
940
896
912
904
926
914
924
866
1076
848
972
948
938
910
980
890
988
926
870
788
964
864
1078
854
966
948
982
924
954
886
974
934
962
938
980
902
986
950
962
928
948
878
962
898
980
908
944
894
974
862
982
928
958
908
962
792
1094
850
958
940
940
916
926
938
938
912
964
928
952
878
756
1108
966
950
1002
948
996
908
1006
970
982
952
982
964
1002
956
970
590
830
1198
896
1108
998
890
984
872
944
916
950
912
954
900
934
908
932
898
920
882
894
880
928
574
1304
778
868
864
874
894
934
936
924
954
960
978
1076
980
1000
914
968
958
954
526
494
444
498
642
958
934
1004
936
934
558
888
1108
944
968
926
968
864
924
864
930
890
958
914
918
900
902
894
946
896
950
894
904
882
930
904
964
914
938
910
946
890
956
922
938
836
928
894
962
876
954
900
902
892
942
892
964
924
938
776
914
854
900
836
890
862
926
568
1360
858
960
902
948
900
960
918
974
928
936
916
926
910
928
588
1232
1080
924
978
870
918
904
910
890
892
908
926
888
938
908
934
902
918
938
946
932
920
854
854
782
942
896
936
902
856
876
880
870
1002
1088
870
972
958
890
786
878
886
968
906
914
920
930
908
926
846
926
880
942
902
900
844
904
872
896
894
880
810
900
912
932
894
926
902
924
922
946
942
616
1306
942
652
1114
904
890
846
808
900
906
874
874
896
908
902
902
912
884
878
878
848
850
894
884
864
882
880
884
892
898
896
884
874
870
894
910
904
904
904
888
900
890
872
922
900
902
940
952
896
900
986
894
984
944
940
950
952
914
944
934
932
930
956
918
926
896
886
828
800
744
870
966
862
886
914
874
870
868
858
866
876
882
874
872
888
876
898
890
916
930
926
920
944
896
906
922
906
810
840
780
804
806
806
810
796
774
706
838
792
824
818
820
742
740
754
730
740
758
732
512
1118
766
706
804
752
734
754
744
812
786
820
818
806
794
780
756
790
788
866
756
810
804
772
794
788
738
760
742
728
756
798
816
790
796
800
786
788
764
728
698
736
804
748
740
726
680
660
674
648
782
768
744
766
762
754
746
740
754
742
744
736
736
716
694
674
746
710
718
744
728
