968
910
1006
1018
1002
1024
1016
980
1000
960
972
974
968
946
906
906
900
880
806
852
860
894
940
984
952
984
1014
974
1004
1030
1002
1016
1038
1000
1012
1036
1012
808
1304
554
504
976
1064
716
1400
962
1130
574
1388
644
1230
574
1300
900
764
1084
902
924
922
918
942
944
954
982
974
964
974
972
960
972
488
530
914
954
678
982
1126
698
1120
894
696
1132
912
912
948
968
980
1008
1048
1036
1052
1060
1032
1050
1046
1024
1040
1066
1034
1050
1068
1042
1064
1058
1042
1038
1052
1038
1032
1024
974
994
970
902
854
902
940
966
984
1034
1022
1042
1060
1024
1022
1034
1018
1012
1038
1042
1028
1072
1070
1088
1126
1112
1148
1162
1142
926
1376
1124
1098
700
1408
1086
1046
1020
1060
1060
1078
1066
1030
1002
988
1000
1012
1004
504
568
1006
1054
1080
1096
1074
1074
1080
1082
1078
1094
1070
1060
1066
1030
1036
1054
1032
1032
1054
1036
1038
1050
1010
984
976
640
1240
934
876
904
892
628
1258
566
1354
962
736
1166
964
964
988
1010
986
1034
1042
1044
1088
1060
1076
1092
1058
1074
1084
1046
1062
1058
1074
794
1234
982
990
972
960
972
978
984
990
978
1004
1034
1018
1060
1062
1038
1054
1054
1056
1022
1026
1006
1018
1026
1018
1002
1020
994
1012
988
998
1014
624
1314
956
952
962
972
954
962
984
950
960
958
926
928
912
906
900
890
836
858
876
872
886
894
886
910
932
916
530
1330
574
1284
932
770
978
874
876
910
898
894
912
922
942
980
986
962
970
960
948
956
950
928
946
934
936
936
934
942
948
960
968
974
1000
1022
1008
1042
1048
1022
1046
1072
1050
1076
1076
1052
656
510
990
1018
752
880
396
944
966
932
940
944
940
940
926
910
884
870
874
810
830
828
816
816
606
1058
822
704
884
804
744
770
780
798
818
836
586
1168
568
428
778
540
766
438
830
792
772
762
774
728
752
754
762
756
762
760
760
764
762
772
772
772
774
782
786
800
814
808
812
824
816
816
814
824
838
838
840
874
882
880
906
900
904
904
894
908
874
878
886
654
1114
890
674
998
842
826
670
966
838
762
956
868
900
950
992
1008
1062
1078
1052
1066
1058
1042
1030
1036
970
1034
1050
1046
1072
1096
1074
948
592
1394
980
910
926
938
982
948
954
960
956
964
980
964
968
962
950
952
950
922
934
972
1004
1010
1036
1036
1032
1058
1048
1042
1060
552
524
1008
1036
660
1428
608
1394
934
884
886
838
816
850
832
826
826
842
880
900
940
954
960
990
1028
996
1004
1012
970
988
946
946
938
940
924
912
922
908
906
914
910
912
934
918
918
930
914
920
932
920
924
936
936
942
954
598
1296
592
1190
876
792
818
858
830
848
870
876
908
926
926
904
914
906
902
874
488
642
670
864
894
878
936
1026
1108
1154
1190
1138
1110
1058
1036
1016
984
994
960
934
924
952
872
908
908
864
914
946
972
972
996
1000
984
994
1010
990
996
1016
1000
998
998
972
696
1248
952
948
1000
904
698
1176
596
1260
582
1208
636
548
568
752
810
682
998
836
852
730
984
856
864
870
868
876
890
912
918
940
948
950
964
978
970
982
986
978
982
984
946
934
488
1286
894
908
868
880
910
882
878
900
856
850
860
862
886
912
906
910
926
920
920
944
928
948
970
948
976
1000
972
970
942
960
568
1356
948
696
1128
898
696
1080
890
712
1104
900
712
1104
898
872
902
854
886
644
1224
904
534
1346
570
1258
874
714
1058
872
734
1032
868
702
1004
842
836
866
818
820
828
828
840
840
852
852
834
886
874
892
900
890
892
888
890
892
904
912
902
914
924
912
926
938
942
968
968
996
1004
1006
1022
998
602
1352
948
866
834
818
814
802
822
816
824
810
866
864
882
870
872
876
920
950
948
962
952
960
966
958
500
540
878
930
918
928
878
874
846
844
836
858
810
838
784
830
840
838
840
824
826
816
814
810
808
792
830
728
758
752
750
752
744
754
748
758
764
762
782
792
814
836
832
854
862
860
870
868
866
564
1152
846
780
942
844
860
858
860
922
920
954
976
966
970
982
986
964
974
968
942
950
968
1000
1004
990
1016
1004
1000
1016
1006
986
986
978
996
966
986
974
464
586
892
974
1010
1010
1008
1046
1016
1038
1038
1020
1042
1024
1030
1062
1036
1062
1092
1068
1098
1092
1102
1086
1020
644
530
946
1014
564
576
948
1024
660
1446
1034
1028
1050
1010
550
1436
610
1310
1004
918
972
962
998
1042
1052
1036
1086
1050
1072
1090
1086
1110
1086
1070
1074
1114
1088
1108
1116
536
558
990
1060
1098
1130
1112
1116
1094
958
1040
486
616
900
1008
786
1296
1026
974
980
982
878
910
884
874
862
846
828
846
798
798
730
784
776
750
782
770
790
794
812
810
822
826
838
842
834
842
856
854
850
860
856
864
856
860
860
866
874
884
884
878
870
850
840
820
802
796
796
784
788
558
1046
556
1024
808
748
726
728
676
720
712
724
704
714
716
710
710
708
708
704
704
690
684
676
680
672
672
682
688
696
704
716
726
740
758
778
790
804
814
816
824
814
816
804
822
774
510
1078
790
802
744
776
774
792
818
832
850
860
862
856
854
840
840
834
832
846
844
858
860
854
864
858
864
876
878
868
848
860
858
868
878
886
892
882
590
1186
606
1188
898
756
944
854
638
972
840
704
950
828
830
830
846
856
524
1250
876
884
868
892
540
1102
554
1164
870
840
834
846
824
882
866
876
872
852
898
806
834
830
800
830
830
820
814
818
838
864
864
862
872
872
880
882
868
860
866
582
1206
884
890
928
888
872
856
802
840
842
844
840
484
736
536
766
572
1084
538
1096
558
1050
816
758
750
770
808
832
864
872
880
792
1044
892
896
874
864
860
872
840
848
866
830
884
888
910
928
934
934
930
908
622
1186
906
696
1132
906
698
940
1120
730
1074
890
708
1046
860
704
678
1238
876
906
926
894
894
898
914
912
898
926
884
872
814
840
844
842
850
858
862
878
892
888
902
898
914
930
914
916
920
926
924
924
850
906
882
868
866
830
862
860
866
880
866
850
864
870
892
902
930
918
930
942
916
922
1008
786
868
674
1128
568
1214
936
838
888
914
928
952
962
942
948
542
1290
554
1198
844
558
1148
580
1156
576
450
730
838
858
896
934
942
948
972
924
926
912
884
864
886
828
828
838
812
872
872
882
888
884
874
882
892
882
906
870
874
888
880
876
862
882
854
896
928
944
924
934
928
912
922
922
912
894
898
914
920
916
942
946
936
944
948
936
916
928
832
864
870
870
854
866
850
848
844
842
852
862
884
890
890
902
876
872
874
890
802
840
862
802
770
802
814
824
622
1032
562
1080
598
1042
812
798
800
814
826
834
842
862
870
874
862
536
1182
834
854
774
816
824
830
822
832
842
858
876
888
874
870
854
882
840
820
782
814
826
808
858
842
858
872
868
880
888
878
890
454
1246
866
742
964
846
680
1016
832
698
960
830
830
554
1150
538
1144
810
804
826
816
788
802
766
812
832
850
854
864
872
862
862
856
864
850
836
862
784
674
988
846
846
836
828
832
830
832
840
836
822
832
834
842
852
852
878
876
860
860
850
846
842
846
850
848
856
878
878
870
878
856
836
832
824
814
814
812
812
800
810
824
816
836
860
870
880
870
864
870
862
864
858
864
870
860
862
858
838
836
842
848
868
866
882
872
868
870
478
1252
568
1146
872
746
886
758
782
798
768
804
830
846
862
872
870
870
860
860
856
832
826
822
826
824
814
818
806
798
798
562
1020
538
1022
792
716
748
758
784
808
826
840
866
882
870
496
1230
504
1184
820
774
808
748
770
582
856
764
764
764
764
760
754
736
742
738
738
746
756
770
774
784
798
798
788
794
812
844
846
858
866
878
880
900
918
902
920
932
918
912
920
926
898
900
836
858
782
834
804
784
834
806
736
788
810
828
838
570
442
714
836
846
844
854
864
848
850
848
846
830
534
1120
552
1070
820
612
850
616
852
560
906
572
868
736
724
692
696
726
744
754
766
878
700
768
712
784
730
748
766
748
752
740
722
724
752
764
772
784
806
812
830
856
854
860
874
886
868
870
858
882
840
812
866
792
784
822
782
782
760
794
798
794
794
798
820
862
870
890
936
956
970
976
962
508
662
722
916
942
938
946
988
954
964
974
946
920
952
926
926
950
678
934
966
994
974
1010
1020
1038
1042
996
1002
1002
990
1014
836
448
692
966
964
946
912
934
898
918
954
954
984
980
956
916
896
834
858
862
870
862
884
852
824
862
854
868
936
954
960
966
948
946
928
922
916
478
1306
552
1220
700
1046
566
1180
556
1208
568
1160
556
650
594
810
894
946
978
1022
1070
1082
1076
1014
974
962
942
486
1294
572
1210
692
1042
594
1100
876
828
846
830
902
948
970
978
1018
534
584
936
1034
1050
1030
1022
504
610
960
612
498
954
656
500
898
656
1312
574
1326
676
1116
712
970
806
832
782
738
802
510
1166
536
1140
860
648
904
764
676
886
778
824
932
830
824
732
832
830
838
848
850
866
880
898
906
928
940
950
972
972
986
1002
1000
1016
1032
1008
1028
1032
1016
1036
1024
496
570
1018
1058
1088
1114
1060
1080
1054
1044
1052
1010
1034
1028
1010
1030
1008
1012
968
928
904
914
584
1328
590
1324
946
916
958
954
1030
1054
1066
1114
1072
1092
1074
1080
1096
1058
1086
1084
1070
1090
1058
1082
1104
1064
1086
1100
1064
1098
774
1464
1100
1074
1030
1056
1054
1066
1100
1080
1090
1104
1070
1080
1092
1056
1072
1096
1068
1080
1100
1078
1054
1012
962
916
592
1268
562
1326
948
952
956
988
1036
1026
1062
1100
1078
1110
1136
1082
1106
1114
1084
1116
1128
1096
1110
756
1474
1110
1082
1062
1076
1088
1060
1082
1092
1050
1072
1076
1038
1050
1052
1016
692
1352
982
1006
1016
984
1008
1034
1004
1038
1046
1028
1040
1022
1010
1022
1004
1008
1022
1004
1002
1018
1018
1024
1038
1030
1016
1028
1034
1008
1024
1048
1012
1008
1022
1008
990
1012
1016
998
1026
1056
1026
1040
1040
992
960
942
974
908
898
900
896
894
966
974
1018
1046
1020
1052
1080
1056
1096
1116
1156
1052
562
618
1018
684
542
1086
640
568
1062
652
590
1054
694
548
1104
638
512
1134
558
688
1066
688
554
974
698
634
928
722
646
902
744
624
982
784
570
964
780
588
946
734
648
1080
682
504
1032
692
514
1006
1124
764
948
622
1036
692
544
1020
1112
650
574
626
1448
570
616
926
1038
698
1434
562
572
960
1006
696
1394
596
1400
584
1410
1004
966
950
984
1002
1024
1090
1116
1086
1134
1146
1106
540
644
1054
1064
1084
1074
1034
466
656
1000
1036
760
1388
600
1442
1032
1020
974
1032
1016
1012
1024
1020
1012
960
1006
978
1000
1028
1006
1026
1038
1022
1030
1068
1060
1040
1054
1076
1040
1042
950
1090
972
950
906
878
900
918
932
942
966
998
998
1010
1044
984
1002
960
970
984
968
992
1028
528
552
1018
1112
1164
1154
1198
1246
1216
1196
1198
1088
1158
1092
998
1014
972
896
870
890
838
820
826
816
802
804
764
806
806
802
802
798
804
800
800
810
494
1148
544
1086
800
790
788
798
812
830
868
878
894
906
908
898
894
874
860
856
830
814
800
786
796
790
780
800
808
808
798
554
1058
510
1114
808
788
780
796
814
826
846
896
914
916
884
910
870
866
816
824
766
800
788
796
746
768
772
782
794
794
798
802
636
996
590
1056
850
750
844
648
752
754
762
776
624
982
504
970
942
772
776
802
788
766
760
752
756
834
858
694
1108
562
452
766
840
846
852
864
852
856
876
860
866
868
854
852
846
826
836
846
852
846
850
838
844
854
826
826
842
486
1196
532
1148
810
656
960
808
670
990
600
1084
538
444
704
802
836
512
1204
836
506
1170
838
758
746
688
714
710
706
736
372
434
624
748
770
452
950
638
556
594
812
798
796
788
812
582
916
772
652
820
740
680
800
746
758
772
786
820
858
858
884
896
878
904
888
838
844
820
804
834
846
846
844
862
846
850
838
832
830
826
824
820
460
562
664
796
802
538
1140
510
724
460
820
802
808
804
838
866
474
1304
538
1218
892
834
802
846
842
854
868
868
874
874
870
874
842
808
800
790
746
778
824
854
882
552
1356
532
512
842
926
682
1142
950
938
814
884
874
876
882
894
870
876
870
856
884
804
838
834
840
838
840
834
830
812
570
892
690
1132
826
858
806
792
860
914
924
946
964
944
922
540
514
750
846
846
848
864
870
888
874
884
884
868
876
890
844
802
830
832
974
698
838
840
844
792
830
934
718
838
810
822
814
838
852
864
876
894
906
902
926
956
944
954
978
942
962
972
984
972
930
948
952
934
948
944
748
766
1112
860
798
832
826
758
798
778
798
876
906
914
958
988
962
980
1016
964
978
970
936
894
902
902
900
532
1306
906
680
1114
894
676
1128
888
686
1158
922
688
1200
904
690
1080
858
670
1068
888
692
1066
886
670
1066
874
684
1036
566
1244
870
762
942
860
854
846
894
914
926
954
914
990
924
924
890
896
902
844
858
850
842
842
836
842
858
852
564
1086
828
822
788
814
826
874
844
898
888
906
896
762
730
348
864
878
888
886
888
882
496
574
780
872
846
902
990
794
888
868
850
836
868
816
832
830
678
606
774
630
500
626
914
476
642
438
770
796
794
808
814
642
964
618
1200
524
1198
894
738
778
778
746
762
802
766
812
822
836
860
860
854
866
966
722
832
812
802
786
786
782
778
812
778
794
790
782
766
780
806
834
844
566
642
602
868
880
882
876
760
826
980
702
452
654
842
822
822
812
814
814
826
832
850
854
866
890
874
870
478
802
504
836
720
948
814
666
904
794
688
910
794
814
848
832
810
810
846
850
858
838
830
826
820
824
836
820
826
780
800
816
794
620
574
548
516
1322
876
868
822
826
840
828
850
644
726
582
540
624
478
510
822
790
788
798
844
762
810
392
1260
852
856
696
714
750
876
648
770
754
758
770
396
406
590
924
770
770
794
782
748
734
772
764
772
766
774
758
766
772
738
746
760
748
718
740
742
746
746
736
604
866
726
722
756
752
728
734
756
794
766
790
530
590
554
860
856
862
834
842
872
836
858
864
884
890
884
892
904
902
892
902
900
888
872
868
852
878
916
938
980
974
964
986
980
982
1010
1002
1000
1032
1012
1004
1024
1006
1006
1018
1002
1010
1038
1034
1036
510
538
1032
1060
1046
1034
1060
1048
1014
1042
1026
1000
1024
1004
980
1002
990
976
996
994
994
1040
1024
1034
1052
1010
1030
1030
1004
1004
1008
990
998
1010
986
598
1354
946
936
948
950
952
996
972
964
974
490
1460
978
964
928
936
946
936
958
966
952
950
956
952
944
946
930
914
918
916
908
922
940
938
948
958
948
952
972
970
964
962
966
958
956
522
618
808
940
964
982
618
1368
1000
964
956
960
952
958
970
964
962
970
988
968
966
972
954
946
954
950
928
934
936
924
938
958
952
964
986
968
958
968
794
1072
902
886
868
838
850
862
890
908
580
1316
538
1434
964
964
950
954
976
978
980
1020
1026
1008
1020
1018
1022
996
1004
1002
988
978
994
1000
990
996
998
986
978
986
984
954
954
956
944
932
952
956
940
950
950
958
942
944
946
930
938
944
958
946
948
956
948
924
922
922
910
914
916
920
892
890
886
888
898
906
518
1350
922
898
872
858
852
510
1214
544
1176
588
1074
842
796
796
842
876
916
978
1010
996
1012
1028
1016
980
986
974
954
952
966
974
954
968
982
968
766
1184
992
966
964
570
1338
938
694
1126
908
690
1124
918
694
442
764
908
948
934
938
940
946
930
924
926
906
900
900
896
894
888
888
886
874
874
876
874
884
896
914
924
950
984
960
974
990
976
968
954
954
952
968
988
974
1002
1026
1008
1008
1020
722
1346
1008
994
986
960
974
990
1012
998
988
998
994
974
966
978
544
1412
558
1330
932
712
1066
898
686
1090
898
694
1132
902
692
1098
888
702
950
1082
704
1036
854
684
566
1290
692
1020
872
698
1070
898
702
1114
902
690
1098
886
694
1064
888
602
1200
582
1206
888
870
876
880
890
896
922
944
960
954
970
974
978
960
956
962
960
954
954
936
930
924
934
954
966
952
968
980
994
982
984
988
992
970
954
932
912
904
910
930
940
972
994
968
944
928
566
1358
656
1192
878
896
924
950
950
986
1006
1002
998
1014
1010
992
986
732
500
762
996
652
1372
1004
960
968
970
972
972
968
970
950
926
922
916
920
930
964
572
1450
578
1412
974
712
1166
944
688
1168
926
688
1140
914
682
1130
916
694
660
536
944
968
590
1390
980
964
928
928
912
904
904
888
864
854
844
860
864
882
910
922
930
946
964
954
954
958
952
934
946
944
948
942
938
944
952
958
940
958
982
980
966
974
978
708
1276
986
962
964
938
938
952
966
962
954
966
968
958
954
960
966
958
938
942
944
938
934
930
940
938
944
492
1430
556
1394
952
694
1164
914
684
1112
896
698
1068
896
684
560
636
884
950
654
1256
948
932
922
906
912
920
928
926
936
932
940
934
922
922
926
922
922
918
928
930
938
946
944
936
926
920
920
918
924
938
956
948
960
982
984
980
974
986
998
984
964
982
976
562
1422
968
940
924
928
944
936
918
880
890
904
914
946
986
986
996
1014
1020
990
992
540
1382
970
702
1158
956
704
1218
962
702
1234
968
692
1238
974
704
1228
972
692
1256
958
696
1222
962
710
476
762
942
954
970
984
712
534
736
674
1248
962
934
932
920
930
926
932
956
964
948
942
946
946
922
932
930
916
918
904
918
920
926
936
954
938
946
964
978
964
974
986
990
960
962
960
964
616
1318
570
1332
924
898
898
900
908
916
924
940
950
936
942
952
960
956
962
966
966
950
954
952
960
954
944
962
964
960
954
960
966
962
948
932
926
918
874
882
890
892
910
520
1392
966
696
1238
942
548
1346
958
694
1160
946
688
532
698
920
964
962
966
972
976
964
968
976
988
984
982
1010
1012
1014
984
988
984
986
978
984
982
584
1360
968
704
1170
928
702
1130
934
692
1156
940
690
1170
924
522
1342
944
696
1188
958
692
1254
622
660
736
918
932
700
1180
954
704
1174
954
700
1180
946
704
1188
946
702
1134
912
700
1104
908
704
1102
910
696
1118
908
696
1082
898
706
1088
926
708
1178
942
702
1176
936
710
1144
946
704
1190
938
706
1162
926
722
1160
958
716
1194
980
728
1254
972
720
1206
968
732
544
672
948
688
1316
616
1360
976
942
952
958
964
958
980
986
990
966
956
970
964
956
958
956
954
938
940
950
952
940
932
518
1372
948
946
944
952
962
948
966
980
972
976
988
1008
998
982
980
980
970
956
970
970
970
966
966
976
966
960
956
958
964
952
956
972
984
976
968
970
966
960
952
958
954
946
934
938
512
1416
572
1298
956
714
1118
930
696
1162
926
696
1134
928
696
1148
948
702
424
808
918
938
924
940
946
956
942
938
948
950
942
948
954
966
954
950
956
954
950
948
946
948
948
936
936
942
944
940
942
944
950
926
920
930
644
1318
966
714
1176
928
706
1158
952
694
1184
952
698
1204
930
698
1146
930
602
1260
948
700
1196
950
542
1358
930
700
1110
900
708
1086
900
694
1076
896
704
1084
910
700
1092
902
708
1070
916
702
1100
914
706
1110
916
706
1088
900
710
570
518
950
562
1360
580
1294
930
502
1354
930
720
1114
926
726
1100
920
718
1078
890
722
982
1500
996
810
664
872
780
782
808
640
1006
540
1216
930
880
912
880
928
954
974
988
962
964
990
954
904
924
920
962
994
1030
524
618
960
1042
696
1430
1056
754
1238
1018
824
1188
1024
692
1252
994
690
888
1296
564
1330
938
680
1012
894
718
1164
970
728
1272
972
730
1232
990
746
1190
534
1390
978
914
890
908
922
890
930
958
952
948
956
974
966
958
982
946
950
902
938
942
966
946
954
982
990
970
988
990
778
1228
982
1000
958
960
948
920
972
980
958
962
980
990
970
960
962
958
958
956
960
976
964
964
954
932
908
904
894
916
926
948
994
1014
998
1018
1032
1018
1010
1022
1032
1022
996
988
1022
944
976
988
1008
1012
984
998
1004
1016
1002
996
986
1010
930
956
958
970
982
968
962
976
978
962
972
978
990
964
968
974
978
974
974
968
966
964
960
952
962
954
958
958
968
956
960
964
974
958
948
946
952
950
956
956
974
962
978
984
990
970
982
986
994
984
980
976
992
984
980
976
986
998
972
986
992
1020
998
1000
1010
1014
992
994
1006
1004
982
974
996
956
684
1172
604
1202
874
714
926
808
698
892
798
826
864
890
932
988
984
998
1008
1004
968
968
978
980
960
966
966
968
954
958
522
1380
970
700
1194
948
696
1004
1098
700
1142
932
690
1150
944
692
1224
944
548
1362
950
708
1172
950
706
1194
932
712
1168
958
712
434
792
920
944
