860
732
740
724
738
726
728
728
754
746
728
744
744
766
762
756
742
756
744
748
752
754
750
736
742
732
748
716
734
738
740
748
734
750
762
754
750
770
750
766
764
572
980
764
764
776
790
792
790
804
786
794
776
790
788
790
770
770
774
776
764
786
790
790
778
802
860
850
828
828
804
806
792
792
776
762
764
830
826
810
822
820
772
764
746
766
788
800
738
708
716
708
736
838
768
882
772
762
746
736
750
742
854
564
924
924
756
776
784
780
770
776
788
826
826
810
798
806
788
802
910
900
868
794
800
784
786
756
782
1238
554
1018
1054
816
776
754
748
748
758
734
754
872
744
696
702
684
476
900
690
748
812
760
906
804
814
836
484
474
726
808
788
780
776
764
762
838
838
800
814
816
806
786
784
790
870
836
830
846
820
806
800
804
838
904
872
864
808
808
802
798
768
806
856
832
816
810
784
796
766
772
754
742
746
766
776
758
762
754
726
732
722
718
740
858
746
764
800
816
808
804
800
772
754
764
776
826
830
814
818
790
790
824
862
818
826
812
810
780
798
832
878
830
842
824
808
776
792
806
872
820
842
818
784
798
774
756
734
780
816
766
770
754
764
756
748
742
890
720
758
760
780
864
762
836
840
806
802
794
824
834
830
810
472
546
948
898
912
848
812
788
846
890
850
838
836
808
806
800
844
852
848
820
834
794
788
792
786
766
816
850
818
800
818
790
796
756
782
762
758
750
784
954
904
890
870
844
834
800
804
788
782
780
884
838
814
816
802
792
800
870
842
828
822
818
790
822
866
858
822
820
802
808
782
818
856
840
810
810
806
804
772
798
796
836
824
818
790
800
764
778
748
754
758
822
794
800
766
764
740
752
720
728
740
748
772
736
790
786
756
740
760
802
840
814
810
786
776
790
824
492
492
724
820
824
788
790
848
874
842
846
826
816
786
788
868
858
830
816
840
800
780
782
776
770
752
774
838
818
784
804
782
774
762
768
748
766
804
824
816
796
762
804
764
774
818
850
820
808
786
808
826
844
828
838
822
804
800
836
862
840
838
828
520
998
960
844
836
816
814
794
788
764
782
762
794
860
580
968
896
756
778
748
736
742
754
750
738
804
810
714
840
758
742
760
732
748
564
974
898
786
764
750
750
816
844
486
408
738
806
534
1056
784
886
844
834
814
812
796
828
876
622
1018
898
820
814
784
806
832
852
820
818
816
798
794
772
778
782
838
830
810
800
788
782
760
788
750
754
756
768
770
842
824
812
780
790
768
798
846
850
826
804
496
990
992
834
814
834
794
488
406
678
838
852
830
680
978
798
776
840
856
840
818
498
478
642
780
772
852
842
828
796
808
478
828
904
786
758
758
764
770
778
780
832
470
468
708
784
800
776
820
826
838
826
814
786
792
818
864
840
500
332
836
806
784
816
862
832
842
824
808
780
776
788
888
840
844
808
796
434
516
1118
660
774
864
886
850
794
780
760
774
752
752
800
590
1000
700
710
438
942
496
856
680
672
752
808
734
740
770
776
770
750
750
766
822
842
820
798
796
786
790
894
872
468
474
702
806
804
830
886
858
854
824
834
824
846
892
896
870
806
782
782
774
782
844
818
804
772
768
738
748
732
722
786
796
784
764
754
732
750
740
762
744
842
804
790
776
764
766
770
862
828
810
800
494
966
920
772
788
852
844
828
802
788
818
880
842
830
824
822
802
832
876
850
804
836
808
790
774
842
854
818
804
818
768
806
764
784
760
948
738
776
738
748
760
744
748
794
752
866
464
442
796
500
992
688
976
846
862
826
800
470
460
650
858
846
840
850
826
826
812
870
854
840
838
862
820
508
462
726
850
830
836
840
802
812
792
790
848
840
816
824
790
770
792
762
740
764
758
828
814
806
796
782
746
784
758
764
850
858
814
806
782
786
764
788
868
880
846
816
798
848
916
874
842
822
796
796
796
892
860
854
852
830
812
800
836
876
862
836
830
816
808
776
788
778
1220
564
518
704
822
822
790
780
770
766
762
832
814
822
814
792
790
794
780
778
786
890
852
836
834
812
790
782
830
902
880
632
1062
808
804
848
868
840
850
492
350
838
788
832
860
844
840
840
808
502
444
648
1028
1246
952
872
830
788
768
762
540
992
532
952
592
510
822
776
740
848
816
788
764
746
742
726
756
746
792
768
786
752
758
746
756
784
852
820
824
790
794
802
880
848
844
828
828
812
862
850
878
890
848
838
912
860
850
860
862
832
800
806
792
890
860
830
840
822
806
790
764
784
840
818
802
828
802
798
774
780
798
866
468
396
814
806
792
790
846
872
842
862
834
816
798
698
1014
884
840
850
814
818
786
804
906
870
842
840
828
806
806
794
794
792
932
848
822
812
812
790
790
786
848
840
802
782
806
762
786
756
750
798
746
856
426
1102
494
962
858
750
756
852
590
844
956
782
878
846
794
802
752
750
734
760
760
854
812
820
786
784
520
1046
840
826
810
816
772
772
786
838
858
848
848
796
772
784
772
822
860
824
798
774
808
764
764
836
822
810
790
788
766
754
742
760
792
832
814
804
758
750
538
958
734
730
564
1126
800
476
982
534
928
874
488
470
706
788
746
752
736
742
726
748
852
814
776
768
734
734
714
752
804
850
810
588
402
588
752
816
844
822
816
784
772
776
832
838
820
802
818
774
770
766
742
772
758
778
816
814
782
758
760
752
748
772
760
836
812
802
748
766
762
758
754
778
834
826
780
772
766
786
846
836
808
800
752
766
754
802
832
822
802
784
748
764
768
532
1130
828
800
784
766
774
774
824
466
492
1020
516
538
856
768
754
440
1054
516
382
642
564
986
708
742
750
742
748
780
792
442
534
692
768
754
468
1068
516
516
704
428
510
634
460
1080
466
562
670
834
832
800
800
784
810
896
846
832
790
802
852
854
466
424
796
822
802
784
786
794
536
1052
922
806
774
746
774
742
742
730
770
770
758
732
722
710
466
968
498
928
702
940
482
952
696
764
814
532
1048
932
770
468
994
826
856
848
824
776
778
776
882
846
822
820
782
780
770
776
840
852
828
828
806
810
788
798
778
540
1056
860
834
820
786
778
748
620
574
474
636
920
770
752
674
948
776
782
746
744
768
746
896
764
764
758
858
770
812
840
784
770
784
780
764
846
824
830
792
790
776
788
766
492
502
740
820
802
794
788
888
854
832
832
816
526
1052
522
1014
766
776
482
1060
486
542
694
790
770
778
758
726
720
430
1022
482
932
710
746
818
764
740
738
724
434
964
500
902
684
696
736
792
770
746
746
730
724
706
714
716
704
702
496
1052
492
958
668
896
704
718
700
710
714
432
1184
516
932
906
532
476
788
718
770
798
740
804
820
798
774
762
756
770
792
850
814
782
786
772
738
738
738
758
748
790
830
806
752
764
732
722
434
984
514
612
1022
700
706
700
710
580
982
518
946
500
960
746
674
696
682
684
702
794
766
738
738
696
700
686
688
612
778
710
744
800
756
758
728
722
714
730
740
840
792
796
772
748
744
654
868
514
462
730
810
516
1024
516
946
972
854
814
492
982
504
978
964
808
782
768
766
746
718
716
698
708
430
990
500
616
466
576
712
712
700
760
802
422
510
568
468
954
748
698
686
718
444
990
486
942
868
750
738
746
742
722
734
708
736
738
808
802
790
774
762
734
750
744
772
858
840
810
474
460
648
760
772
796
850
826
806
800
772
764
766
858
844
826
800
808
778
752
754
750
760
868
844
806
788
800
768
742
764
756
762
874
838
806
810
790
778
772
772
742
782
784
870
830
834
802
782
762
782
804
846
822
828
514
1072
482
1028
978
802
812
818
796
776
774
776
802
852
826
796
808
786
768
764
732
748
766
808
832
816
772
770
764
750
728
758
736
736
736
672
946
502
966
838
738
750
748
736
840
810
820
788
802
758
766
772
866
822
828
552
1078
774
770
776
850
818
826
810
808
766
784
760
562
1000
918
784
802
784
772
770
756
802
852
796
786
786
772
762
742
740
754
732
750
746
774
786
770
756
750
768
740
758
798
810
768
560
1012
790
762
778
764
854
824
830
800
478
452
672
878
844
850
564
1026
902
820
872
862
852
832
822
800
824
866
850
846
878
826
526
354
746
792
788
872
834
794
822
834
768
790
746
894
740
742
804
804
746
770
756
928
734
746
758
846
810
468
1000
480
958
572
1132
832
782
780
756
732
722
712
742
808
830
774
780
756
728
712
730
742
796
492
482
682
786
778
732
766
510
478
720
804
836
798
810
822
864
840
850
474
452
676
782
520
454
716
868
904
794
772
750
786
852
800
792
796
774
746
766
748
522
978
564
1036
776
762
776
736
726
766
750
772
848
826
804
766
764
772
818
840
818
826
800
776
768
858
840
822
830
824
796
788
898
852
850
458
402
1092
498
1006
1126
568
976
1008
882
834
810
786
774
740
774
732
768
756
816
864
842
792
772
728
734
740
718
762
446
502
638
716
738
756
604
1002
854
834
812
786
772
782
822
846
828
808
808
782
874
842
852
866
834
806
490
426
808
860
862
834
832
810
844
922
912
860
820
796
816
804
882
844
824
792
774
752
786
762
750
828
778
764
778
766
792
748
728
756
746
736
740
820
828
804
788
774
794
770
756
1298
464
538
782
860
808
800
802
896
870
856
842
816
812
854
856
848
846
508
996
588
528
722
826
838
830
836
796
808
788
786
812
872
822
808
782
786
772
744
760
762
748
510
500
710
678
712
738
732
932
806
798
766
764
772
756
740
766
818
472
464
684
774
758
752
758
776
876
832
812
780
758
742
764
806
852
814
826
492
1142
784
790
878
844
834
836
822
786
794
810
876
838
496
388
724
532
562
422
1072
1002
816
480
448
668
754
764
752
774
814
834
804
798
494
1018
462
980
1162
848
852
866
818
820
828
488
388
706
790
888
856
840
810
818
796
846
872
862
822
814
812
844
850
852
834
828
528
960
920
1282
944
870
862
816
788
770
776
756
782
744
748
740
780
778
784
762
762
754
744
742
748
750
812
812
768
786
756
750
766
826
812
812
802
812
778
772
832
854
820
828
808
804
782
836
850
848
564
1106
800
876
846
830
826
816
786
788
772
764
832
846
836
812
800
798
778
764
760
768
966
836
838
856
832
808
804
760
780
782
828
806
802
792
794
776
784
840
836
820
822
814
550
1010
510
1004
1032
488
950
1066
822
790
780
792
896
836
834
506
322
826
790
820
866
844
830
834
808
810
790
576
972
792
786
824
824
1042
930
910
912
848
832
768
776
752
758
748
742
744
450
550
854
880
876
884
844
782
798
790
860
828
834
822
818
786
802
816
890
838
854
818
794
792
810
836
874
842
856
816
810
790
788
790
472
520
1356
612
1200
826
792
774
1398
968
856
854
512
1028
920
774
798
808
824
866
492
346
838
802
800
786
776
784
792
774
520
1352
1016
464
908
1130
912
816
786
776
558
1240
478
764
576
1198
882
796
766
772
780
1014
1226
448
568
906
820
792
800
790
814
924
906
830
812
786
810
788
1364
564
656
662
1328
940
880
806
780
784
754
766
762
1320
860
938
856
822
812
792
796
798
774
788
1340
450
786
502
510
1086
936
852
820
780
680
900
962
878
874
836
814
794
818
800
592
978
566
524
768
848
830
806
808
820
1316
100
1020
874
842
800
794
766
1060
512
806
880
888
832
810
800
786
764
752
1368
800
1014
878
830
792
788
768
760
758
790
1288
766
452
972
1046
886
840
808
768
772
766
752
766
1260
788
1398
898
894
856
810
492
1016
1240
986
910
854
796
786
762
1072
714
570
886
836
798
762
1396
974
848
842
800
772
572
996
620
910
682
1010
1116
946
856
814
756
776
796
898
844
846
794
776
754
782
1354
1076
874
818
790
760
832
472
860
918
884
808
792
770
608
940
1344
974
860
826
788
786
772
756
766
1300
726
478
1002
674
1226
876
792
578
960
1264
1072
864
810
792
778
746
1036
768
534
896
854
798
774
764
762
900
854
816
806
788
754
778
760
778
1048
1264
958
842
806
776
780
838
876
846
810
764
794
772
764
758
1296
1372
960
910
850
822
782
760
758
744
756
778
1042
1252
884
822
796
770
546
990
490
1012
556
748
714
478
978
450
746
804
790
720
1066
746
1268
934
834
804
778
758
1036
1246
968
820
802
1054
1122
620
1182
810
770
760
756
740
746
756
832
842
804
782
748
730
686
708
724
764
778
768
758
746
742
1276
500
520
462
1006
812
834
822
842
826
800
818
548
1174
810
818
812
810
826
864
828
858
826
802
808
506
458
780
868
488
1176
810
804
808
890
892
824
828
800
596
998
508
518
730
846
788
810
778
788
884
844
494
464
668
814
788
784
788
816
766
876
850
820
798
792
760
778
1312
708
462
604
606
914
872
824
810
820
1042
1252
986
856
798
810
916
868
846
802
828
806
794
826
906
846
832
852
526
1058
882
858
860
842
860
800
826
828
798
798
818
540
998
960
876
844
812
798
794
562
790
868
1004
884
822
478
474
698
624
958
866
870
874
854
812
824
796
784
790
878
806
874
824
804
796
770
780
786
1052
1236
1046
848
804
800
814
842
806
866
840
474
376
734
804
824
1398
1106
856
818
792
784
764
766
1326
792
452
510
564
1000
970
790
478
462
648
844
808
848
808
800
774
798
786
870
862
810
812
730
828
824
890
854
820
808
774
772
778
892
846
824
690
862
772
750
1346
840
794
856
852
510
1016
482
1004
528
974
502
560
814
768
778
762
766
738
896
1088
870
1396
1044
832
796
1080
608
524
634
1174
480
992
644
924
776
770
740
792
774
1354
1000
868
834
790
800
504
1046
788
1356
646
1156
870
824
814
786
480
1068
514
972
536
910
1288
510
650
814
594
964
720
770
1050
966
1068
850
818
810
1340
962
786
758
754
1028
724
542
808
852
816
786
760
800
868
860
830
816
806
762
788
800
1374
1032
886
846
556
1002
730
920
634
904
634
688
842
776
830
900
852
810
802
768
746
750
1082
1008
896
850
790
782
772
762
766
750
560
1068
1136
802
790
796
852
830
814
792
762
772
552
1100
856
826
844
812
476
320
846
738
1006
464
512
456
586
558
710
964
886
884
818
830
808
828
900
872
844
842
820
812
824
798
884
900
860
832
834
826
802
782
818
888
840
878
830
792
792
796
804
826
852
870
824
608
1000
802
794
1390
542
794
500
640
1074
854
814
786
804
774
1020
576
874
880
870
834
794
796
780
790
1150
524
816
850
810
534
1012
786
786
1260
1208
852
824
784
778
760
778
1332
868
1348
1150
620
1084
788
786
742
738
1294
508
620
864
512
934
972
744
746
770
1028
786
524
924
832
830
814
776
792
776
756
766
756
1014
1236
926
800
794
766
610
866
770
1250
458
514
774
790
488
570
1274
896
818
806
854
1398
1048
714
980
518
982
486
994
464
662
856
860
824
808
804
818
834
860
922
886
826
842
560
1008
458
544
778
458
536
750
846
818
828
820
918
882
854
828
844
828
806
796
796
812
914
902
620
1006
866
812
478
1016
452
978
1246
476
518
696
816
774
772
780
780
758
1252
830
742
1214
644
522
764
800
778
786
770
766
776
1328
858
1370
1074
856
820
812
792
774
496
440
768
844
842
814
828
872
874
838
866
832
558
1014
460
964
972
1330
590
472
876
840
840
798
796
778
808
862
866
836
834
774
818
782
792
796
894
858
802
504
1080
780
776
764
786
1374
902
922
1018
1220
982
824
782
786
794
1014
1216
480
546
724
1380
928
776
778
422
1126
548
974
926
846
804
788
804
904
848
858
806
796
784
796
762
1394
1024
872
854
824
810
800
788
770
772
776
1348
560
1056
1108
820
796
492
436
680
794
858
898
498
482
744
822
794
790
812
794
758
1114
646
670
900
852
832
808
764
772
806
922
834
822
792
800
762
834
790
772
500
1048
492
816
834
802
758
778
1060
766
1280
714
488
472
798
606
1018
580
1384
688
948
920
1382
1032
894
858
856
830
528
322
780
780
788
768
1390
1082
880
860
820
790
790
758
776
770
1350
1008
882
820
820
812
782
764
776
748
630
1174
660
576
904
664
1008
784
796
760
788
978
1242
722
468
552
666
862
826
790
856
868
854
830
808
780
804
770
1312
1124
880
674
960
800
788
816
896
554
1020
480
966
936
1274
1052
854
788
860
846
834
790
782
782
758
766
754
1038
1050
808
782
768
698
1052
1118
1312
1182
522
1056
904
772
752
760
742
778
1296
1008
1304
1150
562
1116
774
762
754
1274
982
906
868
810
812
786
790
760
798
1326
870
826
782
860
538
1016
902
1270
828
764
808
796
484
538
774
846
814
478
468
692
818
884
878
842
842
800
820
828
1138
546
822
860
834
812
852
1276
738
496
438
738
888
868
844
802
814
794
784
816
830
866
870
840
828
490
458
654
824
884
854
494
476
696
800
600
958
790
816
934
848
858
812
800
794
790
800
1232
1200
862
832
812
1308
1046
818
774
1276
890
1250
1204
438
534
746
808
792
772
776
1300
1128
880
842
806
782
822
786
784
802
910
846
814
820
770
798
788
790
780
754
762
1292
984
902
816
820
810
792
768
798
874
852
830
832
776
804
788
762
778
760
1360
886
836
874
876
822
798
804
522
1044
492
906
1162
810
824
802
788
780
760
790
812
808
844
894
830
802
798
804
798
834
908
846
834
814
780
806
802
1116
658
546
888
848
774
782
774
764
776
1306
790
472
636
546
844
862
812
482
952
782
500
1006
484
924
820
790
776
754
760
742
754
682
538
806
838
814
846
846
816
820
792
820
864
870
840
822
808
814
874
872
860
850
832
812
818
878
862
850
830
816
804
820
856
842
862
820
820
506
388
718
792
798
842
858
858
770
802
810
792
444
1020
480
542
1068
822
796
772
546
390
634
984
1006
940
928
868
830
792
808
782
782
768
782
752
784
1322
904
1218
1266
862
810
782
776
752
760
772
624
730
858
818
796
818
854
844
822
690
896
786
812
1388
1046
834
818
782
772
790
846
806
828
816
786
776
774
482
454
776
836
816
810
798
798
790
816
870
850
848
824
816
798
804
818
884
856
828
842
526
992
852
1342
1086
1156
650
1186
1350
1046
840
780
1324
1066
838
812
786
772
754
768
732
764
1166
812
1234
888
852
788
790
534
972
778
762
760
764
832
842
806
534
976
872
772
776
864
852
816
830
818
814
810
852
818
546
1004
640
1106
828
838
856
836
836
806
816
810
882
860
846
850
802
828
828
496
968
1020
818
836
790
828
810
798
772
784
938
1146
880
824
798
770
784
782
758
552
1036
842
800
796
796
788
780
800
1312
692
466
520
530
988
952
842
816
818
810
870
860
882
828
520
1004
756
1036
860
858
816
828
800
804
764
780
520
668
554
1014
1220
856
820
798
792
780
774
760
760
766
762
770
472
1008
1000
782
792
770
686
940
846
486
308
838
784
814
522
1040
658
228
1234
696
468
492
704
720
460
986
446
310
528
844
828
934
900
874
834
848
822
834
902
842
860
854
806
830
798
800
780
806
808
872
834
822
806
800
798
802
788
1348
724
462
524
602
972
1210
518
788
804
794
786
820
858
534
1178
840
828
804
816
816
884
860
884
830
844
814
822
476
464
776
872
848
850
826
832
814
794
794
1264
974
1352
1062
818
830
786
780
766
520
944
466
950
498
964
828
822
754
812
824
810
784
772
782
760
780
854
866
644
986
830
796
790
876
850
860
820
844
826
826
834
912
876
866
846
832
820
876
872
878
846
850
812
828
594
1040
1244
1236
648
1030
462
998
602
882
442
1012
882
1138
716
458
480
536
984
522
1004
994
784
750
788
754
776
1296
1058
724
964
490
1008
936
788
808
808
892
840
872
828
834
692
960
464
1004
1036
704
1030
816
848
816
814
798
810
882
864
830
826
818
504
450
666
794
1328
1068
730
914
590
986
516
1020
444
970
1210
818
544
940
1002
804
808
794
792
784
796
778
776
832
864
822
816
790
736
894
828
834
820
896
806
798
812
894
866
818
898
510
1076
450
882
854
902
960
844
878
602
1042
832
798
810
832
872
840
1398
998
746
866
726
886
614
1024
798
758
760
754
842
1192
708
466
1020
854
1076
810
754
784
818
870
812
840
822
832
790
818
870
876
834
870
768
906
514
1074
956
482
480
748
474
1064
948
812
806
794
850
878
846
832
842
794
824
798
792
852
854
832
806
784
814
802
790
782
850
840
826
812
800
510
326
782
778
794
862
488
490
732
840
834
832
798
822
834
894
890
864
790
450
486
562
1042
924
868
858
870
834
834
824
844
888
832
880
578
1066
590
994
750
586
752
498
866
1014
844
828
784
734
738
768
776
770
764
772
756
740
746
726
728
774
802
780
772
774
756
768
772
842
844
820
832
830
820
784
806
874
906
878
742
968
462
514
716
888
910
874
890
846
852
852
914
826
820
918
798
844
824
882
1318
794
464
452
556
872
924
844
830
804
814
798
778
806
838
822
828
816
786
804
790
798
808
876
850
828
824
834
810
820
858
876
848
874
816
758
904
544
1002
1036
714
992
456
1034
958
664
944
802
858
856
856
820
850
830
824
806
558
1132
540
962
894
820
834
798
1386
550
554
662
774
766
772
1194
1082
902
820
772
832
844
810
760
834
870
846
836
804
494
464
696
808
822
896
856
866
492
470
722
442
522
676
854
892
850
872
518
1020
966
798
840
834
858
848
502
448
676
810
790
782
774
804
1014
578
804
884
848
822
1022
1250
768
450
658
590
850
890
896
864
836
822
798
814
818
796
842
916
904
870
858
496
466
698
850
708
1062
854
866
864
840
826
574
1006
774
1044
850
804
810
820
812
810
796
770
800
788
822
868
588
994
484
972
978
1314
1020
1274
918
858
862
808
848
836
820
808
896
842
850
824
850
824
808
820
496
454
798
468
450
792
856
498
468
704
864
892
878
892
846
848
832
862
500
470
774
426
554
752
844
862
814
810
808
1042
550
314
1220
624
466
428
1028
940
780
788
774
554
1194
474
554
438
976
956
1194
818
814
912
872
848
858
830
834
876
672
1068
816
868
862
840
810
842
482
428
854
854
886
850
832
850
894
872
852
874
792
832
814
888
846
854
810
856
818
790
798
1346
1050
786
928
644
956
514
632
1016
944
680
620
974
1036
628
1012
792
780
830
490
420
864
480
474
726
544
1052
858
916
876
868
866
760
892
558
1022
1076
660
1046
550
988
942
794
806
792
788
1058
1236
1022
818
844
774
838
742
782
768
804
862
858
804
788
798
760
760
940
836
808
842
812
482
308
806
708
660
1020
468
1006
1094
518
1014
926
930
538
890
938
822
890
576
1032
