652
334
670
696
700
702
700
640
572
638
834
754
718
708
714
708
702
698
700
710
716
716
714
728
738
736
738
742
746
742
734
736
724
730
722
712
722
712
718
730
718
712
716
714
630
704
754
764
748
742
726
714
716
710
706
710
700
698
690
680
674
672
664
668
644
644
638
636
634
628
600
650
630
630
632
624
638
626
638
632
634
632
620
644
620
632
622
626
622
616
618
614
616
624
626
622
626
636
644
640
652
650
662
662
670
680
684
678
690
688
696
700
690
690
694
694
698
704
706
702
704
712
706
716
714
716
730
722
722
726
722
730
736
652
804
738
756
764
748
754
750
746
742
746
748
764
760
762
752
772
754
766
766
790
774
778
768
780
784
768
772
768
762
760
762
776
764
764
760
750
776
750
750
760
750
748
736
734
732
736
728
724
728
714
722
718
716
710
708
702
688
690
690
686
682
668
672
670
684
678
670
660
662
656
668
670
660
670
660
658
644
652
652
650
644
640
640
634
640
648
638
644
650
652
646
646
652
656
658
668
664
664
666
662
666
676
670
678
678
684
688
696
686
696
688
692
702
698
692
698
698
702
712
708
706
708
720
718
722
742
746
748
752
760
780
760
754
752
762
766
768
764
784
792
772
792
770
774
816
728
820
616
1006
800
802
898
848
804
824
832
796
776
794
764
776
822
780
768
770
768
796
766
756
754
760
750
750
738
758
744
746
760
744
750
736
734
722
704
712
708
712
694
688
690
704
680
680
672
670
678
678
680
672
666
678
682
684
674
682
676
678
670
682
694
688
674
650
660
654
660
648
646
642
648
656
666
676
672
678
686
678
692
696
704
702
696
716
712
712
710
724
720
726
716
720
726
720
732
720
726
718
724
720
714
732
732
716
708
714
714
722
720
720
732
736
722
716
712
720
740
618
828
706
734
756
722
720
718
718
718
718
712
708
734
716
730
734
730
734
744
742
744
748
742
746
742
744
752
748
742
762
744
746
748
744
754
746
752
756
744
750
754
750
758
750
756
762
754
742
750
750
762
748
752
740
746
726
728
726
758
732
732
728
726
726
724
726
714
742
732
726
710
712
646
778
714
716
734
710
704
690
672
670
686
692
672
670
668
672
676
678
668
664
656
664
664
668
662
600
692
672
668
664
664
660
666
656
654
666
670
662
664
664
660
660
668
672
668
670
662
666
670
668
670
670
680
668
674
676
674
676
670
670
668
676
678
676
670
676
684
674
676
678
680
688
688
690
680
688
692
694
704
694
700
706
708
710
704
720
724
718
716
720
732
726
726
726
758
748
746
752
776
756
748
754
798
758
760
750
756
758
742
756
764
764
758
788
780
768
758
760
754
744
744
754
748
762
852
904
794
784
780
754
774
784
738
734
728
720
728
718
716
706
710
700
712
700
694
704
702
614
740
708
714
718
706
698
700
702
712
698
690
690
694
700
686
682
678
680
682
674
694
666
664
666
674
644
682
680
684
688
688
692
684
690
700
698
700
696
708
718
712
708
712
712
724
726
706
708
730
726
714
716
726
734
734
728
730
690
804
750
746
754
748
746
742
740
750
744
752
790
754
756
770
760
760
750
740
784
748
754
770
750
746
746
742
776
748
754
758
758
748
732
728
736
740
732
730
728
730
718
712
714
726
720
712
682
738
724
720
726
720
714
708
702
706
696
710
706
688
688
692
696
706
692
688
686
696
694
698
688
686
690
702
694
546
370
1150
716
734
736
710
714
724
722
706
722
738
722
730
728
732
732
722
724
730
734
730
734
738
740
736
726
738
744
730
728
734
742
734
738
738
738
748
746
736
724
724
728
716
746
732
726
728
736
736
740
738
732
744
748
744
742
762
734
744
730
746
754
734
734
744
748
730
726
740
730
728
736
732
734
720
720
722
726
724
716
720
730
708
710
710
712
700
710
704
704
702
692
700
694
684
692
702
692
686
692
700
692
694
698
692
692
698
696
682
696
704
690
690
694
694
688
694
688
688
682
688
692
684
696
684
684
698
690
692
684
700
708
704
692
692
704
694
694
692
694
698
694
698
692
690
702
714
702
712
720
718
718
728
732
730
726
708
610
846
798
784
760
752
746
730
738
734
730
720
732
728
716
710
716
724
722
710
732
728
732
746
748
738
740
732
736
740
730
752
742
732
724
728
750
744
728
680
748
736
730
730
724
714
712
710
724
724
712
706
708
712
704
694
686
692
706
694
694
686
684
692
700
688
684
686
698
684
678
676
676
682
690
678
684
686
692
686
686
682
688
694
686
690
678
678
690
680
690
690
684
686
692
686
680
692
702
702
698
710
726
716
722
708
722
750
726
726
724
734
724
722
724
756
728
730
664
766
768
744
756
738
726
736
768
738
750
766
752
746
744
740
744
740
742
754
780
746
744
758
742
730
736
744
728
738
734
744
748
732
736
758
742
752
760
752
756
764
754
770
738
734
726
740
718
718
710
702
700
698
698
692
690
690
676
676
658
674
662
646
648
640
638
638
638
640
646
640
634
626
634
642
638
642
644
638
636
630
634
634
646
648
648
648
644
648
652
652
658
652
652
656
666
652
650
650
652
658
654
650
654
654
652
646
648
654
658
652
650
656
658
652
660
660
658
666
666
666
664
666
670
660
670
662
674
668
668
672
676
680
676
674
672
682
682
676
680
692
666
702
702
704
716
732
724
740
754
750
732
740
736
740
742
736
758
776
634
876
768
770
830
822
788
782
828
790
788
820
798
786
820
804
786
790
782
788
770
776
820
774
788
764
782
748
748
740
746
732
740
734
720
734
726
730
714
718
724
716
706
694
694
700
680
664
662
660
648
642
636
646
646
634
634
638
620
634
630
630
628
620
636
622
628
630
642
648
648
650
658
654
654
648
656
652
666
662
670
664
670
666
660
666
678
676
676
678
684
680
692
696
694
690
704
688
714
706
706
714
730
712
718
716
726
710
718
720
726
732
730
742
738
748
734
742
756
772
746
754
764
770
760
760
804
806
782
828
856
792
780
806
774
784
836
810
826
628
954
798
780
904
644
960
826
806
838
812
816
778
804
774
752
776
756
748
764
756
760
752
744
738
744
730
742
726
726
714
720
736
724
714
708
716
698
698
696
692
684
688
678
684
672
666
666
680
678
670
676
678
672
678
660
672
676
684
678
674
670
682
676
672
674
680
670
682
670
668
688
678
678
680
682
684
684
690
684
684
688
700
700
702
698
702
712
712
702
694
700
702
696
708
698
702
704
698
702
696
688
688
694
698
684
690
698
704
704
696
700
704
706
710
696
686
694
702
692
686
690
688
702
690
686
690
696
700
692
706
704
712
704
714
722
722
732
726
720
722
714
716
718
720
708
724
728
726
722
724
728
720
712
720
728
728
728
742
742
744
754
758
782
760
752
758
744
732
714
722
716
702
696
698
702
690
692
692
694
708
704
704
702
704
696
688
680
678
670
666
674
674
662
668
666
674
684
680
672
680
682
676
676
680
674
682
672
682
692
684
676
682
676
688
688
686
686
694
692
694
694
686
684
692
692
686
684
692
702
682
700
686
676
664
686
658
656
654
648
640
646
640
646
654
634
670
678
702
700
712
714
720
740
720
724
720
720
740
734
722
734
776
744
736
728
744
762
740
742
762
752
710
788
776
758
744
746
760
752
760
776
766
746
754
744
758
732
742
756
754
756
756
740
768
750
742
752
746
744
736
766
748
736
736
746
762
738
736
722
724
712
716
728
712
716
718
706
702
720
708
716
710
704
722
704
704
694
698
692
690
694
686
676
680
690
676
670
672
668
662
666
670
672
664
662
686
680
668
666
676
678
678
678
672
676
668
674
682
684
672
666
672
682
666
672
678
670
670
684
690
690
682
680
692
700
694
688
694
700
700
694
688
684
684
672
672
666
674
678
678
680
690
686
688
704
668
758
722
748
736
730
750
772
742
740
744
760
740
736
736
732
732
730
744
744
726
730
750
738
724
734
736
734
736
730
738
750
758
750
754
730
746
758
730
726
728
726
720
726
724
750
746
742
732
744
738
724
726
728
728
714
722
724
742
716
708
698
676
670
684
668
670
632
650
650
642
636
642
642
638
642
628
694
668
678
692
696
682
682
686
692
708
706
712
708
720
730
726
712
714
754
728
582
438
1126
724
772
836
754
740
760
748
730
718
724
726
722
714
718
728
716
726
726
738
740
732
740
744
776
754
738
734
766
742
754
744
740
736
732
750
752
730
726
748
730
728
714
720
740
730
722
736
766
738
726
744
742
716
708
726
728
714
714
714
726
708
716
704
714
728
718
732
716
718
700
716
700
698
714
708
690
688
696
694
692
690
688
688
676
684
680
666
670
672
674
668
670
680
682
682
678
686
680
670
678
678
668
672
688
692
680
686
688
694
694
702
694
686
706
708
704
694
708
712
700
700
698
710
708
706
704
708
720
706
712
718
710
724
726
738
736
720
718
712
716
720
718
732
732
740
742
750
744
736
732
736
740
736
732
742
744
736
724
718
712
726
726
720
722
722
712
718
706
712
712
722
716
724
746
720
726
732
752
732
754
798
742
716
708
708
724
720
714
738
728
716
714
722
738
704
718
714
704
704
700
700
714
700
714
582
824
692
718
752
706
692
722
660
694
692
702
692
710
704
708
690
700
710
710
696
706
702
708
694
692
706
718
698
698
706
702
698
706
706
694
704
704
700
698
720
706
714
706
710
714
714
708
714
732
710
696
714
732
722
730
744
728
732
770
744
728
722
726
764
760
738
776
780
768
760
758
744
736
768
758
764
746
754
778
748
740
762
754
744
744
774
746
740
736
726
724
736
724
718
724
716
712
716
708
702
712
720
712
712
688
690
694
684
676
686
694
688
682
686
700
690
692
698
710
710
690
692
690
694
698
692
694
688
684
684
688
688
674
680
676
684
682
680
692
692
680
682
686
704
692
690
690
708
712
708
704
700
694
696
696
690
686
680
564
830
690
718
750
734
746
720
718
716
700
716
718
706
698
710
716
710
710
714
698
714
708
710
710
726
702
708
716
726
706
714
706
712
708
710
708
712
712
706
712
720
736
730
734
742
762
748
744
734
740
732
734
738
724
724
728
726
718
738
728
732
728
742
730
734
724
738
736
734
718
726
720
710
700
716
704
706
700
704
706
712
704
702
722
716
710
698
720
728
708
706
712
732
730
714
724
744
722
716
732
722
718
710
710
716
734
720
716
718
718
718
716
714
712
716
716
718
714
712
716
718
712
722
728
732
748
752
760
744
716
728
734
728
714
722
718
710
702
704
714
708
694
696
704
716
702
706
716
714
702
712
724
708
708
702
710
708
710
704
704
716
730
736
730
728
710
712
712
702
708
710
710
722
712
730
730
728
732
736
720
724
716
722
750
716
700
708
716
704
710
724
716
710
706
552
862
724
728
728
700
702
698
694
688
684
686
688
680
678
672
692
678
674
692
698
708
708
716
714
724
720
722
718
716
724
722
714
730
732
728
730
714
718
714
716
706
724
728
728
740
758
744
736
744
770
748
744
748
784
746
742
768
810
798
782
862
788
758
782
752
748
748
746
768
778
780
784
768
754
766
750
750
740
762
750
740
724
724
722
714
732
742
738
732
726
712
724
700
708
702
708
718
712
710
714
706
698
696
704
714
708
706
702
712
706
688
682
686
692
686
694
702
722
740
736
758
790
752
734
744
722
698
724
700
712
694
694
706
676
708
700
704
720
716
708
706
710
720
708
718
726
740
730
740
742
756
732
732
652
792
750
750
786
746
724
724
724
716
708
708
720
724
714
710
716
732
720
728
754
756
732
726
734
728
704
712
718
716
714
720
722
728
716
720
724
730
734
718
718
716
718
718
722
728
722
724
742
744
756
790
840
792
786
816
786
758
772
766
764
748
748
762
746
768
760
756
766
768
748
754
766
766
742
742
762
734
758
716
718
706
704
714
708
708
708
716
714
712
720
708
714
710
726
720
722
706
718
718
716
708
708
720
696
714
724
724
716
716
634
736
702
718
726
714
710
722
732
712
708
712
706
712
720
722
714
708
706
708
720
722
714
718
728
738
720
726
740
748
726
722
728
734
724
708
712
728
730
726
738
750
760
764
746
738
740
744
742
742
746
682
862
742
754
768
736
736
740
754
724
728
740
746
738
730
750
796
740
724
734
742
716
706
724
724
736
692
692
704
700
694
702
712
704
684
682
690
692
680
684
694
670
684
686
684
698
696
688
678
688
690
686
690
686
684
678
682
684
670
678
690
680
672
662
672
684
682
668
710
654
684
688
688
698
706
690
694
692
702
714
698
704
698
708
692
698
710
706
714
700
702
696
706
702
700
710
700
708
702
700
692
708
704
700
698
696
716
706
706
710
730
726
720
716
720
724
716
714
722
744
728
726
730
728
664
760
770
746
730
732
730
742
732
746
746
760
760
748
738
752
758
756
728
742
736
738
758
750
752
746
722
730
730
722
710
724
722
720
722
722
754
740
732
746
772
746
740
764
748
744
750
776
748
730
754
768
740
748
748
742
736
734
752
742
682
802
762
764
738
738
760
738
730
736
772
748
758
726
742
726
720
726
708
720
702
698
706
710
698
698
692
700
684
690
694
684
670
674
670
670
666
670
672
678
676
670
670
672
672
660
668
674
668
664
674
678
678
672
678
684
678
674
682
680
670
664
668
676
672
664
672
688
692
684
688
712
710
708
708
718
724
712
708
710
708
690
684
690
696
700
682
678
682
692
690
700
706
716
732
734
726
760
748
748
756
756
768
768
798
772
764
798
776
632
934
794
790
828
808
746
726
746
734
752
708
688
730
732
746
782
772
778
788
818
794
774
790
768
766
796
744
742
754
750
784
748
732
738
722
748
708
726
718
724
712
754
748
736
746
750
732
728
734
766
754
744
766
746
726
726
722
724
702
700
700
716
728
730
746
788
750
744
760
756
732
732
748
744
730
722
724
734
720
724
716
756
742
734
752
756
754
730
738
772
746
742
750
784
744
734
766
754
742
744
764
744
742
748
764
752
726
726
740
732
736
734
738
738
728
722
724
730
730
724
730
724
722
720
712
702
702
698
696
692
694
694
696
700
702
704
702
708
692
702
668
722
698
688
690
674
684
674
676
660
676
672
684
682
686
704
714
738
724
718
708
692
670
678
674
686
684
682
698
704
694
674
688
694
692
686
676
696
694
686
668
684
688
688
682
672
686
684
676
672
694
704
704
694
694
706
708
686
692
710
720
692
690
690
692
682
678
692
712
718
710
716
738
756
740
730
756
750
744
742
746
752
776
774
764
790
816
846
836
916
898
942
698
906
672
764
760
756
782
790
764
782
794
764
754
754
742
724
736
714
762
746
744
764
782
756
826
786
770
762
738
732
734
734
728
728
732
718
736
722
720
694
700
688
692
676
678
690
680
674
678
688
690
674
678
682
686
666
672
678
682
670
668
674
678
676
666
672
686
684
690
690
704
694
698
704
706
700
702
702
696
692
696
700
698
718
732
716
722
722
716
710
708
710
716
726
712
712
718
722
714
716
712
702
710
722
730
716
744
774
758
764
788
752
748
750
760
756
756
786
766
760
746
750
752
764
806
760
760
782
756
758
756
754
772
760
778
800
758
756
740
734
732
734
756
742
744
756
764
736
738
790
744
730
720
728
714
708
702
704
710
708
704
694
714
722
706
698
722
722
708
694
702
702
686
688
694
694
676
682
680
692
686
668
698
666
666
654
656
658
648
650
654
646
642
636
634
628
640
630
616
610
612
618
608
608
604
604
600
596
596
598
594
588
596
590
588
582
594
594
594
588
596
594
592
590
600
600
596
602
608
598
592
598
602
602
600
602
602
602
600
598
598
600
608
596
596
594
602
598
608
606
610
604
604
608
612
616
610
612
620
616
610
616
620
624
622
626
626
634
634
630
628
626
634
632
642
646
646
648
654
640
670
660
672
672
682
672
676
678
678
676
684
688
690
692
694
702
710
710
698
690
696
690
694
692
700
706
700
694
690
696
692
694
700
720
714
710
698
694
708
702
692
680
686
696
684
678
672
676
680
680
670
664
672
668
660
656
654
650
580
652
432
636
510
982
686
576
634
608
668
638
638
632
626
628
626
624
624
622
624
628
630
630
632
632
628
638
646
652
652
652
652
666
682
678
686
684
684
684
682
686
692
690
690
678
688
686
696
692
692
698
700
710
710
712
718
730
724
720
726
730
736
740
744
742
768
758
758
792
768
774
792
790
794
750
776
788
824
774
768
766
770
756
752
760
770
750
740
818
782
770
804
766
746
734
732
730
728
732
724
734
730
728
720
706
702
692
692
686
682
684
682
676
670
668
672
662
670
662
666
654
650
650
644
636
640
636
630
630
628
624
624
624
624
624
630
622
628
630
628
620
630
630
630
630
634
632
630
634
634
634
624
632
638
646
644
646
652
662
654
646
646
656
652
660
654
662
670
666
674
690
690
684
696
694
702
698
710
710
708
704
704
706
714
700
714
714
704
698
696
702
698
702
692
710
704
706
710
698
702
698
698
688
704
720
716
716
706
714
716
716
706
712
730
716
710
710
696
696
710
696
698
698
692
686
690
710
692
680
672
680
670
660
654
650
648
644
634
638
638
642
632
638
644
638
634
642
642
638
646
654
648
644
654
652
648
644
646
646
642
644
654
652
650
654
668
664
654
674
676
662
662
670
672
678
670
680
650
714
674
680
694
704
692
696
706
708
692
696
700
690
692
688
704
712
700
702
702
712
702
702
706
712
716
716
726
732
730
724
740
740
746
722
738
756
732
724
702
740
726
736
754
744
750
750
736
740
748
756
750
740
720
718
716
714
704
686
684
696
694
678
662
694
652
644
636
630
632
632
628
622
626
628
626
622
632
628
626
628
632
628
628
626
630
626
626
626
626
618
622
620
618
614
618
618
616
608
614
616
618
608
610
616
620
618
624
628
626
636
630
628
636
642
642
650
650
650
650
658
662
660
660
672
652
680
672
682
690
700
690
690
704
706
716
722
716
756
760
732
730
750
772
756
740
748
784
744
732
716
728
738
738
758
746
760
538
480
1046
910
798
916
880
570
846
748
762
788
508
952
722
742
762
730
714
706
708
708
698
698
702
702
692
698
694
694
690
686
692
674
670
664
660
624
618
678
656
658
650
642
640
636
642
642
642
650
646
648
642
642
640
646
650
650
652
654
658
662
652
664
670
670
670
678
676
668
698
690
686
672
684
700
700
708
722
728
726
724
728
728
724
732
760
744
738
738
776
776
744
736
746
740
730
746
746
748
732
730
722
744
736
720
722
736
768
756
768
766
804
766
746
752
746
742
750
736
742
752
752
738
728
738
726
730
716
720
714
714
708
692
696
698
696
684
688
678
662
656
656
660
654
648
650
642
642
636
634
632
628
634
636
634
630
636
634
630
630
636
638
644
644
652
646
656
654
652
652
660
664
676
686
686
684
702
696
692
680
698
726
726
724
752
752
728
726
744
732
732
740
750
754
758
774
808
774
762
774
788
816
776
766
820
768
760
756
746
760
736
734
750
802
750
746
758
766
760
748
738
748
764
754
740
720
754
794
750
784
752
738
722
730
698
696
688
666
660
658
658
640
632
638
638
634
630
628
630
626
630
622
618
628
624
612
610
608
608
588
608
594
574
592
596
602
598
596
598
598
600
590
600
594
602
592
592
592
596
594
598
598
598
596
604
596
604
604
604
604
602
612
614
608
628
634
634
632
644
646
648
652
658
664
674
670
522
806
668
688
698
684
686
696
696
698
702
710
714
714
724
726
744
726
746
754
752
748
784
750
738
746
764
756
694
766
828
786
788
766
628
874
718
758
810
756
738
744
744
800
772
776
836
798
830
798
766
768
752
760
760
750
734
748
734
722
720
736
752
730
736
726
718
718
714
708
698
708
702
694
712
694
698
686
670
694
658
656
644
634
634
640
638
622
634
620
628
628
624
626
640
632
622
618
630
630
624
624
632
630
630
624
624
620
630
618
550
660
622
618
626
608
616
608
614
612
626
622
618
616
626
616
626
620
632
626
630
634
634
636
640
640
640
632
638
634
640
646
644
636
642
634
630
624
624
628
628
622
626
628
626
630
638
650
658
662
668
676
680
696
696
688
696
716
728
716
702
710
744
722
718
712
738
790
750
758
770
748
774
756
774
760
762
768
750
748
746
760
744
746
770
748
742
750
736
774
782
740
726
740
730
718
700
702
724
716
728
720
722
758
752
730
714
718
726
720
712
690
702
704
688
674
684
690
680
676
668
668
674
658
654
648
638
632
654
624
622
616
610
612
558
614
596
606
484
712
602
596
600
592
592
586
592
586
592
592
600
592
608
608
616
608
628
626
634
628
640
636
646
640
632
634
642
640
644
648
642
636
634
632
634
632
644
642
646
654
656
658
664
662
666
668
662
672
676
674
670
674
680
684
686
684
678
688
698
692
688
688
690
698
696
700
702
706
728
720
726
736
756
742
742
750
770
758
754
764
748
734
732
724
744
726
732
742
740
772
738
732
736
724
724
716
710
728
718
720
712
718
714
716
704
698
708
706
722
726
712
730
712
704
578
796
682
718
742
726
668
682
652
650
656
664
656
648
660
672
554
718
720
688
714
666
656
664
656
648
648
654
638
630
632
642
628
624
626
636
628
630
630
630
626
624
638
638
636
642
644
626
628
630
638
632
634
638
640
632
628
626
634
640
638
642
644
640
638
652
626
662
650
656
670
674
670
690
704
684
696
712
720
716
708
730
716
702
710
716
722
716
704
720
744
710
716
728
750
728
734
674
836
736
780
848
782
752
756
764
750
728
726
748
720
730
732
732
738
732
730
726
742
726
722
730
738
728
742
726
722
714
710
712
708
728
718
716
710
708
712
710
710
694
730
710
706
704
680
690
684
684
674
678
686
670
666
670
658
652
656
660
646
646
644
656
644
648
640
632
628
572
660
658
664
674
664
652
652
664
680
668
676
674
684
678
672
672
670
658
666
680
690
670
684
686
672
660
674
684
692
694
696
702
700
684
700
702
696
692
702
706
708
692
704
730
720
714
726
752
726
724
740
720
726
710
708
714
702
698
712
720
746
718
716
726
728
718
722
732
720
718
724
714
732
732
714
712
706
744
736
734
734
742
740
742
758
736
748
780
760
750
762
812
838
774
804
862
808
792
784
736
720
710
702
706
704
712
734
712
716
698
714
716
714
706
712
740
714
704
706
722
704
692
696
704
694
676
678
696
664
658
662
658
650
658
656
672
662
656
666
700
674
692
688
694
688
674
680
682
688
692
704
642
714
696
698
704
680
692
704
690
686
688
698
688
686
682
688
712
702
700
698
698
704
702
710
710
706
718
708
686
696
690
694
690
698
728
712
714
720
720
740
722
724
758
740
736
740
726
720
692
702
718
712
700
704
726
722
696
686
696
708
690
690
684
700
692
692
684
682
704
692
700
702
702
700
692
692
692
718
694
692
696
698
688
670
668
670
674
666
666
682
674
676
672
666
670
682
684
678
672
680
692
684
662
648
704
684
656
664
668
670
666
662
664
662
664
672
670
646
668
434
568
1076
674
830
614
712
702
722
708
692
694
690
702
680
684
690
692
692
682
672
678
688
678
674
666
662
672
670
672
658
676
678
674
666
674
680
684
664
672
678
688
680
684
694
686
686
676
676
680
686
668
672
680
688
692
682
704
698
706
698
710
734
712
706
720
724
726
730
728
734
716
724
708
718
714
710
708
712
720
692
692
686
682
686
628
746
698
720
766
640
538
958
730
738
734
720
716
744
712
694
702
702
694
700
706
726
702
706
694
706
706
706
708
700
728
708
714
712
722
720
706
688
692
686
688
680
678
676
700
686
694
698
720
700
700
706
720
708
700
710
726
712
634
758
704
706
738
704
706
694
702
702
702
676
674
690
682
678
680
690
688
692
692
700
738
702
710
716
708
696
698
698
700
700
704
708
704
694
720
720
724
712
728
716
724
706
710
720
714
700
706
722
720
706
696
706
702
690
688
706
696
694
688
684
700
696
682
690
700
702
702
704
696
708
700
710
712
730
708
708
716
702
708
718
708
716
726
732
724
720
694
714
702
694
704
708
710
698
690
704
700
690
676
692
690
686
674
676
678
684
672
668
674
684
670
680
686
670
690
682
686
666
686
696
690
682
692
714
694
694
704
716
688
694
694
704
706
692
676
680
672
666
670
650
676
664
636
582
628
634
630
626
634
642
638
642
644
642
654
658
660
648
652
658
670
672
658
658
660
668
674
668
660
670
680
674
656
666
670
676
674
672
676
678
686
680
678
702
708
706
714
708
718
728
730
728
730
724
732
710
714
720
704
690
708
706
696
696
726
758
720
712
704
716
710
716
712
716
718
720
706
714
712
716
706
720
712
704
702
698
700
694
690
694
712
692
684
688
696
690
684
666
670
686
670
672
662
654
668
680
662
662
652
658
660
660
646
636
636
652
650
640
644
642
636
642
646
642
636
642
644
640
638
642
644
644
628
636
626
534
992
666
678
758
554
616
616
590
630
616
624
