720
520
724
516
960
680
680
690
694
692
698
696
696
676
676
690
680
690
696
712
706
686
682
666
690
682
682
694
676
692
688
700
696
704
678
702
696
686
672
700
698
686
690
682
698
698
458
910
674
692
688
686
672
678
678
686
680
678
534
762
704
676
656
658
660
684
670
662
654
654
658
662
664
654
656
662
650
652
658
654
662
652
652
654
660
650
658
650
658
650
652
656
648
654
656
646
658
658
628
696
558
708
670
682
662
662
660
674
676
674
664
660
678
706
706
668
674
670
684
662
672
672
676
682
674
672
678
678
690
666
676
674
678
688
682
672
676
678
692
690
686
678
684
698
694
690
682
676
694
668
700
680
706
692
694
690
696
672
686
676
718
682
680
680
686
662
688
664
682
684
456
888
676
678
696
688
696
690
686
678
686
686
698
682
688
692
698
696
678
684
692
692
684
692
674
686
672
438
920
674
522
838
680
610
744
670
680
716
674
662
666
668
660
526
810
664
690
674
674
668
664
680
664
650
662
662
656
650
654
654
638
664
656
648
642
644
646
652
640
434
856
642
646
648
644
646
650
662
644
656
650
662
662
646
652
674
656
666
650
644
596
718
652
654
660
650
666
660
664
658
680
662
666
668
670
660
576
764
666
530
744
700
698
674
670
672
678
676
674
696
666
690
678
680
686
678
692
674
684
686
672
670
674
712
682
408
872
728
708
694
668
676
674
672
696
692
686
700
678
702
692
694
678
702
688
696
688
646
740
696
680
644
718
698
694
690
680
696
692
686
696
692
684
670
696
702
692
688
694
746
694
692
698
678
690
682
676
694
688
694
690
698
690
692
694
682
684
678
670
682
666
684
664
676
678
668
682
662
672
672
672
676
684
672
676
668
676
686
678
670
666
680
688
660
662
672
710
676
668
662
662
666
668
654
664
662
654
672
662
656
658
660
656
590
714
644
644
652
654
634
640
530
774
640
650
642
662
650
662
654
660
652
654
646
658
646
652
652
662
654
650
658
662
658
680
658
652
648
648
650
648
650
652
658
664
666
672
668
658
678
664
676
670
664
662
666
676
674
662
684
678
668
688
662
680
666
680
674
674
660
672
676
670
664
664
674
670
670
668
664
666
676
710
678
680
678
680
668
680
684
680
680
668
682
698
686
708
680
672
682
672
682
668
658
660
660
690
660
670
678
662
668
690
692
680
670
678
692
674
684
696
668
680
686
696
686
690
684
684
724
682
670
684
668
668
676
666
674
676
666
666
676
664
674
668
676
660
678
674
670
678
674
664
648
690
674
672
664
680
682
678
672
662
668
674
660
664
656
662
654
654
640
652
648
646
642
656
650
640
638
642
632
632
630
632
640
638
634
640
646
660
658
654
652
652
652
642
640
656
652
656
650
648
652
650
658
652
650
658
658
668
658
656
664
656
658
658
660
662
668
666
666
674
668
678
700
678
672
668
672
670
642
708
670
672
672
688
668
670
674
680
676
650
694
666
452
894
668
536
798
652
658
670
670
658
666
664
690
472
876
678
654
718
680
686
668
682
682
620
724
668
702
716
716
674
638
710
662
664
692
680
678
668
704
690
688
682
686
692
678
690
686
680
604
798
680
682
684
698
684
684
684
684
700
692
682
670
678
682
694
680
676
670
676
520
778
702
694
656
696
666
666
668
656
668
666
668
660
666
658
662
666
672
502
830
662
670
668
668
656
670
666
658
650
654
664
654
650
640
648
656
670
656
662
660
662
660
666
662
658
664
648
660
668
668
666
666
698
662
674
668
658
672
670
664
672
684
668
684
678
670
692
680
684
674
676
452
904
666
680
670
670
676
674
680
674
682
678
688
684
684
682
680
694
698
690
698
694
678
686
680
690
684
686
732
686
682
678
690
680
684
680
686
684
686
690
680
686
700
680
684
698
680
680
692
696
686
694
680
684
682
684
692
684
684
714
684
690
700
680
688
668
696
678
688
686
688
684
688
678
714
700
682
678
674
680
680
690
698
688
676
696
682
644
752
688
704
686
696
686
696
694
678
678
672
680
684
664
672
674
670
668
672
660
668
670
668
674
666
678
670
660
666
660
662
660
660
684
664
662
660
656
652
646
654
646
646
648
640
654
656
652
652
656
654
654
650
640
482
806
666
660
640
662
646
666
442
874
664
670
676
680
668
676
664
682
674
672
672
686
682
686
676
668
666
692
672
678
624
706
668
672
680
670
676
662
674
676
676
682
678
678
682
692
674
676
682
680
674
668
662
680
598
740
600
738
662
690
674
684
670
670
682
672
682
676
658
674
682
672
674
678
710
710
674
672
670
672
698
672
676
682
684
692
688
688
680
690
696
680
696
534
774
642
728
700
664
672
680
662
656
670
662
670
674
674
682
664
672
668
676
670
672
672
672
674
676
652
658
680
690
666
660
660
666
662
656
658
662
658
654
660
658
538
770
662
650
668
658
656
668
642
658
646
636
666
648
654
648
650
668
658
682
634
668
670
660
660
658
662
662
674
654
660
668
658
666
664
686
660
662
662
650
668
654
658
670
664
664
670
672
682
660
672
672
676
684
670
678
676
682
656
708
678
678
670
680
668
674
690
678
686
674
684
684
688
684
674
676
670
682
672
672
682
688
714
680
680
684
670
668
670
678
680
688
678
676
684
682
688
686
658
676
680
684
670
674
670
668
656
676
652
664
668
658
666
666
670
674
660
662
662
660
670
670
666
676
662
688
676
660
664
688
658
700
666
666
666
664
676
666
664
656
670
668
660
448
828
702
566
754
654
632
672
652
656
652
650
654
468
830
650
578
706
660
648
658
660
654
600
718
662
666
638
650
658
630
676
636
644
670
674
662
650
658
662
656
550
772
664
668
664
678
680
674
686
694
694
692
688
466
908
660
716
678
682
656
734
684
674
648
538
884
676
684
680
684
668
670
678
682
684
632
722
674
662
668
690
714
680
684
686
676
676
700
678
678
678
682
680
690
690
694
686
688
694
670
684
674
666
680
686
668
692
658
678
674
676
680
682
670
682
688
714
686
682
690
684
682
684
694
678
676
680
736
552
702
806
676
676
676
680
686
680
660
668
672
676
690
666
676
684
682
686
690
680
664
676
672
696
676
686
674
672
684
680
676
672
668
678
666
682
674
682
670
562
778
654
654
658
646
686
660
660
668
658
670
658
660
656
668
652
652
658
542
770
660
666
652
648
656
656
652
652
654
656
650
656
658
656
650
646
658
660
662
648
664
658
652
654
662
664
654
658
650
668
680
660
668
664
674
664
676
674
674
672
666
674
686
688
674
680
668
682
684
668
678
690
682
676
674
676
686
668
678
660
666
688
656
674
660
682
676
688
682
678
688
682
668
688
670
672
688
684
672
688
692
726
684
682
662
668
684
656
698
680
676
676
686
688
680
686
652
688
686
672
682
680
690
680
678
674
684
684
676
680
686
676
694
672
680
680
682
686
686
676
686
680
678
688
664
674
656
670
698
660
664
658
654
670
612
728
668
670
666
670
684
670
680
670
670
676
666
664
672
670
666
662
668
660
654
654
660
640
648
654
654
656
650
656
658
654
654
642
632
650
638
656
650
636
642
650
668
648
646
642
652
648
654
650
652
654
648
666
648
656
670
650
656
654
660
652
658
664
648
658
648
664
672
664
656
646
680
660
666
666
674
674
674
678
696
676
686
668
686
668
678
668
662
696
716
670
678
672
672
670
668
664
658
676
666
678
684
676
676
676
664
666
668
666
694
666
682
674
670
686
674
682
672
654
676
674
536
820
672
686
670
674
672
680
668
614
544
868
670
554
814
690
674
668
672
670
670
664
680
670
692
668
590
770
674
686
670
668
678
670
662
664
650
674
666
658
666
660
664
652
662
654
650
650
644
654
656
658
656
664
612
714
658
650
646
652
644
646
662
670
656
644
654
634
632
636
638
428
818
644
666
638
632
632
640
632
640
646
650
636
652
648
646
654
634
642
646
650
652
646
648
658
664
654
660
650
652
666
660
668
662
652
674
660
668
656
654
670
680
662
670
650
664
660
660
658
664
672
668
674
662
670
672
660
680
670
672
664
682
676
684
686
674
682
668
678
674
662
678
676
690
678
676
680
688
688
684
680
676
676
672
676
670
666
662
720
690
676
668
664
670
678
678
672
676
674
688
672
676
682
620
732
664
668
672
676
676
670
666
656
668
670
670
668
658
664
670
676
658
652
654
674
654
680
662
668
678
658
676
672
654
676
664
670
660
652
668
654
660
658
668
664
670
654
662
656
660
668
646
644
650
654
650
656
658
650
648
646
642
642
636
616
666
642
634
650
644
650
638
646
638
646
642
644
640
650
642
648
652
630
646
650
658
648
640
648
644
642
638
648
654
656
638
646
648
660
666
656
654
668
662
662
664
660
668
670
654
670
668
658
666
658
656
654
662
654
666
662
660
646
670
668
664
662
646
668
670
658
666
656
700
672
666
672
644
682
660
678
676
690
600
740
626
712
674
672
674
666
668
672
670
676
682
660
652
664
664
652
658
646
676
664
680
672
666
682
646
660
666
682
674
670
672
682
682
668
650
690
706
656
660
664
662
650
660
418
566
612
480
410
376
822
772
710
674
656
648
666
648
662
662
662
676
658
664
664
664
662
650
652
652
666
658
648
652
652
660
656
650
646
636
644
646
644
638
636
634
654
638
630
624
630
634
634
630
634
636
632
630
636
626
634
640
640
640
638
636
652
652
644
642
646
642
642
642
646
652
644
650
652
660
612
678
648
644
650
654
652
436
878
642
614
704
652
644
652
506
852
642
652
646
520
784
652
650
658
676
656
642
658
664
646
662
652
644
620
694
662
650
666
660
656
664
660
660
644
642
662
646
510
604
858
652
668
664
668
664
668
660
666
648
672
668
668
654
730
654
678
650
686
674
650
554
774
674
664
506
820
664
676
502
834
656
670
526
794
664
652
512
806
662
674
574
750
654
666
640
682
646
654
662
662
650
670
652
604
694
662
668
644
646
646
640
674
636
636
638
630
636
628
640
644
644
644
644
638
640
640
640
636
640
636
640
606
668
642
644
638
638
638
634
634
648
634
632
636
602
676
634
638
638
640
644
622
638
634
644
634
644
634
620
656
632
682
650
648
644
652
656
664
648
666
686
660
668
680
680
678
676
676
672
630
688
660
664
658
676
656
658
672
664
660
658
660
664
674
654
662
636
694
668
674
686
680
674
678
684
674
654
662
686
704
680
672
672
670
678
670
674
668
666
670
670
676
666
688
674
670
676
666
680
676
682
676
662
676
682
670
686
666
676
674
688
682
668
674
674
676
686
676
672
666
664
662
668
654
658
660
686
670
660
654
652
654
656
652
658
656
670
480
856
658
670
668
658
662
656
656
654
664
658
652
626
672
654
644
646
636
636
640
644
638
636
626
644
640
648
644
644
652
654
646
654
652
650
644
656
656
644
654
644
668
656
648
658
658
654
652
660
654
662
662
670
660
654
658
654
652
654
654
664
642
674
660
664
664
668
672
660
674
668
668
666
670
668
678
504
768
712
686
678
678
664
678
670
698
658
672
668
650
658
660
662
668
668
658
670
674
656
662
664
658
668
670
654
666
662
652
702
658
666
668
670
658
664
662
670
664
666
658
666
656
662
674
670
662
666
670
668
444
864
642
670
682
656
656
664
648
658
650
648
648
656
642
660
574
750
660
664
666
658
664
640
652
660
656
658
652
432
874
642
660
638
646
648
650
646
654
638
646
634
652
638
638
634
642
648
646
636
628
634
662
664
636
640
652
642
654
660
646
652
672
646
660
648
660
674
658
652
656
656
644
654
664
652
660
662
656
670
662
654
670
670
672
660
666
670
680
674
672
674
674
680
672
672
680
656
664
670
686
712
662
662
664
648
650
662
656
664
660
668
668
676
680
668
682
668
668
674
662
674
672
666
670
676
686
684
680
672
488
866
690
674
676
674
676
664
666
662
672
674
656
490
826
656
562
740
672
654
666
654
654
656
648
660
578
708
666
656
656
660
650
666
650
648
654
652
658
650
650
660
644
650
646
644
438
720
730
652
636
644
632
636
634
632
634
642
638
640
640
632
650
642
500
752
674
660
650
652
638
578
700
644
656
658
654
646
666
652
656
648
658
662
648
656
658
640
668
644
672
656
654
682
668
678
670
644
676
688
682
636
692
690
680
688
686
678
676
682
658
676
664
668
668
712
682
678
670
680
670
668
670
666
688
686
680
688
676
682
678
668
682
676
676
680
676
682
676
682
682
672
688
668
666
676
680
682
674
654
678
666
670
660
674
672
668
680
670
658
666
666
690
678
666
656
642
692
654
662
666
690
658
676
680
660
670
678
672
674
660
660
660
656
658
658
660
660
666
656
648
654
658
644
654
640
646
648
654
654
658
652
660
644
648
644
642
650
646
650
666
656
636
644
632
628
632
620
642
642
644
632
642
648
638
648
636
632
650
494
742
642
658
634
642
640
636
638
636
652
648
652
662
660
660
662
656
664
660
662
672
674
666
666
664
682
662
650
656
668
682
656
650
650
638
656
652
654
650
646
650
668
656
660
670
658
674
648
666
662
658
674
668
680
666
668
468
816
512
850
652
660
670
654
648
650
668
658
656
650
646
642
658
652
664
650
652
662
702
652
658
654
650
666
656
672
668
660
652
680
678
678
674
668
664
660
664
656
658
688
648
656
648
660
660
672
660
656
660
654
672
652
656
642
654
666
668
668
662
652
672
660
658
648
656
658
686
652
650
648
634
648
646
644
636
648
638
646
632
646
634
646
630
634
638
632
628
638
638
646
638
640
640
652
638
642
650
644
648
668
646
654
652
650
650
656
656
658
662
656
658
662
662
666
666
688
660
670
660
656
656
654
666
668
672
664
668
668
678
676
668
670
666
676
660
670
668
668
672
668
664
540
776
676
650
666
658
668
666
548
772
666
654
660
678
662
662
658
542
806
668
672
676
692
666
670
670
660
670
682
684
674
688
674
688
678
664
680
692
694
694
672
674
598
760
674
666
678
660
670
678
674
670
666
674
670
440
894
662
490
838
658
660
680
660
668
670
662
646
654
692
668
660
652
646
644
650
660
654
656
654
658
666
654
650
648
648
644
642
640
600
686
648
648
644
636
646
642
646
638
638
650
658
660
642
550
738
666
656
654
646
666
668
666
660
664
658
658
658
688
656
654
658
662
660
648
510
816
666
660
660
674
666
674
676
666
678
664
668
670
664
508
786
706
676
668
674
658
670
678
672
664
644
676
670
670
666
662
668
672
654
686
670
672
670
674
692
706
656
670
674
668
636
708
676
690
674
692
666
688
680
696
668
666
680
686
672
682
678
666
668
672
670
670
660
658
674
668
474
888
678
666
672
666
672
686
682
678
670
678
682
666
668
672
692
672
666
656
654
662
656
660
654
656
652
660
670
658
660
658
666
660
658
648
658
658
660
656
662
668
662
632
684
560
740
640
654
644
644
648
638
628
642
646
646
636
630
644
644
644
632
632
654
646
642
642
638
638
642
648
662
660
650
658
660
672
660
474
860
668
678
674
664
666
668
672
660
658
664
676
680
678
654
658
690
672
670
656
676
566
710
724
672
680
680
682
688
670
680
670
704
692
668
680
672
680
666
684
668
680
676
680
680
674
676
676
668
676
668
666
666
670
670
666
658
680
670
684
668
668
676
680
678
672
664
668
682
672
680
680
674
680
680
674
656
654
670
690
696
658
676
672
670
670
668
662
684
674
686
674
688
528
848
672
690
688
692
676
690
686
698
694
706
688
700
702
708
710
700
698
702
700
706
698
690
696
702
690
696
706
696
698
692
692
652
742
686
682
700
682
704
706
708
702
688
698
712
708
698
696
700
706
684
698
694
706
698
696
698
696
702
688
690
706
704
696
632
764
706
694
706
706
696
704
694
694
700
692
690
718
698
700
696
638
742
684
700
696
690
686
706
706
700
700
694
682
698
686
684
682
692
690
686
678
678
674
690
684
696
686
706
700
696
708
692
704
694
724
706
706
706
714
696
702
690
726
692
442
926
678
620
760
692
694
690
694
686
688
686
698
692
702
696
716
704
714
710
708
702
692
744
726
714
712
706
714
722
726
714
702
706
718
710
706
702
716
706
714
692
700
760
712
714
704
696
718
702
648
766
710
430
522
554
686
460
982
728
544
440
520
654
700
748
626
798
716
720
728
530
888
728
708
722
530
808
552
938
722
718
712
730
728
714
726
704
736
744
750
726
702
720
620
820
718
710
722
708
708
708
716
714
708
708
712
702
692
700
690
686
694
704
698
700
700
686
708
708
702
694
694
706
692
708
684
660
724
690
692
690
688
464
926
698
686
684
688
680
670
684
686
690
698
696
702
702
708
700
694
452
972
698
700
702
710
712
512
848
730
702
710
692
690
708
714
712
712
704
724
724
714
718
710
696
726
700
712
682
762
732
712
722
710
718
724
714
716
714
722
728
734
722
726
722
730
674
754
726
720
722
716
720
712
712
706
434
1008
712
460
980
720
528
536
1082
540
848
756
712
746
732
568
734
862
726
722
710
704
556
412
962
896
848
928
872
842
852
734
904
836
886
650
408
360
970
538
1110
842
832
822
852
842
836
792
808
854
824
814
740
856
798
780
790
836
832
808
792
776
774
774
814
832
654
908
720
958
850
814
816
810
816
798
792
806
862
882
854
834
632
1038
832
640
1016
836
840
844
864
828
820
836
838
772
922
856
562
960
880
904
778
994
872
866
860
846
842
810
784
784
820
844
894
850
818
818
816
800
806
824
890
852
840
844
836
798
836
830
862
874
868
850
894
846
838
822
830
830
856
852
844
856
844
842
842
834
830
842
846
844
718
966
834
826
812
834
474
1204
838
838
862
732
858
786
806
812
786
792
816
800
764
748
850
766
760
774
756
512
992
818
654
1014
818
774
850
798
826
756
814
730
812
748
782
748
826
778
798
814
818
798
792
788
816
798
750
830
808
828
804
728
874
728
910
852
844
798
574
672
962
832
844
820
828
826
826
830
822
816
888
842
828
620
996
816
886
832
828
836
818
790
854
834
820
894
846
838
826
822
838
862
832
830
896
842
820
860
910
840
830
840
846
844
828
836
724
888
822
824
824
820
898
820
766
780
768
774
762
760
770
756
770
764
774
768
774
772
766
766
774
770
770
758
754
720
814
782
640
778
722
934
774
784
788
806
792
764
776
776
772
756
780
774
552
860
816
644
958
818
810
824
774
786
738
872
800
850
828
496
1242
840
876
834
678
950
804
794
806
772
798
800
800
840
834
800
758
756
780
814
804
782
788
770
768
782
600
704
840
802
786
474
444
704
808
478
1156
826
814
794
832
496
1158
784
550
994
756
566
852
790
786
784
776
778
760
780
668
870
796
786
780
788
770
772
806
788
778
776
810
792
782
786
786
774
816
784
790
800
790
790
804
792
798
814
806
790
786
782
830
800
798
796
804
804
764
764
782
800
820
796
778
700
856
766
792
800
774
732
756
774
780
742
794
762
774
790
798
782
790
804
864
800
784
814
846
810
780
808
796
726
716
702
710
870
794
820
816
888
808
800
786
772
762
776
774
778
790
790
824
816
798
774
780
776
774
774
790
780
770
806
658
906
794
722
862
762
752
748
758
766
508
1026
688
496
1190
660
888
754
750
764
756
772
784
776
794
772
750
764
744
762
518
964
650
954
678
910
740
874
856
788
590
900
840
800
664
870
626
874
782
494
806
862
608
994
598
838
800
842
798
784
800
784
780
770
828
802
798
796
794
794
778
788
788
782
670
424
1216
820
800
782
808
796
792
794
788
832
784
784
782
782
794
804
802
794
800
798
798
806
772
796
788
748
806
778
778
788
782
768
772
784
770
778
764
732
788
782
764
778
804
754
764
720
786
740
758
752
778
742
698
774
722
744
740
636
830
736
742
724
732
736
730
732
730
718
740
734
738
728
738
742
734
744
738
734
748
736
744
682
760
776
754
752
752
752
756
760
744
676
824
774
748
752
748
752
748
748
498
1048
760
578
960
778
728
640
892
758
764
748
622
910
724
804
746
752
738
758
740
760
746
758
758
754
748
782
766
750
768
764
768
770
768
784
758
760
754
758
748
762
764
754
762
752
770
762
764
736
752
744
732
746
736
736
734
754
746
750
700
770
744
734
728
760
750
742
752
760
744
750
748
736
738
740
734
746
740
730
746
716
736
742
732
742
726
746
734
738
730
528
828
768
768
744
782
776
744
748
742
752
746
748
750
762
756
642
870
764
756
758
654
474
470
456
916
742
826
690
672
958
796
782
808
738
718
824
800
782
772
798
776
786
788
770
770
742
786
782
776
778
730
750
712
770
750
750
754
742
746
748
756
752
756
760
760
766
760
764
744
760
780
754
732
744
756
772
746
754
758
746
732
696
694
736
758
792
778
776
726
792
752
674
836
572
944
776
766
750
768
752
788
720
690
790
710
688
750
804
756
746
720
692
714
724
710
706
704
728
728
736
450
968
692
724
712
716
742
732
722
730
708
718
732
732
736
744
766
754
726
716
726
728
744
748
760
764
734
734
718
740
728
718
720
722
712
706
756
740
732
734
744
768
758
730
740
660
808
720
738
724
740
732
750
756
758
738
722
722
726
736
732
736
758
740
736
734
718
722
728
748
734
764
772
736
736
720
736
616
824
784
770
734
714
722
722
712
722
722
726
750
730
712
708
722
574
836
712
716
716
704
732
746
740
728
702
712
706
716
712
728
710
728
748
718
540
872
702
688
706
704
718
666
770
714
712
702
704
706
682
758
724
616
794
700
622
826
702
642
884
722
582
878
714
594
872
724
656
802
724
694
758
742
758
760
734
730
726
722
730
726
722
724
528
926
744
586
900
760
712
760
714
736
730
724
738
738
504
1008
710
782
722
730
740
730
732
738
758
770
726
718
726
716
718
722
720
730
752
722
708
714
722
722
710
746
738
730
720
722
720
716
716
770
742
716
704
704
700
708
694
710
706
728
736
724
716
696
694
710
696
690
704
696
700
706
718
750
712
696
690
700
702
696
692
690
694
708
706
702
722
726
704
688
688
688
688
682
710
704
700
716
724
716
714
704
700
700
712
712
732
750
752
724
722
726
720
726
722
742
744
750
724
710
712
698
712
728
750
740
724
720
720
710
710
704
714
732
754
756
734
726
762
716
732
710
720
650
780
750
748
766
752
726
730
738
710
728
726
724
738
758
738
672
760
710
720
710
702
698
702
734
728
770
716
720
722
724
724
704
716
750
746
714
706
720
740
712
698
692
704
696
734
734
714
718
700
710
688
698
704
694
696
696
702
694
712
710
698
726
740
722
700
678
734
690
700
690
656
746
686
714
730
716
726
710
708
706
696
700
724
746
732
714
500
880
718
720
722
738
750
754
744
716
732
710
724
744
730
760
734
734
702
706
714
710
740
754
768
752
762
750
740
748
748
728
720
670
804
718
786
738
732
714
738
710
714
726
626
660
858
710
716
714
718
726
714
728
750
744
726
716
716
706
708
714
712
710
740
730
734
716
706
704
724
708
710
742
716
752
710
710
718
700
710
740
720
710
726
692
700
692
696
708
710
726
708
692
690
688
688
678
692
692
714
736
718
704
696
696
694
686
692
698
690
702
716
728
718
702
692
690
708
696
702
694
706
724
708
750
486
920
690
744
714
700
704
698
708
708
752
742
728
726
720
728
724
720
714
756
768
736
728
722
726
734
714
724
710
750
738
726
718
722
722
712
638
636
636
670
640
498
422
524
452
698
698
706
728
744
726
724
726
730
746
756
698
750
712
668
744
718
602
888
732
460
970
712
426
952
724
700
700
704
694
712
710
744
738
728
718
710
716
714
722
722
512
962
708
712
700
694
428
968
738
436
998
682
470
908
690
604
772
694
694
682
688
686
692
698
708
698
754
712
698
412
970
684
704
686
712
720
722
708
698
694
694
690
636
810
714
708
704
696
700
698
690
714
734
770
724
708
704
710
722
734
728
744
722
730
720
724
746
730
732
730
756
752
724
730
720
716
712
722
710
718
754
756
728
664
768
728
712
732
730
732
770
750
724
728
730
724
754
750
778
738
730
720
716
748
734
742
750
738
730
718
732
724
720
758
750
752
714
718
716
716
704
706
736
736
760
746
742
734
720
680
410
884
682
666
630
634
642
640
640
650
636
676
664
650
638
642
650
636
644
648
646
646
652
646
662
644
658
640
646
646
644
640
644
640
630
648
644
644
638
632
644
626
634
636
634
638
634
630
634
626
638
636
642
626
626
630
632
626
622
612
626
646
634
628
640
632
630
638
636
646
636
638
642
646
648
648
654
658
656
654
654
646
664
658
650
648
646
654
652
650
646
654
646
658
656
646
664
654
664
646
656
660
654
644
654
668
666
642
652
666
702
650
650
652
646
658
650
662
648
660
646
658
640
666
650
656
656
660
662
646
644
652
654
664
650
658
638
644
656
654
656
660
672
660
658
648
672
666
678
664
668
664
504
820
644
650
644
654
676
664
650
642
652
646
640
636
638
638
558
698
648
630
640
644
642
638
636
642
650
634
644
638
634
636
640
622
624
624
640
632
626
634
630
628
626
632
632
624
630
626
624
630
632
638
634
628
628
624
646
640
642
632
642
634
638
642
650
644
642
642
654
650
654
656
652
650
648
664
648
648
656
650
658
644
642
646
642
650
638
646
630
644
656
648
654
644
650
660
644
644
638
638
652
652
638
636
632
660
678
640
636
634
628
648
642
642
