784
728
812
836
568
1100
792
734
706
710
704
720
738
756
724
704
700
688
690
704
740
768
798
486
1092
748
714
706
722
734
772
582
1046
768
762
736
742
748
566
936
710
698
704
714
742
760
618
986
752
758
734
738
750
760
788
556
1040
764
762
754
746
646
958
764
728
712
738
622
982
800
798
796
768
808
640
1084
834
820
792
806
806
772
774
796
830
828
548
1062
794
768
750
764
756
746
722
722
592
892
726
722
718
742
742
738
722
706
688
662
662
660
654
658
656
690
744
800
822
808
638
1090
868
852
680
1018
816
772
764
764
754
770
498
1100
746
724
816
624
740
784
806
754
746
764
794
820
796
784
798
822
812
814
800
770
722
716
710
716
738
770
772
778
808
818
832
824
808
810
828
654
1016
760
748
764
760
784
770
772
804
708
1004
782
794
802
800
672
978
780
782
784
782
784
734
954
780
746
728
724
734
776
700
956
820
826
904
472
1084
788
764
764
734
746
786
820
826
682
952
772
780
864
742
826
844
816
674
1014
862
650
740
730
722
742
780
716
966
828
798
898
496
1110
820
798
756
756
782
610
1076
692
954
776
758
770
788
790
792
822
836
846
618
1030
810
788
776
762
726
738
742
724
722
688
686
696
690
676
672
672
674
678
678
692
682
692
632
648
646
642
648
666
696
724
738
732
568
980
760
764
786
790
790
778
906
794
756
700
718
720
734
804
514
1058
792
756
734
714
720
582
936
736
724
714
724
724
756
746
786
660
962
778
836
654
734
728
754
758
750
770
634
940
740
714
706
704
718
710
706
704
710
702
714
718
708
700
718
758
768
768
764
598
942
772
778
788
782
798
786
594
1004
782
764
724
724
762
788
808
628
978
814
794
770
754
756
766
782
590
972
774
740
728
702
720
712
750
760
744
782
660
968
764
720
694
686
702
606
798
702
702
718
668
696
680
686
672
682
688
700
696
700
708
710
704
718
732
554
932
706
694
676
686
718
570
974
732
724
700
706
716
762
784
772
816
842
616
1062
566
1030
768
758
756
744
770
794
834
842
620
1030
798
804
762
752
770
786
490
1118
774
742
772
590
972
786
794
906
662
790
830
610
1074
796
794
788
568
1030
764
770
770
786
790
836
630
1092
710
932
766
740
756
778
768
782
684
976
804
760
750
774
760
782
778
812
712
984
788
784
784
792
778
754
794
828
812
788
818
608
1030
774
754
762
598
940
734
740
728
740
774
768
804
612
1072
768
732
712
720
694
686
698
722
748
766
780
818
844
862
622
1046
804
760
756
728
744
756
496
1076
742
702
708
568
938
748
738
792
620
1042
770
790
794
516
1084
780
752
772
538
980
746
726
764
736
734
768
804
850
608
1036
740
928
884
688
738
766
664
958
568
968
742
720
726
734
740
754
768
794
794
768
796
538
1052
752
740
726
712
728
722
734
750
750
744
714
694
652
656
642
636
630
640
628
634
626
632
634
648
688
730
780
656
1002
832
816
798
786
598
1050
800
756
752
672
984
686
926
762
770
786
788
812
636
1094
810
808
938
406
1180
570
1040
572
988
718
708
724
758
782
830
622
1148
848
778
826
604
1062
570
996
758
728
728
742
800
826
848
644
1058
844
832
612
954
768
744
744
738
750
782
806
812
802
810
660
1070
820
768
758
764
756
794
794
780
802
678
972
756
728
736
720
728
740
768
672
946
752
732
736
754
756
752
784
814
838
814
828
630
1090
754
738
726
738
706
716
724
774
806
802
804
724
944
752
718
700
690
692
536
824
660
650
654
654
670
680
694
730
744
746
756
736
738
764
776
776
760
786
802
812
800
818
630
1052
776
782
890
536
946
754
738
742
780
850
870
574
1222
854
912
786
612
1074
620
1040
796
760
774
788
824
846
580
1172
792
744
748
764
826
848
856
608
1162
878
828
860
686
1024
654
1002
614
940
734
718
720
728
794
842
842
866
596
1186
824
798
816
756
926
824
816
604
1046
774
814
750
740
768
774
806
830
888
902
864
866
892
752
1010
850
830
778
760
762
772
742
770
812
824
804
802
810
808
786
774
790
798
780
778
798
794
790
778
762
728
718
712
722
680
704
716
748
754
746
752
602
912
724
700
718
716
738
746
760
780
782
772
710
932
780
742
758
752
772
782
780
838
642
1004
804
786
748
738
714
734
728
724
740
554
1006
752
748
716
738
700
698
696
714
724
748
752
742
742
746
736
754
742
716
706
704
554
854
714
686
684
694
700
708
728
762
796
642
986
780
782
760
760
724
732
736
736
774
682
1000
792
796
604
946
716
708
700
708
696
700
684
678
662
654
664
690
714
702
702
726
746
782
786
496
1076
790
752
742
694
696
706
592
734
672
650
664
662
666
702
694
712
744
780
808
788
816
638
1050
756
714
690
682
692
726
768
812
818
606
1108
846
846
844
804
784
692
978
650
952
744
720
720
720
756
612
1084
604
988
728
724
724
600
976
762
780
824
802
616
1036
804
794
772
764
792
820
714
1046
796
796
790
764
770
652
1020
634
968
762
728
756
722
722
752
808
848
646
1084
640
1056
776
734
734
734
748
780
590
1022
784
780
864
670
746
764
780
776
772
784
662
998
764
756
766
762
770
748
738
774
686
964
768
762
756
760
732
740
778
806
834
632
1052
812
790
756
752
606
984
772
748
762
762
652
976
752
752
758
616
992
748
754
844
486
1064
756
760
866
468
984
768
730
692
688
684
696
750
758
738
762
822
890
914
610
1136
622
1026
550
1038
562
928
700
682
698
708
708
728
804
850
888
852
866
928
1020
902
856
646
976
810
760
750
780
800
830
722
950
830
806
778
762
798
646
1066
770
860
686
714
728
776
684
998
760
772
892
470
1036
764
760
870
798
486
1124
828
822
766
934
770
778
788
804
732
968
816
804
792
756
776
710
972
802
764
856
706
790
704
972
804
782
854
652
718
712
730
762
800
822
824
796
836
654
1078
826
872
660
760
742
728
744
746
770
790
784
786
806
816
720
992
812
776
780
776
776
776
764
780
678
974
766
738
740
754
746
754
754
796
820
806
784
822
846
836
800
798
806
812
796
770
768
780
700
976
770
754
758
766
736
740
724
716
696
702
678
652
648
656
644
648
634
636
638
628
638
648
674
686
682
690
708
548
902
714
682
704
702
728
732
746
640
936
764
702
716
720
720
754
768
690
934
764
738
760
512
1008
732
724
732
602
926
730
742
746
600
936
738
758
736
714
688
702
716
770
798
778
720
986
818
766
760
576
1008
782
784
780
774
832
842
682
938
772
734
702
676
678
684
692
710
738
746
788
808
732
936
788
864
514
896
758
730
752
746
584
966
762
750
714
742
724
750
732
764
794
578
1024
748
750
744
738
752
738
750
624
914
746
720
732
730
746
750
740
746
602
936
756
736
714
714
708
708
688
694
608
852
722
710
696
700
698
706
706
704
632
838
724
714
702
708
732
730
724
718
714
716
668
668
660
666
684
708
708
722
612
904
742
724
708
718
724
732
738
726
706
582
874
708
704
688
698
700
730
616
874
716
702
812
642
752
556
996
764
760
770
764
550
1056
566
1010
546
964
604
860
696
676
748
464
914
702
696
728
732
774
566
1012
778
770
734
728
582
926
738
710
716
718
742
738
756
574
994
740
726
718
562
842
666
656
652
630
640
642
678
698
676
686
696
720
718
698
686
690
698
712
724
728
774
798
834
856
660
1056
900
662
730
740
764
786
712
918
780
780
786
768
754
768
826
620
1026
654
950
728
720
816
516
954
748
762
796
748
896
768
784
770
786
794
802
854
622
1090
530
1066
554
928
696
700
824
498
972
740
776
800
822
814
806
842
826
622
976
844
662
734
736
778
802
848
826
844
876
890
606
1136
648
988
550
1016
560
880
690
674
696
706
760
682
1024
864
700
908
392
1198
624
1002
552
1004
580
884
806
612
804
648
752
628
1036
626
942
760
764
862
806
514
978
784
776
740
750
764
804
788
774
804
610
1030
768
760
772
768
758
754
784
796
796
780
788
678
956
842
746
636
698
686
676
676
662
646
636
638
640
638
638
650
670
698
690
702
680
712
728
708
710
684
682
646
654
648
658
684
722
746
742
748
728
724
758
666
948
784
768
784
792
784
602
952
738
726
720
710
688
690
682
682
706
762
812
862
722
1014
826
774
862
794
830
868
846
676
1052
892
686
860
522
1090
686
948
892
800
666
796
854
614
1160
840
894
822
536
1108
792
778
918
462
1104
556
1044
618
974
758
724
824
498
1050
772
760
874
416
1194
800
766
876
794
820
828
852
762
854
602
1098
766
728
816
640
762
748
1000
730
930
864
680
850
796
730
826
696
1012
838
834
740
976
884
826
714
818
806
846
866
666
1120
1044
638
302
1214
700
640
632
632
646
696
750
754
754
766
758
758
752
744
744
756
800
840
874
826
810
802
786
748
756
760
772
792
776
768
766
758
786
824
808
798
778
752
742
750
746
728
720
722
704
708
698
710
718
730
712
716
720
716
730
734
748
796
618
1060
796
746
758
766
498
1114
764
772
790
788
802
852
902
946
916
882
642
1160
858
894
702
648
1008
558
1004
754
730
734
722
732
764
798
898
806
780
778
592
1034
674
942
746
748
754
586
1028
756
766
774
602
960
740
748
764
792
1060
582
744
770
758
758
780
710
958
756
764
846
518
1000
754
760
860
728
738
952
816
822
802
852
802
800
788
770
786
814
824
654
1004
760
750
752
752
778
814
824
818
834
842
868
856
840
824
828
540
1076
742
746
700
714
744
756
768
794
814
824
822
810
816
816
816
792
772
770
736
728
712
722
726
736
712
712
716
718
752
756
746
760
754
752
728
720
718
718
722
744
724
712
676
678
676
678
682
696
688
692
712
608
906
760
748
742
758
774
790
838
856
854
856
864
618
1128
910
682
832
660
730
754
734
738
756
616
860
766
624
668
652
630
640
630
632
626
626
632
630
628
640
636
638
632
634
624
626
614
610
600
610
600
602
600
602
600
586
586
586
584
582
584
572
582
574
570
566
578
544
550
548
546
548
534
532
538
522
522
526
530
544
550
554
580
638
724
738
580
916
764
868
882
774
484
1078
878
862
900
702
832
844
690
952
840
770
630
700
700
516
1014
740
724
728
758
812
586
1102
804
830
906
846
524
1094
834
830
890
814
496
1150
796
804
926
526
1106
614
1048
750
754
882
570
1066
640
1076
908
804
834
572
1098
614
1084
892
698
894
582
1116
630
1074
910
714
932
594
1156
870
892
950
914
1030
910
932
594
1228
876
930
870
574
1128
832
864
928
838
908
866
772
1098
928
942
854
880
998
768
882
550
1180
646
1108
634
1026
882
672
900
804
778
1104
826
896
1054
926
934
1018
966
916
964
984
488
1174
754
960
758
864
806
846
868
828
970
936
1032
918
924
918
942
940
884
894
556
1144
906
728
904
784
812
620
1052
822
858
868
710
1024
874
862
708
1020
830
810
928
576
1184
632
1124
646
1054
612
1016
634
962
726
740
776
712
1014
864
894
626
1156
620
1060
776
766
870
822
850
854
868
892
518
1138
836
830
910
710
820
864
600
1110
900
872
700
810
836
884
866
894
1042
836
874
950
878
596
1182
648
1036
780
770
858
808
844
862
864
690
1060
842
838
872
852
846
684
1076
688
982
878
676
748
786
824
826
834
680
1054
886
818
724
792
816
860
592
1078
814
794
876
838
552
1060
816
818
882
846
548
1108
748
944
896
806
798
574
1082
658
1016
612
996
858
688
788
828
648
1106
644
1034
644
1022
682
934
594
932
744
744
752
796
664
1086
808
840
956
580
1058
850
806
892
560
1040
790
822
740
898
792
810
824
848
624
1120
830
840
910
804
578
1106
820
840
954
532
1088
834
806
868
804
782
878
902
1056
784
872
912
838
890
542
1106
812
800
928
520
1010
814
776
868
806
534
1076
794
782
736
810
646
776
834
886
630
1062
872
818
814
864
800
904
894
878
930
1038
910
926
572
1126
662
1014
620
954
746
734
764
696
1002
610
988
872
702
804
842
618
1162
842
858
918
924
888
906
934
948
912
932
946
896
640
1072
622
954
740
814
648
726
736
772
794
806
812
812
806
796
786
798
692
948
778
770
862
798
694
810
808
824
684
962
776
780
878
702
796
832
824
662
950
782
764
838
744
790
506
1034
782
780
852
996
502
704
752
642
938
764
766
782
780
670
946
762
748
822
558
670
688
738
832
914
926
920
972
998
1002
946
946
938
918
610
1124
852
858
954
812
558
1146
856
822
948
568
1098
620
1080
790
848
802
560
1116
578
1100
764
760
904
558
1080
636
1048
856
816
840
534
1204
880
874
930
886
962
808
884
988
830
914
964
842
874
586
1148
832
844
942
582
1046
842
824
884
842
558
1086
804
854
946
842
914
942
912
574
1070
786
718
708
740
794
872
870
930
948
590
1202
760
998
928
822
536
1040
816
782
886
632
1040
826
862
920
938
948
954
962
544
1198
904
922
834
648
1050
824
840
940
834
578
1140
870
848
972
524
1188
590
1152
884
696
922
556
1116
646
1094
878
784
878
512
1124
648
1078
892
834
838
644
1058
850
848
754
880
750
752
776
728
978
792
874
812
814
838
812
620
1172
746
1012
792
860
824
534
1052
800
832
852
840
868
642
1190
628
1120
944
676
902
832
766
858
660
1202
928
828
694
764
790
822
828
856
634
1200
930
854
870
500
1140
776
948
904
676
824
850
638
1070
830
884
822
540
1100
824
832
894
788
828
866
784
726
922
854
612
666
678
696
716
728
770
776
814
860
868
804
880
692
776
786
858
650
1132
860
892
854
822
536
1132
710
948
880
718
800
834
642
1124
604
1062
786
846
804
532
924
730
702
694
696
698
712
706
712
712
748
788
794
842
852
868
638
1144
638
1044
888
702
748
776
838
866
580
1122
834
810
936
534
1138
896
836
844
524
1074
624
968
618
832
670
674
690
718
730
750
822
912
1038
856
912
994
866
928
520
1166
864
812
898
632
1000
798
824
836
836
874
628
1174
604
1084
888
694
882
612
1012
802
832
852
840
624
1164
866
830
956
548
1094
700
992
632
990
776
774
864
708
840
884
876
620
1196
856
860
880
606
1084
818
788
762
764
794
676
1034
810
846
820
808
832
662
1116
840
852
812
792
750
788
830
870
588
1152
858
854
842
830
636
1136
662
998
638
952
752
772
834
812
878
592
1168
600
1088
788
736
726
738
782
852
588
1112
872
872
830
860
878
598
1140
852
828
794
812
648
1070
772
760
766
782
848
888
570
1144
630
1152
866
800
866
650
1092
876
794
862
636
1148
868
808
836
648
1040
638
960
786
798
684
984
856
836
672
1020
842
842
852
820
842
870
874
638
1104
848
762
778
728
938
770
800
800
798
846
650
1134
712
994
836
812
774
800
828
630
1092
830
828
814
812
850
614
1140
724
922
808
796
782
830
642
1060
782
752
746
770
810
826
706
1058
776
790
754
734
736
738
750
740
748
758
744
750
770
776
762
764
780
768
764
740
752
758
718
728
726
730
724
714
688
680
692
660
668
658
656
662
672
678
682
682
682
704
722
754
480
1078
734
738
860
638
720
718
724
730
748
754
814
870
890
842
848
872
860
620
1032
800
852
680
722
736
634
1000
648
912
878
506
984
754
758
790
806
776
756
746
768
796
636
1020
818
790
806
808
610
1036
632
952
764
742
764
728
750
804
632
1078
692
934
644
966
780
750
776
796
652
1048
796
776
790
784
808
814
844
864
594
1140
664
992
590
910
694
672
688
684
668
680
698
706
720
714
704
694
684
692
706
740
752
766
768
752
728
708
682
686
666
662
658
664
678
700
724
746
738
736
740
740
734
746
774
810
800
922
658
752
734
714
726
732
728
716
718
692
712
722
600
944
742
742
754
762
762
732
742
762
788
802
800
796
784
788
768
578
1018
780
784
778
774
558
1014
786
774
796
804
642
1006
782
756
760
566
976
756
764
866
724
630
1022
790
804
732
734
758
652
1026
814
806
808
824
584
1158
804
814
808
626
1096
798
826
914
556
1106
816
776
800
628
1096
796
790
810
638
1092
794
808
914
412
1158
794
784
910
448
1110
792
784
784
610
984
790
794
912
698
642
1104
828
804
784
800
812
836
658
1014
830
792
790
790
810
852
608
1102
674
1012
626
966
744
728
756
616
990
786
820
652
1070
748
936
796
762
774
686
1018
650
992
780
784
782
784
818
862
578
1148
754
904
862
702
754
748
764
782
752
756
754
770
762
748
740
740
738
722
732
728
736
718
716
704
716
720
738
728
730
740
1152
980
652
640
640
614
612
618
618
612
610
612
612
608
616
624
636
652
666
672
688
714
728
742
738
730
748
630
876
724
672
662
660
672
716
766
746
740
884
762
760
788
772
780
778
636
1046
776
764
792
656
978
782
792
674
1010
614
1048
806
776
810
658
1038
790
810
854
644
1068
630
1028
758
770
892
570
1076
804
838
864
854
600
1192
874
846
852
852
594
1122
614
1024
750
734
772
816
898
1036
730
910
1060
782
910
1052
802
916
692
1136
662
1080
636
994
762
730
734
792
852
850
682
1144
640
1104
704
1008
568
1022
772
780
796
796
878
934
916
660
1194
656
1142
830
820
812
786
806
846
896
876
912
952
956
622
1146
854
816
804
772
802
840
850
814
838
852
844
836
866
664
1094
808
794
800
774
774
830
880
870
864
924
918
576
1150
854
794
760
798
816
840
820
866
896
616
1116
858
826
802
804
666
1026
784
730
728
748
800
654
1160
658
1120
870
876
890
888
558
1212
868
858
860
656
1080
858
838
822
782
776
506
1232
860
862
750
972
586
1010
778
774
792
762
794
608
1040
768
746
746
756
746
748
724
716
690
712
756
788
816
798
812
652
1042
798
776
774
786
800
772
792
654
1014
774
764
802
794
812
826
852
874
612
1120
548
1052
744
720
688
710
710
722
716
740
726
718
720
748
774
774
770
766
718
592
896
706
680
674
688
666
686
712
598
938
732
760
752
774
776
778
682
976
812
762
772
582
984
724
722
722
552
906
714
680
692
700
504
1008
714
698
714
714
752
790
474
1114
762
732
730
686
708
714
760
800
792
776
780
782
796
780
722
720
720
716
714
708
714
542
880
704
690
670
678
682
700
712
706
710
740
732
732
722
732
732
716
718
724
722
726
726
724
728
724
746
754
736
734
734
732
736
732
720
716
722
734
734
738
730
738
736
736
726
702
726
710
716
728
722
726
486
956
692
684
670
672
678
694
730
734
768
588
898
708
708
682
694
718
742
802
840
642
1046
642
944
730
702
714
564
922
712
710
740
574
1008
776
764
770
742
738
770
796
820
588
1036
782
730
710
740
708
730
742
778
760
760
740
762
780
808
770
772
748
722
718
700
696
666
682
684
684
688
686
698
710
718
712
722
720
700
688
692
690
718
762
718
734
726
718
732
544
944
722
722
690
686
670
686
702
762
790
768
788
810
698
938
744
710
724
720
722
758
742
754
752
766
758
718
714
712
714
738
722
712
726
702
708
708
714
714
712
708
706
720
710
728
756
752
728
734
748
732
726
698
686
698
698
708
724
704
696
706
726
734
728
716
688
676
670
678
676
662
670
670
666
678
684
676
680
680
666
668
692
698
692
710
720
738
724
722
736
716
710
698
708
712
718
710
710
704
712
718
712
690
682
688
682
724
742
742
750
762
772
748
762
750
762
728
728
740
740
730
726
738
730
730
732
732
732
730
726
728
710
722
722
716
718
716
716
724
724
734
738
734
730
740
702
710
708
706
716
708
716
692
702
716
704
704
724
726
730
728
738
714
706
698
714
712
708
702
696
728
708
730
716
720
718
690
676
690
668
658
654
658
686
706
716
716
730
738
732
742
728
740
698
718
694
684
690
688
696
710
704
712
716
728
738
720
712
698
708
704
746
770
768
760
764
762
756
758
760
758
746
762
746
714
732
724
592
974
754
728
728
700
706
704
700
716
736
744
752
746
752
760
764
756
778
792
798
828
820
796
768
760
746
754
746
760
610
910
744
688
682
674
680
732
770
626
940
738
710
700
716
700
760
782
638
946
786
800
776
752
582
924
758
728
712
720
636
796
736
772
752
734
540
1030
754
726
740
588
946
752
726
706
724
720
740
738
742
550
1042
746
752
758
762
444
1096
732
738
758
748
618
936
742
730
722
732
462
1060
744
746
734
738
596
924
732
718
728
718
566
952
742
748
746
764
492
1100
734
744
740
734
462
1144
774
770
770
458
1112
744
738
746
752
470
1100
756
720
736
742
670
966
794
746
782
458
1098
734
720
726
720
772
736
746
488
1090
744
770
776
774
788
462
1146
772
744
708
708
722
724
614
968
764
702
734
532
966
748
722
726
720
492
990
730
682
704
708
558
956
732
734
760
744
756
782
762
772
678
956
790
728
726
576
928
746
748
740
744
474
1078
746
720
710
720
718
494
1028
734
744
782
818
864
870
848
646
1088
830
764
766
618
972
736
720
726
716
714
764
462
1136
772
740
714
718
720
764
764
770
804
824
842
830
800
820
802
616
940
754
712
706
710
570
936
738
724
692
696
708
546
978
738
724
708
726
740
810
826
682
972
788
780
732
504
1012
746
748
722
722
732
772
788
582
1028
764
778
798
782
488
1096
778
756
740
748
740
768
710
946
756
742
740
482
990
738
738
766
746
752
754
774
818
784
806
620
1032
752
722
712
710
702
706
726
754
780
776
776
806
608
1006
750
748
752
746
758
592
958
728
730
726
738
788
790
834
650
1074
992
1412
620
686
664
704
780
864
896
646
1108
868
772
760
778
774
764
766
650
1004
804
738
728
744
728
738
766
566
980
768
774
764
762
776
828
840
676
996
806
774
766
598
968
756
750
712
728
778
876
900
852
900
562
1104
752
736
756
490
1010
732
750
794
772
624
1020
806
766
750
596
972
764
762
774
476
1120
770
782
836
806
660
1046
836
764
758
852
658
720
704
700
710
726
654
952
750
724
730
740
776
802
802
826
838
598
1068
796
718
728
748
764
792
784
810
832
824
812
640
1002
806
768
762
708
712
728
708
762
796
626
934
758
746
696
694
710
702
756
762
790
808
802
562
974
754
716
718
688
704
710
742
760
784
772
786
814
842
652
1030
790
756
750
588
894
710
694
716
502
1020
744
788
822
814
822
818
614
1054
772
738
724
730
718
732
776
768
774
790
552
1048
744
730
740
738
744
728
726
740
776
802
792
790
792
796
778
736
752
754
744
756
758
748
738
722
730
752
774
758
746
752
752
762
752
758
778
684
944
742
740
744
728
734
732
756
774
740
754
758
740
762
740
732
748
732
738
730
738
728
728
766
750
740
746
732
746
744
718
740
762
766
758
750
714
724
724
720
746
730
742
752
756
748
730
740
722
706
718
736
730
726
730
738
758
760
752
738
754
748
738
726
708
716
728
714
754
750
750
752
760
728
708
710
714
716
712
708
730
740
732
744
678
716
704
712
704
712
684
668
648
664
650
654
678
696
722
708
718
746
764
768
762
786
600
930
740
700
704
690
684
690
694
706
726
736
744
740
750
760
790
782
768
750
760
730
740
710
716
680
690
698
698
730
708
716
722
744
734
724
736
730
726
730
688
700
714
696
694
686
696
698
684
692
698
704
712
712
700
718
710
706
708
700
700
700
702
722
708
718
696
690
668
684
