974
1160
1158
1110
1102
1130
1134
1092
1104
1104
1112
1084
1100
1102
1078
1072
1112
1106
1100
1074
1064
1088
1082
1064
1074
1080
1086
1080
1054
1098
1104
1066
1056
1094
1090
1070
1096
1108
1092
1068
1110
1110
1118
1092
1096
1102
1122
1106
1096
1126
1130
1104
1070
1076
1094
1110
1088
1074
1058
1108
1100
1078
1062
1060
1068
1078
1054
1038
1076
1088
1052
1058
1076
1080
1074
1074
1064
1090
1070
1014
1006
976
958
992
1026
1018
1036
1106
1122
1110
1100
1100
1140
1130
1106
1086
1118
1108
1132
1102
1068
1146
1132
1124
1072
1078
1110
1114
1072
1054
1102
1118
1124
1098
1114
1144
1142
1110
1152
1148
1124
1110
1100
1158
1128
1106
1118
1132
1106
1084
1060
1082
1108
1096
1082
1066
1080
1070
1092
1102
1086
1078
1108
1094
1078
1058
1070
1112
1088
1088
1062
1104
1144
1128
1092
1076
1118
1120
1120
1092
1116
1120
1100
1098
1090
1122
1110
1106
1078
1096
1112
1110
1086
1096
1096
1106
1084
1058
1078
1076
1070
1048
1078
1080
1098
1084
1082
1084
1096
1080
1084
1120
1108
1082
1086
1106
1120
1122
1100
1112
1134
1132
1122
1142
1166
1158
1122
1086
1104
1104
1112
1086
1086
1104
1124
1106
1098
1128
1142
1148
1116
1126
1128
1104
1082
1078
1106
1112
1092
1072
1108
1104
1108
1106
1076
1106
1112
1102
1074
1050
1072
1084
1068
1086
1112
1122
1106
1090
1118
1130
1112
1088
1110
1116
1144
1122
1120
1152
1142
1152
1114
1136
1150
1158
1128
1116
1138
1162
1152
1128
1112
1136
1126
1120
1088
1118
1142
1126
1092
1090
1122
1100
1078
1064
1060
1102
1122
1118
1098
1110
1150
1136
1132
1156
1156
1110
1106
1132
1134
1124
1106
1116
1132
1134
1116
1160
1162
1146
1112
1098
1136
1126
1096
1082
1094
1098
1112
1090
1084
1116
1124
1120
1078
1078
1092
1080
1056
1056
1066
1090
1040
1030
1058
1092
1102
1086
1082
1140
1152
1124
1112
1142
1158
1160
1126
1130
1166
1172
1152
1120
1124
1140
1156
1130
1110
1138
1128
1134
1108
1074
1098
1100
1104
1066
1074
1136
1130
1126
1112
1092
1128
1120
1098
1080
1106
1134
1108
1078
1072
1086
1078
1102
1092
1100
1124
1142
1118
1122
1128
1130
1094
1112
1116
1108
1114
1072
1074
1112
1106
1108
1086
1112
1134
1124
1092
1086
1128
1164
1128
1116
1140
1158
1142
1128
1100
1122
1130
1130
1106
1102
1144
1164
1132
1088
1112
1158
1138
1106
1086
1120
1136
1144
1110
1094
1126
1134
1120
1106
1110
1120
1116
1110
1096
1132
1130
1138
1088
1070
1136
1132
1112
1122
1122
1150
1158
1128
1102
1114
1138
1118
1100
1068
1080
1090
1098
1084
1078
1098
1116
1126
1102
1090
1124
1122
1118
1092
1084
1126
1114
1088
1092
1120
1118
1100
1088
1096
1110
1142
1108
1052
1100
1094
1114
1100
1084
1130
1142
1138
1114
1128
1154
1138
1116
1136
1138
1142
1106
1086
1118
1138
1120
1072
1068
1136
1148
1146
1122
1118
1150
1106
1086
1052
1076
1102
1084
1058
1060
1086
1070
1092
1048
1042
1110
1106
1102
1066
1066
1118
1116
1106
1076
1104
1144
1144
1108
1078
1114
1134
1138
1114
1064
1112
1106
1118
1074
1074
1110
1088
1104
1066
1032
1088
1072
1086
1070
1056
1110
1110
1102
1072
1088
1108
1106
1070
1044
1090
1080
1070
1072
1050
1100
1092
1100
1086
1064
1100
1120
1096
1078
1174
1164
1156
1108
1080
1136
1142
1152
1106
1118
1150
1170
1160
1138
1122
1152
1152
1130
1104
1144
1152
1168
1128
1100
1164
1162
1126
1116
1140
1140
1112
1088
1108
1116
1124
1098
1088
1130
1124
1100
1070
1132
1134
1136
1106
1094
1144
1142
1132
1090
1074
1122
1126
1112
1106
1094
1110
1130
1142
1114
1124
1156
1124
1130
1106
1100
1134
1136
1120
1074
1106
1132
1098
1058
1068
1102
1116
1090
1052
1094
1128
1110
1098
1058
1084
1104
1110
1088
1100
1126
1124
1098
1088
1124
1130
1122
1102
1078
1114
1138
1130
1102
1080
1146
1120
1108
1056
1092
1098
1104
1094
1100
1132
1140
1114
1082
1094
1122
1126
1106
1076
1106
1110
1098
1104
1072
1078
1132
1122
1132
1086
1094
1138
1140
1124
1084
1100
1146
1142
1122
1080
1114
1124
1122
1102
1060
1118
1130
1122
1098
1112
1112
1126
1102
1082
1118
1112
1114
1102
1094
1122
1110
1114
1080
1064
1132
1142
1130
1092
1080
1130
1128
1112
1082
1066
1120
1128
1106
1098
1102
1114
1110
1098
1090
1088
1114
1120
1112
1108
1066
1094
1116
1072
1058
1122
1110
1102
1084
1116
1122
1130
1096
1074
1126
1148
1144
1106
1104
1132
1134
1104
1116
1132
1128
1126
1114
1128
1110
1114
1078
1070
1118
1126
1102
1084
1068
1114
1126
1104
1072
1094
1112
1116
1102
1074
1120
1138
1118
1110
1114
1170
1140
1162
1122
1118
1148
1150
1154
1120
1128
1168
1168
1150
1106
1108
1110
1120
1120
1080
1126
1128
1118
1088
1070
1120
1136
1106
1078
1096
1100
1106
1058
1038
1072
1094
1098
1082
1092
1130
1122
1080
1062
1100
1096
1068
1072
1094
1100
1098
1070
1060
1128
1160
1146
1144
1116
1164
1154
1152
1124
1142
1152
1156
1128
1096
1120
1126
1122
1086
1092
1120
1122
1110
1080
1074
1132
1114
1076
1102
1104
1038
976
984
968
954
932
958
988
1004
990
964
964
1100
1128
1164
1166
1196
1180
1164
1120
1158
1188
1188
1196
1198
1168
1106
1148
1140
1164
1160
1114
1090
1126
1132
1128
1100
1100
1136
1148
1142
1110
1084
1120
1126
1106
1092
1130
1120
1116
1100
1110
1138
1122
1096
1094
1108
1114
1106
1060
1048
1098
1110
1102
1088
1104
1126
1128
1092
1090
1130
1140
1124
1102
1114
1154
1144
1092
1140
1170
1162
1124
1090
1128
1134
1132
1074
1050
1086
1114
1100
1074
1058
1138
1156
1118
1098
1154
1140
1130
1110
1118
1138
1140
1106
1084
1130
1124
1110
1092
1090
1122
1100
1076
1044
1080
1056
1054
1092
1120
1066
1052
1118
1132
1106
1098
1130
1158
1122
1126
1172
1150
1124
1088
1120
1112
1098
1068
1072
1130
1120
1102
1124
1134
1090
1082
1102
1110
1080
1060
1094
1102
1092
1068
1052
1106
1102
1114
1078
1046
1104
1112
1104
1100
1122
1150
1138
1138
1090
1122
1098
1116
1112
1096
1122
1154
1156
1148
1136
1154
1166
1154
1102
1100
1148
1164
1144
1104
1092
1136
1132
1132
1082
1074
1102
1108
1102
1086
1088
1112
1098
1076
1062
1108
1122
1096
1076
1136
1142
1122
1102
1142
1136
1140
1084
1080
1098
1112
1094
1076
1110
1146
1142
1118
1100
1158
1146
1136
1106
1098
1130
1110
1076
1072
1120
1130
1138
1150
1106
1126
1110
1060
1030
1068
1080
1082
1062
1046
1098
1110
1112
1090
1098
1138
1152
1142
1118
1106
1142
1128
1128
1100
1090
1142
1144
1128
1088
1082
1130
1148
1122
1108
1128
1162
1152
1144
1112
1118
1146
1128
1096
1074
1090
1090
1070
1068
1130
1132
1138
1104
1076
1122
1142
1144
1096
1084
1136
1138
1110
1084
1064
1136
1148
1142
1108
1108
1156
1164
1168
1126
1164
1168
1156
1132
1106
1154
1170
1166
1116
1104
1174
1156
1140
1104
1114
1128
1122
1120
1084
1114
1138
1138
1078
1098
1116
1104
1068
1082
1110
1084
1084
1122
1118
1114
1076
1078
1120
1116
1096
1064
1100
1134
1142
1104
1084
1148
1164
1152
1116
1176
1146
1136
1090
1102
1144
1150
1154
1158
1162
1172
1170
1134
1128
1188
1176
1164
1108
1106
1124
1120
1088
1072
1058
1098
1102
1086
1064
1092
1118
1110
1084
1058
1088
1122
1122
1112
1070
1120
1120
1124
1082
1120
1132
1140
1116
1096
1154
1148
1130
1096
1072
1122
1124
1106
1076
1078
1152
1134
1114
1108
1122
1154
1156
1146
1104
1146
1174
1148
1098
1088
1114
1124
1110
1110
1116
1142
1146
1122
1100
1154
1152
1102
1080
1146
1136
1122
1096
1120
1134
1138
1126
1110
1142
1164
1132
1124
1166
1178
1158
1120
1102
1146
1128
1126
1098
1098
1144
1166
1124
1102
1120
1154
1154
1120
1128
1152
1180
1156
1126
1112
1132
1152
1134
1114
1128
1144
1162
1134
1108
1118
1130
1132
1090
1084
1130
1128
1154
1106
1152
1162
1190
1160
1134
1174
1188
1168
1140
1130
1142
1138
1138
1100
1132
1132
1114
1074
1070
1112
1124
1118
1086
1084
1130
1142
1128
1128
1152
1180
1152
1122
1090
1132
1162
1144
1116
1090
1146
1154
1136
1100
1122
1148
1130
1110
1098
1150
1150
1132
1120
1150
1162
1158
1124
1114
1152
1146
1134
1122
1112
1152
1162
1136
1096
1142
1132
1140
1146
1110
1132
1142
1152
1118
1108
1180
1166
1158
1120
1128
1148
1148
1132
1106
1102
1146
1144
1118
1080
1112
1120
1104
1088
1104
1134
1126
1086
1064
1110
1144
1126
1096
1100
1134
1136
1130
1106
1134
1150
1182
1128
1102
1142
1136
1146
1098
1116
1178
1188
1158
1124
1158
1148
1146
1126
1134
1142
1150
1106
1088
1158
1158
1150
1132
1162
1160
1154
1138
1118
1168
1170
1162
1128
1100
1132
1138
1126
1092
1126
1136
1142
1112
1104
1160
1168
1160
1124
1112
1146
1152
1126
1090
1082
1146
1142
1144
1106
1118
1170
1170
1152
1140
1138
1154
1156
1158
1112
1100
1144
1148
1136
1114
1100
1152
1134
1134
1110
1150
1160
1146
1112
1100
1154
1144
1150
1122
1130
1146
1142
1144
1100
1098
1130
1136
1130
1112
1144
1170
1164
1128
1106
1142
1138
1132
1100
1090
1138
1146
1118
1110
1138
1162
1152
1124
1086
1142
1150
1132
1106
1074
1170
1182
1160
1152
1138
1182
1174
1152
1124
1124
1186
1180
1142
1120
1190
1182
1178
1152
1168
1176
1164
1144
1130
1156
1168
1146
1102
1138
1148
1140
1096
1084
1138
1184
1168
1138
1086
1056
1114
1126
1138
1110
1126
1180
1178
1164
1126
1102
1154
1170
1150
1104
1104
1150
1166
1118
1118
1166
1164
1160
1144
1142
1160
1170
1146
1140
1172
1186
1184
1140
1108
1122
1140
1130
1106
1082
1134
1136
1130
1100
1106
1164
1176
1160
1118
1120
1180
1196
1190
1154
1158
1210
1202
1188
1162
1142
1162
1170
1170
1160
1160
1116
1152
1144
1128
1098
1062
1082
1114
1094
1068
1070
1166
1140
1156
1124
1106
1176
1174
1164
1102
1084
1116
1126
1102
1086
1110
1162
1148
1140
1102
1142
1172
1164
1128
1096
1144
1142
1114
1104
1112
1138
1124
1112
1092
1150
1158
1112
1100
1144
1152
1114
1112
1154
1146
1138
1114
1100
1122
1120
1094
1134
1150
1128
1102
1122
1134
1132
1100
1112
1116
1124
1094
1054
1044
1096
1104
1080
1058
1134
1138
1142
1132
1104
1148
1160
1140
1130
1156
1176
1160
1138
1108
1144
1158
1170
1134
1122
1178
1188
1166
1124
1104
1154
1156
1150
1090
1082
1122
1136
1118
1092
1100
1126
1128
1082
1104
1136
1122
1094
1080
1130
1154
1128
1084
1060
1146
1158
1162
1118
1108
1148
1156
1142
1112
1108
1152
1150
1138
1092
1128
1140
1136
1106
1082
1142
1126
1106
1092
1134
1128
1100
1070
1092
1112
1096
1072
1076
1088
1104
1096
1130
1126
1126
1104
1078
1092
1120
1134
1108
1098
1168
1176
1160
1122
1134
1178
1216
1196
1130
1124
1144
1144
1108
1088
1138
1158
1172
1122
1102
1160
1154
1126
1094
1150
1152
1156
1134
1124
1168
1182
1138
1096
1072
1076
1014
982
966
950
936
910
916
902
890
856
836
874
866
890
930
950
962
1014
1054
1044
1040
1052
1056
1082
1078
1028
1046
1050
1044
1024
1018
1058
1052
1046
1026
1042
1060
1068
1032
1016
1048
1058
1064
1048
1048
1078
1100
1102
1080
1068
1110
1110
1078
1048
1102
1094
1082
1054
1074
1092
1088
1060
1070
1110
1126
1108
1096
1126
1112
1096
1060
1078
1102
1096
1040
998
996
970
956
952
908
930
910
908
914
948
960
950
1002
1052
1078
1050
1014
1066
1098
1094
1038
1084
1110
1098
1082
1066
1112
1118
1094
1050
1098
1112
1110
1072
1088
1094
1112
1074
1094
1116
1140
1138
1114
1148
1154
1158
1114
1098
1128
1128
1092
1072
1130
1136
1132
1098
1092
1136
1128
1098
1128
1126
1116
1092
1140
1132
1098
1068
1108
1126
1110
1084
1066
1120
1124
1130
1104
1144
1138
1112
1084
1122
1126
1128
1082
1090
1140
1166
1132
1070
1112
1134
1128
1112
1106
1134
1170
1142
1112
1122
1126
1126
1092
1112
1110
1094
1092
1064
1114
1112
1104
1066
1082
1136
1142
1086
1064
1136
1138
1122
1094
1124
1118
1094
1042
1062
1052
1028
1002
964
978
990
984
1052
1090
1106
1052
1056
1112
1104
1082
1024
1010
1004
982
958
960
958
960
936
936
922
908
912
912
920
926
978
996
1022
1042
1020
1028
1024
1010
976
970
1006
1032
1042
1048
1034
1026
1058
1070
1006
1012
1016
1002
1000
1058
1074
1078
1060
1022
1078
1078
1068
1026
1044
1082
1122
1104
1078
1104
1148
1146
1112
1074
1128
1138
1132
1108
1136
1138
1144
1084
1124
1148
1124
1108
1128
1120
1116
1078
1106
1108
1100
1078
1134
1124
1120
1078
1052
1096
1088
1068
1054
1102
1114
1126
1090
1106
1116
1128
1114
1100
1120
1072
1152
1172
1170
1124
1168
1158
1098
1082
1108
1082
1044
1078
1086
1068
1046
1066
1088
1094
1096
1164
1128
1116
1084
1110
1132
1134
1102
1110
1132
1144
1138
1100
1066
1108
1128
1124
1090
1110
1130
1080
1064
1130
1150
1128
1090
1130
1120
1118
1120
1100
1136
1152
1156
1170
1118
1114
1124
1114
1092
1094
1096
1098
1092
1070
1046
1100
1104
1072
1040
1118
1140
1072
1094
1116
1120
1104
1152
1170
1164
1116
1138
1162
1166
1128
1122
1158
1140
1134
1104
1128
1138
1132
1114
1120
1146
1134
1144
1118
1114
1148
1146
1136
1136
1158
1154
1132
1094
1132
1142
1152
1102
1078
1124
1122
1094
1064
1110
1124
1140
1122
1138
1154
1146
1138
1140
1144
1132
1092
1110
1156
1172
1148
1116
1184
1168
1168
1130
1178
1172
1164
1120
1130
1168
1160
1118
1084
1120
1136
1186
1182
1098
1084
1132
1126
1112
1092
1164
1176
1154
1118
1144
1170
1154
1120
1138
1146
1148
1116
1152
1170
1164
1110
1156
1162
1132
1086
1138
1148
1150
1102
1138
1164
1156
1136
1122
1184
1160
1146
1108
1116
1142
1120
1094
1088
1144
1170
1086
1022
1032
1016
1012
980
982
1012
984
1030
1086
1136
1146
1146
1196
1186
1152
1144
1210
1194
1182
1126
1102
1132
1134
1062
1060
1112
1126
1070
1086
1156
1182
1192
1144
1128
1172
1202
1208
1160
1166
1190
1184
1166
1130
1136
1156
1146
1134
1130
1134
1126
1120
1094
1110
1114
1108
1084
1082
1130
1174
1128
1090
1084
1110
1098
1060
1066
1068
1034
1050
1068
1068
1022
1030
1058
1058
1030
1038
1046
1046
1026
1008
1044
1040
1032
994
1016
1026
1010
1008
996
1022
1032
1016
998
1048
1060
1032
1010
1022
1028
1024
1002
1020
1032
1028
1028
1020
1044
1062
1048
1032
1016
1002
976
942
904
904
880
886
884
870
870
836
848
840
828
824
820
814
822
768
796
792
784
784
782
778
770
770
768
766
768
770
770
768
760
784
806
798
814
848
858
850
864
818
846
870
848
854
902
930
914
938
960
976
952
946
884
862
854
844
836
822
834
852
886
876
872
864
1006
1036
1004
978
914
948
930
930
934
954
940
962
960
974
986
970
974
1010
1024
1052
1050
1050
1050
1068
1076
1068
1064
1096
1066
1074
1050
1094
1070
1048
1028
1064
1064
1032
1008
1034
1022
990
1004
1014
1030
984
996
966
976
968
970
996
1020
992
1020
1050
1060
1050
1044
1048
1020
1012
1010
1000
994
990
996
982
956
958
940
942
956
960
952
932
986
1016
1028
1062
1100
1096
1098
1070
1060
1078
1070
1054
1032
1042
1042
1042
1022
1000
1054
1064
1070
1048
1050
1076
1066
1036
1030
1052
1046
1042
1018
1066
1050
1052
1034
1050
1052
1044
1018
1016
1038
1046
1024
1022
1042
1032
1012
970
980
988
976
972
958
990
998
610
1400
940
914
910
900
894
884
880
918
944
924
926
924
922
934
874
858
862
830
862
860
842
826
828
832
830
868
906
924
984
1022
1016
1046
1070
1070
1050
1032
1048
1042
1004
1022
1020
1018
1004
1012
1016
1022
1014
1014
1046
1032
1008
984
1006
998
988
994
994
1000
984
1018
1020
1024
1004
1006
1014
1010
988
980
1004
992
968
976
988
976
966
996
1002
992
998
1022
1030
1018
998
1030
1014
996
984
992
996
980
962
990
1004
1002
982
978
1012
1016
988
980
1000
1006
998
980
990
1006
1012
992
986
1006
1014
1004
1008
1024
1038
1028
1028
1044
1080
1046
1020
1056
1058
1034
1006
1008
1036
1024
990
978
1002
1016
1020
1012
1016
1052
1054
1040
1008
1032
1036
1012
954
940
926
894
894
930
972
940
940
946
930
950
966
994
1014
1040
1028
1048
1072
1078
1054
1016
1024
1020
1022
984
968
1008
1010
990
972
1008
1026
1036
1010
996
1028
1040
1046
1038
1012
1018
1030
1028
1034
1004
1002
1018
1036
1038
1030
998
1022
1038
1026
1010
984
1006
1008
1014
1002
996
1040
1038
1038
1004
1022
1028
1038
1030
1012
1016
1040
1036
1036
998
974
1000
1012
1014
998
1002
1064
1060
1068
1056
1072
1068
1034
988
992
1012
1038
1004
1010
1032
1070
1048
1036
1048
1058
1036
1012
1026
1046
1030
998
984
1004
994
1026
1008
1014
1024
1018
1002
994
1004
1022
992
992
1012
1028
992
940
944
610
1356
926
922
954
986
986
984
1054
1058
1054
1044
1064
1082
1086
1060
1034
1074
1064
1042
1012
1024
1032
1022
1002
1002
1022
1032
1012
1014
1054
1070
1048
1032
1050
1044
1042
1028
1028
1050
1056
1034
1030
1058
1060
1072
1034
1026
1066
1060
1056
1024
1028
1056
1044
1028
1002
1032
1042
1040
1006
1014
1052
1056
1044
1050
1080
1068
1048
1028
1052
1066
1048
1008
1022
1050
1044
998
992
1038
1032
1012
1020
1046
1050
1052
1034
1034
1072
1066
1058
1024
1046
1058
1062
1042
1012
1028
1040
1044
1020
1022
1062
1048
1028
1012
1048
1066
1066
1042
1048
1058
1062
1058
1048
1078
1078
1052
1048
1080
1094
1074
1024
1036
1058
1072
1072
1052
1036
1072
1094
1058
998
1022
1044
1038
1012
1048
1072
1082
1104
1070
1078
1100
1086
1048
1046
1082
1096
1094
1054
1034
1060
1062
1054
1026
1020
1056
1062
1026
1030
1066
1048
1030
1048
1070
1062
1048
1022
1044
1042
1016
1010
1036
1038
1018
1010
1036
1060
1026
1026
1066
1052
1026
1020
1046
1038
1020
1008
1038
1038
1006
966
964
976
956
966
994
1006
998
1024
1064
1076
1052
1064
1070
1062
1048
1062
1078
1046
1030
1052
1038
1018
1002
1028
1038
1022
1002
1040
1030
1004
992
1044
1030
1032
1018
1052
1038
1024
1034
1050
1040
1028
1006
1046
1054
1030
1030
1044
1054
1056
1032
1046
1060
1062
1036
1030
1058
1058
1030
1012
1024
1060
1044
1050
1066
1064
1056
1046
1052
1088
1092
1076
1068
1106
1044
1022
1056
1040
1040
1020
1044
1084
1054
1040
1086
1082
1064
1038
1084
992
610
886
848
810
764
754
762
1058
936
724
728
648
648
662
714
734
738
814
998
1134
1146
1134
1122
1096
1064
1046
1078
1072
1050
1012
1050
1088
1096
1096
1082
1110
1148
1114
1130
1142
1098
1088
1134
1118
1094
1050
1056
1080
1064
1052
1034
1052
1072
1078
1052
1048
1086
1088
1080
1050
1068
1068
1060
1030
1034
1094
1076
1048
1022
1040
1056
1034
1010
996
984
980
938
916
912
906
892
870
888
902
888
900
898
900
954
1006
1010
1000
1064
1090
1078
1052
1050
1064
1062
1052
1026
1048
1074
1078
1030
1036
1072
1066
1056
1044
1062
1082
1050
1036
1076
1066
1044
1036
1048
1080
1076
1052
1038
1076
1112
1088
1062
1060
1060
1058
1038
1048
1070
1074
1050
1052
1088
1080
1064
1058
1068
1098
1110
1082
1080
1094
1106
1070
1060
1082
1076
1058
1034
1030
1054
1076
1046
1046
1082
1076
1062
1046
1062
1062
1028
1018
1072
1068
1040
1040
1064
1098
1090
1068
1044
1086
1078
1058
1038
1048
1052
1042
1024
1044
1066
1052
1030
1018
1044
1044
1004
950
968
980
976
990
1016
1050
1054
1068
1094
1128
1080
1034
1034
1058
1048
1034
1036
1044
1024
1018
1042
1054
1040
1030
1048
1048
1052
1036
1052
1038
1020
994
1020
1044
1048
1026
1040
1084
1066
1064
1072
1086
1080
1074
1042
1060
1078
1060
1030
1024
1040
1006
988
958
970
968
962
978
1044
1068
1060
1108
1150
1132
1100
1110
1138
1140
1170
1116
1072
1070
1086
1086
1048
1028
1038
1048
1048
1026
1062
1090
1062
1046
1060
1120
1124
1114
1074
1070
1100
1108
1082
1048
1074
1070
1066
1036
