626
710
752
738
758
766
750
768
480
942
744
730
780
746
746
726
736
732
722
758
736
742
748
758
752
738
770
756
738
742
736
732
736
714
726
730
710
740
722
732
744
760
738
762
748
740
744
758
756
748
734
702
710
718
708
718
720
696
706
694
686
702
692
684
732
724
716
722
722
724
724
714
738
748
748
748
738
736
738
746
746
764
742
740
756
746
744
734
732
740
762
734
732
734
736
736
744
722
724
764
758
758
750
738
752
752
744
742
734
732
742
728
740
738
728
746
744
754
754
744
756
760
754
752
746
742
750
758
740
740
746
764
752
742
772
750
746
750
764
760
754
758
752
750
752
746
742
760
740
756
746
734
748
766
752
736
756
764
764
750
780
754
768
762
754
762
760
756
754
754
764
762
752
762
766
756
734
700
696
712
710
710
702
696
702
700
694
684
698
702
712
698
710
716
726
726
734
722
726
722
732
722
716
716
720
720
740
754
742
738
522
956
760
740
770
756
752
752
760
756
744
738
746
750
742
746
744
742
746
744
746
736
748
752
756
758
752
762
748
758
764
750
760
772
764
770
770
754
758
768
744
742
746
762
756
740
760
752
760
750
768
778
754
766
766
778
760
788
770
752
766
764
738
752
746
764
748
746
730
734
736
744
724
744
736
744
758
762
756
776
760
744
744
734
722
716
728
714
774
754
736
742
758
758
766
764
742
746
746
748
742
742
750
748
744
746
760
746
754
730
742
750
736
748
742
736
726
726
730
720
700
712
724
726
728
732
690
696
692
692
664
670
684
686
678
688
658
668
674
662
668
682
666
472
780
642
648
692
674
662
656
662
668
660
672
682
666
714
712
720
728
724
742
740
750
752
738
742
744
744
734
720
744
752
750
736
740
758
738
736
744
744
742
730
734
736
754
760
764
774
764
772
768
764
754
718
746
752
728
744
734
764
750
740
760
748
742
744
746
738
742
746
710
726
736
722
772
760
736
756
746
744
742
736
756
764
762
758
750
750
760
758
760
748
748
746
750
746
744
756
766
762
764
746
742
746
760
758
740
768
750
746
740
732
740
728
734
746
730
768
756
748
776
794
802
788
794
748
774
756
740
740
738
734
724
760
766
764
770
752
744
756
752
740
712
730
732
724
772
770
752
778
766
760
764
762
750
738
752
744
744
748
724
706
710
710
710
758
752
726
740
732
740
724
756
744
738
764
756
754
762
750
752
762
758
736
760
754
744
748
742
742
748
738
744
752
742
722
712
714
696
450
850
692
666
710
668
646
658
656
660
642
696
680
664
668
684
678
694
710
710
722
714
722
708
712
714
710
744
728
744
742
744
740
756
746
732
732
736
732
726
726
734
736
734
722
722
718
728
716
744
748
740
754
744
750
746
742
724
722
722
736
734
724
746
736
758
750
746
742
754
764
744
754
756
766
768
768
768
762
782
772
782
772
776
750
756
754
756
746
752
768
734
778
764
770
782
782
768
762
766
766
780
764
766
758
740
744
752
756
758
762
766
758
764
760
768
744
758
748
764
756
752
748
746
748
748
742
754
752
754
756
746
734
744
742
742
754
746
750
752
732
738
734
732
728
722
720
728
714
702
712
706
694
732
732
736
734
728
732
722
734
764
748
752
752
748
756
754
740
744
768
760
774
760
748
744
740
752
754
796
760
764
786
780
768
772
752
746
762
734
760
760
772
776
780
786
786
768
762
754
756
754
760
748
766
760
768
766
758
764
780
776
768
774
790
784
774
780
744
758
766
760
746
740
746
742
746
734
756
744
756
752
754
746
734
744
752
758
762
740
760
790
804
806
786
796
792
790
792
760
736
444
974
750
536
920
752
490
902
726
546
886
720
530
914
730
498
936
726
730
778
744
750
748
750
752
764
754
584
920
772
750
790
762
744
766
764
764
756
752
754
744
758
752
762
754
768
760
534
922
754
748
788
756
740
748
750
730
762
750
764
784
776
776
760
774
780
768
772
754
778
774
778
774
766
794
766
748
760
774
764
774
756
760
754
762
742
760
738
774
756
752
764
764
748
780
746
728
722
708
686
694
682
676
662
654
662
658
662
668
672
672
670
666
670
666
668
676
686
690
700
688
700
708
700
708
714
710
706
706
702
698
702
696
698
704
682
726
730
726
738
728
714
736
722
718
722
720
726
718
732
740
738
740
748
752
750
746
748
756
730
424
988
764
738
774
744
732
730
722
704
710
710
692
694
686
680
680
672
718
732
724
744
742
742
742
736
740
746
752
742
748
738
740
740
748
740
732
744
740
754
748
742
744
752
746
744
744
742
748
758
758
766
758
758
758
754
764
754
764
770
762
750
774
756
762
756
764
742
718
722
728
720
714
714
738
720
732
728
710
744
726
724
722
762
750
742
766
746
752
740
736
736
744
738
774
758
746
770
762
748
762
780
778
766
758
760
768
762
756
752
776
756
732
730
724
716
722
716
734
710
726
554
898
740
744
740
720
726
726
724
728
730
740
716
734
718
738
750
744
732
762
744
738
738
714
730
722
724
728
726
734
714
746
750
766
764
762
780
768
762
762
758
762
758
758
744
740
500
932
744
732
762
744
750
740
734
734
722
768
744
734
756
768
770
758
744
762
754
750
734
742
748
748
740
738
750
750
752
746
742
754
764
746
750
758
770
758
752
756
750
740
738
738
748
750
750
750
756
760
542
962
762
560
926
748
536
928
752
582
894
752
520
922
720
528
952
748
558
882
750
510
850
714
686
738
704
690
692
684
686
680
684
688
678
688
688
700
706
710
704
710
708
710
714
714
710
716
728
726
724
724
720
718
732
726
718
732
728
726
742
742
736
762
766
762
758
746
746
756
740
754
582
880
738
724
776
746
718
720
728
738
724
744
732
752
760
752
744
742
756
762
756
742
748
744
750
734
738
732
740
730
726
740
724
722
730
734
726
756
748
746
744
762
756
752
758
738
734
744
742
752
736
754
746
744
746
738
724
734
744
746
726
764
752
738
768
754
766
768
754
748
766
764
762
752
780
760
754
754
750
738
744
738
754
734
766
744
752
744
756
756
772
756
752
744
730
734
730
736
742
748
742
746
730
712
688
678
674
688
688
694
696
684
684
694
674
704
712
714
718
700
726
720
700
696
688
700
698
680
724
714
722
732
726
718
710
720
728
726
726
718
724
746
728
728
738
736
738
740
742
744
742
736
750
754
762
756
752
754
766
756
748
742
764
766
762
744
744
752
766
750
738
752
758
758
750
740
744
752
746
740
748
744
760
750
754
748
734
736
730
732
746
748
742
744
748
746
752
736
746
740
728
750
748
762
754
748
770
764
776
766
768
770
764
758
766
776
780
774
784
752
770
760
770
766
762
764
766
762
756
756
762
764
770
774
768
776
778
778
786
774
756
764
762
762
768
748
746
742
750
734
744
742
736
744
744
520
902
742
516
926
768
732
766
742
728
746
728
736
718
738
738
722
750
758
748
764
762
746
752
760
746
744
740
744
744
534
902
752
742
774
748
720
718
714
710
702
704
688
702
700
682
678
670
670
656
668
666
662
668
672
674
668
684
678
680
686
682
696
672
700
708
722
720
720
734
740
732
732
754
732
718
726
730
720
726
722
710
708
710
714
706
702
688
696
694
698
706
710
698
734
732
718
732
742
742
730
750
732
754
752
752
758
752
760
756
754
756
760
752
762
754
740
748
744
740
752
740
744
756
752
748
752
752
758
754
750
754
760
748
754
750
750
756
758
748
758
762
744
746
756
752
748
748
744
740
742
750
760
738
764
768
760
756
742
762
784
776
770
756
748
746
740
740
732
764
756
756
752
742
764
734
720
738
740
742
736
738
742
748
744
748
746
740
754
760
756
760
760
750
754
756
748
746
754
742
738
728
730
738
728
742
742
750
750
734
754
752
760
758
762
740
764
744
730
740
732
718
720
732
734
726
722
730
732
720
734
754
740
740
748
744
750
742
742
750
748
740
728
726
754
774
752
774
730
734
746
738
738
728
730
734
724
744
748
750
746
746
754
764
758
742
738
744
732
742
732
730
734
734
738
714
718
714
706
694
762
740
748
722
712
724
716
730
718
708
714
722
720
730
720
728
718
746
742
736
748
744
752
750
758
746
754
732
738
730
728
714
728
744
742
738
746
720
710
730
714
720
722
740
746
754
756
748
740
762
768
764
772
754
740
744
748
738
746
740
736
748
746
752
758
752
758
762
760
764
768
754
764
758
754
744
740
744
748
738
728
474
918
752
566
874
730
530
886
726
550
860
730
706
744
734
722
728
736
744
782
786
760
768
774
754
786
754
738
744
742
724
718
730
732
726
710
718
712
722
726
720
498
898
748
728
754
732
734
726
724
726
716
730
718
732
738
742
732
734
734
726
734
738
740
724
726
728
730
720
736
732
716
744
744
742
732
758
748
742
756
746
736
730
742
736
726
710
720
728
734
734
734
744
740
738
736
732
728
744
746
742
736
728
728
738
732
728
738
728
746
742
730
730
728
722
748
736
722
722
734
740
744
722
742
744
742
756
738
730
730
734
740
746
728
722
728
726
730
728
750
726
736
740
728
734
734
732
728
738
738
742
714
726
726
714
730
736
724
730
710
726
716
722
726
728
724
726
516
892
730
720
772
742
724
718
716
722
710
726
738
724
712
716
722
716
708
686
698
694
702
714
706
710
712
712
708
718
700
706
710
714
704
706
710
714
708
712
694
732
732
732
742
744
750
736
722
728
722
724
738
720
724
726
728
740
738
746
740
746
748
738
744
714
732
728
710
742
736
728
734
732
726
744
742
742
734
740
734
744
736
734
750
756
746
762
768
764
760
752
752
736
744
738
754
748
744
742
756
734
766
776
754
758
762
766
748
752
774
768
768
772
746
752
762
754
740
712
726
714
754
746
740
740
758
742
752
744
742
754
766
758
770
744
776
760
762
766
754
742
744
752
752
740
740
734
736
746
746
744
744
750
748
748
752
740
754
754
760
762
756
748
724
742
736
742
746
702
718
714
728
738
730
512
938
760
748
788
732
736
740
730
734
748
746
750
746
754
744
738
736
746
738
736
702
710
708
686
706
708
710
712
710
704
698
718
724
720
746
722
736
738
730
732
732
728
744
756
742
738
730
718
750
774
752
752
532
928
752
726
776
758
736
722
720
734
718
740
740
736
748
730
758
742
734
758
752
754
752
752
750
744
742
746
758
764
756
752
766
766
764
756
760
730
748
740
744
736
706
708
702
688
758
760
752
758
768
760
754
768
530
954
786
764
790
748
724
740
728
734
756
746
752
756
740
732
718
722
726
710
760
752
746
742
762
748
760
750
752
734
728
734
740
730
718
740
726
746
736
744
714
708
704
704
686
740
736
710
744
728
722
734
724
726
720
744
732
730
734
706
724
708
724
732
734
718
726
734
736
740
724
736
764
748
744
740
736
754
766
742
744
738
748
748
734
726
738
758
746
750
734
728
742
746
752
754
760
752
736
752
754
736
760
762
764
754
768
742
742
740
750
742
728
734
740
742
742
740
734
748
728
748
760
752
754
740
750
754
750
740
744
736
746
742
748
740
746
752
750
748
752
744
746
750
766
766
776
768
770
764
750
744
760
788
768
764
774
760
750
750
738
734
744
734
734
746
744
740
748
746
738
752
744
734
728
742
744
748
750
744
756
762
754
748
724
744
742
738
726
732
718
728
722
730
724
732
734
732
740
734
724
728
732
728
728
732
732
724
730
738
728
726
724
728
742
730
732
736
722
730
736
722
736
724
722
718
736
730
728
736
718
744
730
744
744
746
742
734
714
722
728
724
732
718
706
720
728
710
744
732
742
736
740
552
906
748
728
770
744
714
708
702
700
700
724
710
740
732
732
724
718
720
728
738
732
720
718
742
724
706
714
706
704
676
672
672
670
680
676
674
670
656
722
700
690
708
710
712
720
734
738
744
746
738
736
726
734
730
766
748
732
740
744
742
736
758
736
740
754
744
754
730
748
740
742
750
744
748
758
746
758
744
742
742
742
740
734
732
738
736
742
732
740
754
754
760
754
758
764
752
750
734
742
738
752
752
752
756
750
750
756
746
746
752
742
752
758
752
748
750
748
756
754
750
746
752
750
746
750
710
734
724
702
738
738
740
742
738
734
746
744
752
756
762
762
758
742
762
778
786
792
780
782
780
794
782
762
766
758
748
728
722
720
714
718
712
728
718
750
748
744
750
746
750
756
754
756
758
746
746
772
760
744
756
752
742
754
752
750
740
482
960
764
754
800
766
754
760
764
752
766
750
784
782
780
772
764
774
756
756
778
784
758
748
744
738
734
722
722
736
742
744
742
744
738
766
770
766
778
782
776
770
770
770
758
758
754
760
758
772
778
768
768
764
772
784
776
770
784
794
790
780
794
784
782
778
784
774
778
784
770
756
760
768
752
762
764
766
766
750
758
752
768
772
774
772
768
764
764
764
758
768
756
766
732
744
748
748
752
740
752
740
774
774
766
758
768
780
776
764
752
756
764
762
750
738
762
760
760
752
754
748
746
750
764
766
754
756
756
770
772
750
760
770
768
760
748
760
768
764
756
746
768
764
764
758
544
960
776
588
948
770
560
888
744
726
772
740
736
742
744
754
474
1050
770
756
796
766
732
736
738
742
734
758
750
752
746
756
754
782
768
764
788
754
790
756
772
764
784
768
778
766
776
760
458
1004
772
762
804
778
770
762
752
758
752
746
776
758
758
762
760
762
758
754
766
764
772
770
766
754
774
776
780
768
770
776
762
758
778
762
790
764
770
772
762
760
758
762
786
778
760
754
760
776
770
760
754
766
780
794
770
764
766
768
780
784
776
768
776
758
766
774
750
736
742
740
756
756
760
760
750
760
756
760
764
750
756
752
740
788
760
782
770
752
776
772
746
738
742
728
728
748
752
748
748
760
738
758
748
754
766
768
772
750
748
760
748
728
728
732
738
728
734
740
728
746
748
756
758
762
758
764
756
750
724
468
924
764
562
928
748
556
866
726
718
766
738
762
756
766
780
758
778
770
754
774
766
742
728
738
732
730
732
718
726
720
728
724
724
530
856
714
704
750
726
698
694
684
696
682
688
682
680
690
692
700
694
702
702
698
694
700
710
696
708
712
716
720
712
716
720
726
730
722
728
726
730
730
734
712
728
726
724
730
730
734
726
732
728
728
722
734
728
724
720
718
722
720
722
720
726
734
728
716
762
754
752
742
756
758
764
756
768
760
756
752
746
756
744
740
748
754
756
740
750
770
778
772
788
784
754
754
752
744
728
742
742
736
732
726
718
726
726
722
732
734
726
750
762
748
746
760
760
748
746
760
756
752
738
742
752
774
762
748
766
752
760
750
750
752
744
746
742
748
738
720
730
730
726
734
730
726
756
756
748
738
730
738
752
742
732
532
928
750
724
760
720
728
736
726
708
718
714
750
762
740
744
764
750
742
748
746
750
730
738
740
756
764
744
720
730
722
728
720
730
740
730
736
740
736
736
736
738
736
748
744
736
748
748
736
748
736
732
732
736
736
726
736
730
742
738
742
748
738
746
758
732
782
754
770
768
762
748
738
756
746
762
752
730
754
736
752
762
758
750
756
750
746
748
744
740
756
752
756
734
748
742
754
748
742
742
746
728
744
738
742
756
760
752
766
756
742
748
742
732
746
736
750
758
748
758
742
754
748
754
744
462
950
752
556
936
736
522
946
752
744
778
738
730
710
742
726
774
736
740
750
756
746
760
740
724
756
742
736
726
740
728
744
742
740
750
744
750
754
752
738
742
746
752
740
742
752
750
756
752
734
732
726
704
714
710
698
684
692
684
680
680
670
672
672
678
674
666
674
668
662
658
654
658
660
650
664
644
688
704
688
712
732
728
732
738
732
744
752
742
712
724
718
724
728
718
722
728
724
722
722
720
716
714
704
712
712
724
716
730
732
740
734
730
732
736
728
736
740
730
730
708
720
718
728
708
716
720
726
726
734
726
720
722
726
722
734
742
732
734
720
720
722
710
716
734
742
742
740
736
742
758
750
738
728
736
746
750
746
732
730
724
734
730
736
732
738
744
748
748
738
740
734
762
756
750
746
752
748
740
750
758
762
748
754
766
750
754
738
736
724
736
728
736
744
742
738
746
746
734
742
736
726
734
730
752
748
748
736
738
756
762
756
754
744
762
758
762
754
754
750
756
754
750
496
944
744
738
778
748
724
710
734
738
736
732
748
728
786
766
760
784
768
758
786
766
768
766
770
754
766
744
746
758
742
740
734
708
730
722
748
736
734
744
760
764
766
766
766
754
746
764
742
770
754
748
736
732
728
724
724
702
686
686
686
694
684
672
678
682
682
686
422
852
694
688
724
674
652
630
648
630
678
676
686
674
686
686
696
698
704
704
708
708
712
714
710
708
714
732
726
730
730
722
720
716
734
718
720
720
722
714
722
728
720
730
728
712
750
754
742
764
756
704
720
724
708
728
744
730
750
742
708
726
722
724
718
748
742
738
728
726
716
738
728
710
708
708
694
736
760
750
744
748
768
758
746
770
758
774
760
732
736
746
730
750
746
744
742
748
714
704
720
712
692
738
742
738
750
756
750
754
748
748
754
758
756
740
736
744
752
742
742
748
744
752
748
736
756
750
746
756
744
756
760
744
738
750
764
772
752
752
758
764
756
746
750
764
778
770
766
774
770
764
776
776
772
796
786
766
768
762
748
760
750
736
778
774
766
764
770
770
770
760
768
764
760
760
782
766
756
750
758
762
750
756
758
754
758
760
762
750
776
762
766
772
790
764
776
782
776
790
776
784
776
764
768
796
766
784
784
772
758
764
750
754
792
754
764
760
772
762
750
750
760
766
760
750
780
768
748
746
738
728
736
738
738
740
728
718
732
718
728
728
730
726
726
730
736
722
728
722
726
742
742
744
736
740
756
756
756
750
750
742
750
754
752
762
758
760
762
768
760
764
756
744
760
748
758
762
742
750
756
754
756
736
738
744
726
766
754
754
760
760
770
754
744
742
754
736
738
744
732
742
754
750
748
752
754
756
728
720
720
720
702
718
704
710
718
704
696
708
706
708
718
720
708
742
740
726
728
738
750
744
742
730
744
754
744
756
734
540
938
760
746
768
746
730
744
740
740
742
748
732
746
762
750
746
764
756
758
754
752
748
750
742
744
736
730
758
762
778
764
756
762
762
758
778
760
770
766
766
762
752
750
758
762
764
754
758
764
758
758
742
744
766
778
770
768
758
770
770
772
770
766
756
760
760
766
768
746
758
754
750
750
752
728
720
740
732
726
744
722
774
762
756
780
768
762
776
778
766
768
754
756
760
742
738
754
754
754
768
758
762
758
762
752
748
756
752
752
758
758
760
750
752
760
752
740
728
734
728
738
734
734
742
722
766
768
766
768
782
758
760
758
748
750
748
754
756
770
750
738
740
746
730
718
738
724
738
732
732
740
734
734
724
750
734
740
750
744
752
748
740
756
754
758
744
740
732
746
754
764
768
750
748
758
756
758
774
780
770
750
754
744
738
724
736
716
766
766
754
778
760
760
758
764
760
758
756
740
748
756
754
746
750
750
750
752
766
760
762
764
760
762
764
766
764
770
766
768
762
752
752
742
748
748
742
734
726
728
726
712
742
528
900
730
718
782
742
730
732
728
736
752
742
746
760
754
760
754
754
758
754
738
778
772
758
770
770
760
748
774
758
744
758
752
748
736
734
752
750
752
748
754
746
738
738
754
756
746
748
754
740
746
732
724
742
728
722
722
730
708
714
724
722
734
732
714
748
750
736
730
756
762
762
766
750
750
760
750
744
748
750
766
758
758
748
762
572
758
766
754
760
772
766
750
750
756
746
752
760
736
762
748
728
762
752
744
732
754
738
756
746
752
750
740
732
778
758
774
786
780
748
760
762
762
756
746
730
728
730
724
742
734
728
744
742
744
740
756
734
770
762
750
782
770
766
786
768
768
766
766
754
746
734
744
734
752
752
748
738
754
750
740
732
740
734
732
748
748
744
742
756
764
760
764
744
752
742
754
752
756
764
776
762
750
776
764
754
762
740
742
748
738
738
728
730
724
768
752
736
754
760
758
738
742
758
754
758
756
740
738
736
732
754
746
744
742
742
748
754
740
740
552
942
766
746
782
752
744
744
754
738
750
762
756
760
762
756
752
754
764
762
768
750
748
750
754
752
746
752
754
752
756
756
742
738
736
742
738
762
754
764
762
764
764
750
754
784
772
772
772
768
788
778
756
770
762
768
736
754
758
748
750
748
754
754
754
760
670
758
768
760
776
768
762
768
752
750
758
744
754
726
728
738
730
738
728
734
740
734
738
742
748
734
760
758
748
750
758
760
760
752
746
748
764
750
742
764
742
746
750
746
740
732
744
742
728
726
726
730
728
740
738
748
742
744
754
730
754
734
742
736
742
742
734
730
746
748
748
742
766
742
722
720
722
720
720
702
704
716
708
704
712
716
710
698
724
724
736
750
750
728
760
740
724
754
756
740
742
750
756
764
748
744
756
768
752
760
780
760
768
766
760
756
762
762
762
764
758
748
756
762
746
758
766
756
756
764
762
758
766
762
752
760
760
742
722
730
712
756
772
762
756
766
754
750
754
756
768
772
758
768
748
754
748
758
764
760
760
774
764
758
750
776
766
762
756
756
738
740
746
746
746
742
744
754
760
756
756
756
762
756
756
750
750
746
754
754
744
736
744
730
724
720
702
698
694
690
690
692
670
682
682
684
662
664
662
670
664
674
684
690
682
684
692
674
686
690
684
688
676
724
720
732
738
744
736
750
738
744
718
716
696
694
706
698
704
692
700
682
732
730
720
742
742
748
748
512
962
758
744
794
768
748
758
758
742
748
750
752
750
738
716
726
724
716
734
730
730
722
730
738
744
742
742
716
728
734
712
708
704
690
688
690
694
696
690
696
708
704
702
696
680
696
692
694
668
684
674
694
686
680
654
682
674
670
678
686
686
682
692
688
688
676
596
494
520
482
480
450
616
660
688
654
674
524
870
706
712
700
678
672
682
684
680
672
720
702
702
718
722
718
714
722
736
732
736
716
728
742
752
748
528
946
746
756
752
724
728
740
732
726
748
742
736
740
744
754
762
754
768
774
764
768
764
758
766
760
754
768
762
752
752
756
750
754
746
730
726
716
708
704
710
708
712
670
668
664
670
660
686
656
708
724
716
702
704
716
716
720
718
730
746
744
726
724
738
764
780
762
760
764
764
748
760
754
758
770
774
766
764
756
764
766
772
778
768
764
756
746
772
754
768
762
750
764
758
764
748
744
726
730
460
958
754
540
930
738
736
782
762
774
778
784
782
778
752
774
754
750
778
772
752
766
776
768
756
762
788
790
768
798
786
760
770
756
768
760
736
732
732
734
750
752
750
754
764
506
968
752
528
972
760
510
972
750
512
980
756
512
974
754
484
970
738
482
956
746
518
948
734
480
938
740
488
956
738
476
968
740
490
954
746
532
954
748
734
774
758
724
732
742
738
742
744
746
750
736
720
734
744
724
758
760
752
754
754
752
768
768
772
768
782
780
764
794
780
768
774
756
762
754
752
748
750
750
750
756
746
746
746
742
750
754
750
754
738
764
766
774
756
760
754
778
788
788
776
764
768
770
778
782
774
766
774
780
774
760
760
756
796
792
780
772
788
774
770
754
738
750
760
770
774
766
766
778
776
764
788
774
780
782
776
788
750
778
778
760
764
762
764
756
758
754
726
728
738
734
728
718
748
752
756
750
764
766
762
762
770
770
754
744
738
748
746
738
734
732
750
752
742
736
548
960
762
754
788
770
766
750
748
746
744
762
762
758
760
768
732
744
740
754
742
748
754
756
752
758
764
760
760
764
750
766
750
732
736
732
720
756
748
760
750
758
748
738
752
758
