928
938
1044
988
986
996
924
918
944
900
916
976
944
924
914
900
888
890
884
884
888
910
900
868
998
936
932
928
714
752
644
912
682
748
814
962
762
832
846
848
874
936
956
986
1056
850
926
882
878
850
858
830
816
836
840
860
868
870
868
858
860
854
860
860
848
868
860
866
858
858
836
834
830
838
830
826
804
834
860
858
830
886
660
1074
940
888
820
886
780
896
900
672
756
1088
710
604
788
1074
936
960
630
786
626
634
1244
920
1060
1030
1026
1134
1150
1140
1118
306
852
1054
1128
998
958
1078
1020
956
922
1046
1036
866
1494
1070
1176
2098
1368
1310
1410
1366
1324
768
1066
1082
1084
1072
1116
1106
1094
1106
1096
1088
1124
1072
1024
1032
988
1038
1004
1028
1032
940
1082
1110
1174
1116
1122
1110
1140
1094
1102
1088
1104
1104
276
812
1022
1008
1064
1108
1090
1084
1052
1062
1046
1062
1048
1056
950
1116
1046
1058
1070
1006
978
970
918
952
822
860
850
614
718
1010
918
968
974
1068
1030
1014
970
1052
124
878
996
954
986
1054
1114
1138
1082
1096
1110
1110
1060
1066
1064
1052
1006
998
944
1100
1088
1060
1102
1080
1004
128
890
1118
982
1112
1072
1072
1098
1068
1218
1116
1180
1252
1178
1186
1224
1214
1200
1210
1192
1216
1188
1164
1144
1174
1134
1102
1142
1132
1114
1102
1138
1140
1128
1132
1130
1154
1220
1294
1230
1296
1358
1330
1266
1462
976
1214
1284
1334
1284
1282
1282
1228
1248
1238
1262
1262
1322
1234
1228
1212
1170
1162
1162
1162
1106
1054
1164
1130
1188
1158
1174
1162
1188
1206
1170
1282
1208
1256
1244
1304
1282
1298
1300
1268
1304
1310
1284
1234
1236
1214
1192
1202
1210
1244
1246
1204
1280
1260
1206
554
440
1244
734
1404
878
1314
1146
1122
1082
1108
1244
1316
1296
1368
1306
1198
1218
1200
600
1586
1102
1090
1158
1152
1116
1122
1136
1236
1200
1174
1180
1170
1256
1252
1218
1208
1248
1238
1244
1236
1260
1262
1278
1252
1274
1198
1178
1154
1176
1128
1266
1252
1304
1246
1230
1234
1244
1234
1188
1194
1196
1252
1250
1192
1132
1146
1112
1076
1044
1044
1076
1068
1174
1158
1220
1204
1216
1224
1190
1196
1166
1142
1144
1146
1140
1138
1172
1180
1148
1274
1192
1232
1258
1258
1232
1220
1244
1294
1248
1522
1044
846
1526
718
1476
1162
1154
1164
1200
1164
1342
1324
1280
1306
1294
1298
1316
1252
1280
1302
1288
1250
1286
1270
1244
1196
1210
1200
1184
1172
1176
1190
1196
1198
1164
1158
1132
1106
1116
1160
1166
1142
1156
1222
1190
1178
1196
1178
1200
1206
1166
1172
1182
1184
1142
1130
1158
1188
1164
1190
1194
1234
1186
1234
1244
1246
1232
1232
1202
1162
1148
1174
1188
1184
1154
1168
1206
1218
1206
1180
1174
1144
1124
1076
1050
1006
978
1008
1006
1014
1002
986
978
968
974
996
980
1040
1114
1176
1150
1168
1234
1166
1248
1272
1326
1292
1300
1306
1294
1322
1286
1326
1298
1238
1274
1320
1314
1296
1318
1498
1020
818
410
1328
868
1488
1138
1124
1244
1292
1294
1330
1310
1252
1204
1176
1186
1222
1220
1210
1208
1184
314
888
1158
1102
1198
1148
1144
1174
1172
1168
1156
1194
1188
1182
1168
1198
1150
1128
1164
1150
1118
1070
1068
1028
1018
1006
1020
992
1014
1036
1046
1100
1184
1182
1172
1232
1226
1292
1354
1340
1320
1380
1342
1348
1336
1324
1312
1334
1344
1358
1342
1314
1268
1290
1328
1328
1306
1232
1246
1290
1284
1262
1314
1290
1348
1250
1234
1244
1244
1228
1198
1206
1204
1226
1234
1250
1268
1254
1246
1204
1174
1214
1150
1214
1174
1232
1178
1248
1226
1284
1252
1274
1228
1204
1258
1280
1246
1196
1198
1258
1246
1208
1250
1268
1364
1334
1318
1366
1368
1314
1314
1300
1236
1272
1298
1308
1284
1242
1290
1272
1268
1238
1214
1252
1266
1256
1214
1232
1234
1224
1222
1204
1240
1256
1250
1242
1236
1248
1234
1244
982
1346
868
1416
856
1368
794
1426
1184
1174
1200
1322
1332
1302
1304
1318
1322
1336
1276
1258
1278
1262
1228
1392
988
1198
1314
1244
1314
1310
1276
1220
1216
1272
1186
1268
1304
1300
1262
1248
1202
1172
1178
1212
1152
1254
1222
1286
1248
1252
1256
1180
1214
1198
1184
1164
1208
1210
1204
1200
1204
1204
1250
1212
1194
1256
1266
1232
1206
1204
1248
1258
1200
1168
1182
1220
1218
1218
1208
1222
1202
1228
1276
1254
1260
1262
1258
1282
1254
1226
1206
1246
1260
1244
1192
1220
1232
1238
1216
1192
1224
1254
1234
1232
1252
1234
1228
1246
1244
1242
1252
1256
1232
1206
1250
1246
1240
1238
1264
1268
1192
1200
1248
1214
1202
1202
1238
1236
1242
1266
1262
1250
1228
1192
1182
1170
1292
1258
1266
1254
1224
1202
1186
1170
1224
1148
1264
1220
1282
1300
1272
1276
1234
1270
1286
1290
1254
1222
1266
1272
1260
1216
1224
1248
1276
1260
1278
1256
1278
1238
1218
1220
1272
1258
1260
1228
1216
1236
1240
688
1598
848
1418
900
1444
860
1414
798
1474
1200
1188
1234
1416
868
452
1344
830
1562
902
1454
1196
1202
1230
1236
1304
1364
1382
1374
1418
1298
1306
1302
1226
1232
1254
1228
1208
1204
1228
1216
1194
1166
1174
624
1664
886
1272
938
1290
900
1346
914
1386
826
1394
1200
1188
1198
1292
1336
1310
1372
1336
1252
1192
1206
1262
1248
1248
1194
1248
1234
1204
1190
1184
1198
1186
1218
1192
1260
1248
1268
1270
1270
1226
1270
1252
1220
1206
1258
1244
1204
1194
1228
1218
1206
1218
1192
1226
1212
1272
1242
1270
1276
1264
1290
1212
1210
1246
1230
1200
1180
1246
1234
1252
1210
1252
1244
1226
1222
1252
1236
1248
1276
1264
1280
1266
1286
1258
1270
1276
1260
1250
1272
1252
1274
1294
1304
1302
1532
988
1308
1216
1250
1180
788
1502
682
1594
1224
1192
840
1628
906
1548
856
1510
1280
1234
1304
1314
1428
1404
1406
1390
1326
1308
1240
1258
1260
1268
1264
580
410
1358
772
1552
916
1430
822
1426
882
1460
852
1490
836
1520
878
1472
1556
1138
846
1496
742
1658
942
1482
836
1428
904
1464
906
1476
822
1586
872
1406
920
1506
840
1498
878
1490
860
1436
1214
1216
1304
1430
1404
1360
1380
1352
1382
1236
1274
1270
1242
1212
1266
1260
1272
1234
1226
1254
1232
1206
1202
1288
1242
1298
1282
1286
1288
1302
1294
1230
1316
1310
1238
1160
1236
1214
1202
1168
1178
1244
1230
1240
1142
1170
1172
1128
1098
1080
1014
1012
988
956
502
1350
978
940
920
916
914
906
898
920
940
946
912
984
1014
954
1000
1058
1034
570
1352
678
680
838
704
1026
954
1092
1160
1346
1360
1316
1434
1404
1272
1282
1284
1266
1306
1272
1422
1382
1360
1304
1230
1198
1182
1144
1112
1076
1024
1048
1048
1058
1072
1158
1138
1192
1176
1140
1130
1134
1150
1146
1142
1184
1182
1236
1192
1274
1262
1324
1322
1292
1324
1312
1334
1326
1330
1266
1342
1326
1330
1342
1336
1310
1302
1314
1318
1294
1290
1298
1326
1296
1266
1308
1308
1294
1264
1280
1272
1250
1248
1268
1230
1248
1224
1266
1348
1324
1286
1338
1304
1310
1298
1270
1332
1344
1334
1256
1194
1172
1124
1146
1182
1178
1164
1280
1208
1258
1232
1252
1364
1326
1314
1246
1290
1316
1300
1294
1324
1322
1310
1328
1302
1326
1316
1308
1310
1302
1320
1316
1282
1278
1308
1302
1288
1296
1258
1574
1040
820
1666
768
1532
1154
1616
1022
1366
1492
1402
1442
1378
1330
1294
1288
1298
1302
1246
1232
1304
1256
1296
1242
1270
1364
1324
1264
1292
1274
1334
1262
1288
1246
1272
1282
1268
1334
1310
1328
1338
1308
1324
1324
1290
1302
1310
1306
1354
1346
1350
1336
1368
1276
1322
1346
1270
1336
1368
1260
1258
1292
1274
1230
1308
1274
1292
1250
1220
1276
1288
1254
1296
1292
1284
1278
1292
1258
1242
1310
1302
1290
1226
1294
1282
1268
1288
1330
1290
1212
1172
1248
1228
1262
1260
1234
1238
1252
1214
1182
1238
1264
1208
1260
1220
1232
1218
1250
1192
1206
1260
1228
1180
1230
1206
1216
1260
1180
1212
1228
1192
1120
1190
1190
1186
1128
1196
1190
1150
1092
1084
1030
998
972
1014
958
958
948
930
930
914
892
888
556
1186
868
552
1210
864
918
892
894
906
990
1012
996
990
988
998
1032
1026
1224
1240
1272
1300
1250
1186
1220
1226
1194
1188
1238
1242
1182
1188
1182
1346
1260
1266
1174
1188
1168
1112
1102
1056
1050
1046
1032
1044
1064
1050
1056
1056
1038
1102
1224
1224
1176
1262
1258
1272
1272
1250
1322
1348
1370
1354
1372
1364
1340
1340
1322
1346
1342
1334
1292
1250
1306
1250
1380
1316
1316
1332
1340
1320
1334
1348
1352
1326
1372
1284
1282
1264
1222
1232
1282
1220
1280
1210
1302
1274
1196
1198
1138
1088
1048
1034
1024
1018
1016
1014
992
984
968
516
1464
854
1188
1098
1074
1050
1080
1098
1104
1124
1184
1246
1186
1218
1272
1154
1170
1222
1214
1226
1266
1266
1308
1270
1310
1288
1316
1290
1328
1336
1264
1226
1196
1192
1144
1116
1060
1050
1066
1090
1172
1132
1208
1174
1174
1182
1148
1134
1150
1118
1100
1108
1086
1086
1098
1118
1160
1234
1290
1266
1300
1296
1278
1316
1310
1294
1306
1262
1344
1306
1254
1200
1174
1150
1116
1074
1052
1040
1076
1060
1044
1076
1052
1038
1024
1016
522
1448
1008
1022
970
960
954
954
952
1016
1142
1160
1232
1200
1194
1190
1188
1210
1200
1216
1208
1230
1202
1216
1212
1220
1202
1202
1182
1284
1264
1284
1264
1242
1240
1208
1226
1264
1250
1202
1190
1222
1232
1278
1278
1234
1196
1128
674
1444
1098
1038
1030
982
1048
1358
1382
1392
1386
1334
1266
1218
1186
1206
1220
1268
1362
1298
1328
1338
1310
1358
1336
1310
1332
1176
1118
1110
1074
1064
1078
1088
1138
1130
1094
1204
1150
1168
1148
1086
1062
1050
1030
1028
1026
1038
1050
1062
1060
1054
1048
1044
1042
1036
1012
570
1400
686
1380
1058
1124
1136
1230
1348
1468
1466
1454
1404
1354
1342
1350
1334
1306
1294
1264
1190
1234
1244
1230
1224
1178
1170
1130
1100
1126
1104
1084
1076
1058
1120
1116
1138
1112
1086
1054
1044
1028
1010
1018
1004
1014
526
1542
742
1328
1044
1046
1058
1004
1106
1044
1128
1112
1106
1062
1088
992
1082
1074
888
1050
1014
980
1082
1058
982
588
1072
922
854
1014
1154
1094
952
1068
1150
968
1170
1138
1242
1166
1208
1254
1146
1096
1130
1104
1108
1120
1132
1120
1012
1236
1134
624
548
1044
1034
972
1070
976
1030
1020
1018
988
1038
1022
1130
1146
1266
1198
1194
1198
1160
1160
1200
1236
1358
1276
1254
1242
1244
1252
1162
1142
1178
1140
1256
1286
1404
1266
1188
1176
1230
1210
1236
1190
1538
1230
1242
1300
1188
998
948
994
986
992
964
982
1000
990
978
1004
940
934
932
926
932
996
1036
988
1108
1028
1034
1018
1018
994
984
1034
1010
1092
1018
1144
1088
1068
1102
1036
1052
1068
1066
1048
1152
1084
1094
1040
1016
1006
1006
1006
1034
1152
1146
1178
1126
1104
1066
1060
1092
1122
1118
1130
1136
1152
1080
1122
1102
1120
1110
1112
1110
1110
1096
1082
1104
1114
1108
1086
1286
1142
1202
1118
1090
1076
1116
1106
1098
1104
1100
1084
1080
1064
1074
1094
1082
1234
1140
1162
1166
1076
1044
1010
1052
1024
976
1084
1224
1128
1068
1060
1050
1006
542
1354
982
1044
1010
974
1114
986
922
770
620
1026
1036
978
1140
1106
1118
1114
1112
1108
1032
1044
1016
1044
1048
1088
1246
1202
1168
1212
1118
1112
1096
1090
1064
1040
1068
1098
1126
1188
1116
1112
1034
984
968
934
916
924
930
962
966
1026
1104
1018
1066
1124
1076
1076
1080
1104
1104
1106
1130
1128
1182
1144
1138
1200
1150
1074
1058
1012
998
1036
1094
1068
1130
1162
1134
1070
1048
1030
1050
1088
1102
1090
1080
1050
996
966
944
928
970
974
1048
1002
1042
1116
1072
1062
1106
1078
1124
1000
962
974
718
1210
954
988
852
1126
978
1020
1002
1010
1102
1074
1140
1120
1122
1108
1370
1188
1176
1160
1080
774
824
994
1172
1012
1132
1090
1114
1130
1114
1112
1128
1072
1060
1082
1022
1060
1102
1138
1112
1138
1138
1060
1026
1082
1072
1088
1112
1090
1118
1118
1024
968
936
930
946
984
984
994
1018
1004
1008
1004
1054
1096
1100
1102
1082
1146
1146
1122
1140
1106
1130
1180
1140
1168
1144
1128
1120
1090
1132
1128
1148
1144
1160
1158
1158
1162
1154
1140
1136
1120
1096
1116
1134
1142
1126
1186
1168
1182
1094
1072
1078
1088
1104
1106
1110
1100
1116
1088
1084
1098
1106
1060
1068
1014
1000
1056
1070
1036
1162
1080
1070
1062
1076
1116
1100
1110
1096
1098
1024
982
988
992
1030
1038
990
1066
1154
1094
1074
1108
1200
1160
1136
1168
1106
1094
1072
1052
1032
1058
1092
1048
1248
1156
1130
1112
1104
1058
1044
1064
1102
1122
1112
1088
1086
1086
1060
1020
1012
968
974
978
1010
1050
1074
1042
1034
1052
1070
1064
1216
1090
1090
1134
808
1328
1380
822
1062
1090
1002
1166
1104
1120
1092
1106
1120
1112
1128
1126
1114
1144
1110
1120
1112
1084
1080
1064
1020
1066
1086
1004
1176
1114
1102
1076
1044
1022
1004
982
1018
970
1152
1138
1232
1150
1210
1216
1098
1104
1112
1122
1140
1152
1142
1146
1156
1166
1164
1142
1174
1172
1198
1156
1156
1118
1088
1062
1048
1076
1090
1070
1074
1062
1050
1076
1256
900
1012
1048
1000
530
1562
746
1410
1076
1096
1108
1114
1120
1150
1228
1228
1246
1326
1296
1230
1178
1202
1224
1210
1232
1222
1230
1222
1216
1218
1280
1302
1326
1298
1354
1310
1256
1260
1240
1256
1274
1292
1284
1260
1236
1230
1226
1188
1174
1150
1162
1166
1164
1104
1084
1116
1158
1158
1162
1158
1150
1136
1154
1124
1250
1210
1180
1192
1196
1198
1212
1218
1190
1246
1250
1316
1284
1304
1290
1280
1292
1292
1246
1242
1246
1258
1272
1274
1268
1224
1220
1214
1216
1184
1132
1160
1164
1148
1126
1122
1140
1144
1112
1120
1134
1150
1124
1164
1188
1212
1178
1306
1224
1340
1272
1268
1356
1374
1384
1374
1390
1364
1344
1362
1356
1346
1368
1336
1324
1302
1296
1250
1218
1216
1238
1210
1204
1178
1168
1194
1190
1152
1148
1182
1166
1238
1232
1224
1232
1180
1196
1226
1210
1190
1210
1238
1212
1248
1316
1312
1290
694
494
1230
1216
1180
1256
1294
1350
1394
1366
1358
1384
1310
1224
1314
1314
1296
1194
1122
1170
1120
1106
1128
1066
1050
1066
1078
1066
1046
1108
1162
1084
1190
1256
1232
1196
1280
1236
1388
1396
1404
1384
1396
1402
1368
1408
1398
1364
1372
1362
1350
1338
1288
1256
1318
1328
1292
1222
1234
1218
1196
1198
1180
1242
1274
1206
1252
1258
1264
1256
1314
1298
1272
1280
1298
1312
1324
1354
1346
1392
1442
1450
1456
1466
1436
1378
1392
1398
1438
1416
1376
1376
1296
1290
1278
1292
1308
1308
1242
1212
1182
1184
1154
1182
1202
1184
1110
1152
1162
1128
1058
1032
1048
1046
1034
1052
1052
1064
1074
1074
1088
1066
1128
1084
1088
1080
1096
1094
1164
1228
1340
1358
1380
1376
1344
1374
1290
1210
1218
1230
1238
1204
1202
1154
1142
1138
1142
1098
1092
1092
1064
1092
1100
1106
1092
1098
1102
1116
1090
1092
1100
1116
1098
1126
1100
1100
1132
1128
1128
1116
1116
1124
1144
1138
1130
1158
1162
1200
1202
1200
1238
1200
1180
1206
1138
1088
1074
1074
1098
1102
1098
1086
1098
1090
1108
1076
1050
1012
996
562
1370
1138
1054
1064
1118
1108
1156
1096
1106
1238
1150
1196
1180
1204
1132
1076
1068
1112
1072
1016
1056
1072
1042
986
938
1092
996
972
1258
1038
1138
1098
1094
1078
1094
1070
1040
1056
1108
1052
1220
1262
1260
1270
1268
1320
1322
1264
1266
1246
1266
1272
1242
1240
1272
1304
1234
1222
1268
1212
1320
1254
1238
1208
1248
1232
1210
1210
1210
1224
1238
1216
1174
1174
1160
1142
1134
1132
1150
1148
1138
1148
1172
1122
1124
1136
1170
1160
1156
1142
1176
1222
1202
1212
1190
1172
1286
1230
1226
1238
1312
1268
1296
1266
1266
1274
1192
1210
1242
1200
1340
1260
1270
1268
1204
1174
1210
1210
1188
1168
1168
1136
1172
1152
1124
1140
1140
1172
1156
1122
1146
1156
1140
1152
1162
1138
1244
1208
1196
1182
1196
1218
1178
1222
1186
1300
1342
1252
1252
1232
1208
1188
1174
1192
1186
1146
1112
1140
1144
1148
1164
1232
1270
1284
1226
1238
1296
1310
1258
1242
1262
1310
1216
1306
1186
1194
1180
1190
1214
1288
1332
1262
1258
1270
1280
1278
1240
1248
1204
1210
1224
1170
1258
1220
1254
1176
1132
1156
1180
1124
1124
1166
1152
1242
1168
1188
1154
1112
1106
1116
1108
1258
1160
1100
1114
1110
1090
1112
1154
1148
1098
1114
1120
1134
1254
1196
1184
1192
1226
1192
1200
1212
1196
1170
1160
1160
1146
1106
1092
1130
1214
1320
1208
1286
1282
1256
1166
1136
1216
1226
1280
1234
1188
1188
1196
1194
1154
1198
1178
1238
1254
1188
1188
1184
1308
1236
1200
1266
1144
1114
1112
1126
1158
1132
1142
1162
1104
1208
1204
1288
1216
1284
1132
1096
1136
1098
1296
1198
1226
1216
1230
1158
1128
1146
1182
1208
1226
1212
1240
1202
1214
1190
1236
1234
1164
1190
1220
1206
1144
1156
1200
1198
1176
1154
1202
1238
1230
1190
1184
1126
1120
1140
1080
1218
1140
1138
1168
1158
1166
1160
1160
1342
1210
1242
1240
1274
1288
1234
1210
1230
1256
1290
1300
1218
1178
1134
978
1218
1258
1556
936
748
1406
778
1292
802
1248
820
1330
746
1362
764
1304
756
1286
1114
1048
1574
1522
850
1680
1272
1132
1178
1336
1232
1350
1344
1316
1364
1314
1254
1238
1188
1170
1184
1220
1190
1172
1266
1226
1206
1190
1148
1136
1156
1178
1152
1132
1142
1128
1130
1126
1150
1156
1126
1232
1222
1170
1178
1190
1180
1136
1130
1154
1152
1172
1196
1190
1192
1202
1184
1188
1176
1176
1134
1094
1110
1160
1144
1302
1234
1230
1170
1126
1090
1086
1110
1108
1114
1076
1226
1184
1194
1164
1144
1168
1262
1216
1164
1200
1228
1186
1116
1120
1128
1120
1320
1202
1196
1214
1276
1256
1246
1268
1174
1112
1118
1088
1334
1316
1318
1330
1350
1316
1172
1160
1186
1172
1134
1174
1176
1302
1226
1274
1206
1168
1164
1130
1120
1112
1106
1092
1062
1020
1036
1038
1036
1346
1266
1332
1252
1306
1300
1246
1184
1166
1156
1138
1112
1094
1068
1078
1076
1084
1056
1066
1048
1072
1086
1288
1090
1352
1498
784
1312
900
1176
864
1314
808
1294
920
1090
882
1166
1034
1102
1098
1102
1156
1242
1152
1148
1190
1106
1100
1114
1112
1100
1082
1096
1102
1060
910
588
456
1254
640
1484
1056
1058
1052
1128
1198
1292
1408
1394
1378
1360
1226
1172
1132
1112
1108
1122
1110
1270
1286
1218
1174
1166
1134
1116
1118
1152
1106
1226
1202
1156
1092
1140
1142
1162
1146
1170
1260
1220
1170
1136
1122
1086
1068
1048
1046
