716
658
644
636
634
638
640
622
624
624
638
632
626
634
630
622
626
632
632
624
630
626
624
630
632
638
634
628
628
624
646
640
642
632
642
634
638
642
650
644
642
642
654
650
654
656
652
650
648
664
648
648
656
650
658
644
642
646
642
650
638
646
630
644
656
648
654
644
650
660
644
644
638
638
652
652
638
636
632
660
678
640
636
634
628
648
642
642
448
826
622
654
634
646
652
654
644
644
642
642
654
652
646
634
640
640
652
648
476
670
500
958
656
660
532
772
662
658
662
654
664
656
662
656
660
656
646
650
666
694
650
652
646
648
648
646
652
648
652
650
654
656
652
488
834
652
652
664
654
662
658
660
656
644
662
656
642
658
636
664
658
662
670
658
648
668
648
662
650
658
654
650
646
656
662
666
650
676
654
654
426
442
516
580
414
888
658
464
846
644
464
866
656
552
774
636
604
710
656
644
646
648
646
638
636
648
460
818
638
616
666
652
636
640
640
644
644
652
648
658
626
638
638
646
636
642
634
644
646
644
632
638
632
628
638
622
640
602
660
632
630
532
730
632
622
640
648
634
628
638
634
632
634
628
628
644
640
644
630
646
652
664
646
644
646
640
656
648
644
640
640
652
650
642
632
648
644
670
648
640
636
640
646
644
634
648
648
658
660
652
662
658
670
670
666
656
670
666
666
664
664
654
660
664
658
658
654
658
658
664
666
654
660
650
654
658
662
668
656
650
660
662
660
654
660
704
688
666
458
812
688
682
656
662
668
668
666
662
666
652
672
660
658
654
656
648
670
650
646
656
654
642
648
656
640
650
656
666
662
646
654
664
658
658
644
644
642
668
656
650
652
646
658
654
674
646
644
646
636
634
632
642
644
640
628
638
540
736
640
642
624
634
642
638
632
640
630
646
634
638
632
488
774
632
626
640
630
632
630
634
636
630
636
638
640
638
630
626
632
642
644
630
632
652
666
656
650
648
640
638
642
650
648
644
640
668
596
730
660
654
660
670
666
652
656
660
666
656
660
510
806
650
660
642
652
628
680
654
662
654
656
642
670
656
652
640
650
670
652
658
644
650
686
664
656
646
650
648
652
658
652
662
648
652
666
656
658
664
666
664
638
658
656
658
664
652
642
648
646
648
642
644
652
652
652
664
642
648
646
660
648
656
478
818
640
644
644
636
640
648
644
668
646
640
644
628
634
630
626
632
636
630
634
626
638
602
670
634
620
628
632
624
626
638
630
636
632
638
638
632
636
634
628
650
650
640
642
638
638
632
640
642
646
642
638
630
640
642
638
644
472
600
822
674
642
618
638
640
654
644
652
642
636
668
664
660
674
664
666
660
650
656
648
648
672
648
648
654
658
652
648
644
652
660
662
654
644
660
642
660
658
660
654
646
652
680
650
648
664
680
708
668
656
662
650
650
654
658
664
654
662
666
658
664
660
650
654
658
670
648
654
646
668
662
652
650
658
658
656
660
658
656
664
654
660
646
664
658
658
660
652
642
638
658
648
638
634
634
674
644
632
634
620
630
632
626
626
626
630
630
630
630
628
636
638
636
640
430
828
632
484
786
632
586
680
632
626
632
636
630
638
632
632
464
780
648
612
648
628
632
630
600
670
634
634
636
632
624
644
652
634
638
632
634
650
634
648
660
644
642
644
652
656
650
656
642
662
646
640
650
662
656
650
638
666
642
640
654
648
660
648
650
658
660
654
668
652
670
632
668
656
646
644
656
660
656
650
674
672
630
636
660
638
634
656
640
652
650
636
660
656
650
664
646
650
662
660
650
642
644
660
652
638
656
658
662
660
652
664
648
658
652
576
718
644
658
668
654
658
654
652
652
662
638
642
656
678
672
648
646
652
642
640
650
654
652
650
642
662
658
650
648
654
654
648
658
642
656
658
648
644
650
654
648
650
640
648
656
646
668
664
652
640
644
646
662
644
650
644
636
646
646
650
654
640
674
652
640
632
628
650
650
644
652
646
650
662
654
650
648
662
676
648
542
770
638
654
654
644
638
636
638
650
642
640
642
634
644
638
632
634
636
644
646
640
644
646
636
646
638
648
636
630
644
664
666
640
640
640
636
632
634
628
626
630
628
634
618
620
626
634
616
626
626
624
616
624
624
634
624
562
684
624
628
624
630
634
634
646
634
642
636
638
630
638
634
652
634
634
632
630
646
638
640
468
802
664
644
634
630
642
628
648
644
642
638
646
662
658
646
674
654
554
758
644
662
658
656
672
642
648
646
652
652
660
638
640
642
652
648
644
656
648
660
646
636
626
642
646
644
646
650
648
656
686
652
650
646
642
658
648
654
650
664
634
650
656
660
646
638
662
648
660
656
600
696
654
642
644
642
628
654
644
654
652
642
650
662
652
640
630
656
662
652
656
648
648
658
654
648
638
634
650
678
644
626
626
624
636
630
634
632
624
626
632
638
632
630
638
634
630
616
630
624
638
628
632
622
622
628
620
626
624
612
632
622
634
632
632
626
638
636
642
630
634
640
640
636
634
642
638
638
644
664
642
644
636
636
634
504
760
640
642
638
644
644
666
660
658
656
658
652
654
650
656
652
658
658
656
662
654
646
648
650
660
654
654
648
660
658
644
652
664
658
662
656
656
660
654
662
664
652
702
660
666
652
652
658
654
674
680
670
644
670
690
658
674
658
656
676
680
666
664
662
664
666
658
662
646
628
662
658
458
828
708
666
678
628
706
664
670
682
668
656
662
668
680
654
660
668
506
484
1046
622
690
656
660
654
664
642
648
662
656
540
774
644
636
684
656
652
644
664
654
508
798
650
662
654
660
646
438
866
666
632
698
666
662
656
664
660
654
674
656
652
452
848
492
810
686
660
664
640
658
660
658
520
810
652
646
658
664
682
670
662
670
684
684
678
660
670
658
658
660
654
656
674
666
660
660
640
690
656
658
642
654
648
672
672
668
646
458
874
654
648
658
666
700
674
672
670
646
670
648
666
670
670
648
668
678
668
664
496
796
698
652
650
652
660
658
656
560
736
642
610
666
616
630
654
660
652
552
774
658
660
658
680
668
656
658
656
668
670
640
654
670
696
656
654
648
652
652
644
650
650
656
654
650
654
648
658
660
662
658
666
644
654
662
660
640
636
652
658
654
654
640
644
656
660
644
650
644
654
646
650
640
648
648
642
646
638
636
634
640
656
670
636
640
652
630
642
648
638
650
656
644
664
644
652
646
638
650
650
656
648
648
658
646
644
648
652
650
638
634
642
646
638
656
664
640
648
662
658
660
630
460
866
648
656
660
666
478
792
712
682
664
642
664
652
658
664
668
674
658
664
664
660
658
654
668
642
654
680
524
472
856
710
692
644
652
640
638
652
656
656
638
662
648
666
660
662
654
658
666
646
660
656
664
656
658
658
660
698
654
664
644
630
650
632
652
564
412
368
770
582
806
722
784
740
684
776
786
762
738
770
734
736
754
748
744
734
746
740
768
756
726
734
760
744
742
748
732
708
744
734
730
736
746
784
566
942
730
752
732
736
604
888
602
942
748
774
712
618
628
892
740
768
762
754
552
934
626
670
764
716
714
778
728
734
742
716
640
794
744
728
724
738
720
716
718
758
724
750
750
714
734
674
846
708
704
780
746
722
744
660
572
894
782
634
776
678
736
754
726
720
722
750
726
668
770
724
658
766
712
738
716
728
690
736
708
732
706
734
710
770
694
744
682
748
680
730
710
702
712
718
750
718
704
720
714
728
712
744
744
728
724
730
728
726
716
710
702
728
710
730
734
736
722
760
730
726
710
744
732
674
760
720
736
750
720
734
732
772
690
746
656
842
730
740
748
742
738
756
740
788
676
754
784
706
754
696
782
738
728
708
724
738
742
728
728
742
734
740
724
780
756
744
732
754
736
748
782
738
728
744
718
750
770
754
728
708
756
742
732
748
742
730
564
914
764
734
632
876
758
730
720
754
722
736
738
754
736
746
744
722
718
770
698
732
700
758
716
716
774
766
716
704
748
730
714
710
748
730
716
718
734
738
750
714
742
732
722
422
846
732
760
584
784
750
760
598
792
722
764
604
790
724
774
594
674
856
782
752
726
736
732
744
734
782
734
778
746
730
720
664
834
758
742
762
746
740
754
732
736
752
740
686
674
734
774
776
748
756
740
740
620
698
768
780
780
762
752
778
738
754
736
808
692
782
724
802
766
746
744
758
730
742
720
716
758
718
754
762
686
772
750
708
768
740
740
714
754
720
734
754
694
764
738
742
744
762
740
740
740
788
738
748
734
768
754
726
726
774
704
778
712
722
482
986
712
728
734
722
712
712
764
740
730
766
750
732
770
746
724
736
656
756
718
770
750
722
744
764
740
722
712
750
728
724
732
740
734
728
624
866
738
734
774
742
750
752
740
726
756
750
746
754
758
740
778
762
740
736
772
736
736
756
748
742
748
732
742
746
740
668
814
742
622
728
898
612
886
792
744
720
762
734
740
748
766
812
696
594
882
722
732
750
744
746
736
748
676
792
720
744
760
752
726
764
736
482
998
764
536
920
752
700
798
742
750
726
752
768
734
722
754
762
750
738
740
748
730
740
636
858
732
728
730
732
748
734
734
736
746
756
756
738
750
748
750
734
714
780
744
732
738
774
724
746
718
736
736
722
744
722
716
706
730
712
710
704
558
814
714
780
730
756
752
736
732
720
750
746
730
714
720
736
726
760
744
722
730
714
736
720
724
710
750
724
708
732
718
704
716
706
770
730
658
814
662
766
762
648
698
906
768
742
722
728
802
786
734
740
752
740
720
740
730
736
746
764
736
738
750
742
728
742
730
744
730
740
734
710
728
734
530
828
754
784
760
730
732
738
748
726
728
724
746
740
724
740
730
738
746
724
718
714
720
724
710
728
710
714
722
648
784
700
776
720
730
708
710
718
732
716
708
710
764
698
726
706
720
740
718
728
718
764
754
736
728
716
728
730
754
724
728
690
808
728
718
756
734
608
862
726
728
730
754
668
778
790
748
724
746
728
726
716
746
706
732
714
730
718
724
734
744
722
738
708
780
736
720
736
734
670
810
734
756
734
720
740
734
710
732
694
758
734
720
740
716
730
718
682
776
734
726
712
716
722
740
720
726
740
726
720
718
752
722
718
716
756
726
726
722
742
658
766
714
702
698
736
686
712
698
760
684
642
788
708
702
696
768
692
742
704
768
712
752
724
748
730
724
724
742
730
706
712
712
688
772
712
712
726
720
706
576
814
492
992
732
756
722
716
734
442
894
744
782
786
718
756
760
742
730
710
722
700
732
762
738
760
638
724
726
750
748
720
748
748
716
668
758
720
714
698
722
680
744
758
750
754
744
706
768
744
714
706
692
702
704
506
778
634
774
740
716
564
782
704
750
654
770
742
432
606
1108
710
820
692
696
700
716
704
728
714
710
718
700
732
528
878
726
714
700
688
466
956
712
516
888
702
652
456
992
712
704
736
730
712
708
720
574
830
728
716
736
708
714
742
714
718
682
748
714
714
656
764
706
724
710
702
704
710
700
702
722
716
714
714
718
722
708
722
726
716
710
722
742
722
714
724
748
720
720
638
774
674
372
402
692
714
730
730
712
718
718
696
720
700
714
668
734
730
722
704
716
710
718
738
706
700
744
724
722
710
750
664
770
776
720
734
712
740
730
712
712
746
762
722
720
726
712
724
716
728
714
716
720
738
732
736
724
736
724
716
752
736
722
734
714
748
744
736
742
728
734
752
726
726
726
720
736
714
730
670
720
702
716
674
774
742
736
686
730
636
746
742
710
696
752
716
718
714
738
730
746
732
734
704
656
776
732
728
724
716
712
692
710
700
716
718
716
714
718
686
762
714
728
714
716
538
882
722
718
774
740
714
710
698
724
702
702
724
704
694
712
714
698
714
696
702
696
704
682
706
702
694
706
708
704
694
698
704
714
710
716
742
710
674
750
736
714
734
722
650
758
720
714
706
756
732
718
716
718
732
722
722
736
734
714
710
714
658
794
734
732
730
756
752
740
742
738
726
750
760
738
716
734
740
692
662
762
738
738
730
736
726
716
734
724
710
752
722
826
716
682
650
652
826
736
734
744
736
744
720
726
696
642
748
722
714
716
714
720
710
708
712
712
716
702
694
708
694
666
760
708
728
722
712
672
758
716
730
722
714
698
716
762
714
748
626
782
722
716
716
712
704
696
682
690
692
734
730
720
724
696
686
678
704
698
704
732
708
726
698
698
712
720
744
732
546
924
696
628
740
726
728
714
716
724
704
682
748
732
718
668
748
704
622
774
736
728
734
740
724
690
730
672
680
714
766
778
722
686
694
684
708
692
708
690
704
700
712
686
682
682
700
704
726
702
716
710
698
724
698
716
642
820
690
692
700
696
702
710
702
694
690
684
690
490
862
714
718
684
638
710
676
682
692
698
692
680
682
690
686
710
694
726
692
686
686
690
696
712
700
698
694
692
698
710
710
712
720
740
684
686
682
690
706
714
716
696
692
696
686
710
722
726
716
702
710
700
712
448
904
748
748
728
714
700
696
724
706
736
722
720
742
712
716
710
694
720
706
752
714
708
702
750
750
712
722
724
706
704
696
714
702
698
732
738
760
634
884
772
728
708
712
726
706
694
714
716
736
762
716
730
718
762
708
710
702
710
728
704
766
686
722
724
724
710
706
746
782
762
756
750
564
896
758
718
702
716
714
702
702
736
698
708
736
716
700
702
664
626
624
670
680
692
690
684
744
716
736
724
728
724
724
730
722
720
720
714
732
716
694
720
746
702
704
718
704
696
688
716
712
706
700
724
716
708
718
724
714
720
716
716
716
732
734
740
722
754
730
718
750
726
734
720
722
726
754
742
730
728
742
730
710
698
768
452
626
584
330
812
810
706
714
732
726
728
712
734
686
692
722
758
746
732
738
638
816
740
740
662
758
732
714
728
720
746
706
712
734
714
698
690
738
726
734
726
742
710
732
734
700
756
782
722
728
718
758
728
718
734
718
722
726
752
736
712
710
730
608
820
712
742
720
696
702
582
888
704
702
712
704
700
724
728
734
716
730
708
708
694
706
720
730
710
714
532
938
714
728
710
688
710
714
556
846
694
470
972
728
732
716
720
712
738
732
742
722
730
710
682
784
740
714
708
714
716
740
714
704
738
718
680
762
708
710
726
704
752
708
520
962
728
596
858
734
700
736
718
720
718
746
750
558
912
708
716
714
700
734
740
742
710
674
756
692
730
722
726
728
722
690
716
718
726
700
754
746
730
724
722
700
720
658
722
880
704
698
714
684
696
702
702
708
704
706
710
712
708
698
694
696
714
692
716
700
716
712
702
714
694
706
696
704
582
826
702
712
716
748
740
720
716
712
606
776
706
702
706
728
780
712
704
708
700
686
698
710
736
726
720
708
706
712
704
726
740
730
718
714
710
702
724
742
738
768
730
736
714
746
720
718
742
722
702
732
738
704
710
740
722
712
708
724
734
710
660
770
700
712
716
714
720
702
728
726
706
706
720
696
714
716
698
692
700
726
696
702
698
706
676
704
682
710
704
674
710
708
698
690
676
704
704
706
680
712
700
694
700
720
682
706
674
670
486
912
436
698
796
722
686
678
696
686
676
680
674
704
652
704
704
688
674
512
836
726
706
680
700
692
730
690
686
736
720
696
694
712
718
734
716
688
716
718
698
726
716
698
694
692
698
722
714
662
746
738
726
720
520
940
722
722
722
748
734
732
730
754
730
720
712
734
728
722
722
748
728
712
720
704
610
416
806
730
714
760
712
728
746
768
736
746
720
706
736
710
748
736
736
754
730
726
754
718
720
704
740
710
706
708
712
742
714
702
688
700
694
700
692
736
706
708
714
704
748
736
722
736
726
720
706
738
718
722
710
732
708
682
696
698
702
692
704
588
790
662
674
720
738
724
596
760
754
728
702
714
704
706
716
706
716
698
732
730
712
700
722
714
716
706
744
730
704
714
754
726
708
716
700
652
688
742
764
760
718
766
746
728
736
732
736
740
748
746
762
740
728
748
740
734
754
742
734
722
706
676
710
672
650
656
652
670
724
764
776
794
772
538
906
830
744
740
776
744
748
638
878
736
722
764
758
762
772
774
746
736
746
744
740
722
706
690
700
708
730
756
738
736
780
700
698
692
668
648
640
628
864
794
574
834
680
682
696
686
604
780
718
728
710
680
686
680
684
684
688
680
690
692
690
690
678
692
726
728
708
702
708
702
692
686
704
708
722
698
700
748
752
728
722
728
728
728
714
712
716
714
720
728
744
720
746
730
720
712
708
704
700
722
710
714
602
860
790
734
742
740
720
726
720
732
746
714
720
718
728
720
730
752
760
740
744
728
724
732
736
760
758
734
744
740
732
736
730
730
748
728
746
766
740
752
736
748
726
700
730
734
766
762
738
726
722
724
732
740
742
734
722
720
718
706
684
742
720
760
738
734
734
730
726
732
734
724
724
730
744
726
722
764
732
716
708
712
710
704
720
714
714
718
716
734
726
724
714
726
740
730
770
744
736
736
742
748
736
758
732
736
728
732
748
756
742
744
724
740
724
724
722
716
730
758
742
760
720
722
728
714
706
746
758
734
712
720
722
714
714
710
718
724
732
746
726
710
690
438
394
532
796
752
574
796
664
832
586
780
752
478
994
782
730
704
564
806
608
892
728
722
744
708
702
698
714
698
716
710
564
778
722
742
710
706
548
780
716
736
702
704
716
700
692
694
662
748
710
682
698
712
710
688
696
718
710
700
708
718
706
702
718
712
698
708
708
708
762
560
870
734
714
712
712
726
708
710
716
718
726
712
732
728
644
820
732
722
722
738
724
732
736
734
730
724
764
730
736
722
740
730
730
728
730
738
726
726
724
716
734
720
718
724
714
700
738
730
732
718
714
744
744
734
730
724
750
734
720
722
738
722
724
696
760
710
706
700
712
698
732
712
704
734
716
702
708
738
646
738
706
692
778
702
614
834
744
662
752
724
710
696
704
700
716
710
684
644
562
614
914
724
694
674
652
770
732
712
700
726
712
706
688
714
686
736
658
476
1008
740
710
706
702
666
740
698
702
698
722
732
598
884
702
702
692
690
696
692
720
726
742
722
706
714
720
718
706
742
756
748
726
708
712
714
710
704
736
742
736
728
716
718
714
716
712
730
752
720
706
714
708
702
720
712
760
742
732
716
664
744
718
702
720
706
758
718
726
720
714
704
700
720
714
730
684
716
692
694
696
696
702
702
700
686
702
698
616
758
692
708
722
718
704
690
696
684
684
676
690
710
716
688
686
674
686
674
676
680
672
680
676
684
676
682
704
710
730
712
698
696
690
684
684
686
700
698
688
686
706
710
710
706
698
716
716
734
762
714
712
704
712
706
690
726
564
878
736
750
720
704
692
700
714
732
746
732
706
736
706
710
706
710
732
704
780
734
712
726
714
702
698
702
740
754
726
734
726
716
704
716
714
722
738
704
706
712
696
718
712
720
696
732
678
756
722
650
768
706
698
712
710
698
732
728
740
726
706
704
698
688
698
700
706
720
700
694
678
672
698
684
694
554
408
1076
770
702
690
680
682
694
698
692
710
696
710
718
686
662
688
682
678
682
714
706
698
682
682
676
700
692
700
708
678
684
692
690
714
684
710
678
692
592
802
720
700
702
704
708
718
740
712
726
702
700
694
696
698
712
720
748
696
702
686
690
694
688
690
714
730
716
722
706
700
720
720
726
742
746
720
686
752
694
724
696
746
712
738
710
712
718
690
730
736
718
708
696
714
686
704
728
740
738
726
696
752
714
712
724
738
700
720
712
726
698
722
716
726
758
728
704
714
698
700
662
764
728
714
698
692
684
684
684
694
706
706
740
704
620
760
692
516
868
684
504
930
708
696
694
700
712
704
708
694
678
678
672
670
678
678
694
684
688
666
668
410
1020
732
700
690
704
714
688
688
432
988
714
472
926
720
498
924
704
672
732
698
694
694
706
712
690
472
950
708
704
724
720
638
718
688
458
652
1046
718
700
690
682
716
724
734
712
708
708
716
726
702
740
706
704
706
704
706
704
708
712
730
716
702
714
708
710
694
710
684
702
714
706
712
700
706
720
712
714
708
696
690
698
714
700
708
702
720
712
716
708
698
686
710
690
684
692
700
702
696
686
686
690
702
678
676
686
712
698
540
838
604
816
688
680
682
696
700
692
676
680
702
706
686
680
676
710
684
694
674
688
686
692
690
694
686
698
688
700
700
682
698
704
696
690
696
698
702
704
698
688
674
780
700
698
708
704
720
710
686
690
710
710
696
688
702
694
730
680
702
694
682
688
676
704
694
694
712
704
704
700
550
796
736
718
710
696
712
698
708
706
694
706
696
696
700
700
710
706
706
704
704
704
712
704
698
702
706
698
706
704
698
708
722
692
704
696
688
674
688
694
688
680
674
680
684
678
690
686
682
672
666
678
662
674
670
686
670
664
690
666
692
676
680
704
676
672
674
676
680
674
678
700
684
686
682
700
690
676
698
686
692
676
666
678
684
714
684
694
680
698
684
616
762
702
708
690
696
700
724
694
694
706
708
700
720
704
682
706
710
734
700
702
718
700
716
702
720
714
698
716
710
698
724
736
708
694
730
692
688
694
698
714
712
714
706
720
720
718
734
714
710
714
716
722
698
716
730
706
712
708
734
712
692
714
730
714
704
622
768
730
708
708
732
716
706
706
708
708
718
658
748
696
698
692
688
684
694
694
680
682
626
758
690
686
672
690
684
652
502
796
694
456
936
670
660
686
662
672
664
690
686
670
682
670
664
678
670
676
672
676
694
684
686
676
694
702
672
668
678
672
672
668
682
672
680
682
686
686
668
694
690
684
680
664
702
582
780
708
698
692
774
638
720
452
942
704
586
810
680
702
692
688
696
692
702
680
678
728
678
686
694
740
692
652
734
700
696
688
696
720
694
726
694
726
714
700
698
714
718
710
702
706
708
698
700
692
698
692
690
700
692
702
678
700
678
690
682
678
692
694
688
686
684
700
682
680
694
686
700
684
676
672
680
690
666
674
692
692
676
676
698
676
672
682
698
678
666
684
702
696
676
680
706
638
736
678
694
696
702
690
694
698
710
702
664
722
482
930
708
684
688
690
698
706
702
686
690
692
698
700
690
692
720
708
700
690
716
716
716
716
692
700
720
688
710
696
706
710
690
700
710
716
684
704
710
696
700
692
714
688
690
698
716
704
682
684
720
692
728
686
700
700
674
634
760
712
698
698
724
642
762
710
710
710
702
708
730
714
710
704
712
714
714
714
698
708
716
696
722
704
722
708
702
704
738
732
708
714
736
718
708
700
752
754
708
704
728
704
694
512
930
726
690
700
732
728
710
702
706
716
702
686
704
692
710
698
700
720
702
642
750
724
698
702
702
704
704
686
694
700
702
694
688
712
700
686
678
688
702
686
676
686
678
650
722
680
704
674
676
672
696
692
684
674
716
690
688
684
694
698
678
684
692
706
684
682
674
684
694
686
694
688
696
688
696
698
686
682
696
554
840
690
694
698
738
698
690
684
694
710
698
696
704
724
708
710
666
760
714
692
696
724
708
702
700
714
702
698
696
708
690
700
694
708
712
694
698
698
710
712
706
710
722
720
706
714
710
708
700
728
710
726
714
700
702
694
720
704
688
694
698
712
698
696
706
702
698
688
704
700
688
698
686
632
406
408
674
688
704
686
696
688
712
694
690
676
692
696
696
688
678
680
692
688
680
666
696
688
682
674
668
684
688
684
678
674
706
680
666
680
688
690
678
684
680
674
682
686
694
674
682
688
676
676
694
694
674
678
664
666
712
696
678
678
520
580
1002
548
658
882
694
680
706
682
684
702
688
688
672
698
696
508
914
698
672
720
712
692
668
716
716
592
814
702
700
694
700
698
700
702
712
706
700
704
712
698
708
704
718
702
700
730
726
718
716
706
724
724
704
696
708
702
730
704
702
710
724
706
696
700
712
698
712
676
742
714
686
704
714
702
708
700
710
704
698
696
698
700
696
694
706
696
688
706
708
696
698
670
698
692
698
688
684
704
690
684
678
672
694
682
678
686
672
690
676
688
700
690
672
690
680
698
682
686
704
672
690
706
694
688
686
704
694
670
688
706
692
680
680
718
696
682
684
706
702
688
676
694
698
722
696
694
720
704
700
692
704
700
702
708
712
706
704
702
706
696
714
706
724
714
710
708
696
714
698
704
710
728
722
730
708
732
650
816
702
708
774
710
724
742
728
704
716
754
738
710
694
742
712
696
716
632
720
728
752
736
710
724
736
720
706
720
738
728
708
712
740
726
694
712
726
720
706
704
734
712
714
704
736
718
714
698
704
698
700
634
770
720
718
698
700
698
708
694
698
688
708
690
688
686
732
698
694
694
702
706
692
694
702
696
730
686
690
584
790
686
702
670
698
684
698
686
716
702
670
680
720
692
724
710
694
690
614
804
720
704
702
722
676
700
714
712
700
694
740
716
692
702
706
702
692
712
708
742
722
708
702
724
712
696
660
776
722
706
716
738
730
716
716
730
702
708
714
486
980
712
654
760
774
722
712
706
712
720
694
714
732
700
700
702
726
734
690
702
740
730
710
712
720
718
708
714
726
758
732
706
720
744
710
716
702
726
726
746
718
710
702
704
696
712
