246
830
810
826
818
818
824
824
816
824
806
802
788
794
796
678
922
804
782
776
792
788
778
792
786
772
790
778
766
792
784
768
798
782
778
778
784
770
498
740
634
624
650
628
802
804
802
802
798
802
800
808
818
818
806
814
812
810
808
810
804
814
808
790
794
780
742
628
644
576
620
488
826
792
762
772
778
780
806
820
808
634
594
592
670
618
834
876
892
884
890
818
858
852
854
824
812
798
546
846
814
808
810
808
814
818
742
784
796
808
818
606
454
866
826
832
832
632
632
668
626
636
730
648
732
560
754
558
756
568
730
584
744
582
772
558
764
846
814
834
832
826
832
828
846
840
832
812
532
706
642
732
554
748
594
700
838
810
816
800
718
800
792
778
786
766
772
780
778
794
794
796
790
792
794
788
722
592
688
596
816
842
836
838
838
840
784
816
812
782
766
538
590
568
630
786
760
748
704
684
588
702
602
764
854
838
844
840
834
820
822
818
812
806
790
450
1068
804
784
770
760
770
758
764
766
758
760
758
652
592
764
738
696
796
742
628
738
746
740
736
750
746
764
772
758
728
634
536
566
662
754
734
756
748
724
686
740
634
734
722
730
734
744
744
712
570
596
756
762
728
772
766
764
774
778
772
766
776
772
760
764
768
768
518
998
782
768
754
748
594
610
632
550
650
604
660
570
634
588
618
782
764
770
768
748
748
758
742
736
738
748
744
758
770
752
762
716
760
770
772
772
796
792
774
764
804
772
780
786
778
782
776
772
766
770
758
776
772
784
776
754
740
618
756
728
748
748
738
732
720
742
698
758
754
732
748
738
738
738
718
716
702
720
710
718
722
736
754
760
760
694
780
764
762
768
592
718
638
686
644
786
764
786
776
758
696
602
652
718
804
750
746
666
744
722
730
736
718
726
722
714
724
722
692
712
710
708
702
702
708
718
736
746
758
728
774
762
742
762
738
736
750
742
574
632
650
716
602
672
620
672
594
686
634
638
604
662
604
756
750
744
744
736
728
734
706
722
704
706
704
706
702
714
718
630
742
602
748
818
794
584
806
784
778
410
724
526
540
770
734
738
730
722
722
482
666
652
548
666
560
676
572
670
576
676
594
628
630
736
744
720
722
730
714
620
774
724
712
730
708
706
700
582
584
550
666
732
732
720
724
708
742
736
750
738
732
742
724
730
716
714
722
718
712
712
698
712
696
710
718
738
744
716
784
764
760
772
766
760
768
752
758
754
620
568
630
758
764
738
744
738
720
732
706
714
706
710
694
702
698
698
692
700
688
690
686
688
676
694
692
708
698
710
712
702
816
682
670
676
560
548
716
684
706
694
686
694
648
756
746
736
726
586
638
638
612
636
610
782
776
732
788
752
764
708
762
752
762
510
948
550
902
752
504
772
726
726
594
566
746
736
760
586
592
628
584
734
716
730
718
724
710
726
740
730
760
742
714
736
578
588
616
560
628
772
770
782
774
782
778
758
758
738
740
740
722
736
718
602
554
718
724
726
712
712
658
718
708
714
708
708
716
714
720
742
558
616
586
606
572
606
756
632
766
762
728
738
714
732
720
714
636
668
740
720
708
716
710
714
718
722
736
726
728
726
726
718
724
722
720
720
718
712
724
742
736
748
752
746
744
722
736
710
724
708
660
528
590
566
634
734
700
618
756
724
602
642
752
764
742
744
734
734
572
756
932
722
482
590
616
718
728
718
722
692
710
708
698
700
714
704
712
682
700
694
620
742
736
726
756
750
758
754
720
746
740
772
756
600
646
614
632
418
824
790
782
728
734
716
696
536
592
736
722
716
712
712
708
736
718
716
688
726
704
724
728
636
540
684
550
670
782
762
524
954
754
736
750
746
598
768
750
708
776
760
654
746
768
520
966
760
740
728
650
618
738
748
728
498
788
748
730
754
746
754
772
766
742
776
768
772
772
750
614
620
588
756
640
770
774
752
770
780
774
782
800
580
658
620
630
628
738
612
668
654
624
592
624
590
800
784
778
816
640
646
600
788
774
790
788
782
578
716
612
644
648
726
646
716
688
442
854
502
276
838
484
1016
494
1054
514
1018
782
738
698
546
660
626
684
562
704
566
710
578
746
602
718
590
696
602
700
612
652
640
648
636
768
752
744
732
726
724
722
696
726
694
724
618
582
660
562
694
566
698
630
642
788
604
644
766
790
734
726
750
728
736
726
732
736
736
746
720
734
716
722
646
754
746
740
618
614
730
752
740
750
758
752
754
758
712
762
750
764
762
760
770
762
764
778
762
768
768
752
766
762
610
612
620
632
590
644
622
642
632
772
770
758
654
758
744
768
742
748
520
932
544
980
748
704
732
724
716
716
716
688
576
712
760
732
734
748
412
786
776
778
776
788
780
782
784
742
782
780
778
760
782
596
666
564
776
556
718
564
744
548
744
570
708
594
702
618
692
812
788
790
796
780
762
780
774
770
766
714
750
774
740
738
734
744
758
748
522
942
556
902
516
936
526
1000
722
730
734
430
836
674
760
750
738
740
594
652
758
760
766
756
756
752
766
776
768
762
776
778
788
802
760
796
798
796
648
676
634
492
948
782
772
762
748
748
754
746
754
756
760
774
762
732
490
680
608
640
572
652
774
774
796
790
782
784
714
766
768
760
756
748
754
756
750
740
776
712
778
772
686
584
608
548
774
784
782
672
774
774
778
778
772
778
786
596
678
694
664
666
608
590
678
634
654
786
782
782
758
632
660
584
664
768
760
770
762
714
796
776
776
774
760
778
756
754
772
762
768
772
764
480
1032
772
778
756
746
698
594
612
718
602
702
590
672
596
690
652
646
640
622
668
632
770
746
752
766
746
754
740
746
756
746
752
450
1042
806
740
792
780
770
774
770
760
770
760
750
750
738
748
754
734
738
742
740
518
926
750
714
532
612
636
644
626
592
754
734
730
652
712
744
750
768
740
754
682
552
608
670
660
670
678
696
808
776
788
786
772
772
780
776
772
748
768
764
750
762
764
756
758
768
760
762
774
756
760
754
750
744
746
732
588
624
698
676
654
640
646
626
774
772
776
768
774
764
768
766
768
760
766
784
772
776
786
698
698
676
704
698
676
684
802
776
766
788
756
750
750
738
670
614
746
732
750
698
772
748
738
736
730
730
728
730
730
732
744
736
534
934
748
744
750
746
730
728
742
732
746
706
752
740
756
754
644
692
580
726
656
698
626
674
576
718
554
708
794
782
776
780
770
764
768
772
698
796
776
784
792
784
782
780
770
758
764
766
744
752
728
710
744
442
994
736
740
714
714
698
708
704
714
710
718
726
720
728
728
672
622
610
658
630
682
650
640
774
752
750
758
744
756
746
612
762
760
762
762
680
596
766
740
754
758
746
756
752
516
950
770
514
936
762
558
896
746
736
736
718
732
724
730
750
734
738
738
736
742
748
752
754
766
764
768
654
622
520
810
760
760
772
740
752
748
728
740
734
742
730
716
656
734
732
732
760
748
764
768
770
786
788
782
782
776
760
764
542
816
766
760
770
764
766
772
776
770
790
782
786
798
790
776
786
772
766
772
742
742
740
742
748
760
766
752
674
638
576
696
648
656
614
790
782
780
780
774
764
766
710
560
940
742
750
744
746
664
770
758
768
760
774
756
768
780
768
788
780
768
628
766
758
752
748
754
744
742
734
734
736
724
736
732
740
728
724
726
714
722
722
720
736
742
732
736
738
722
734
732
728
744
454
998
556
956
730
718
716
694
708
718
716
712
714
716
714
718
742
712
730
752
734
754
758
754
664
666
772
760
782
758
766
764
750
752
758
742
744
756
702
504
970
614
636
752
742
734
612
764
748
738
750
746
738
756
744
748
748
748
742
740
734
750
746
756
750
748
764
750
758
772
764
774
766
756
756
754
740
726
734
724
718
710
706
726
726
726
730
734
736
730
734
718
716
718
712
734
730
736
710
764
754
742
760
750
752
760
752
750
750
750
734
744
736
752
620
646
754
750
752
754
762
776
768
766
784
772
768
770
750
750
754
748
748
750
742
740
738
742
736
732
746
736
744
736
738
744
748
748
742
764
770
762
754
734
746
744
738
750
754
756
568
710
774
746
742
752
758
774
758
768
768
766
764
750
756
754
752
750
606
754
736
738
736
730
726
734
718
690
740
760
756
770
784
764
802
784
754
724
734
744
740
750
756
760
764
766
760
764
758
694
590
774
756
764
764
754
750
742
748
732
740
742
736
432
794
732
730
740
716
728
716
732
726
722
728
724
716
716
718
722
726
712
720
718
582
676
590
674
748
732
734
736
734
738
744
730
738
732
720
738
726
740
676
754
754
754
772
758
756
760
742
752
742
734
740
736
730
738
748
744
748
754
746
676
722
746
746
736
742
740
748
500
962
768
758
752
752
744
744
748
744
746
746
766
752
758
760
754
750
748
736
680
746
750
744
754
770
748
754
740
744
706
758
754
754
756
756
758
756
758
742
686
748
740
734
740
502
940
732
716
748
710
750
734
742
748
754
764
718
786
766
764
772
768
748
764
738
756
748
706
758
748
766
780
770
780
782
758
756
756
734
752
746
744
754
748
762
756
766
546
978
792
774
786
770
784
772
774
776
758
766
752
734
752
744
738
744
740
738
718
718
708
706
708
714
708
720
724
724
738
730
730
704
728
704
722
718
718
710
710
704
702
708
702
726
716
724
722
724
730
690
752
702
660
718
778
756
774
770
766
760
754
738
730
742
736
740
750
748
758
756
736
730
746
740
740
744
758
758
748
764
756
756
766
756
760
764
750
756
748
740
748
736
738
738
724
540
880
734
716
720
708
726
722
732
726
726
726
722
720
722
742
720
722
710
716
718
732
726
744
726
760
754
746
746
748
738
740
744
740
740
744
744
742
744
756
752
764
748
756
762
742
752
740
744
746
738
748
760
754
762
758
758
760
754
752
752
750
744
740
738
732
722
718
720
730
734
732
630
752
724
732
740
742
752
694
726
724
772
750
732
744
736
734
658
648
758
758
742
754
762
750
760
768
782
786
792
786
802
792
800
784
794
778
530
1038
784
774
772
760
760
768
750
738
750
732
740
738
740
738
738
750
740
744
738
732
720
704
656
720
732
730
740
682
766
728
742
754
730
746
736
738
746
738
738
722
732
710
718
716
714
712
714
728
718
520
932
730
726
782
764
778
774
788
798
808
818
828
766
744
828
806
818
828
810
808
814
812
806
806
796
804
794
790
796
792
794
660
802
782
788
772
780
786
776
714
792
774
770
758
746
758
750
746
752
490
990
742
766
748
740
748
746
744
752
756
752
776
762
762
760
770
768
766
770
788
772
774
778
774
774
776
762
774
770
768
770
770
772
780
772
776
762
732
758
752
750
764
750
762
770
754
760
770
758
538
992
760
754
742
734
738
738
758
736
744
740
742
754
748
752
752
720
760
746
744
742
742
564
916
748
730
718
714
720
712
712
714
712
722
718
720
708
728
728
734
738
734
736
726
718
620
744
724
714
722
676
744
748
760
768
770
784
768
770
768
766
762
748
738
744
738
754
748
752
764
744
754
770
760
798
758
830
804
798
752
802
784
774
768
780
774
764
782
776
790
788
784
784
786
772
772
674
756
768
766
778
800
800
794
800
782
768
782
764
496
1032
756
746
752
748
752
770
756
784
792
798
796
806
792
794
794
772
754
752
734
740
726
728
732
728
738
732
744
738
744
742
738
742
746
750
768
762
774
768
754
608
640
750
732
736
740
744
744
744
748
736
740
738
730
738
732
744
738
742
736
750
584
944
530
910
522
936
740
734
720
738
734
756
802
806
786
836
836
830
808
616
746
682
678
818
544
1068
802
800
652
652
812
804
816
812
798
804
676
652
644
790
802
800
754
626
800
738
736
748
718
698
668
766
714
694
700
724
676
702
658
712
676
668
770
760
754
746
762
756
766
760
768
766
762
756
760
748
756
756
724
782
778
774
780
716
804
768
670
776
760
748
758
718
706
736
724
738
720
732
732
738
734
742
742
746
768
760
758
772
760
756
764
748
752
752
742
758
742
752
746
746
754
736
746
742
710
760
732
740
740
686
632
634
762
740
720
742
742
722
756
630
784
766
770
772
778
780
774
754
780
780
770
776
756
752
760
736
748
736
724
736
724
732
730
722
720
728
734
732
744
744
770
750
750
750
740
742
740
740
748
740
742
732
732
726
724
716
558
910
726
728
730
728
734
452
1014
748
748
754
752
754
748
752
764
766
788
802
788
784
788
756
608
716
724
710
702
712
672
654
666
642
576
692
652
790
774
782
790
672
808
780
782
770
770
474
1038
544
1000
568
940
762
536
950
748
504
954
726
696
742
712
736
724
724
732
728
728
724
718
708
716
706
714
718
730
734
732
734
736
744
716
752
740
754
764
750
764
768
750
762
756
756
772
756
756
738
632
670
670
656
768
746
724
722
756
766
754
752
764
758
764
770
766
768
768
686
616
658
752
758
778
776
786
792
786
790
790
782
782
784
782
770
780
778
762
772
760
758
762
746
746
740
730
728
730
724
714
724
726
728
742
738
742
752
754
762
758
772
762
740
748
760
736
720
720
720
716
726
720
716
716
714
706
704
692
702
688
696
694
704
696
706
704
704
702
706
706
718
710
716
724
734
740
700
528
924
552
980
714
740
714
740
728
720
762
750
758
750
754
766
768
646
778
756
766
746
736
736
752
744
742
746
746
758
684
784
688
884
766
788
772
770
796
786
798
802
794
798
782
794
792
794
822
802
800
808
810
794
790
452
840
782
774
728
776
710
794
766
770
772
704
800
760
756
488
812
786
776
744
754
758
762
760
786
782
790
796
806
722
814
796
790
800
798
800
802
794
798
790
632
680
660
774
772
782
792
804
806
682
824
818
814
804
804
806
788
798
788
792
788
786
790
676
688
712
718
686
706
702
714
674
692
678
674
660
780
762
776
756
746
762
764
766
774
750
764
734
662
758
786
802
808
722
814
822
830
834
832
840
826
816
824
820
820
814
718
752
676
736
854
826
824
832
818
822
826
824
824
828
824
828
844
824
828
622
816
714
742
688
858
840
844
860
842
856
850
848
848
848
842
844
840
834
838
828
826
716
734
634
700
674
840
816
804
814
812
786
696
642
732
646
732
816
770
782
768
760
690
776
752
766
760
768
780
780
786
818
804
814
820
814
816
816
816
724
710
668
850
822
828
822
812
820
816
806
804
784
830
796
804
824
826
838
834
846
850
848
854
836
844
842
834
838
824
820
826
814
810
838
830
826
838
830
684
774
762
768
768
794
884
868
844
840
826
818
822
812
804
810
808
802
806
804
800
796
810
734
716
680
664
654
830
812
824
812
808
810
784
774
772
748
752
752
742
758
746
742
748
738
736
738
746
758
748
596
962
782
792
784
762
778
786
776
780
784
776
758
792
778
782
792
778
782
778
784
766
744
576
758
762
768
762
764
768
764
764
778
710
780
800
774
782
774
760
770
758
756
762
760
710
766
756
762
748
754
756
750
750
738
740
732
724
726
708
726
720
720
720
724
536
836
740
712
736
730
736
760
752
746
678
750
744
756
734
738
736
732
734
724
736
724
708
742
724
724
714
722
700
722
720
744
720
782
776
780
768
774
774
748
732
776
756
758
752
758
750
744
746
736
742
466
798
738
744
734
732
548
926
736
736
744
732
746
742
732
770
762
760
772
744
786
780
772
750
766
800
792
792
840
836
842
840
830
834
818
826
822
804
806
810
796
798
796
644
710
648
672
744
756
722
746
710
700
654
718
832
808
798
800
808
824
802
806
802
776
760
792
762
782
632
614
790
792
810
804
804
808
814
806
696
802
804
798
812
802
792
798
784
770
738
618
678
626
718
666
648
836
828
842
840
842
842
844
844
508
1064
788
834
814
798
804
706
680
592
660
774
776
766
756
692
774
770
776
766
770
784
694
804
798
806
820
816
810
810
796
806
784
790
778
768
778
778
782
794
792
780
778
782
766
772
768
764
768
768
680
670
668
696
788
754
754
716
782
758
770
716
788
804
780
786
792
780
772
782
766
762
776
752
624
782
766
774
782
768
748
754
758
754
768
782
788
772
818
740
824
792
782
796
776
772
770
768
710
798
774
772
764
752
796
804
808
810
810
818
830
830
838
832
828
828
812
808
810
802
782
778
774
752
770
762
740
754
748
758
772
744
694
768
740
754
768
760
758
752
756
760
766
766
770
770
786
714
660
690
710
662
664
682
670
674
658
672
642
640
744
726
728
728
716
724
708
726
726
726
672
734
728
716
720
690
762
748
714
762
756
768
756
744
754
744
750
750
694
714
710
756
736
780
758
770
776
756
752
760
756
748
756
748
752
756
754
746
752
750
742
748
750
732
740
718
720
720
718
724
722
732
712
730
750
742
740
738
720
728
716
740
750
746
764
708
760
762
762
758
758
758
768
776
772
778
778
768
760
754
740
746
734
730
734
734
740
748
750
758
744
760
752
738
742
678
744
744
752
746
748
680
758
760
738
760
760
750
756
754
744
752
740
746
748
744
744
736
742
734
738
746
742
750
748
748
748
742
744
718
754
732
720
730
728
742
736
752
752
770
782
772
784
776
776
494
812
776
762
756
760
748
756
754
752
754
754
752
768
758
770
782
772
774
772
760
758
772
764
780
796
800
792
808
790
786
782
768
766
774
756
758
746
730
736
730
724
718
728
722
722
742
722
734
744
738
764
748
706
714
794
788
786
802
814
802
808
810
796
784
772
788
764
790
800
784
782
790
788
786
802
796
778
788
768
750
750
744
756
758
742
762
764
750
768
492
1020
762
746
500
996
754
758
738
754
760
752
760
756
756
672
670
692
664
674
692
654
674
670
658
638
774
770
774
766
760
762
762
768
762
764
732
782
790
794
794
798
798
814
800
800
794
778
768
768
768
762
768
766
774
776
754
766
766
768
766
774
760
764
770
712
774
756
746
738
742
744
742
744
734
738
744
744
748
746
746
750
748
738
742
736
736
726
738
736
740
738
754
744
680
756
726
738
740
724
662
710
750
724
744
730
730
744
736
762
688
768
750
756
758
744
754
758
752
764
752
754
754
748
736
738
742
740
728
742
728
728
728
728
740
742
754
752
750
764
746
752
758
750
744
748
748
744
746
668
700
694
750
742
746
742
724
726
714
718
718
716
728
738
756
760
762
778
760
758
752
736
752
744
744
754
752
746
770
760
766
766
764
762
764
762
762
756
756
744
746
748
742
746
726
724
728
732
730
730
736
730
702
748
744
742
752
756
770
784
788
788
786
778
774
762
758
752
740
736
726
732
718
726
720
720
730
726
740
734
734
726
722
722
728
726
714
728
766
672
732
720
714
720
718
726
746
728
738
740
730
732
704
722
716
718
542
486
412
714
704
708
712
690
700
686
702
706
716
738
730
714
758
766
754
768
762
744
720
736
742
732
714
706
698
706
698
714
706
704
702
710
470
972
726
750
734
724
738
732
720
724
724
724
702
750
734
740
724
700
728
708
722
726
738
748
750
752
754
756
770
760
772
774
768
770
780
774
766
766
790
654
804
788
788
778
784
796
792
790
794
798
810
818
814
800
800
764
772
770
768
762
754
766
666
630
782
762
770
770
756
752
780
758
760
688
764
748
740
724
718
724
670
738
448
992
490
1000
522
996
536
972
728
732
708
720
732
748
752
746
752
770
754
750
654
756
720
722
716
758
686
760
744
740
722
764
746
742
734
740
726
734
726
762
748
592
766
754
666
698
676
716
708
714
728
714
684
712
728
726
726
730
728
726
720
730
722
728
728
728
738
724
730
726
726
722
724
716
712
712
694
708
698
714
716
724
718
1006
348
512
854
526
940
516
944
742
706
706
718
722
720
738
748
710
692
750
740
736
734
696
736
720
724
742
724
736
730
752
764
766
768
772
768
748
738
712
764
724
730
732
618
716
732
732
698
754
752
744
740
740
748
742
752
748
766
742
766
642
784
774
766
766
782
596
808
786
732
816
774
766
782
698
778
764
752
756
726
758
764
758
756
756
750
754
752
712
766
760
768
736
748
726
768
764
784
784
786
772
712
768
758
760
756
768
766
760
758
762
676
648
764
768
760
764
762
770
758
752
736
750
742
750
714
776
744
742
738
746
678
734
732
756
746
748
748
650
688
754
740
740
748
744
748
748
738
748
746
744
746
740
752
748
744
740
736
760
756
750
778
774
772
788
672
660
778
784
758
758
754
730
726
710
754
772
756
754
760
762
770
768
778
774
780
776
776
770
772
750
734
750
736
726
736
712
732
722
722
726
722
730
718
716
708
718
708
704
720
716
712
716
722
744
736
734
738
758
688
520
912
534
860
742
728
742
724
742
742
744
762
764
778
764
770
770
764
756
764
754
754
748
756
760
758
756
764
766
766
776
764
764
714
736
702
746
728
758
744
738
736
630
686
796
778
786
774
768
692
794
770
770
764
762
768
758
756
754
750
760
760
780
776
786
768
762
758
762
762
760
754
748
732
734
728
728
740
732
728
732
742
738
762
750
772
780
764
760
770
766
766
766
752
754
646
758
750
752
754
742
748
750
740
750
742
728
724
726
712
726
742
732
734
736
734
742
736
752
744
744
734
730
732
712
718
710
716
710
704
706
706
690
708
696
698
726
690
746
736
724
716
728
722
740
744
756
750
762
752
736
742
744
738
742
742
680
746
742
736
724
744
718
728
714
724
720
702
648
740
740
740
748
746
760
756
750
742
706
756
732
726
734
710
722
710
710
544
896
536
960
732
714
720
708
726
724
466
998
742
736
732
730
718
736
730
736
738
734
722
730
728
730
738
738
730
730
732
734
732
744
742
738
698
698
732
724
730
716
718
752
736
740
726
758
732
738
746
740
752
736
740
772
762
778
784
770
774
766
766
760
748
750
734
744
740
718
726
716
722
726
708
724
706
568
890
756
732
658
702
688
712
730
722
722
728
714
638
734
734
722
742
728
728
690
652
734
744
748
752
754
722
756
750
740
746
736
750
748
740
754
752
754
750
742
756
732
746
746
654
574
520
568
410
854
742
726
736
714
702
716
722
714
718
714
714
726
730
668
718
720
716
718
726
718
722
724
738
728
732
750
752
682
750
766
740
778
756
750
474
688
878
748
728
686
716
710
728
724
732
736
740
738
738
738
742
748
746
746
750
742
748
746
738
744
724
726
722
732
732
724
728
720
746
738
734
748
636
736
734
740
742
752
750
748
760
746
750
742
742
750
732
740
742
720
734
718
726
722
726
722
726
722
706
722
716
724
682
726
734
734
722
740
750
736
742
702
684
772
766
768
716
782
754
766
768
762
772
774
778
768
778
776
774
774
758
708
690
688
664
650
752
738
732
742
736
738
740
752
750
754
756
752
738
744
734
736
740
728
724
722
724
728
724
728
732
732
732
736
734
736
736
726
748
740
748
742
740
742
734
738
704
764
742
730
738
738
734
722
734
724
726
732
728
740
722
720
726
722
734
728
732
730
730
726
732
730
734
752
730
740
746
740
752
742
740
716
716
728
714
710
708
710
718
740
740
752
758
764
774
766
778
782
774
772
666
700
668
732
804
772
788
784
774
780
766
718
768
652
690
650
764
738
748
752
734
744
750
752
754
732
724
698
722
710
712
728
728
724
728
738
722
724
706
716
726
724
708
736
728
706
722
712
734
730
658
746
750
744
746
746
736
742
728
728
734
722
728
722
716
720
730
720
722
736
726
732
724
726
726
726
712
706
712
710
708
710
718
710
698
696
716
700
722
712
728
734
742
740
738
740
720
740
732
734
750
738
688
746
750
738
736
746
740
746
732
738
738
736
736
742
754
760
752
766
750
738
752
730
740
744
744
756
762
770
762
764
770
758
752
744
738
730
720
714
708
714
698
700
706
700
684
704
696
702
694
724
706
722
730
732
750
740
750
738
738
734
732
732
730
708
744
742
734
736
748
750
752
