890
920
936
944
926
886
870
894
928
918
914
930
958
980
994
970
956
918
946
928
906
932
886
886
884
876
910
896
886
898
876
886
906
892
892
882
890
854
872
868
862
870
872
860
880
854
862
876
878
864
896
874
890
900
902
910
882
886
890
874
874
880
888
896
900
904
922
912
904
906
890
894
904
862
860
860
864
864
868
858
866
828
808
838
824
834
854
856
866
864
838
832
848
840
858
864
868
886
884
870
884
878
834
864
846
842
850
840
830
842
828
854
872
910
952
1014
1042
1054
1032
1006
1030
970
954
880
904
924
930
924
910
926
904
906
920
944
938
940
924
916
910
924
912
910
922
902
912
892
900
904
886
906
896
874
892
876
904
928
888
886
894
898
896
884
880
896
888
906
888
884
890
906
918
888
898
874
864
868
866
868
880
868
894
882
878
900
884
888
890
872
852
798
794
778
542
926
756
774
816
834
830
868
852
812
812
770
784
796
786
810
848
894
934
964
986
976
948
976
808
828
850
828
856
878
908
938
956
968
980
972
988
984
958
908
924
930
926
924
912
924
964
982
968
964
940
918
914
924
916
934
940
920
912
908
898
902
902
894
910
908
912
892
896
884
900
878
892
888
896
914
892
884
870
844
828
840
834
856
874
894
896
904
904
902
926
916
912
904
894
866
852
864
858
870
898
882
894
904
882
902
900
860
868
862
870
870
880
890
892
894
898
902
908
898
856
826
832
828
828
860
886
896
886
876
864
866
844
854
850
862
886
878
884
880
894
910
888
890
888
860
876
868
864
878
876
890
884
894
908
896
842
816
812
774
784
800
858
896
958
958
948
950
952
954
956
944
932
934
876
904
932
902
906
908
898
880
882
896
886
894
968
974
962
938
938
926
938
930
942
952
938
940
932
946
974
964
964
954
972
960
940
920
930
928
978
998
978
992
958
950
960
964
988
954
902
904
884
894
888
928
916
932
934
930
942
882
890
866
876
874
892
926
922
956
980
1022
980
948
896
834
844
794
810
828
882
906
952
956
970
956
950
946
960
950
960
958
946
936
936
930
930
934
926
934
936
906
898
906
906
914
910
894
900
912
912
932
922
934
930
928
914
892
872
872
868
862
874
864
868
856
870
860
884
886
922
938
946
956
944
962
952
926
914
892
874
858
870
868
880
898
890
912
900
912
902
884
868
858
848
824
818
830
856
880
918
954
950
936
888
846
846
824
822
822
846
874
916
888
896
884
884
884
874
858
858
876
884
906
896
908
920
906
900
888
884
900
888
890
890
878
904
880
892
888
882
888
876
874
884
882
868
860
862
902
884
918
924
910
918
918
906
906
892
894
892
886
870
870
884
874
876
890
884
878
874
904
892
894
890
896
886
894
898
894
894
882
870
872
878
872
870
880
902
918
910
920
910
930
916
926
920
926
924
908
916
866
876
874
864
846
834
820
780
818
812
804
864
878
892
934
916
908
914
904
892
890
904
910
904
876
876
852
856
864
862
892
896
906
928
932
912
920
910
920
904
908
902
882
878
878
866
878
874
852
858
830
820
796
788
798
800
802
860
862
890
882
880
890
884
880
882
870
866
864
850
826
824
810
790
792
802
836
884
946
902
898
918
886
902
898
870
876
864
900
872
864
876
844
848
830
844
876
872
886
876
890
878
856
876
840
848
860
860
904
924
906
932
916
872
894
896
902
858
848
866
812
844
858
878
864
806
818
784
780
788
792
848
902
1024
1032
1056
1040
1078
972
778
900
766
796
788
754
726
704
698
664
678
680
664
664
668
670
676
670
676
676
672
666
666
668
652
648
636
656
762
774
764
960
902
916
894
876
894
796
778
800
730
710
710
716
712
724
712
710
714
712
700
696
694
684
678
678
680
668
696
690
696
686
686
690
676
696
668
656
654
656
642
640
646
642
646
620
640
642
630
632
632
624
624
628
630
634
638
630
644
628
638
634
634
624
632
632
636
652
662
668
672
668
674
672
678
666
668
658
672
658
682
694
708
688
706
694
704
688
698
688
680
698
690
706
688
682
684
694
664
662
666
674
662
660
680
676
710
694
704
734
728
726
746
726
716
720
720
710
728
728
724
730
750
734
762
770
784
820
798
780
790
776
764
768
812
852
850
858
866
836
856
858
828
834
846
848
842
852
854
860
846
840
814
826
832
824
836
828
834
834
802
780
788
800
790
880
900
876
868
860
836
852
858
836
868
902
918
914
922
954
940
924
824
796
784
740
750
748
750
758
750
780
818
852
830
840
814
786
792
794
796
852
918
906
890
848
852
856
848
836
840
866
880
922
934
930
942
986
990
1002
986
942
948
920
908
884
864
856
856
864
882
888
868
848
826
832
814
774
808
778
782
794
774
796
818
820
828
864
860
870
880
880
886
884
832
812
812
842
858
920
936
908
938
936
926
930
904
892
896
900
888
908
916
906
898
894
874
868
860
868
878
902
914
916
912
930
912
914
918
888
878
872
866
858
840
858
862
834
816
820
822
862
862
878
902
902
912
916
924
938
954
980
986
990
980
950
952
954
920
952
920
926
916
916
938
934
922
928
922
912
926
918
908
878
874
898
938
956
982
968
954
968
946
948
954
928
898
900
900
892
888
932
924
938
930
904
928
914
924
918
928
904
902
880
882
870
860
864
886
874
890
882
890
898
892
886
870
892
876
874
870
882
854
832
852
862
846
842
844
828
816
820
820
848
838
838
826
830
814
866
896
928
920
944
942
938
928
910
878
898
888
884
898
884
922
968
988
1020
980
1004
998
994
970
916
936
938
984
960
928
936
922
930
944
938
974
932
932
938
930
920
926
914
920
948
938
930
930
916
926
942
938
940
918
946
958
930
952
940
936
946
948
920
912
904
896
900
908
922
920
906
902
880
852
868
862
868
882
906
912
926
902
908
874
864
852
844
846
868
892
888
886
896
874
852
864
826
882
880
896
910
906
928
972
1000
1040
1018
1020
990
956
940
930
926
902
870
884
852
820
798
810
770
750
734
736
720
704
692
690
684
668
678
672
698
716
764
794
834
834
844
928
918
934
948
932
934
926
874
876
858
862
864
860
862
868
890
920
886
906
900
858
868
840
852
796
790
810
796
806
814
762
800
786
818
804
834
820
828
814
834
828
834
834
830
826
822
820
816
822
776
796
804
800
808
802
794
788
804
764
750
746
738
736
752
758
782
788
798
800
800
796
804
766
794
764
768
758
734
716
702
700
702
704
692
738
748
778
792
816
812
836
826
822
824
828
794
786
766
742
750
736
722
708
722
716
718
708
758
756
772
770
772
800
802
822
836
830
844
840
850
844
834
834
872
904
886
892
828
842
830
818
818
804
810
816
860
868
888
888
874
888
872
892
826
826
826
798
794
828
832
834
824
844
860
870
924
966
956
914
888
868
858
878
856
866
850
834
860
868
944
972
982
972
968
984
936
964
930
926
900
912
902
910
904
884
894
894
922
994
964
998
1006
990
1022
994
976
998
980
962
986
960
968
982
962
990
1010
970
1000
986
966
954
944
926
922
904
888
876
864
882
874
898
886
872
888
816
794
774
756
750
728
710
690
666
666
678
656
664
664
678
688
682
716
748
750
808
826
850
856
854
870
898
874
874
886
868
870
850
850
858
846
858
886
882
914
896
900
904
878
846
894
914
884
888
904
868
884
894
874
894
860
822
806
810
794
792
820
840
856
866
898
900
882
902
886
894
874
838
854
826
840
834
844
900
904
952
946
922
912
904
916
912
922
914
918
922
918
898
914
920
908
882
870
890
880
894
914
900
892
916
896
910
896
882
886
878
890
882
882
896
904
912
898
888
852
874
860
854
878
892
918
906
908
932
930
954
936
938
908
892
860
858
880
862
858
894
886
898
876
872
884
868
866
872
866
886
888
880
886
870
860
878
864
880
878
886
906
888
882
872
888
862
860
844
852
898
908
910
912
890
914
894
876
850
818
808
798
782
806
754
788
786
766
772
768
742
738
740
738
734
746
734
760
776
798
812
838
844
858
870
860
818
824
808
786
794
808
848
864
896
882
904
920
900
908
916
924
960
960
936
904
900
888
878
854
868
858
862
928
934
958
994
964
978
956
928
936
930
914
928
914
882
898
880
878
910
892
932
946
942
970
954
954
942
920
902
896
896
882
900
884
884
886
898
934
952
924
934
950
934
950
950
934
934
930
940
928
920
920
910
890
896
874
884
850
854
864
850
848
852
898
916
914
912
904
868
844
850
852
846
844
850
878
874
890
880
896
904
908
934
952
948
932
914
906
906
902
868
866
852
824
820
800
794
802
794
834
870
898
900
952
966
952
952
936
906
908
912
916
920
918
908
918
910
908
904
910
904
902
908
914
940
936
926
960
948
910
896
842
830
804
806
798
820
890
882
872
886
890
898
932
900
932
960
984
1014
1016
1000
986
992
954
914
932
946
970
970
980
984
978
978
940
908
916
906
874
892
912
920
934
934
902
898
914
906
890
834
818
802
780
756
748
746
744
746
750
752
752
722
738
730
718
736
738
724
802
844
874
900
894
874
866
818
814
792
780
766
772
766
776
778
782
782
764
772
762
720
760
704
738
730
750
750
766
738
760
716
706
698
702
694
714
740
742
752
770
752
766
758
758
756
760
736
728
716
702
704
686
708
706
692
674
648
664
650
646
648
676
700
706
724
746
740
744
754
722
734
728
718
730
764
756
788
770
782
766
764
790
810
844
854
856
860
858
808
806
800
784
762
744
754
782
1030
964
958
1022
844
802
770
738
714
690
668
656
640
636
642
660
748
796
848
826
832
846
806
820
824
808
794
796
798
788
792
782
804
804
792
794
784
786
782
796
782
776
772
766
774
746
760
750
734
724
704
698
674
698
718
768
792
810
806
800
790
774
764
788
766
760
762
752
782
790
818
802
800
792
786
784
794
806
804
804
804
790
796
764
732
722
720
704
724
704
736
764
754
756
784
762
778
766
754
750
754
762
764
782
794
786
794
804
812
802
810
820
812
808
822
828
812
818
814
800
798
810
814
820
840
860
838
836
848
790
786
770
758
776
762
790
814
822
858
854
876
872
862
882
880
740
824
820
794
828
816
836
840
858
870
904
920
892
912
880
886
846
862
868
846
840
840
828
848
856
876
842
832
840
842
848
838
836
832
850
828
804
770
758
744
750
760
776
862
902
912
950
914
898
862
858
828
800
826
826
842
854
874
896
902
924
944
964
930
926
878
864
878
876
900
896
898
906
906
910
918
908
902
898
896
910
922
910
894
910
892
890
880
870
878
864
848
850
884
872
872
882
872
876
892
890
890
910
902
908
892
874
880
884
902
894
888
874
852
860
850
864
874
882
876
850
854
838
842
834
868
844
862
852
854
836
832
824
828
828
808
810
824
824
828
810
856
816
810
812
774
786
784
786
774
808
816
832
832
814
824
822
834
800
818
826
826
812
844
828
848
868
860
854
850
866
844
862
856
858
846
860
828
820
830
822
822
816
816
798
788
792
792
792
796
786
816
826
850
854
842
850
858
852
854
858
860
866
902
888
902
922
894
916
892
896
894
892
896
888
932
934
898
914
942
910
916
884
868
862
854
818
834
828
822
822
838
884
924
922
918
932
920
914
922
918
918
966
968
956
940
934
934
934
938
918
888
896
894
896
848
856
820
812
820
826
818
812
856
850
866
866
846
872
834
830
842
842
826
862
864
890
870
866
862
876
848
854
852
852
852
848
822
800
784
772
754
736
730
752
790
818
836
838
848
838
816
832
784
776
796
788
838
840
864
856
910
938
950
992
972
946
902
870
872
878
900
880
872
858
862
860
936
952
942
948
944
938
938
906
912
908
900
886
890
924
926
914
928
940
938
924
938
910
874
842
814
900
704
788
788
750
788
780
774
782
780
780
774
784
790
792
818
832
838
834
838
846
826
832
816
806
818
824
840
860
878
866
882
884
888
874
870
842
856
858
848
862
854
856
862
862
858
818
802
788
794
788
782
792
796
788
824
838
840
846
860
856
808
786
814
798
784
766
758
754
754
752
756
756
756
744
762
766
758
762
770
766
768
776
782
768
770
766
782
818
826
840
838
838
844
814
806
796
810
810
794
816
798
814
806
796
812
792
796
782
784
786
778
774
760
740
750
712
716
732
708
748
738
752
742
734
752
744
754
754
748
742
758
714
720
718
726
710
718
724
722
720
734
738
736
744
760
772
756
756
754
764
730
724
700
690
704
702
686
722
706
718
702
726
724
718
724
702
726
688
676
694
660
686
714
746
742
766
756
782
778
756
710
750
716
692
688
696
688
694
684
674
682
662
666
668
660
654
684
682
700
706
712
716
706
708
700
692
702
678
674
668
660
664
664
648
640
664
702
696
714
718
708
726
720
744
768
842
878
864
854
848
780
814
762
746
720
700
710
700
688
684
698
682
716
712
702
718
670
670
666
654
658
664
658
654
652
666
660
700
702
698
692
700
706
704
702
710
694
702
710
704
714
712
714
722
716
736
720
728
704
702
692
676
680
688
706
724
712
714
720
694
698
696
692
694
704
686
726
706
736
754
730
740
720
730
730
722
702
694
694
692
698
682
744
774
778
752
756
728
722
706
688
678
678
688
680
676
674
682
680
686
692
676
712
712
708
722
688
686
690
698
712
740
730
730
718
722
720
702
692
680
676
692
690
700
694
704
696
696
692
696
660
670
686
686
736
738
724
720
762
766
762
690
746
710
696
676
678
686
702
710
728
714
706
700
676
674
668
662
682
688
676
688
672
672
674
652
672
674
676
682
694
688
682
700
676
678
682
664
656
662
670
654
686
666
666
676
676
680
664
680
678
696
686
676
686
714
718
736
710
722
714
706
724
756
744
736
736
752
732
728
726
682
700
710
708
708
680
688
694
674
716
710
714
706
682
676
678
676
674
678
690
684
686
684
678
674
652
656
656
660
644
672
664
654
668
674
684
676
670
664
662
662
650
668
636
646
646
636
690
726
736
742
768
790
768
716
700
676
666
668
664
660
650
640
640
636
642
642
640
646
638
660
658
648
642
642
644
640
638
652
626
628
634
628
622
620
626
632
616
642
646
654
660
658
666
648
656
668
662
670
678
674
674
652
652
646
644
644
648
656
656
654
652
656
646
684
692
676
676
686
684
676
694
694
682
694
684
676
678
674
682
676
670
664
646
652
654
692
694
712
702
704
802
778
824
806
810
812
816
768
762
738
718
694
688
674
674
670
666
664
628
650
654
668
678
688
674
674
684
684
718
698
700
722
738
768
768
760
758
766
748
754
732
722
712
678
652
706
754
758
772
778
780
762
750
752
710
706
712
696
694
712
732
728
736
710
688
718
704
726
724
730
692
696
700
700
686
696
674
678
666
696
804
804
764
750
782
774
842
794
800
794
740
770
806
648
706
728
670
630
714
674
690
682
708
698
698
680
694
674
670
676
680
648
624
636
628
628
620
624
636
634
636
638
642
444
862
656
650
672
660
642
654
652
640
648
624
626
622
622
626
644
652
688
672
670
664
676
628
654
664
652
650
640
662
672
660
658
680
678
670
670
684
682
682
680
684
682
696
682
684
680
682
692
696
732
740
742
728
758
740
750
742
732
738
724
728
724
720
722
724
734
708
690
700
672
680
666
654
676
646
642
642
634
636
632
636
632
658
680
700
682
700
698
698
678
682
686
674
692
702
728
702
698
704
672
676
638
636
606
622
616
626
634
648
684
674
698
704
694
706
692
694
694
696
716
714
702
738
752
768
748
710
710
688
684
672
654
652
640
630
628
626
616
604
614
612
604
648
646
654
652
650
654
654
644
646
644
636
652
626
636
642
640
650
648
656
650
676
684
680
688
686
678
688
644
640
644
650
648
658
660
658
666
658
682
728
742
778
736
748
742
730
704
694
690
676
666
656
646
636
642
632
696
680
688
694
688
708
692
728
698
698
698
696
684
696
684
684
688
686
684
676
674
684
656
648
650
644
642
634
636
630
658
678
726
710
730
716
682
684
676
674
668
676
674
668
676
674
684
676
688
668
676
670
690
698
734
706
720
736
726
700
700
710
690
680
670
676
678
670
728
700
698
704
704
698
698
700
708
744
722
718
724
690
678
670
668
670
714
692
700
714
674
690
716
760
772
758
824
788
790
758
712
700
682
660
670
654
702
718
732
752
742
742
696
672
674
664
662
664
652
666
648
682
730
724
716
724
720
714
708
670
662
638
636
644
648
634
676
672
674
674
680
678
674
686
678
678
678
704
694
688
686
686
682
680
710
698
692
706
678
656
654
658
658
654
664
658
648
654
642
646
642
640
640
640
628
630
624
658
666
658
664
658
654
656
668
612
642
626
600
606
596
610
622
612
618
620
624
612
620
616
618
616
614
616
614
610
612
620
612
620
616
626
616
630
624
622
626
634
642
650
650
690
682
688
676
684
630
654
654
668
658
648
658
656
648
680
704
706
700
726
712
722
678
664
670
662
660
666
674
680
704
702
700
708
696
712
692
658
682
692
690
694
652
656
662
658
650
652
668
666
662
660
660
656
648
658
646
654
642
656
640
658
654
660
662
702
684
682
700
660
652
644
636
622
616
608
610
608
652
660
670
664
698
668
666
676
670
680
694
738
744
750
742
694
680
670
658
648
660
646
692
672
696
686
682
682
692
694
650
662
660
648
668
652
684
686
690
684
700
696
690
708
678
668
654
668
660
748
724
740
730
698
704
690
678
702
672
690
738
794
834
806
756
726
746
722
716
688
688
666
646
652
640
640
618
626
642
654
700
694
700
712
730
716
710
724
668
700
694
702
734
750
734
744
716
758
740
698
722
686
684
686
700
710
706
706
716
684
698
688
680
692
690
696
700
680
676
674
688
684
700
688
700
690
728
710
756
718
718
726
728
702
706
700
742
742
744
742
752
750
758
760
758
746
748
720
722
716
724
732
734
724
772
758
752
750
762
736
724
708
704
716
720
716
704
756
756
760
772
780
778
772
788
768
758
748
746
756
752
748
758
750
740
736
734
722
722
724
728
724
774
750
750
760
760
750
764
768
750
732
712
690
680
664
680
668
706
724
792
758
758
774
772
786
786
782
760
742
734
702
688
700
692
716
746
734
738
700
720
718
716
702
706
744
734
784
806
836
850
880
862
878
884
846
852
822
842
846
836
878
884
942
914
916
936
900
896
874
858
876
870
862
878
904
900
900
882
878
844
838
822
826
836
828
844
826
820
808
798
788
796
784
814
868
874
864
864
864
872
860
826
846
810
802
808
808
814
784
776
762
740
762
790
804
806
796
782
766
774
722
740
750
728
748
764
772
796
822
822
830
814
812
802
798
792
770
772
750
764
758
760
768
756
754
762
772
786
802
794
804
812
802
818
804
804
818
810
828
816
832
844
830
856
840
842
836
840
848
838
848
842
866
902
846
832
772
772
760
750
734
748
760
782
822
836
884
882
876
882
858
792
790
786
786
786
794
826
840
872
862
896
894
896
906
908
856
846
836
854
848
836
846
828
826
810
810
822
820
812
834
830
840
834
822
836
822
824
806
800
764
788
792
788
840
836
818
830
822
810
836
834
838
826
818
838
854
876
884
886
886
864
846
848
816
784
810
782
782
794
778
836
838
850
876
880
886
882
882
872
860
904
880
868
860
854
854
818
836
834
852
862
884
886
882
886
868
878
862
862
882
872
870
896
902
886
892
882
882
904
904
924
900
906
892
908
890
884
896
880
870
852
858
858
850
856
860
870
874
880
874
886
872
888
898
896
906
894
886
862
802
826
808
772
782
782
780
778
786
784
812
852
892
914
898
902
864
858
846
810
828
808
798
818
842
872
918
914
926
946
870
860
828
816
800
780
764
758
764
784
802
816
818
828
834
830
840
836
844
850
850
838
840
832
844
836
842
842
852
832
838
824
824
876
892
894
902
898
908
864
896
886
882
852
862
850
866
880
878
876
880
868
868
884
880
890
868
868
864
824
862
846
854
872
876
884
886
882
824
832
798
800
792
812
826
868
860
868
874
858
870
852
864
864
872
884
884
882
870
890
910
892
896
924
896
880
868
890
878
870
916
890
884
888
874
902
906
924
928
932
930
910
918
914
904
910
894
906
896
910
912
908
948
924
906
920
914
892
864
892
872
864
872
834
840
834
844
818
842
768
614
492
578
636
988
822
844
826
808
764
812
922
1300
982
1052
944
844
856
834
836
846
842
842
864
914
928
932
924
904
890
888
866
836
816
838
858
882
912
926
930
990
966
978
966
970
972
960
932
904
884
888
860
854
864
858
886
918
940
956
936
938
934
920
922
910
900
898
882
880
846
850
858
856
860
872
902
904
908
906
888
906
908
908
898
904
884
882
882
888
870
874
870
878
894
892
896
888
884
874
880
852
832
852
838
846
840
838
848
858
870
880
864
876
872
846
842
854
834
844
816
826
826
834
856
852
878
898
898
886
900
862
848
834
832
816
834
824
830
796
796
804
802
820
844
862
854
854
828
842
786
790
804
828
852
880
870
886
886
840
848
854
810
824
830
792
820
810
816
872
916
904
932
918
900
876
870
856
850
812
820
826
806
856
870
922
916
906
896
890
884
870
874
870
868
920
932
918
892
892
930
924
932
944
950
940
932
958
896
866
840
828
812
796
814
788
778
774
756
762
760
798
828
872
874
892
912
908
914
912
918
902
904
904
902
890
860
834
834
862
862
874
858
856
864
846
842
856
852
838
846
834
834
846
820
804
790
788
768
758
748
758
730
738
752
758
776
794
818
832
842
818
840
798
774
774
780
782
768
796
794
814
812
826
826
832
820
836
854
848
852
842
840
856
824
834
852
854
866
854
870
864
832
820
796
788
772
770
774
762
758
748
736
750
764
766
766
766
776
780
776
780
786
794
806
810
824
830
846
858
864
866
846
842
834
830
802
830
830
832
832
840
834
872
848
826
790
768
722
718
720
730
