812
770
856
862
848
876
888
892
890
858
884
886
888
922
932
938
598
1206
814
792
802
826
826
834
844
880
892
866
870
840
794
774
748
788
846
876
460
492
722
806
798
818
832
850
872
862
862
834
842
860
870
876
878
874
866
842
864
842
838
820
788
796
774
822
834
850
824
854
854
838
834
842
838
860
830
864
836
844
836
792
758
796
770
790
790
768
774
784
804
830
816
800
814
500
1148
788
756
772
804
838
862
852
838
486
500
740
812
860
878
468
520
792
888
874
858
790
794
792
900
876
910
902
878
866
834
818
852
876
908
918
914
908
872
876
890
884
872
878
882
914
894
900
892
850
844
824
834
836
826
848
818
798
796
776
822
856
506
1188
768
772
760
776
772
786
480
1182
824
794
790
832
842
872
892
868
852
834
786
820
814
858
876
886
902
876
904
888
824
784
772
802
818
796
820
490
1138
746
714
690
728
770
798
824
884
914
914
902
878
858
840
848
850
568
1100
774
870
474
496
724
858
866
884
884
852
868
856
860
856
844
872
920
948
492
542
846
884
900
890
898
904
894
894
874
900
894
892
904
878
886
862
866
868
848
848
814
804
838
858
868
882
872
822
782
784
792
778
766
778
800
840
852
828
808
838
588
1058
798
758
758
694
670
672
660
678
706
716
710
710
704
690
696
722
726
716
732
746
788
776
764
748
770
812
544
1118
776
760
788
800
806
838
830
882
886
852
904
846
910
882
882
898
860
892
464
520
768
866
892
906
884
874
898
886
922
942
454
554
848
920
598
1206
792
804
806
810
860
884
934
912
862
862
842
840
848
856
840
860
878
458
506
734
828
496
1184
828
818
834
904
940
938
974
974
922
838
798
754
856
826
856
868
860
858
878
876
866
866
854
822
824
820
848
524
1208
838
844
834
828
824
868
860
850
858
838
826
830
844
872
896
888
854
794
782
772
756
826
800
806
824
834
874
864
820
842
842
794
764
794
836
866
874
908
900
870
818
768
736
756
780
818
834
834
822
832
862
880
498
498
734
768
764
778
828
790
838
856
854
826
842
836
846
844
866
892
864
846
808
812
854
482
494
762
860
906
938
946
938
888
880
854
842
836
854
866
564
1210
512
1114
770
792
836
902
878
832
782
784
764
792
816
808
782
752
722
704
716
740
768
774
778
804
804
804
826
862
874
856
810
766
734
756
790
858
866
860
822
778
798
822
834
522
1204
516
1136
744
784
868
544
490
784
470
532
846
928
936
936
946
972
912
932
900
874
872
880
888
910
904
884
870
846
872
862
820
832
812
848
846
846
882
870
842
826
810
786
800
790
788
818
898
840
836
820
784
808
806
832
796
892
846
856
494
1156
736
724
702
710
708
762
808
828
784
472
440
636
702
786
850
870
884
876
876
878
858
840
822
792
804
824
832
444
1092
708
762
726
744
776
544
986
732
680
706
750
782
788
476
1144
800
820
822
864
900
940
932
564
1226
854
836
850
860
852
890
888
886
868
806
804
792
836
868
906
916
942
968
950
910
882
872
884
904
874
888
874
876
904
894
884
864
526
410
770
780
782
502
1144
762
784
798
848
886
884
888
876
888
880
850
842
854
852
836
818
806
848
872
898
898
532
502
746
824
830
836
876
920
904
914
890
874
884
840
900
860
842
884
874
856
850
868
882
874
866
860
848
870
896
874
836
868
824
832
848
924
848
536
1090
768
784
770
756
802
830
842
870
840
832
880
840
812
834
844
596
1128
778
768
800
818
542
1164
578
1004
750
780
812
832
826
816
858
868
868
932
954
938
502
502
772
864
918
924
884
828
822
812
768
534
1080
774
786
758
792
520
1114
760
826
878
922
970
970
970
464
564
880
950
958
960
922
912
872
848
842
834
826
806
794
808
828
578
1074
756
738
496
1000
712
742
572
888
692
720
746
820
872
884
914
904
852
798
786
508
1068
762
752
762
562
1046
764
772
798
818
872
886
868
874
846
858
868
860
860
866
886
878
816
796
790
800
828
624
1062
788
776
590
1048
656
874
726
792
888
924
928
938
936
896
874
884
892
934
1012
462
542
812
882
888
904
892
892
898
878
894
898
902
902
866
850
854
896
866
886
904
874
856
874
880
882
858
834
810
784
726
528
914
654
702
708
698
700
698
734
738
762
790
816
804
788
762
752
700
658
694
650
680
662
648
676
730
754
772
798
830
802
770
722
672
674
652
646
684
716
724
738
764
718
692
684
642
650
650
636
618
618
610
594
600
610
628
638
652
534
764
614
630
654
670
722
788
802
798
482
452
634
454
988
652
624
638
654
680
710
736
708
696
690
686
702
478
922
650
628
610
648
714
734
744
790
784
770
780
742
700
708
726
770
788
812
784
770
776
774
744
744
732
708
750
768
790
828
824
844
856
826
842
834
438
520
792
644
1144
826
848
850
840
852
888
954
968
964
906
840
838
858
854
842
828
824
840
888
938
976
944
934
886
888
910
936
940
928
958
890
888
890
902
880
890
524
490
728
532
1102
814
872
902
912
958
986
946
940
900
832
796
766
778
792
816
812
854
848
846
804
744
750
486
966
724
718
758
786
846
916
918
520
500
802
912
890
886
868
896
890
900
904
900
506
504
778
916
932
918
472
514
780
880
884
878
874
880
860
834
814
806
836
854
882
870
830
838
828
842
860
834
840
832
830
848
854
884
892
896
884
880
882
858
862
878
872
878
868
838
824
808
838
826
798
474
976
708
636
714
704
710
712
718
706
758
770
798
848
818
776
764
732
704
730
738
766
804
812
828
802
768
786
808
812
780
746
724
696
676
690
720
780
806
802
806
768
770
784
782
826
872
848
844
774
736
752
746
784
914
838
794
760
734
784
800
778
778
802
788
792
792
798
794
814
850
864
798
742
736
714
688
694
668
656
714
746
786
798
798
808
798
810
790
804
776
784
776
752
738
760
770
794
810
848
870
872
590
1104
796
784
768
730
742
802
806
828
816
808
826
824
830
830
794
778
798
772
804
814
798
804
810
838
818
822
852
858
840
818
788
776
770
780
798
836
848
838
842
804
778
604
1002
740
762
770
792
840
894
484
530
824
890
912
896
876
866
848
844
834
824
830
804
844
490
1136
790
782
494
1070
544
912
704
718
734
814
828
820
820
810
798
778
792
814
846
864
864
872
856
868
466
496
708
828
798
860
866
870
868
868
882
860
832
834
830
832
854
822
626
988
744
780
778
764
768
756
756
778
834
864
810
832
840
844
834
848
848
838
848
816
806
816
794
780
782
788
806
798
792
794
792
792
840
828
830
828
794
796
792
782
778
780
764
776
758
750
760
762
618
962
746
758
774
780
556
1060
760
784
816
818
810
602
1018
774
540
1016
736
774
808
876
880
910
944
916
904
912
884
882
858
858
870
882
552
1166
822
806
792
810
840
856
890
856
542
1166
792
782
762
756
746
732
762
796
796
810
848
850
818
806
774
594
992
730
728
748
716
732
760
794
868
848
822
800
768
764
768
784
766
774
804
824
842
830
836
854
828
846
874
848
876
842
876
914
870
854
834
828
834
812
830
546
1144
830
802
620
1028
800
836
884
910
900
878
860
856
836
872
852
816
800
792
582
1040
748
750
770
778
768
802
816
572
1118
790
758
552
854
658
682
694
748
794
820
842
834
838
870
868
844
550
1012
714
676
682
714
760
772
740
768
734
602
876
702
722
728
562
858
682
674
678
692
712
738
784
794
820
852
822
828
844
832
812
504
1070
726
706
690
686
704
776
854
874
844
852
884
534
1278
832
814
788
816
854
844
820
862
844
878
874
842
862
864
878
886
894
916
892
882
888
848
834
858
568
1098
800
818
878
880
906
912
882
558
460
756
882
902
910
882
848
846
792
782
800
768
776
744
746
718
754
744
756
794
782
772
786
778
790
810
814
812
840
814
810
804
806
820
802
812
816
820
810
804
842
908
862
856
852
830
816
830
820
810
822
820
826
844
520
1176
786
762
778
768
792
828
848
866
880
870
868
830
822
578
1046
518
1082
740
794
812
472
528
686
864
892
924
896
870
856
820
806
792
782
792
762
824
820
812
616
1030
746
750
738
738
522
1000
738
734
744
572
962
742
750
772
800
804
814
842
826
852
834
834
832
812
836
836
516
1144
748
766
790
780
840
836
814
820
802
820
806
802
810
790
782
784
780
790
788
792
800
770
788
788
800
840
844
866
868
842
844
836
562
1084
758
772
776
790
816
838
864
874
868
882
848
872
864
546
1146
782
788
782
598
976
688
866
746
798
850
844
528
402
750
736
722
504
978
740
736
782
822
854
896
910
926
914
876
856
856
856
862
842
524
1154
534
1084
764
752
764
828
842
910
950
458
570
886
966
994
956
896
860
878
910
880
900
896
880
880
572
1098
800
776
750
758
752
800
788
782
786
812
784
796
762
746
756
756
778
832
828
832
866
864
868
868
884
858
824
812
828
832
826
838
852
860
846
848
856
842
838
824
830
818
838
804
812
798
794
804
806
800
798
818
816
800
778
764
776
764
776
764
744
750
774
758
778
784
790
824
534
1122
790
756
732
740
738
784
818
794
482
1090
734
718
718
718
720
740
742
780
816
812
828
812
830
620
1046
780
790
772
786
790
788
768
758
752
766
766
780
816
824
512
1114
758
520
1028
730
766
820
602
1168
834
824
916
892
890
902
884
870
826
796
774
634
882
734
754
754
810
846
866
948
962
986
520
526
840
914
934
520
498
732
862
868
532
1162
796
812
820
838
842
828
802
502
1116
746
796
796
822
886
914
908
904
918
916
878
524
1186
648
1008
790
784
776
784
842
902
932
514
520
744
830
842
816
828
806
786
774
754
716
716
720
730
766
776
762
742
732
688
708
720
510
988
734
754
772
746
750
792
836
904
932
916
578
1148
822
826
802
816
834
824
836
838
806
788
802
784
798
800
824
844
834
842
788
794
860
852
838
868
880
886
884
532
1188
804
788
804
844
874
890
878
862
864
838
830
806
826
862
850
872
910
940
944
892
896
872
846
838
844
898
870
856
870
860
888
862
844
598
1076
788
798
794
806
844
852
854
872
892
916
900
868
876
848
878
874
862
882
910
906
906
886
850
830
856
848
846
830
840
844
848
834
836
858
844
846
828
828
806
810
808
830
824
832
796
808
796
776
860
890
816
798
764
728
752
756
774
844
812
824
798
776
796
800
802
820
848
874
860
852
832
580
1102
782
820
816
836
852
846
868
856
548
1140
790
818
816
830
846
860
860
864
862
874
864
860
856
838
798
824
802
802
828
788
798
804
802
802
828
824
822
810
794
792
778
796
800
794
824
826
808
798
808
800
788
802
788
786
762
728
744
740
770
800
810
820
842
800
786
778
760
770
760
768
784
780
774
790
486
1210
824
800
840
816
798
828
818
814
806
804
760
740
734
800
788
802
814
828
814
804
784
754
800
796
846
860
814
800
798
778
786
760
706
690
694
676
576
760
688
698
732
546
958
740
768
786
786
814
822
826
584
1068
626
950
752
766
766
766
784
744
748
738
756
812
784
756
756
732
714
730
740
754
764
770
762
742
736
736
730
722
692
664
670
626
614
610
616
596
608
628
606
524
666
590
576
556
592
578
560
548
424
668
544
554
554
538
528
526
536
534
430
660
554
554
558
564
564
570
572
568
562
578
572
556
586
562
556
558
550
564
568
568
568
598
594
580
598
600
496
672
580
592
526
656
606
598
610
616
598
624
564
614
586
618
634
680
636
656
642
632
584
640
590
602
600
604
590
612
594
622
620
634
610
620
628
600
612
608
612
640
652
684
704
690
708
680
662
640
616
606
594
606
584
592
614
640
652
656
688
672
648
640
646
656
672
660
674
662
664
644
648
658
676
678
672
666
482
762
610
590
558
604
604
634
634
676
682
694
698
696
684
674
666
668
678
682
638
622
624
628
616
636
628
618
604
650
596
628
622
626
626
650
652
664
666
676
672
664
678
662
676
656
684
684
692
664
668
644
646
662
678
654
622
648
652
646
652
662
654
652
660
660
504
818
630
628
622
628
642
654
578
808
674
660
680
672
682
698
712
716
708
694
456
876
612
606
576
590
580
506
664
600
582
560
578
568
570
570
566
586
580
580
568
596
572
562
590
596
582
598
554
556
570
568
604
596
578
578
576
586
588
582
596
570
614
562
574
586
588
608
628
582
698
614
636
582
590
588
590
574
570
598
590
592
610
630
604
620
650
672
682
700
700
678
674
632
626
624
620
634
634
628
634
660
686
666
680
422
1030
704
682
686
702
672
686
712
752
774
884
818
494
1038
608
780
512
816
632
690
706
710
754
770
780
796
824
820
836
796
496
1000
662
640
534
798
656
680
478
1010
592
798
688
546
952
742
788
834
876
890
562
424
746
818
614
946
722
732
740
794
784
832
844
854
854
804
798
770
780
786
790
800
796
794
768
488
1088
688
854
764
796
850
920
936
910
810
514
1066
710
682
698
700
726
754
750
750
708
678
692
674
704
702
704
698
704
708
706
692
702
712
720
722
742
738
722
732
740
720
722
688
682
682
688
694
726
750
758
788
782
774
764
748
754
764
710
730
712
696
710
686
676
670
698
692
694
690
718
714
714
700
716
706
718
732
738
644
818
658
650
656
660
686
728
732
704
674
672
680
692
710
724
746
744
734
742
744
752
776
796
796
802
802
800
794
794
748
770
754
732
750
716
754
780
798
800
812
792
764
752
728
716
716
714
716
734
728
728
742
704
718
734
748
722
502
934
662
618
636
624
632
592
720
612
654
640
636
634
646
662
652
678
656
650
644
506
782
636
626
626
624
630
626
492
382
468
504
584
590
584
596
620
634
666
690
688
674
668
664
670
672
662
662
656
682
658
636
632
634
636
654
680
692
700
718
700
684
648
654
654
676
692
688
702
732
710
704
728
774
800
740
688
672
634
638
624
632
634
644
574
424
964
642
622
488
788
626
636
658
664
686
712
710
712
710
730
716
704
694
706
742
760
760
782
546
966
712
712
694
694
700
698
436
392
618
668
692
724
754
750
554
1034
764
772
492
988
700
684
684
704
730
764
800
798
780
742
706
694
712
694
690
666
532
778
664
662
654
674
702
690
686
704
702
754
782
798
760
768
766
760
744
732
702
518
872
504
840
660
658
662
702
718
766
810
808
808
772
790
800
762
518
978
728
748
528
964
682
684
688
700
730
794
850
852
834
810
822
804
784
782
766
762
760
744
738
620
870
726
724
708
722
704
700
630
636
684
702
706
700
692
702
696
682
672
682
700
708
712
632
794
688
686
672
664
680
674
660
670
682
650
658
646
646
668
692
698
700
704
686
672
680
692
692
700
700
692
684
688
678
690
744
760
790
788
776
750
734
736
716
746
760
750
746
752
758
758
788
774
774
728
718
726
702
680
698
708
720
748
488
956
566
778
678
662
680
690
698
772
792
818
840
452
466
714
788
818
810
798
764
756
764
788
758
474
1032
734
708
556
832
672
668
680
724
750
814
846
880
868
884
896
878
858
820
780
746
784
800
792
782
790
788
810
824
814
836
844
852
874
836
830
820
834
830
792
806
802
800
808
490
1082
590
890
700
684
714
736
790
844
832
806
522
1074
786
764
550
958
714
716
520
926
700
728
522
996
760
778
764
820
786
798
816
798
838
838
812
800
804
792
780
518
1012
728
712
728
722
746
778
756
750
770
756
788
786
780
754
746
736
722
712
710
704
710
720
734
738
752
748
530
924
692
666
682
698
704
742
742
518
878
668
660
660
664
678
706
712
710
692
654
656
672
714
750
726
720
722
722
698
696
694
688
710
718
714
516
876
628
636
622
524
766
642
700
720
816
864
876
880
886
870
832
802
758
758
740
742
752
752
758
516
1030
750
742
728
556
950
500
960
732
708
708
736
724
754
760
526
964
716
702
706
526
914
702
708
628
770
672
694
726
654
386
520
656
736
762
760
510
1002
722
728
522
930
688
694
498
836
640
688
704
774
790
814
814
756
592
888
586
838
536
836
654
662
570
716
664
684
508
978
738
776
770
786
768
772
788
768
764
764
712
704
702
510
950
718
698
694
524
870
686
708
712
600
844
714
698
696
690
696
716
730
740
738
752
752
734
746
744
738
750
748
522
916
692
680
682
680
686
706
736
730
744
738
716
696
688
680
700
748
762
800
788
784
770
756
754
750
740
734
726
732
690
698
696
694
664
664
674
664
680
692
690
662
710
688
666
726
704
496
938
510
870
686
680
690
712
732
504
1000
730
726
740
762
768
464
446
666
746
760
538
966
566
872
690
688
676
656
648
528
860
696
706
738
502
990
720
742
550
960
722
754
530
952
718
742
738
760
784
806
802
816
770
776
774
768
760
622
834
710
710
588
816
688
680
680
474
922
566
850
730
744
810
820
832
848
848
844
830
802
776
728
456
894
652
622
632
658
506
810
664
696
708
498
888
672
714
520
968
720
778
784
796
818
838
850
852
848
834
786
748
740
722
532
904
688
692
684
678
668
692
696
526
894
674
688
540
896
676
698
564
910
514
948
710
714
526
968
718
750
738
740
762
514
964
706
704
706
714
718
740
766
750
754
764
760
766
756
734
494
964
712
490
930
724
692
504
908
684
678
508
892
666
678
600
816
708
724
532
910
592
844
608
782
710
720
720
436
1022
730
722
720
752
764
756
754
756
766
776
782
778
788
780
760
770
502
390
636
740
492
966
580
890
554
828
676
670
712
740
774
830
810
798
798
788
510
1012
728
714
736
698
722
526
970
736
736
730
728
716
750
790
826
826
802
798
776
774
776
766
780
784
504
994
718
696
706
716
708
544
918
718
712
722
524
892
694
714
720
562
874
704
702
718
718
720
740
730
750
514
1006
706
698
688
702
782
730
724
524
936
714
720
708
722
728
722
748
740
714
526
896
704
698
712
528
904
696
700
698
710
740
758
642
842
710
702
534
906
674
688
530
846
686
696
708
734
752
784
818
788
790
766
722
708
728
706
728
732
714
680
682
686
662
674
660
666
638
638
634
648
646
506
836
672
694
704
696
720
726
720
722
730
700
716
726
724
740
754
756
758
774
774
560
984
730
740
750
740
758
772
776
818
774
736
740
454
1056
718
734
754
750
784
778
820
860
832
876
828
516
1126
744
512
984
620
856
616
848
724
760
812
870
878
872
892
894
878
866
820
812
828
844
838
538
1130
782
520
1048
784
782
796
808
792
828
828
532
1152
792
772
786
786
806
828
810
828
814
836
818
820
826
844
818
810
832
818
832
822
560
1074
784
762
768
736
756
748
780
844
846
480
1236
608
938
740
724
752
784
830
842
836
848
868
856
862
876
824
762
732
666
666
674
690
692
700
698
682
670
656
654
640
650
648
634
636
646
626
458
492
870
582
582
592
592
606
682
628
620
612
620
626
618
618
624
616
624
614
614
612
624
620
636
636
642
664
664
644
650
658
664
662
510
798
638
628
622
614
636
504
776
644
652
652
658
676
668
646
696
690
692
676
692
680
672
654
670
656
664
670
666
662
662
652
504
830
680
652
694
696
666
642
654
646
644
640
506
914
656
676
506
838
532
754
642
626
638
512
372
530
440
880
642
642
506
762
626
622
632
646
498
796
628
618
518
762
618
624
596
390
454
556
652
664
438
932
670
656
532
826
650
638
650
642
640
642
652
648
652
658
652
650
644
570
698
624
614
632
612
630
628
630
624
608
610
582
600
672
646
648
638
642
642
666
646
634
640
648
658
644
632
628
484
760
616
618
508
728
630
620
636
484
800
622
616
654
646
652
640
654
644
492
816
630
626
570
1312
620
610
614
616
610
620
630
644
678
682
674
674
684
660
656
656
642
486
358
514
614
622
620
490
774
606
636
500
766
628
646
640
646
674
676
654
654
664
714
686
662
664
660
648
652
644
646
672
672
658
682
690
666
680
670
656
650
654
646
626
630
622
500
662
616
590
488
698
608
594
578
570
570
560
570
554
428
690
516
598
568
560
572
570
584
570
600
610
656
684
684
688
706
698
712
702
674
698
682
696
732
728
694
714
722
712
722
728
702
682
692
676
652
660
664
690
746
710
682
674
682
676
672
690
692
674
678
692
692
674
678
682
436
1016
674
682
682
676
652
644
662
652
648
670
600
708
638
642
620
616
586
752
658
672
686
700
712
696
674
684
698
684
492
896
656
658
636
498
804
638
662
660
666
676
704
722
728
706
698
726
746
738
724
728
686
680
680
660
666
686
678
656
656
638
682
528
790
494
792
614
614
608
620
632
488
374
500
436
832
654
648
654
644
646
646
662
648
638
660
582
726
504
756
606
596
596
608
542
610
616
516
710
682
620
602
596
598
610
612
630
622
602
606
602
604
608
624
638
638
640
644
658
644
632
486
782
526
734
644
646
480
894
688
690
692
682
698
714
740
704
708
706
692
680
674
650
660
658
524
764
508
406
464
514
414
786
606
590
608
614
626
640
634
644
640
470
810
644
622
622
494
764
586
624
646
670
732
746
622
822
680
640
634
646
478
806
644
644
508
768
638
624
616
616
640
612
620
620
608
614
636
664
466
842
638
632
476
760
618
594
590
580
578
470
818
590
580
724
618
658
660
656
684
706
706
744
744
734
518
368
598
630
668
690
698
722
724
704
690
720
686
680
664
686
672
682
722
744
760
772
792
800
836
828
822
820
794
484
1080
744
722
712
696
694
688
682
694
694
484
930
686
670
652
498
796
464
766
570
700
662
694
732
770
788
830
768
762
754
738
720
704
682
654
656
636
640
492
802
616
620
614
614
620
618
590
658
622
642
648
646
660
660
656
574
702
512
388
474
488
582
590
598
620
594
596
608
644
638
636
646
658
626
628
628
486
730
604
610
616
602
642
622
620
626
642
636
662
680
492
846
654
642
622
616
482
758
620
618
616
486
768
606
610
604
576
652
628
658
654
674
666
490
790
634
616
628
638
490
590
842
624
602
466
400
450
520
436
782
628
618
624
632
624
598
614
612
600
600
610
606
408
780
600
598
552
668
480
742
610
608
494
702
576
588
496
678
582
588
524
668
432
768
606
616
614
642
564
714
630
618
618
582
668
622
620
644
650
654
648
648
640
652
652
558
748
624
608
520
748
684
646
508
788
628
598
594
480
764
618
622
622
630
636
634
620
628
618
632
668
486
944
674
676
682
696
694
680
484
860
652
628
478
772
602
648
614
580
640
608
612
540
708
620
610
628
482
846
636
654
488
824
634
624
470
756
590
628
516
696
624
584
522
680
586
584
592
398
828
606
602
518
686
584
606
496
750
618
628
494
870
652
676
538
772
640
684
704
722
710
690
688
668
662
694
728
520
918
678
662
632
628
640
488
824
644
638
646
650
642
484
368
472
526
602
408
788
602
616
612
530
688
592
568
582
496
708
606
626
672
664
690
710
722
704
674
692
676
686
486
934
666
670
686
674
698
696
704
714
694
674
644
654
494
860
658
638
480
786
626
620
614
656
654
662
666
486
826
642
592
720
502
756
634
632
504
814
640
658
662
670
432
952
572
740
560
710
632
612
618
626
610
636
676
704
750
752
508
932
676
672
658
658
436
902
636
648
638
644
680
690
664
658
658
672
692
692
678
658
658
666
664
676
686
694
686
668
656
646
644
660
650
680
694
666
656
644
656
654
664
664
640
636
638
634
618
614
646
650
650
672
716
690
504
992
706
668
688
688
468
890
652
716
680
666
668
684
422
978
682
676
676
676
702
692
686
694
702
712
706
704
678
628
672
636
482
838
640
618
630
646
640
686
480
956
702
716
698
668
664
632
622
640
514
782
622
668
700
700
712
724
714
702
686
666
664
646
640
484
794
644
646
494
586
868
640
506
766
640
656
690
682
474
376
532
436
814
620
634
490
756
636
658
482
882
676
688
682
680
676
686
490
908
676
690
674
650
484
788
636
638
486
864
656
652
674
662
662
676
686
670
672
670
674
672
668
488
864
674
674
672
680
440
942
656
652
652
656
682
692
706
