808
706
680
552
732
648
642
648
664
662
676
652
676
692
702
690
682
712
692
672
662
644
636
654
638
638
650
632
650
734
720
626
716
616
646
670
674
644
662
650
612
652
590
760
654
678
636
644
638
616
618
646
618
628
624
628
612
602
634
650
612
600
616
602
580
574
672
570
594
596
584
582
626
582
580
594
584
602
604
566
592
590
612
648
584
598
572
614
590
564
622
578
584
574
604
664
610
682
578
588
636
628
624
626
606
622
586
618
640
698
656
634
636
608
630
602
600
592
610
606
600
624
616
612
610
662
654
608
526
794
636
652
640
648
612
586
636
644
638
644
650
606
636
680
656
560
596
616
628
652
650
694
618
598
628
722
640
666
672
680
702
638
632
604
600
606
620
652
646
644
650
672
630
652
678
646
624
634
604
622
620
634
630
616
588
624
602
668
620
614
604
616
658
604
624
648
622
668
620
564
640
638
564
630
600
636
602
586
616
590
586
728
622
624
640
638
610
668
670
604
576
664
682
618
638
650
638
584
642
542
374
908
636
646
504
674
614
582
592
574
622
606
572
486
758
652
642
598
566
556
554
614
558
514
334
402
420
704
820
620
594
652
568
612
624
604
606
348
416
566
628
572
614
628
624
620
562
630
570
648
628
656
628
596
582
572
614
602
610
596
562
556
586
598
596
626
418
832
604
580
620
558
590
578
546
532
584
578
524
588
592
566
562
556
518
554
520
632
582
566
562
566
562
626
560
574
552
562
582
556
584
586
574
516
554
492
578
584
484
520
558
544
526
602
578
538
582
564
560
588
610
602
594
562
592
564
584
576
596
604
586
608
600
586
340
334
594
622
578
600
620
592
602
580
562
618
596
562
602
582
598
606
610
638
676
626
610
580
614
596
622
602
598
608
624
610
624
664
666
510
792
550
628
606
632
632
596
620
634
604
574
466
918
664
672
648
630
638
574
734
602
594
608
614
608
660
622
644
612
634
624
630
616
608
552
632
592
602
654
562
580
584
416
760
602
622
608
592
604
568
598
616
604
620
604
588
602
632
606
638
626
646
588
456
746
572
554
590
598
604
580
598
594
598
594
600
590
592
588
602
602
602
602
600
594
590
630
610
592
680
588
586
624
576
550
606
572
530
564
636
566
630
594
592
544
500
558
334
404
582
604
586
578
584
574
590
582
582
584
582
596
618
512
722
454
694
482
752
614
632
624
582
622
640
636
626
650
630
600
622
612
640
596
648
594
608
620
610
580
616
594
602
664
624
618
630
630
612
632
642
644
616
612
638
628
656
672
654
664
618
586
660
634
644
602
634
594
642
630
646
658
390
334
452
850
666
668
632
636
592
632
618
544
642
660
686
598
624
640
616
640
658
608
632
594
602
628
610
446
758
636
642
622
602
594
622
622
602
608
588
584
584
616
618
610
610
594
604
616
622
632
610
608
578
608
570
604
562
598
566
602
614
600
616
584
612
600
574
532
788
592
594
610
584
620
574
612
614
606
638
610
620
600
580
580
580
582
614
576
570
614
576
602
580
582
612
596
560
578
604
572
594
592
602
582
592
612
586
602
638
620
632
598
578
632
606
606
610
586
654
658
666
626
598
622
634
632
622
576
614
528
640
638
612
614
604
598
708
614
600
642
632
634
634
632
628
636
670
650
644
590
618
610
632
638
592
632
582
652
666
644
656
698
618
732
684
602
646
610
606
630
610
644
658
628
650
628
660
656
650
632
630
604
626
614
616
646
602
582
514
552
768
530
652
608
646
496
582
600
620
534
672
606
602
594
618
614
602
652
594
606
594
578
588
666
642
594
588
602
604
594
596
602
594
592
588
582
334
866
572
618
638
612
542
630
588
582
604
612
600
598
560
562
570
612
562
574
564
576
590
608
596
592
594
610
592
568
596
568
598
552
584
594
598
602
592
602
592
646
634
588
562
586
586
564
594
584
602
554
694
622
594
612
606
626
634
612
584
590
582
618
594
614
626
644
594
602
612
610
620
608
568
576
600
610
608
620
606
600
592
620
622
648
628
616
580
586
588
584
600
560
630
630
586
570
564
568
574
576
584
602
578
580
586
596
598
598
574
574
586
578
576
570
566
524
634
584
584
562
554
578
566
588
580
580
570
564
580
502
640
606
570
576
570
572
538
532
396
344
542
584
586
584
592
588
604
570
626
588
606
570
548
558
552
576
586
584
570
578
574
570
574
582
578
592
578
552
564
568
586
560
606
550
564
556
578
580
572
578
574
560
542
574
554
596
448
704
552
598
580
534
650
584
596
584
566
598
562
564
580
572
574
578
674
566
564
548
634
588
560
594
578
570
588
574
604
592
554
572
630
592
592
550
588
578
592
592
582
584
586
578
600
600
598
588
572
584
590
594
604
588
576
550
582
592
588
600
602
580
560
566
424
422
772
650
616
582
628
616
434
756
584
570
600
602
552
648
606
602
602
600
606
590
606
606
616
602
580
598
582
564
646
608
594
580
578
590
590
588
566
582
574
580
588
592
572
594
600
594
606
616
600
586
578
588
586
618
598
596
588
592
656
626
600
586
596
562
590
570
578
604
560
576
594
584
594
574
582
582
596
596
586
592
552
564
600
602
594
544
564
590
538
594
518
730
592
570
592
606
592
584
562
526
608
594
578
598
596
548
574
608
570
614
594
570
576
626
572
578
578
524
592
572
586
602
616
604
592
606
596
524
672
624
620
630
612
632
608
602
628
598
624
594
584
572
586
574
598
582
574
582
592
604
594
590
578
568
568
594
486
698
572
574
588
586
602
574
572
574
588
546
650
582
712
582
594
600
628
620
604
598
582
610
626
616
614
616
608
614
618
616
602
600
582
594
596
612
578
594
580
598
608
608
590
594
580
588
598
586
582
594
588
602
600
614
548
678
610
572
624
582
546
592
646
612
618
580
584
592
574
568
608
522
662
558
568
592
600
552
614
580
560
504
670
592
600
592
604
572
606
578
582
596
584
586
590
570
592
614
588
582
610
564
570
576
574
588
572
552
568
588
582
576
584
554
620
642
604
606
576
570
566
586
562
582
586
558
586
614
658
608
644
622
618
624
626
606
632
600
620
608
632
612
608
608
608
620
616
602
566
608
590
574
596
578
578
576
574
606
668
610
564
586
584
572
542
478
778
616
640
616
626
588
580
586
490
712
640
602
592
578
600
604
632
622
620
572
604
622
604
592
588
580
576
574
590
582
574
586
566
574
576
580
574
620
602
636
618
630
614
598
592
604
610
604
614
620
576
614
612
662
624
564
682
618
588
586
570
588
606
622
598
624
596
596
602
622
620
628
588
550
576
576
578
576
608
610
618
590
594
628
616
610
614
602
580
586
574
568
624
586
588
614
528
666
600
586
594
534
610
572
570
558
568
570
594
622
600
466
666
568
608
596
634
568
610
590
592
584
582
584
608
606
584
608
640
592
642
638
622
614
590
578
606
610
618
612
616
576
588
614
626
628
594
618
596
586
620
580
594
596
590
620
628
644
666
646
658
754
652
636
624
600
640
548
704
620
642
596
600
636
616
632
626
614
536
662
606
612
610
626
620
622
616
594
600
584
660
606
618
590
622
620
604
634
612
618
600
608
630
626
664
664
622
626
606
610
592
572
584
638
592
616
614
584
618
602
582
588
634
590
580
576
560
594
598
600
612
564
632
612
608
622
602
618
588
584
584
566
586
572
592
598
594
606
612
616
606
616
622
612
590
576
584
586
584
600
584
600
576
596
630
590
608
650
588
590
586
546
582
560
584
598
588
614
566
592
620
442
742
622
682
602
588
596
572
562
584
580
574
578
576
622
588
628
610
580
608
590
612
608
616
626
618
622
624
626
622
604
614
624
622
604
572
558
620
618
662
608
604
584
618
622
582
688
642
630
614
630
614
612
628
634
556
690
630
612
592
592
602
594
606
584
578
604
610
604
660
604
596
620
622
628
614
588
616
612
608
634
636
620
612
608
596
620
598
606
594
510
806
622
604
586
544
606
576
582
590
576
588
578
588
578
614
600
606
596
612
594
598
604
566
592
620
606
622
574
596
622
612
614
594
610
578
550
602
586
584
568
592
592
596
494
696
618
598
526
612
592
584
584
530
574
638
602
582
572
570
574
592
592
586
588
570
570
592
596
622
586
582
564
600
572
590
548
602
606
588
626
594
588
562
558
570
582
590
562
572
592
630
600
628
600
636
604
610
600
596
596
616
614
604
616
576
610
602
624
416
334
582
606
588
590
552
570
600
572
606
600
608
640
632
630
630
632
588
608
588
616
602
606
608
604
588
590
584
586
602
608
586
606
606
600
620
618
622
622
610
600
536
666
654
588
608
608
606
610
582
634
586
620
580
614
616
584
586
598
568
650
598
588
592
602
582
608
616
596
540
666
606
608
632
600
628
578
574
552
622
592
602
598
572
612
568
598
600
592
584
626
586
546
566
572
580
586
594
592
600
622
584
596
498
784
606
610
576
570
574
558
582
576
546
636
598
582
596
608
608
596
578
592
604
590
544
516
534
712
598
586
570
580
590
618
606
610
592
572
580
592
592
604
572
594
458
740
612
616
626
606
630
628
628
594
602
550
666
680
610
606
626
588
606
620
638
602
648
588
432
694
634
586
604
608
616
640
642
568
682
612
606
594
596
588
592
582
604
622
618
538
660
612
626
640
612
604
598
584
622
582
616
606
590
606
592
608
584
576
596
630
636
576
584
530
628
586
588
610
592
602
610
604
610
606
622
604
632
596
598
586
586
594
636
602
598
610
588
592
608
592
610
616
576
582
602
608
586
596
606
592
590
594
610
626
634
618
606
612
584
600
554
636
626
334
358
578
610
626
610
612
538
550
736
570
606
584
576
598
580
598
568
640
598
614
584
576
598
602
584
466
678
582
580
616
566
582
600
590
600
612
606
614
614
608
602
608
596
588
572
594
594
604
594
600
612
614
650
682
610
600
600
604
600
586
574
610
628
606
592
616
622
616
668
618
598
622
568
594
598
604
634
644
638
628
644
644
654
658
618
608
604
626
504
746
624
636
614
614
634
636
632
618
568
626
610
606
592
598
644
706
634
622
618
580
582
616
622
610
608
604
604
622
620
626
628
626
606
636
626
616
606
616
618
616
596
606
594
604
600
602
598
602
592
602
596
588
612
612
608
584
588
606
598
542
644
596
596
596
602
612
620
626
638
600
638
596
566
598
586
598
610
590
594
626
618
506
718
606
596
574
592
588
588
552
608
596
620
590
590
604
608
580
620
610
580
584
508
674
598
588
600
600
598
600
590
596
614
626
616
582
610
600
596
600
570
632
612
594
580
598
582
616
618
630
610
612
596
612
576
622
586
628
602
610
630
618
608
642
636
626
602
566
580
486
718
602
608
612
624
644
654
640
620
534
684
594
610
600
588
592
580
602
604
610
598
586
612
660
620
582
600
586
612
616
610
636
600
630
638
638
628
622
634
634
624
616
620
618
622
604
648
616
612
616
624
624
606
610
628
606
604
610
618
616
646
626
606
610
634
632
654
656
644
624
630
602
596
602
630
648
620
626
622
606
622
596
622
636
646
612
626
600
644
604
614
624
600
608
630
622
568
686
624
632
578
434
734
586
588
604
596
606
604
606
618
540
682
626
614
588
584
588
592
580
594
568
608
600
602
592
594
668
620
604
574
520
638
594
592
608
570
576
604
604
602
598
630
604
690
672
582
612
598
618
604
610
598
618
590
636
622
622
642
636
614
586
608
618
610
606
630
634
628
650
652
654
660
656
666
624
630
626
648
712
644
646
644
630
624
642
662
680
668
676
638
618
628
618
632
636
600
652
646
612
654
650
656
624
644
614
610
598
620
608
620
598
616
626
614
518
734
620
602
628
620
622
626
612
548
682
634
638
594
622
628
694
542
694
616
582
582
586
594
606
512
686
596
620
604
620
624
598
620
622
614
538
690
594
612
598
608
604
600
618
646
624
620
620
626
632
586
586
586
598
596
604
612
630
618
614
608
600
628
600
600
572
642
602
576
594
596
574
608
602
608
612
606
616
622
578
580
470
748
612
628
606
596
586
588
640
604
548
682
612
626
570
612
604
592
608
602
618
636
588
558
666
640
676
628
610
586
584
584
620
548
662
620
624
654
750
636
636
628
640
632
608
614
634
628
632
632
644
652
636
626
646
668
652
648
608
596
604
618
598
610
628
634
636
610
634
626
632
630
662
630
648
642
632
618
654
648
652
642
650
620
644
516
792
662
712
630
640
606
604
622
626
638
618
582
668
642
650
656
640
644
622
598
606
590
608
622
618
626
496
736
616
624
638
626
614
598
600
582
612
626
590
618
622
622
634
614
630
644
636
598
576
570
588
582
594
606
638
530
684
608
606
602
610
608
630
626
596
586
590
608
526
698
608
598
628
612
628
624
626
616
608
554
582
604
592
602
606
600
580
612
616
646
604
604
606
636
596
590
618
622
612
604
604
630
644
636
632
646
716
646
628
620
566
584
634
618
640
658
638
652
672
682
670
666
598
606
596
650
652
642
662
524
756
614
624
648
642
650
654
614
606
640
654
622
644
650
648
656
494
736
600
360
394
614
662
628
640
634
650
638
730
654
630
600
624
620
614
618
614
594
606
612
610
622
618
634
618
630
620
638
644
658
648
652
614
604
610
604
594
618
618
612
632
634
644
638
646
654
608
580
588
554
548
742
612
630
498
742
602
610
696
702
658
618
614
598
600
606
622
620
636
670
616
666
636
646
632
624
636
616
598
608
600
492
718
592
616
604
630
624
634
616
602
594
582
590
586
612
586
616
624
620
624
626
660
606
652
618
622
612
602
610
656
612
620
468
764
618
608
650
550
716
630
608
596
626
596
608
620
622
652
624
630
608
608
626
606
586
582
594
592
614
628
612
608
632
632
650
636
630
628
612
606
594
602
628
630
622
616
634
616
618
586
608
654
622
602
606
576
586
596
606
614
620
612
608
608
618
582
662
648
632
616
628
596
604
636
642
648
500
682
638
636
646
628
614
608
602
610
590
592
600
612
632
610
632
616
610
614
622
602
580
580
578
584
608
620
720
616
594
612
608
620
646
640
636
600
580
600
586
614
598
596
608
618
602
618
614
586
604
616
600
580
602
578
590
612
600
582
584
620
612
616
634
626
618
588
594
600
584
626
610
616
604
448
780
604
624
660
688
610
598
604
592
588
416
466
884
622
614
604
634
636
702
644
614
642
628
592
618
604
612
638
640
676
644
654
646
648
634
610
604
604
634
644
654
628
626
640
640
646
636
616
622
594
604
592
604
590
624
636
674
616
592
592
602
584
610
622
610
604
618
628
636
652
622
674
596
666
640
640
628
646
660
626
602
614
610
622
616
614
632
630
612
634
634
640
628
622
622
608
600
606
604
618
604
624
620
618
616
614
620
700
638
642
610
576
596
608
608
658
632
634
626
628
644
644
656
644
594
600
622
578
584
614
494
696
588
622
642
618
606
618
610
620
614
612
606
636
580
612
630
608
622
638
624
522
794
608
598
592
600
628
646
604
618
602
602
622
608
634
614
622
628
608
614
594
608
580
624
592
626
610
646
644
644
610
592
810
618
592
664
632
658
634
666
664
684
686
696
678
662
640
626
658
610
650
650
670
622
644
652
668
778
658
690
656
624
604
618
636
676
650
672
662
694
654
672
668
654
656
646
626
648
654
660
656
668
656
666
646
624
652
634
646
650
614
630
628
642
624
608
648
614
628
628
628
574
690
626
614
630
624
648
606
620
626
610
614
532
668
678
614
620
612
582
612
552
594
606
598
618
616
612
606
600
612
620
612
586
590
582
596
584
596
592
596
600
612
618
634
620
618
586
634
604
622
596
606
616
602
614
608
620
600
674
648
624
600
632
588
574
584
630
620
604
600
604
620
622
648
650
656
622
612
624
610
614
614
592
596
586
630
634
638
630
642
578
626
726
624
602
594
610
606
614
628
616
654
634
618
606
622
614
582
592
584
674
622
612
610
618
604
624
628
620
634
596
622
612
614
636
626
642
656
638
648
626
630
630
638
614
604
602
632
618
626
626
622
632
624
628
630
636
622
642
630
620
640
634
624
640
634
638
648
634
638
648
724
674
662
636
628
618
634
628
622
620
608
634
644
580
706
626
624
590
584
614
578
590
530
696
626
598
592
620
624
634
674
636
630
598
598
616
514
654
632
626
584
610
630
628
648
618
482
734
540
652
596
632
650
612
610
588
590
596
604
634
626
634
592
600
572
598
630
620
608
620
498
714
618
634
666
652
632
608
608
606
612
606
592
584
622
610
640
640
634
630
638
634
612
634
628
618
602
632
578
678
612
646
646
718
636
610
616
594
580
606
608
642
624
632
616
628
632
638
632
628
594
624
612
616
630
596
616
542
530
784
602
612
608
590
620
588
648
610
610
636
644
640
626
662
642
638
654
638
628
644
614
628
620
656
688
592
746
634
608
642
614
640
630
644
616
602
614
638
624
606
630
632
630
608
502
432
758
666
632
614
610
610
618
626
642
618
614
632
646
644
664
638
604
618
622
622
620
638
622
612
634
624
644
624
638
648
662
614
616
622
604
618
608
644
620
614
638
620
650
630
616
630
616
616
632
622
604
616
626
634
616
622
652
656
638
626
610
622
626
626
622
608
614
614
634
612
642
654
658
636
634
620
628
632
638
618
686
690
654
660
636
646
646
640
638
654
652
638
664
660
660
670
664
648
660
660
636
620
636
668
616
630
638
630
628
638
628
618
648
638
648
640
438
334
504
646
364
334
654
670
650
692
668
674
668
658
662
696
706
652
646
632
646
670
674
636
638
656
648
636
650
454
772
638
644
622
606
616
626
618
650
640
636
598
614
648
638
638
632
648
646
670
660
662
646
650
700
648
660
648
636
624
616
620
620
624
600
648
676
606
626
646
634
618
634
624
636
640
624
630
628
628
642
650
642
634
636
676
618
634
630
638
636
628
628
608
634
614
622
630
646
670
642
608
614
638
628
640
614
608
616
620
614
494
748
682
648
654
740
646
618
662
616
588
628
658
680
694
684
688
660
672
602
654
664
634
652
618
536
744
636
620
620
602
630
626
606
606
608
622
638
644
644
632
640
652
650
646
644
656
638
506
778
526
754
680
652
650
732
644
634
636
628
624
618
628
634
622
648
646
646
640
636
638
634
652
636
660
640
646
622
670
622
632
642
620
658
642
630
628
634
640
666
640
642
642
502
774
636
646
652
634
628
642
640
630
612
610
656
622
614
616
624
626
622
628
640
658
662
648
634
644
636
498
740
562
736
508
758
652
648
660
660
528
704
518
732
652
638
622
504
750
626
660
608
650
666
658
654
664
532
736
528
738
630
632
626
620
696
658
676
664
654
660
656
658
662
638
502
792
680
674
690
672
648
626
638
636
628
640
624
630
624
630
630
640
622
620
648
642
632
638
624
648
636
626
650
648
648
474
854
646
654
668
656
652
666
694
648
668
650
640
648
648
642
528
770
550
746
640
648
654
654
658
686
658
670
672
698
460
872
682
654
666
638
640
670
656
672
668
676
676
664
662
622
644
654
660
638
636
662
646
634
658
636
650
726
652
674
674
626
648
602
616
634
648
626
658
642
648
636
658
666
532
800
632
612
654
618
638
644
626
644
642
644
632
636
632
584
690
664
668
660
634
632
636
624
650
640
664
684
646
610
624
668
628
626
624
612
628
622
646
664
650
654
644
644
652
650
668
644
642
646
670
666
672
660
642
624
626
628
644
626
626
638
620
640
658
638
648
638
644
642
636
648
650
638
646
640
652
622
620
606
650
684
616
616
620
596
612
622
518
728
628
646
632
650
662
652
656
660
660
658
632
654
630
670
666
654
650
642
670
654
640
642
646
624
648
614
642
626
628
628
614
626
672
646
630
608
638
632
618
622
648
700
638
638
632
624
648
654
676
664
660
628
630
598
622
634
630
640
654
640
634
632
660
622
650
632
600
604
602
618
624
616
620
606
654
634
620
642
652
644
628
588
636
588
620
636
606
630
622
610
630
626
640
644
644
624
624
630
580
610
640
608
610
688
640
656
660
622
644
632
608
636
658
638
622
632
646
668
648
670
662
658
628
642
628
636
644
642
612
640
632
654
638
640
628
616
604
598
600
628
682
618
630
614
598
654
602
642
624
630
620
646
636
660
642
652
672
658
656
646
624
668
656
658
626
616
642
624
652
640
626
628
648
518
740
630
634
488
742
612
636
616
638
620
628
608
620
622
628
658
632
620
610
618
586
612
616
634
636
642
628
634
638
648
662
548
588
622
640
628
636
626
642
626
656
612
620
618
612
610
622
622
592
618
640
626
626
644
498
418
732
638
740
720
628
596
594
636
694
626
634
622
594
630
600
630
626
590
604
604
640
600
588
630
632
612
626
610
638
624
636
510
726
614
622
634
638
666
652
650
634
682
674
684
640
648
642
636
592
660
622
644
628
622
634
600
616
622
686
638
644
610
630
618
624
634
640
618
648
636
644
668
662
652
652
668
658
652
640
634
664
654
664
634
644
654
646
654
636
630
612
636
636
640
618
612
632
600
626
628
640
624
598
646
634
640
642
632
704
644
652
630
648
612
614
594
632
604
624
620
624
636
640
632
648
628
634
480
828
616
656
588
616
576
590
628
592
610
612
650
614
644
682
640
654
598
614
616
644
638
638
614
630
606
636
640
636
626
638
674
610
606
596
610
602
614
632
626
610
632
612
628
636
588
596
606
596
602
618
620
600
618
628
640
628
628
632
618
608
592
626
620
628
648
646
632
646
658
642
670
642
558
710
516
730
616
624
622
626
628
666
640
612
634
618
598
614
608
626
616
628
628
636
630
642
632
542
688
642
652
636
636
648
634
654
644
628
642
628
632
634
624
618
618
652
630
658
634
620
638
610
654
666
646
650
652
670
662
656
668
670
686
668
652
650
648
644
634
644
676
674
660
608
614
602
596
536
672
624
626
654
624
652
642
628
630
622
624
632
492
672
664
630
620
614
610
600
612
634
656
640
654
618
610
616
600
628
634
606
636
626
642
652
656
656
652
598
614
606
612
606
614
602
618
628
636
650
636
638
654
670
588
604
602
620
626
622
622
624
630
556
650
708
670
608
626
478
724
632
630
648
618
658
676
658
666
668
660
652
672
608
660
666
674
624
634
646
666
662
656
650
684
668
652
662
668
656
660
634
648
654
674
660
680
688
696
626
652
632
646
648
612
634
646
604
702
508
840
526
826
686
684
694
666
670
346
428
664
708
686
706
682
678
682
674
684
666
684
664
656
688
686
706
682
662
634
650
636
624
592
594
634
636
626
654
648
642
654
656
664
642
646
630
632
630
644
644
622
618
652
654
624
634
612
636
660
630
620
642
604
612
610
624
628
646
644
672
638
630
620
632
632
624
638
634
658
626
628
644
634
642
640
636
610
610
622
614
582
480
774
472
730
630
662
638
668
664
574
596
592
604
600
622
602
588
656
712
630
664
664
628
652
642
502
796
670
678
676
694
700
644
648
676
692
678
636
640
608
664
646
656
624
650
652
646
662
654
544
786
658
646
660
660
650
650
652
674
652
632
654
672
684
658
668
596
790
522
784
512
802
668
660
664
652
652
648
648
646
602
686
640
638
650
662
644
666
670
678
658
650
602
722
654
634
636
658
646
660
646
620
646
664
636
654
662
632
628
664
634
646
648
644
640
686
658
640
650
656
620
620
628
658
542
646
624
664
658
664
660
652
640
652
644
622
636
620
610
608
594
614
620
642
628
654
640
642
636
644
612
596
612
648
634
640
642
622
588
624
600
636
622
620
616
618
654
646
642
622
600
620
624
638
648
654
656
518
750
606
640
536
794
656
686
680
682
692
672
652
650
614
650
642
660
658
654
658
642
676
660
604
536
664
666
638
660
670
658
656
638
668
610
624
372
414
592
658
628
660
636
654
646
632
626
644
646
646
644
654
656
648
640
652
630
642
636
524
782
604
662
632
638
648
628
628
642
642
634
618
616
624
638
632
630
634
636
624
626
630
620
624
634
604
680
672
646
630
644
624
620
622
646
620
664
634
652
646
638
642
650
644
656
652
650
642
660
644
612
628
600
622
614
624
618
640
654
564
702
494
580
820
646
616
628
606
594
626
632
624
650
610
604
622
658
670
600
590
598
596
596
612
636
600
590
612
614
626
640
620
624
624
626
628
628
632
632
674
476
804
638
610
628
628
614
628
618
624
632
638
712
644
622
646
640
650
666
658
654
654
652
646
658
660
652
692
692
494
826
646
652
664
646
652
662
626
644
674
650
642
654
676
652
650
508
812
650
658
656
614
636
512
578
506
1004
614
698
628
654
666
524
738
536
764
632
646
640
624
640
636
634
624
622
628
626
660
620
538
712
628
636
640
642
658
620
622
626
638
646
608
656
628
638
642
622
636
646
654
600
476
786
682
628
618
616
618
628
636
644
652
646
632
630
648
660
658
656
632
640
604
672
618
614
620
642
658
640
638
614
584
606
598
600
572
634
616
620
636
612
626
630
646
630
622
628
588
620
618
624
620
630
638
664
644
670
660
662
646
658
604
662
642
654
666
672
668
602
420
334
656
674
632
652
638
638
644
704
662
656
660
636
632
632
670
648
650
644
662
662
674
662
684
676
682
594
760
668
676
700
660
720
690
688
660
698
684
654
554
774
654
700
684
688
664
680
654
662
634
622
650
642
650
638
544
822
652
664
638
630
622
632
614
632
640
636
636
648
668
658
656
650
600
672
620
612
618
626
628
510
722
662
620
558
682
648
630
628
644
640
634
544
562
806
638
510
732
628
662
654
660
688
674
658
654
706
646
630
642
634
628
622
646
630
668
656
616
596
620
608
624
612
616
638
628
648
666
636
644
640
620
630
610
628
622
632
634
682
670
654
682
686
688
684
666
656
668
626
644
642
666
676
670
658
670
730
634
652
566
732
612
614
636
646
652
654
676
668
676
676
680
684
528
820
668
692
636
678
648
666
718
508
842
688
680
686
698
680
674
666
672
670
690
690
668
652
682
724
716
698
528
828
736
700
682
698
648
666
698
728
710
714
710
702
686
618
650
656
654
420
798
692
686
656
676
682
618
734
654
640
668
624
644
646
624
660
652
658
646
534
742
586
794
638
508
794
660
644
624
630
664
686
650
640
654
634
634
626
620
642
646
634
658
652
662
650
658
650
664
630
620
608
590
632
616
580
622
622
610
656
606
646
628
642
608
620
626
618
606
604
666
608
636
638
646
674
672
654
618
650
678
734
664
650
678
670
646
654
652
670
632
672
630
646
492
844
652
672
526
820
612
656
556
808
694
642
586
760
670
684
664
692
644
672
686
658
684
686
696
646
668
670
658
638
656
666
658
466
820
792
686
724
690
674
618
648
652
668
682
690
706
724
716
706
706
724
694
646
640
670
684
684
680
698
678
652
648
642
634
678
666
608
628
626
654
660
654
660
662
640
642
658
660
658
658
638
634
436
334
462
632
536
480
334
536
620
692
628
676
692
654
632
632
596
634
622
568
632
690
658
666
688
670
616
696
636
638
628
614
638
642
654
628
628
624
628
598
588
608
616
588
576
608
612
618
618
632
622
628
640
656
642
584
594
592
620
602
640
658
334
336
696
474
864
742
692
688
692
640
664
682
660
654
646
668
620
632
634
706
660
704
648
664
648
626
676
602
648
678
638
692
676
734
694
734
660
640
670
744
636
646
662
632
662
664
664
686
672
656
672
626
638
660
646
640
646
708
646
600
676
660
674
660
674
692
664
658
666
520
778
668
620
666
672
684
666
690
694
674
652
600
642
624
596
678
514
696
666
588
672
396
612
604
638
630
670
986
662
602
596
622
600
580
608
562
528
586
634
610
596
582
600
594
610
606
564
564
584
624
602
550
610
494
664
1242
588
578
610
608
628
590
638
648
662
610
658
656
626
614
626
620
590
644
630
458
764
698
642
696
668
628
644
626
636
634
640
624
648
656
664
656
654
654
664
650
712
650
668
626
630
636
630
620
612
640
636
624
666
648
690
654
658
652
652
612
592
628
654
682
698
644
720
702
682
690
572
800
704
624
658
658
660
644
662
678
618
636
658
672
664
724
624
578
662
630
688
608
640
640
642
642
486
418
386
640
674
620
624
638
616
598
612
610
622
614
500
754
684
652
630
562
680
610
618
596
600
608
