1172
1000
1024
1024
976
1006
1016
1016
1014
1028
1026
1048
1024
1064
1052
1022
1028
1018
1014
1016
1010
1014
1038
1016
1022
1018
1026
1032
1006
992
1014
1042
1010
1008
1006
988
1012
1012
992
1016
986
988
1004
974
984
1006
1010
994
968
1006
992
994
1004
1002
996
1010
974
956
980
1022
1000
996
994
1010
994
992
1008
1002
1012
1008
998
1010
1012
998
1022
1030
1012
1054
1020
996
1006
1012
1006
998
1012
972
988
1038
996
1036
1008
1008
998
974
994
1020
956
1028
960
1016
1012
1030
1040
1058
1044
1080
1050
1034
1028
1026
1040
1030
1048
1032
1018
1018
1012
1014
1022
1022
988
1028
1016
1020
1034
994
1036
1040
1028
1020
1044
1026
1018
1064
1006
1018
1010
992
1018
1012
1032
1026
1012
1020
1024
1030
1032
1032
1046
1032
1010
1016
1004
1038
1030
1018
1050
1018
1042
1004
1018
1058
1070
1048
1084
1044
1044
1010
1022
1044
1030
1050
1056
1050
1044
998
1022
1076
1024
1080
1040
1090
1056
1016
992
1010
1012
1006
1008
992
1000
998
998
1020
1000
1022
962
994
1018
1034
1032
1034
1040
1028
1022
1028
1024
1026
1020
1024
1026
1020
1026
1024
1022
1022
1020
1024
1016
1022
1016
1056
1022
1012
994
1014
974
994
994
1006
1008
1012
972
992
1024
1034
1028
1038
1054
1040
1030
1024
1020
982
1014
1020
1014
1030
1030
1044
1026
1034
1048
1040
1078
1046
1042
1006
1004
1038
990
994
1022
1020
1002
1022
1022
1018
1020
1000
1006
1012
1020
1008
1008
1014
994
992
1014
998
1000
1008
1018
1016
1030
1014
998
994
1002
1014
988
1012
1014
1014
996
998
1008
1012
1008
998
1008
1000
984
890
1034
958
964
934
984
1022
972
980
990
998
958
998
1026
1028
1026
1024
1042
1028
1050
1034
1070
1040
1038
1048
1034
1080
1070
1018
1036
1042
1046
1040
1050
1052
1014
1012
1020
1012
992
990
1002
1006
1016
1024
1014
1012
968
986
1018
1062
1028
1026
1026
1030
1034
1036
1030
998
1054
994
1032
1022
1010
1018
1014
1046
1024
1018
1034
1012
1012
996
1040
1062
1044
1038
1038
1044
1050
1058
1050
1048
1052
1050
1062
1056
1092
1076
1012
1026
1040
1044
1038
1026
1052
1044
998
1022
1052
1076
1030
1066
1044
1078
1038
1020
982
996
1058
1010
998
1036
1024
1016
1020
986
1014
1006
1024
1020
1012
1024
1008
1052
1030
1040
1044
1030
1038
1036
1036
1038
1044
1034
1046
1040
1040
1030
1068
1058
1064
1056
1054
1072
1070
1062
1060
1064
1062
1052
1064
1096
1074
1064
1068
1080
1050
1090
1074
1108
1078
1096
1080
1066
1066
1072
1068
1058
1072
1054
1042
1046
1068
1060
1046
1048
1036
1014
1040
1018
1048
1026
1020
996
1034
1006
1004
1018
1008
992
980
1016
994
1026
1042
1028
1024
1070
1048
1030
1032
1042
1024
1062
1054
1044
1046
1038
1058
1054
1062
1052
1056
1056
1056
1052
1054
1050
1052
1052
1050
1050
1042
1050
1052
1064
1044
1088
1100
1084
1068
1092
1084
1076
1068
1066
1050
1034
1062
1048
1024
1050
1048
1044
1050
1038
1062
1048
1040
1024
1032
1028
1008
1012
1020
1012
1008
1022
998
1002
998
1012
1034
1016
1026
1050
1036
1042
1040
1038
1048
1050
1044
1044
1056
1054
1058
1048
1068
1074
1064
1054
1064
1064
1070
1078
1064
1066
1060
1060
1048
1040
1034
1036
1040
1046
1058
1080
1050
1074
1112
1084
1088
1088
1086
1090
1088
1088
1080
1066
1066
1070
1056
1060
1078
1062
1044
1060
1056
1102
1064
1060
1024
1028
1008
1034
1030
998
982
1020
1006
1004
1020
976
1012
988
1058
1018
1028
1042
1046
1040
1038
1062
1082
1052
1058
1078
1042
1044
1044
1042
1028
1044
1044
1050
1056
1058
1068
1066
1068
1076
1070
1074
1072
1082
1088
1072
1116
1086
1096
1086
1088
1098
1088
1088
1084
1084
1072
1080
1072
1062
1060
1074
1076
1076
1110
706
1338
1072
1020
1036
1014
768
1162
1026
1046
1030
1000
996
1012
1004
1012
998
1012
1008
1004
1040
1018
1012
990
992
1014
1006
990
1012
970
992
990
1000
1052
1018
1014
1024
1020
1022
1022
1042
1026
1018
1028
1034
1028
1034
1030
1022
1018
1026
1032
990
1044
1096
1068
1040
1010
1006
1088
1046
1038
1078
1076
1038
1054
998
1010
1004
1000
982
1570
746
1060
912
732
880
1194
1046
1006
1008
1030
976
978
976
986
994
998
960
1006
996
1042
1004
1050
1026
1024
1060
1028
1084
1054
1044
1038
1040
1020
1012
1026
1020
1022
1014
1018
1022
1032
996
1042
1012
1042
1040
1050
1088
1046
1040
1042
1018
1038
1044
1078
1046
1080
1054
1046
1020
1040
1018
1030
1048
1018
1038
1060
1022
1042
994
1004
1062
1032
1066
1048
1046
1088
1014
1020
602
1362
1064
1002
1056
1072
1036
998
694
1278
1004
1030
1046
1024
1014
1018
1024
1062
1034
1006
1010
1020
1024
1004
1018
1008
982
994
1056
1002
1044
1026
1024
1026
1062
1024
1002
1008
1002
978
1022
982
980
984
986
1000
954
1014
990
1000
996
998
1006
974
990
980
1020
994
976
990
980
992
982
972
1010
1014
1008
1010
1010
1012
1048
1026
1006
1042
988
996
996
1010
1012
1022
992
978
1002
1044
1026
1048
1070
1044
1030
1034
1022
1018
1022
1026
1024
1018
1026
996
1012
1018
982
1030
1010
1008
1018
1000
1020
1016
1008
1024
992
992
988
978
990
972
976
960
960
934
1018
970
984
974
976
984
972
1024
1002
998
1008
1006
1024
1020
1028
1032
1038
1028
1034
1034
1032
1062
994
1026
1026
1012
998
996
1006
1018
998
1076
1044
1050
1076
1054
1104
1074
1080
1070
1076
1094
1084
1072
1072
1064
1074
1060
1074
1070
1068
1060
1056
1070
1056
1092
1046
1038
1036
1052
1062
1012
1024
1002
1000
1032
992
1000
1006
984
968
1000
970
948
980
970
944
952
968
954
938
918
936
984
990
1000
1026
992
1012
1016
1016
1014
1022
1016
1016
1020
1030
1022
1012
1012
1012
1020
1024
1022
1024
1034
1038
1034
1034
1038
1040
1034
1050
1052
1032
1076
758
714
1548
1080
1076
1082
1040
1026
1018
1046
1030
1002
1024
1006
986
976
980
982
954
964
958
954
948
968
930
954
964
956
950
1012
974
1014
992
994
978
1038
1038
1010
1014
990
966
998
972
1002
1022
972
976
976
964
984
1002
976
952
996
970
988
994
936
962
1010
1000
988
1020
1010
1022
1048
1036
1018
1008
992
1000
1036
1002
1020
1004
994
1022
1020
984
1016
1068
1022
1056
1054
1060
1054
1088
1056
1054
1054
1064
1046
1080
1050
990
1028
1024
1016
1034
1020
1044
1040
1044
1000
994
1014
1014
986
1008
984
980
986
946
954
980
992
978
978
968
978
938
1010
936
966
938
970
998
978
988
984
1018
988
958
956
970
976
938
964
1004
978
978
988
1006
1028
1036
1028
1046
1020
976
1028
1030
994
984
976
968
966
980
958
966
1002
1030
1026
1038
1038
1046
1026
1042
1030
1064
1078
1038
1026
998
1008
1024
1006
1006
1018
1000
1014
1004
980
1002
970
958
968
936
936
956
932
914
938
944
910
932
946
928
930
944
940
922
920
940
924
924
932
936
932
930
944
938
942
936
908
926
956
956
950
970
954
944
954
982
944
944
934
944
954
962
966
940
942
964
954
960
962
948
970
950
988
924
936
950
736
1024
928
938
948
970
924
902
906
928
914
894
906
914
890
896
916
888
878
898
900
870
884
896
904
886
906
916
870
884
928
948
940
932
950
940
936
946
942
968
978
930
924
952
940
934
952
928
942
960
968
1002
984
978
1008
984
1002
974
970
964
938
960
960
940
936
956
950
934
938
958
944
946
952
918
940
934
920
930
930
932
926
908
926
934
898
914
928
898
904
904
1024
932
980
982
1004
990
1000
1002
1006
962
952
940
948
962
960
954
956
946
948
954
954
940
938
954
938
682
1066
926
934
948
942
940
942
950
952
954
968
970
972
980
972
1000
994
986
1034
1002
1020
1018
1000
1026
1028
1050
1050
1078
1044
1042
1042
1040
1066
1026
1028
1010
1000
988
1008
1008
986
1004
1014
988
970
1004
996
980
998
992
1008
1036
996
1002
1006
1000
994
1006
1012
1016
1018
1008
1024
1046
1032
1026
1024
1024
1032
1030
1028
1032
1036
1046
1036
1036
1032
1032
1040
1038
1044
1030
1056
1058
1068
1068
1082
1064
1050
1086
1056
1054
1028
1038
1038
1026
1018
1044
1016
1010
1024
984
996
986
970
1004
968
966
988
958
958
970
942
978
970
948
966
932
934
978
992
982
974
1024
1006
1000
992
990
1014
1002
1052
1020
1016
1010
1026
1024
1030
1036
1038
1032
1020
1038
1042
1046
1082
1050
1046
1046
1042
1044
1058
1054
1062
1070
1064
746
1352
1074
1036
1054
1094
1044
1054
1030
1046
1044
1024
1028
1034
1012
1020
1026
994
1004
1008
980
996
1000
968
988
986
962
982
974
964
964
988
972
968
958
982
972
958
984
970
954
974
978
966
960
984
960
968
976
994
994
972
1002
996
1000
996
998
994
984
1048
986
972
974
996
992
1014
1002
992
964
998
994
1002
1002
988
990
1000
998
1020
1050
1046
1034
1050
1082
1054
1048
1062
1058
1060
1060
1058
1044
1052
1056
1052
1050
1060
1054
1054
1050
1056
1052
1042
1044
1056
1058
1040
1044
1054
1040
1024
1044
1042
1032
1024
1044
1032
1022
1038
1026
1008
1024
1026
1012
1002
1026
1016
1012
982
1060
1026
1056
1024
1020
1008
1020
1022
1016
1000
1018
1024
1022
1002
1024
718
1238
1006
1030
1044
1024
1052
1020
1020
1020
1024
1034
1030
1036
1034
996
1022
1044
1044
1064
1070
1060
1050
1052
1048
1058
1056
1054
1056
1064
1062
1052
1066
1070
1096
1084
1108
1090
1088
1076
1066
1108
1084
1056
1034
1052
1042
1018
1040
1050
1028
1040
1008
986
1064
1020
1046
1022
1038
1018
1016
1038
1006
1010
1026
998
1012
1018
1010
1006
1014
1024
1024
1026
1046
1042
1036
1046
1046
1030
1052
1064
1056
1074
1064
1068
1070
1068
1074
1080
1082
1088
1082
1086
1084
1090
1086
1086
1082
1088
1076
1070
1084
1082
1088
1084
1086
1084
1076
1084
1106
1092
1086
1056
1070
1064
1050
1094
1058
1030
1044
1046
1022
1024
1044
1010
1016
1024
994
1010
1020
1002
1010
1016
992
980
968
986
1010
1016
1068
1020
1012
1034
1024
1016
1020
1022
1026
1018
1028
1032
1020
1018
1034
1012
1040
1092
1038
1050
1094
1068
1058
1062
1064
1050
1098
1054
1052
1054
1044
1052
1066
1062
1068
1018
1058
1046
1028
1102
1062
1064
1052
1060
1062
1062
1060
1060
1060
1054
1058
1062
1066
1070
1046
1058
1058
1056
1042
1058
1056
1036
1046
1050
1036
1026
1048
1044
1040
1048
1056
1048
1046
1044
1080
1058
1064
1070
1062
1070
1054
1112
1064
1044
1072
1076
1074
1062
1082
1072
1058
1074
1086
1076
1056
1068
1072
1078
1062
1080
1062
1078
1056
1072
1036
1052
1066
1116
1086
1090
1086
1070
1088
1048
1050
1030
1028
1016
1012
1032
1034
1042
994
1032
1014
1054
1056
1052
1080
1106
1066
1054
1064
1052
1062
1050
1064
1048
1074
1064
1064
1052
1070
1070
1066
1072
1076
1074
1032
1074
1060
1070
1044
1050
1062
1068
1050
1064
1084
1092
1028
1068
1048
1026
1038
1036
1016
1036
1032
1006
1032
1038
1022
992
1054
1022
1064
1040
1052
1068
1056
1058
1032
1042
1032
1036
1062
1036
1036
1054
1052
1050
1054
1060
1074
1062
1068
1072
1072
1088
1066
1076
1088
1102
1072
1082
1082
1082
1088
1094
1080
1078
1074
1084
1066
1116
1086
1080
1088
1090
1084
1048
1080
1096
1070
1086
1072
1056
1092
1068
1078
1054
1052
1072
1034
1032
1070
1046
1020
1050
1038
1024
1052
1014
1034
1026
1038
1014
1012
1026
1026
1006
1014
1026
1026
1034
1028
1040
1074
1066
1050
1068
1098
1086
1076
1078
1078
1082
1086
1114
1084
1074
1076
1068
1080
1078
1082
1090
1096
1096
1092
1086
1088
1084
1094
1086
1072
1066
1064
1072
1068
1066
1066
1074
1078
1068
1058
1062
1054
1050
1054
1070
1052
1022
1048
1038
1022
1028
1050
1016
1006
1042
1034
1008
1042
1032
1008
1030
1032
1034
1018
1032
1026
1002
1026
1038
1034
1012
1036
994
1004
1048
1056
1036
1044
1052
1052
1070
1028
1078
1020
1042
1070
1130
1062
1048
1066
1074
1070
1070
1078
1068
1056
1056
1062
1062
1052
1040
1050
1054
1050
1056
1062
1058
1056
1050
1058
1056
1046
1034
1024
1036
1040
1020
1020
1040
1026
1008
1032
1034
1012
1012
1028
1032
1006
1026
1030
1006
996
1042
1020
1004
1010
1016
1000
988
1006
1006
988
986
1018
1022
1016
1020
1020
1016
1008
1026
1040
1030
1028
1040
1034
1032
1050
1060
1056
1054
1064
1070
1080
1064
1068
1034
1042
1082
1128
1054
1090
1116
1100
1102
1102
1098
1098
1102
1090
1110
1102
1102
1098
1104
1106
1090
1096
1082
1146
1062
1072
1054
1050
1070
1046
1036
1070
1042
1026
1062
1036
1036
1054
1018
1010
1040
998
694
1290
1018
980
1016
1014
978
1030
1058
1022
1018
1030
1018
1030
1072
1026
1056
1042
1070
1070
1096
1070
1072
1116
1092
1078
1084
1088
1086
1088
1094
1098
1082
1084
1076
1068
1064
1064
1042
1074
1072
1074
1078
1030
1072
1074
1036
1064
1076
1076
1076
1062
1092
1090
1116
1094
1082
782
1370
1064
1082
1108
1046
1076
1070
1060
1046
1072
1030
1006
996
1000
1006
986
990
1020
970
992
998
1050
1006
1016
1022
1024
1020
1006
1024
1018
1012
1020
1010
1020
1052
1038
1008
1046
1050
1034
1028
1100
1040
1034
1030
1022
1030
1038
1038
1040
1048
1050
1006
1030
1060
1092
1058
1054
1094
1070
1066
1070
1070
1062
1032
1050
1058
1046
1024
1038
1044
1038
1054
1036
1026
1046
1046
1046
1048
1042
1038
1048
1018
1032
1050
1020
938
988
1058
1020
1006
1044
1252
752
978
1008
1014
950
1000
1020
1008
1042
1068
1092
1106
1096
1098
1110
1114
1104
1106
1102
1098
1116
1106
1098
1098
1088
1094
1094
1100
1098
1090
1074
1084
1086
1080
1064
1080
1048
1080
1074
1094
1032
1040
1026
1022
1064
1028
1024
1040
1026
1014
1042
1032
1008
1032
1034
1012
1022
994
998
1042
1034
1024
1060
1038
1048
1048
1044
1062
1060
1056
1050
1044
1012
1068
1044
1040
1056
1046
1048
1062
1044
1090
1056
1072
1074
1054
1068
1074
1066
1064
1068
1096
1064
1064
1064
1064
1056
1078
1098
1076
1072
1084
1064
1082
1080
1110
1082
1078
1114
1082
1070
1038
1052
1082
1040
1040
1072
1028
1036
1068
1030
1022
1048
1002
1022
1040
1010
1032
1042
1010
1042
1040
1040
1042
998
1032
1046
1040
1050
1044
1058
1058
1064
1084
1068
1074
1058
1066
1054
1080
1070
1120
1096
1096
1100
1106
1096
1102
1098
1104
1104
1110
1100
1084
1094
1094
1102
1108
1112
1102
1098
1146
1108
1124
1136
1154
1142
1134
1112
1144
1098
1088
1086
1108
1086
1066
1100
1058
1044
1240
1248
1288
1108
1146
1072
1012
1014
1038
1010
1024
988
1012
1020
1026
1064
1032
1050
1058
1048
1048
1048
1064
1072
1066
1062
1058
1074
1076
1076
1070
1056
1070
1076
1076
1080
1080
1068
1088
1080
1084
1080
1110
1088
1098
1102
1102
1140
1100
1102
732
1394
1118
1072
1098
1090
1066
1096
1092
1084
1122
1072
1110
1126
1102
1112
1102
1152
1110
1096
1084
1070
1092
1090
1072
1066
1084
1060
1056
1086
1060
1044
1066
1072
1040
1058
1074
1050
1036
1070
1034
1020
1048
1082
1198
1186
1146
1122
1096
680
1386
1080
1042
1082
1050
1030
1048
1038
1030
1030
1052
1054
1048
1066
1020
1050
1050
1074
1066
1080
1100
1068
1118
1080
1076
1090
1074
1084
1078
1086
1044
1104
1068
1102
1118
1104
1092
1096
1132
1082
1056
1040
986
1034
1066
1074
1040
1056
1072
1046
1070
1092
1078
1068
1094
1066
1046
1014
1044
1030
1010
1028
1026
998
1040
1022
1006
990
1004
1006
1032
1032
1014
1024
1046
1028
1042
1036
1030
1014
1020
1008
1060
1002
1046
1138
1112
1130
1152
1142
1134
1052
1036
1040
984
960
720
1188
992
950
1024
964
1022
1020
986
1022
1036
1014
1010
1012
1036
1046
1054
1046
1040
1074
1034
1016
1000
1024
1018
1026
1008
1018
1026
1018
1022
1022
1010
1028
1008
1026
1002
1004
1016
1028
1050
1046
1010
1122
1256
1046
1048
1130
1016
1006
998
1020
978
984
968
978
1008
1010
1000
918
1010
992
1014
1040
1012
1028
1060
1028
1034
992
994
1018
982
1012
1012
1012
1040
1004
1000
1018
1002
1008
1014
1022
1004
1040
1022
1014
1010
992
1010
994
964
980
1010
982
992
992
998
1024
1006
1008
1002
1024
1020
1022
1022
1016
1022
1010
1008
1012
1008
1022
1002
1028
1012
1002
1024
1032
1022
1030
1016
1020
1006
1014
1020
1014
1006
992
1008
1016
996
946
1002
948
1030
950
994
994
990
992
972
984
974
1004
1014
952
970
980
966
1000
988
986
994
958
968
1036
1016
1016
1004
1014
1012
1006
1012
1016
1008
1006
1016
1012
1006
1018
1022
1014
1016
1054
1020
1006
1022
1012
1014
1016
1016
1018
1026
976
1016
1004
1024
1012
1042
1024
1020
1010
1022
1020
1000
1010
1014
990
1008
1012
988
1004
988
990
1004
1014
1002
1028
1016
1006
1002
1004
1016
1004
1002
1006
1008
1004
1006
1020
1016
1022
1016
1020
1030
1020
1024
1034
1064
1016
1022
1012
1020
1014
1002
1008
1008
996
1020
982
1008
990
1036
1024
1024
1018
1020
1032
1012
1030
1014
1026
1038
1038
1010
1018
1008
996
1012
1012
1000
994
992
1004
1006
996
984
996
996
1002
994
1006
980
1010
1010
978
994
1052
996
1028
1020
1026
1016
1030
1020
1060
1056
1004
996
1014
1002
1000
1002
1032
1014
996
984
998
1014
1010
994
1008
992
1010
1012
1014
1000
1000
1000
624
688
1506
1038
1036
996
1048
960
1000
968
966
980
954
956
942
948
966
952
940
938
946
950
948
958
956
950
916
928
964
978
962
958
990
958
966
942
934
948
956
940
940
952
958
954
940
924
950
952
928
958
942
930
944
946
928
936
948
940
932
930
958
936
926
930
938
934
922
926
920
910
904
916
916
892
898
914
900
890
892
916
912
916
916
912
894
908
924
926
918
922
914
910
904
910
908
900
906
898
912
916
914
926
928
932
924
944
944
952
934
932
938
924
930
932
930
964
976
936
926
908
932
938
938
942
884
926
942
940
936
932
914
924
956
904
942
938
958
942
958
968
968
960
962
994
936
960
960
968
972
976
968
974
974
966
958
956
956
972
974
960
998
994
1008
1004
1006
1022
1026
1018
1022
1026
1016
1056
1030
1074
1022
1024
1042
1046
1040
1048
1038
1034
1044
1048
1046
1046
1040
1048
1042
1046
1054
1042
1030
1028
1042
1046
1044
1028
1034
1028
1020
1026
1046
1036
1006
996
1010
1004
996
1008
990
986
994
1000
1018
974
990
970
974
1000
986
968
980
980
968
970
984
980
982
982
964
974
998
1010
1020
1012
992
1004
1004
1000
1002
1000
998
998
1004
996
1046
1018
1016
1044
1018
1050
1082
1052
1048
1052
1062
1060
1048
1064
1024
1042
1030
1030
1036
1042
1006
1018
1068
1074
1070
1056
1088
1068
1062
1048
1042
1014
1066
1034
1052
1040
1022
1044
1038
1042
1042
1048
1054
1046
1044
1042
1052
1044
1028
1028
1042
1040
1036
1026
1040
1030
1026
1046
1042
1034
1022
1030
1006
1010
1012
1004
994
1018
1006
1006
1018
1016
1014
1042
1054
1026
1032
1046
1050
1040
1054
1498
1072
584
1662
1162
1068
1026
1020
1022
1026
988
1044
1034
1062
1050
1072
1058
1050
1044
1036
1036
1040
1038
1040
1042
1032
1080
1056
1060
1068
1080
1068
1060
1060
1066
1066
1058
1054
1056
1038
1032
1050
1032
1026
1042
1034
1014
1020
1018
1036
1020
1024
1002
1012
1020
1004
996
1016
1008
996
1012
992
1004
1022
1044
1030
1054
1044
1036
1034
1024
1042
1024
1060
1036
1044
1044
1042
1058
1052
1044
1048
1044
1062
1086
1060
1062
1058
1062
1064
1068
1064
1056
1060
1068
1066
1054
1060
1096
1068
1082
1072
1078
1070
1096
1084
1066
1078
1066
1096
1036
1056
1040
1034
1036
1046
1028
1032
1040
1022
1002
1024
1004
994
1016
998
980
972
968
986
978
982
996
1008
998
1002
1006
998
1014
1004
998
1008
1002
992
996
992
996
988
1004
988
1012
1034
1000
1020
1056
1020
1038
1028
1042
1044
1064
1052
1040
1064
1024
1024
1026
1036
1002
1036
1038
1032
1032
1036
1038
1034
1032
1034
1028
1058
1080
1056
1058
1052
1060
1066
1054
1062
766
1314
1058
1080
1062
1106
1032
1042
1058
1042
1030
1044
1046
1044
1052
1058
1014
1032
1090
1054
1084
1068
1062
1100
1078
1068
1062
1074
1054
1046
1062
1054
1054
1048
1054
1040
1094
1074
1084
1070
1056
1068
1070
1068
1072
1070
1064
1068
1050
1068
1050
1062
1058
1080
1076
1074
1088
1076
1070
1066
1068
1074
1072
1064
1068
1076
1080
1076
1086
1092
1096
1096
1098
1096
1086
1074
1088
1086
1086
1074
1072
1072
1060
1058
1084
1056
1090
1070
1070
1052
1070
1064
1050
1048
1066
1062
1044
1040
