538
386
576
590
610
590
588
590
608
584
584
588
606
594
584
600
576
562
578
588
574
580
590
582
576
572
566
578
558
548
566
572
558
558
556
574
582
576
584
592
580
578
576
584
578
572
592
616
586
580
590
606
572
564
572
570
570
568
600
608
584
586
600
578
578
580
590
586
576
594
616
608
624
618
618
620
618
630
620
616
606
604
590
572
554
572
568
562
574
616
612
592
602
614
588
584
606
608
602
610
632
610
602
604
626
604
604
600
598
588
588
594
602
582
572
704
620
594
584
594
574
570
562
566
544
544
552
590
584
614
660
680
662
666
678
642
630
632
634
618
612
624
608
596
596
598
576
574
582
604
596
596
608
614
602
596
616
594
598
598
628
614
610
614
626
608
604
596
600
592
590
606
606
600
606
630
614
612
628
626
626
628
636
620
604
606
602
588
592
586
618
640
656
660
644
636
640
632
622
610
632
614
600
596
616
610
588
590
610
598
556
590
604
612
594
622
604
600
592
606
596
600
608
624
600
610
604
628
598
598
602
620
588
596
602
598
590
592
610
596
600
600
628
602
592
600
612
582
586
594
604
584
608
610
598
594
590
602
590
562
600
604
604
604
606
612
602
606
604
592
592
594
602
614
600
616
620
610
594
600
618
596
592
628
604
598
596
614
592
582
584
598
580
574
584
590
578
580
590
596
608
622
624
646
624
612
680
640
626
602
620
598
588
578
602
576
556
568
572
560
546
562
582
574
588
624
620
614
622
642
604
614
610
630
600
606
602
608
590
594
592
590
586
592
614
610
600
614
624
578
562
576
596
594
552
590
636
612
610
618
610
582
588
606
592
588
610
608
588
576
590
578
566
564
556
564
538
566
586
586
566
568
564
570
544
548
558
564
562
554
562
584
558
556
560
568
560
554
570
590
566
570
564
590
568
566
576
588
578
578
606
616
606
606
630
600
586
588
592
594
588
582
596
576
578
566
568
558
554
530
552
572
568
590
602
598
584
588
594
582
586
596
618
594
598
622
604
596
602
628
610
610
622
616
606
596
606
614
604
604
622
622
626
628
644
624
634
628
618
616
612
626
622
610
616
644
620
610
620
622
612
618
634
622
616
608
610
596
590
602
622
606
620
644
636
624
632
632
612
616
624
648
610
622
638
630
626
636
620
616
610
630
646
632
620
626
600
590
586
616
608
612
624
636
616
606
622
598
580
584
594
582
578
594
590
594
586
580
592
568
554
556
590
560
580
580
614
592
578
602
598
586
594
624
604
596
602
618
586
582
582
598
586
596
590
594
616
568
634
616
598
600
604
594
572
592
592
584
582
572
594
584
574
574
578
586
578
574
586
584
572
576
606
586
592
610
616
590
588
596
588
574
558
580
582
570
578
600
590
584
586
602
580
584
586
604
604
598
592
598
576
564
572
572
574
574
602
612
602
608
632
620
602
596
608
584
572
580
588
582
578
582
584
578
572
586
588
556
548
584
580
566
572
584
608
574
570
588
582
564
576
578
582
572
576
580
572
576
586
596
594
588
584
598
580
578
574
584
578
574
584
604
586
582
590
592
580
578
580
588
570
580
586
578
578
566
578
582
566
574
586
582
576
580
596
588
574
578
586
570
564
570
594
574
572
586
588
582
546
548
578
574
568
594
606
580
580
592
584
580
574
598
608
596
590
602
596
582
578
582
570
564
572
592
578
578
584
604
594
560
534
574
576
570
518
574
594
574
596
592
572
572
568
582
574
578
584
600
588
586
590
584
570
574
580
596
590
558
590
570
578
576
588
580
580
604
598
578
568
568
574
568
546
544
550
540
536
532
548
540
534
530
538
538
524
532
534
560
554
558
572
588
572
578
600
608
600
590
594
612
596
592
628
596
598
602
622
608
600
608
622
606
602
598
612
590
598
634
638
636
644
652
630
618
632
606
594
596
604
602
608
622
634
624
626
624
626
626
628
654
640
632
644
646
624
620
634
626
614
634
656
648
644
658
658
644
638
640
630
632
648
642
644
652
652
630
644
632
640
622
628
640
626
630
630
632
630
616
632
616
608
604
620
598
590
596
608
590
596
628
626
608
616
628
612
596
608
626
610
620
632
642
606
630
640
608
614
606
646
614
586
570
580
560
546
516
542
580
556
574
572
578
558
560
576
568
572
588
618
616
606
626
634
606
608
616
620
602
610
624
608
614
616
614
614
606
628
614
612
628
636
668
638
646
638
620
602
624
622
612
606
620
618
604
602
622
612
628
644
658
644
646
650
628
616
624
608
608
612
618
620
618
630
628
616
626
638
646
624
636
648
634
612
604
616
614
608
624
616
620
612
638
606
600
606
620
604
608
628
642
620
620
628
618
578
600
568
562
578
606
620
586
588
580
584
576
578
578
594
580
578
584
582
580
566
576
570
564
566
594
580
580
586
608
598
588
590
600
584
576
576
588
592
580
604
596
586
592
612
616
612
616
640
618
618
598
622
604
588
600
622
608
604
606
614
606
602
612
606
600
624
640
608
604
618
632
600
594
610
604
608
608
620
612
602
606
602
578
582
586
586
598
602
612
608
610
610
626
618
604
620
648
616
612
620
626
600
590
606
600
600
610
618
610
620
630
638
598
604
616
606
596
604
622
604
596
610
622
602
592
612
620
604
602
608
602
604
588
614
602
606
610
608
622
634
624
632
598
612
622
604
586
600
604
590
588
596
602
594
596
626
620
616
622
630
604
592
594
590
568
546
560
554
578
570
570
574
548
548
546
560
550
542
552
578
556
564
574
586
578
562
570
592
562
566
580
586
568
572
574
586
568
578
580
594
580
594
598
592
574
584
580
576
566
562
576
578
574
570
582
584
566
560
572
578
570
576
594
588
582
582
588
574
558
550
562
556
550
560
574
558
568
568
568
550
512
542
574
600
594
610
610
590
580
580
590
582
572
572
596
588
580
590
596
570
572
592
584
570
550
596
598
580
578
576
580
562
560
570
584
532
556
586
566
570
566
572
602
566
566
598
598
602
600
628
618
586
592
588
588
572
576
588
576
566
568
576
560
548
522
550
540
540
560
566
554
554
564
588
592
586
602
604
582
584
590
598
580
582
584
572
604
646
602
588
586
600
582
576
578
594
576
582
586
624
620
642
656
660
638
642
648
630
618
614
616
590
580
586
594
590
596
594
612
612
614
624
600
602
610
610
596
586
592
592
574
578
572
580
568
566
576
598
578
554
542
548
552
574
558
552
544
558
540
532
524
538
540
530
534
542
548
536
524
524
510
514
514
528
554
550
546
546
550
530
524
530
534
526
526
524
542
538
530
530
528
538
518
524
516
530
522
514
524
512
544
526
548
572
564
544
542
540
554
546
540
554
558
548
546
534
554
534
532
538
558
564
562
562
554
546
530
534
570
574
556
562
560
528
522
526
532
536
528
524
538
556
548
558
562
586
566
562
562
552
552
524
528
542
560
560
562
562
552
560
542
568
544
554
564
590
582
582
580
604
570
556
548
536
536
516
564
532
524
530
534
528
530
544
536
552
544
532
544
560
548
548
550
572
576
580
574
584
584
588
582
592
600
618
610
642
662
512
714
598
562
582
600
666
666
664
698
668
670
714
670
674
658
654
626
636
644
636
652
668
666
646
644
640
646
634
634
642
636
640
666
650
640
632
644
626
624
630
646
630
648
658
656
642
672
656
650
652
662
638
642
640
648
634
638
650
636
634
644
664
648
650
656
646
634
646
674
646
638
654
646
632
626
656
642
650
660
644
640
660
668
642
642
648
652
646
644
670
660
668
664
656
648
668
670
676
668
680
668
650
666
656
650
666
674
654
646
644
642
640
640
656
630
628
640
618
606
600
608
596
590
608
614
608
606
612
622
614
594
648
620
636
640
648
642
648
676
650
632
628
636
630
626
640
636
630
626
640
636
644
648
624
640
640
644
620
620
638
626
602
616
622
626
636
670
658
668
664
660
634
630
640
620
620
618
626
632
630
654
662
678
682
700
662
648
652
642
588
610
604
590
616
630
678
666
674
682
668
666
700
682
682
672
662
630
620
618
602
610
604
652
662
666
674
656
642
646
656
644
648
674
670
672
696
694
650
628
646
632
640
680
672
658
666
672
660
666
692
662
684
698
668
660
666
670
648
648
652
662
656
666
680
680
668
666
648
644
660
650
640
628
644
640
632
646
674
646
656
678
648
636
660
638
628
634
654
640
648
670
658
654
664
650
608
630
648
630
640
648
648
644
642
660
660
660
672
684
674
672
670
670
620
664
650
632
648
664
644
652
664
642
648
648
672
650
664
682
656
644
680
634
596
688
656
658
656
678
664
674
678
666
664
668
694
684
670
684
674
668
674
686
674
672
700
670
668
676
666
668
670
686
658
668
672
658
638
658
626
618
606
618
600
610
614
632
632
652
654
650
642
654
668
650
644
654
638
626
626
620
616
626
674
668
646
658
684
662
650
660
656
640
650
652
638
628
670
688
678
678
688
684
682
684
654
654
642
650
632
654
670
650
654
648
654
632
630
640
616
628
656
646
634
638
664
640
632
656
670
658
680
684
660
654
676
650
618
654
672
666
662
678
670
672
684
670
660
664
662
648
634
648
634
628
622
634
630
646
666
654
668
664
676
624
590
630
670
630
628
642
614
618
624
654
640
652
668
654
646
656
660
650
642
660
652
644
640
638
638
646
634
628
620
628
638
632
642
670
684
686
696
696
690
702
696
682
684
684
658
674
686
682
680
662
674
638
626
600
580
582
568
594
574
570
582
576
568
530
520
548
540
526
538
552
528
518
518
524
522
512
498
506
522
512
526
542
542
532
516
558
592
594
576
584
596
606
604
608
606
564
562
576
566
556
552
610
616
592
602
632
622
618
612
650
580
594
598
590
570
576
586
582
558
584
598
596
608
610
586
586
598
612
588
580
596
606
592
586
620
640
618
620
620
594
594
590
592
632
644
660
656
638
612
622
618
612
618
614
600
592
610
620
598
598
622
608
604
634
632
604
604
618
604
596
596
618
608
632
650
664
664
628
642
614
606
596
610
600
584
580
608
580
524
546
590
544
552
582
578
586
582
584
562
560
540
558
544
556
632
606
610
622
622
596
596
610
610
596
604
600
604
592
594
578
608
614
628
638
644
634
664
648
626
616
630
606
596
592
606
580
566
572
592
600
584
600
612
602
696
692
652
632
632
598
582
582
594
574
580
586
602
592
560
572
558
574
568
570
574
566
576
588
590
562
558
552
584
564
558
568
578
602
586
622
652
606
606
616
600
606
606
624
604
608
618
614
592
594
612
598
586
598
620
620
620
622
624
596
590
596
602
608
602
670
630
606
606
606
582
578
582
602
598
594
600
594
580
584
594
590
580
588
614
574
546
552
570
580
606
666
716
680
694
708
682
676
666
686
558
598
616
604
622
654
662
672
652
682
674
678
688
668
606
684
638
628
618
648
634
632
640
684
668
664
684
670
688
732
714
690
692
680
666
668
664
658
654
666
674
654
670
696
674
682
688
672
654
664
668
654
646
662
666
670
692
670
676
688
710
692
704
712
678
686
690
686
688
692
678
660
654
660
642
652
688
674
664
646
662
644
634
660
656
648
734
708
662
672
678
648
650
656
654
652
682
680
678
666
676
646
644
662
670
656
640
656
646
628
622
642
660
656
688
664
652
676
660
642
636
648
632
616
636
632
634
628
646
624
620
640
648
654
654
654
644
622
664
640
642
650
664
654
666
702
672
656
626
628
644
632
640
642
638
654
670
664
674
694
690
680
674
670
648
644
644
632
612
620
622
614
612
620
626
630
636
650
628
632
640
644
634
642
660
642
654
658
658
658
662
680
644
646
646
626
614
618
650
628
626
644
650
668
668
678
636
632
642
644
638
632
652
646
642
662
646
636
648
668
666
640
660
642
624
636
642
630
620
626
626
606
604
602
596
592
594
604
610
618
642
660
648
636
646
630
602
594
596
596
588
600
624
600
592
634
626
640
644
664
654
648
650
654
630
600
610
586
582
590
596
576
558
588
626
600
622
626
608
610
616
650
626
628
634
612
594
590
598
610
616
644
676
664
670
674
660
644
638
632
602
598
628
644
612
610
612
592
592
606
642
630
646
664
662
660
654
678
656
650
680
648
660
654
656
592
606
652
616
610
626
648
656
652
656
658
666
672
676
678
664
686
666
660
670
670
658
666
682
656
656
652
650
618
614
590
610
610
666
690
666
660
674
644
644
642
650
652
658
662
646
644
640
622
618
622
650
650
658
674
668
630
684
672
644
648
640
644
612
628
630
618
612
626
618
640
642
654
620
630
634
630
618
616
628
630
642
664
678
684
686
682
652
638
660
646
642
630
652
610
602
614
614
610
642
658
644
644
658
662
648
646
658
638
632
648
638
622
630
644
620
586
614
656
602
662
646
608
604
604
600
592
594
620
626
614
622
438
822
634
630
644
628
622
642
650
638
638
654
614
566
588
582
562
536
568
608
578
586
644
616
610
630
634
620
626
638
650
634
626
640
610
630
644
636
610
604
612
602
590
612
638
676
670
678
512
826
666
688
652
648
682
662
684
704
708
680
702
700
676
686
682
700
696
720
688
678
680
670
676
680
670
688
680
696
678
658
668
646
648
632
632
658
630
676
660
644
638
660
648
648
684
672
660
650
658
620
614
620
606
622
632
646
610
608
614
612
588
596
578
552
556
566
646
606
614
596
610
624
604
640
636
632
630
632
622
600
600
632
598
586
602
602
590
584
602
584
562
548
586
558
534
554
596
642
658
718
688
648
640
650
616
620
604
610
596
598
594
620
632
640
692
684
694
706
706
666
654
674
644
640
658
666
650
654
678
646
644
656
664
644
662
672
648
652
646
656
640
626
642
636
584
634
624
608
620
618
602
630
630
630
634
646
636
622
604
620
614
610
616
618
610
606
626
616
608
614
626
642
648
676
686
670
664
662
642
636
658
666
644
674
672
670
644
666
656
656
648
652
624
610
628
632
618
620
630
638
648
664
676
652
666
652
640
640
640
634
624
626
632
626
644
632
624
608
598
602
614
614
634
622
632
606
622
604
592
558
596
588
612
582
582
586
586
580
582
596
616
600
606
620
612
596
608
594
598
624
604
622
618
628
602
610
596
596
618
632
652
664
688
672
650
660
640
632
628
632
608
630
582
592
604
626
628
650
690
666
692
712
676
686
684
686
676
664
666
634
624
624
620
608
628
680
652
628
618
624
616
610
624
616
610
610
618
610
612
618
642
618
626
648
646
650
658
666
656
666
670
652
646
662
674
654
660
666
668
656
660
660
656
662
678
666
666
682
656
666
674
662
660
656
682
644
646
650
648
638
642
660
642
654
656
642
652
644
658
632
628
646
628
596
646
626
622
630
652
686
652
644
678
678
670
670
652
642
626
632
614
616
624
616
612
618
622
606
598
608
624
606
602
632
644
632
632
652
622
618
644
662
636
646
652
628
610
620
636
616
608
638
642
626
628
640
624
624
622
640
614
624
600
614
612
626
652
632
618
610
612
606
608
626
608
604
600
610
606
598
612
636
626
630
634
628
612
604
616
596
596
606
628
604
614
626
624
630
624
642
622
616
618
640
614
626
648
622
602
644
624
608
602
616
606
604
614
634
604
596
608
620
614
630
634
626
614
618
610
570
568
576
584
574
524
582
580
592
600
610
616
602
612
614
610
604
616
648
634
616
640
620
614
608
622
622
612
618
638
610
634
634
626
572
614
636
644
646
678
644
638
630
664
644
644
646
638
630
636
646
640
646
668
662
646
660
688
676
668
672
650
642
630
640
624
632
656
656
650
668
668
640
634
636
630
598
646
670
678
664
688
658
642
640
616
604
614
610
612
610
632
652
634
644
680
706
710
694
684
654
632
636
626
620
634
656
662
660
672
664
650
668
664
652
676
700
680
684
702
678
674
690
672
668
678
674
674
674
682
674
660
684
690
674
664
668
638
634
632
638
638
652
682
670
672
678
626
634
640
658
638
680
664
644
656
666
652
652
670
660
652
658
668
646
644
642
646
628
630
668
652
662
656
696
670
664
680
658
656
654
640
614
640
648
646
650
662
636
630
634
654
634
636
656
656
632
638
644
636
642
650
650
656
654
662
648
654
660
652
650
650
656
640
634
654
646
640
644
658
638
620
640
640
628
610
628
606
614
632
656
622
632
638
616
606
622
624
614
612
618
606
604
598
598
580
570
584
594
584
602
596
610
606
614
622
608
596
596
588
592
586
594
604
600
600
598
628
600
622
644
652
620
616
622
626
610
614
616
618
638
644
648
648
614
622
600
592
588
610
606
618
612
618
622
616
634
626
618
628
674
648
646
662
630
614
616
626
618
632
662
642
646
674
670
656
698
590
662
662
684
678
658
658
668
654
668
666
686
672
656
666
652
654
650
652
652
662
676
666
662
670
654
650
650
662
638
660
678
650
652
678
648
634
650
668
660
658
676
662
660
648
634
630
600
664
636
604
628
676
662
630
640
624
614
614
626
624
620
620
650
624
624
634
634
630
650
658
638
618
628
620
604
594
618
584
594
602
622
614
640
656
656
636
648
662
634
628
632
630
618
604
616
612
602
610
628
612
604
612
630
616
626
636
624
624
630
646
614
614
640
612
610
610
634
624
622
630
626
624
628
634
622
614
612
622
580
594
624
642
628
634
636
618
614
636
656
618
610
610
616
588
590
604
606
608
624
642
622
626
650
642
634
652
672
656
650
664
658
644
644
644
634
634
636
670
646
632
664
646
634
664
668
652
656
688
668
654
668
652
632
636
642
626
636
644
648
632
644
634
604
604
606
632
618
592
618
626
644
642
640
628
640
640
652
648
658
660
642
636
658
646
636
630
642
620
612
612
620
604
608
622
650
644
646
650
634
630
646
636
636
638
654
642
640
642
638
626
636
652
652
630
616
650
620
612
604
614
610
634
652
638
644
678
664
656
658
658
626
640
644
640
634
632
624
602
598
600
604
598
592
650
646
652
680
708
692
694
696
680
706
738
680
654
700
568
592
582
600
592
604
610
620
610
600
614
608
580
576
580
624
624
654
676
682
674
686
670
672
666
686
656
654
664
652
646
658
684
672
686
690
688
668
704
666
652
648
646
644
654
684
668
654
664
650
628
634
646
648
650
668
676
676
676
696
678
674
698
682
684
688
684
664
670
676
648
646
670
662
652
664
674
626
616
646
630
634
628
642
626
598
640
614
584
590
588
578
574
590
604
588
594
568
580
568
570
572
598
602
610
626
658
660
646
654
628
614
632
630
610
594
592
598
586
580
590
592
590
592
594
602
588
580
604
624
634
654
670
628
628
640
618
600
602
608
590
590
600
602
574
562
564
574
558
564
560
586
578
590
610
620
600
596
614
602
598
600
616
600
622
620
638
620
628
640
642
622
616
630
624
612
608
626
600
582
600
584
548
518
586
564
568
578
584
564
560
562
572
564
558
570
574
566
570
568
576
556
554
562
588
588
594
592
616
608
598
584
594
592
588
552
608
594
598
604
570
566
548
570
562
568
574
628
616
622
642
660
640
652
650
626
614
614
612
584
580
592
592
564
542
622
600
588
594
618
602
618
624
610
584
576
596
598
596
582
608
618
596
586
612
604
590
572
644
612
594
602
594
574
554
560
558
550
550
572
578
566
558
562
580
560
554
562
568
566
572
566
584
560
568
574
602
582
588
588
608
596
584
592
596
578
570
586
592
596
604
630
626
606
602
618
590
592
610
610
602
596
614
588
586
584
598
588
588
608
634
654
636
626
640
612
610
612
602
594
572
602
596
610
632
668
644
630
644
630
626
650
672
648
614
646
620
608
632
640
630
618
632
624
620
632
650
636
648
644
668
630
644
640
620
608
596
608
602
596
602
600
610
596
628
654
604
608
624
612
606
624
638
616
616
622
620
606
602
618
606
606
618
620
624
624
638
638
592
608
634
626
628
622
636
608
612
626
606
602
606
640
620
608
616
628
610
606
632
630
614
616
620
606
618
628
606
616
600
640
616
612
612
630
620
620
610
622
604
602
624
630
624
634
654
652
632
646
644
630
634
660
648
642
636
636
612
610
638
628
632
632
658
628
626
626
614
598
610
596
628
610
616
636
620
612
638
636
636
630
638
620
620
612
628
612
600
608
616
604
622
638
632
628
644
646
608
596
606
600
578
570
632
604
600
604
604
580
568
574
582
578
572
582
616
622
606
632
646
644
642
656
644
636
638
662
638
640
650
634
628
628
636
632
636
662
652
632
666
662
664
678
702
676
654
660
650
624
570
684
634
626
638
642
634
626
646
634
642
632
652
652
646
688
660
636
636
636
618
622
630
626
614
624
632
626
630
658
642
640
642
668
642
638
630
642
602
618
628
612
588
614
616
596
578
594
594
592
596
620
612
604
594
610
590
576
576
592
588
586
598
608
602
594
610
620
602
598
606
610
606
612
632
608
602
590
596
590
594
610
634
612
604
608
592
576
582
598
582
584
592
588
590
602
594
612
576
578
588
590
584
586
582
594
616
604
598
580
562
568
602
598
622
638
650
632
616
614
594
582
594
630
624
616
632
640
640
626
638
628
628
650
668
642
628
636
630
606
614
616
610
588
596
630
610
592
586
602
554
546
566
628
638
622
614
598
620
624
618
644
650
642
626
650
624
576
590
592
600
600
610
616
618
600
610
588
586
604
634
668
670
680
672
666
656
660
630
620
610
614
600
596
602
614
630
630
656
628
630
660
658
642
630
636
610
594
596
600
592
592
608
612
602
616
634
634
626
642
640
628
618
638
616
618
608
618
600
604
602
636
634
646
646
638
624
612
616
584
580
592
602
586
576
592
594
582
598
620
598
604
612
598
592
608
620
602
598
614
598
596
586
592
576
574
576
572
574
588
582
604
594
608
636
668
660
674
686
676
652
676
682
656
644
672
648
624
642
628
630
634
650
634
626
642
622
622
632
674
660
624
652
576
604
588
584
584
584
586
586
584
584
584
584
572
560
544
520
558
554
540
570
556
542
544
562
556
554
592
694
808
756
810
766
784
748
584
648
650
616
594
630
598
596
600
606
610
576
566
542
568
558
556
562
586
590
574
576
584
616
622
638
614
598
592
598
580
556
562
568
554
548
558
574
566
584
654
680
672
668
664
646
636
616
620
598
618
622
666
692
670
732
770
742
734
704
674
720
646
590
648
656
648
654
662
650
650
662
662
654
670
692
670
658
680
644
614
634
636
640
650
672
654
650
636
652
624
626
648
642
648
644
648
634
626
640
634
632
642
698
700
696
720
694
696
706
698
704
710
720
704
712
702
696
694
702
700
720
726
704
702
696
696
668
672
690
674
660
672
660
632
648
652
640
642
668
636
638
640
654
604
580
628
646
646
684
682
658
630
652
618
618
616
640
630
638
638
646
656
646
658
652
654
672
698
642
664
654
650
626
652
662
642
652
676
654
638
652
624
630
634
662
650
650
650
646
636
630
624
616
628
640
664
644
634
646
610
616
614
606
604
608
620
608
596
598
600
600
588
584
588
572
568
566
590
576
594
622
636
594
610
630
646
664
686
666
648
640
644
650
626
624
632
604
582
600
566
580
584
604
638
612
610
620
618
606
620
626
618
612
618
624
590
590
598
570
562
566
576
560
552
564
586
570
570
564
572
554
528
546
590
620
670
724
734
734
730
722
698
666
688
646
642
654
638
592
624
626
636
630
622
608
606
612
620
604
606
624
644
620
602
584
606
582
584
590
594
580
588
612
592
588
562
594
620
556
582
600
620
612
634
630
630
636
648
632
624
632
638
610
590
600
606
606
606
620
654
678
708
714
688
658
662
642
620
620
612
606
610
624
614
596
608
632
622
624
624
620
610
608
612
600
598
636
662
652
642
670
658
656
636
648
636
630
632
636
640
646
636
616
602
608
618
628
634
660
636
636
612
632
612
606
604
612
566
572
586
600
606
628
652
666
640
640
626
628
620
644
608
606
602
614
600
606
608
630
586
632
642
652
656
652
668
660
662
664
642
646
642
630
632
626
652
632
638
642
644
632
640
642
638
642
656
674
666
670
676
654
654
672
652
648
658
672
648
646
678
656
646
642
658
650
642
666
650
634
604
610
606
592
600
616
598
606
618
620
602
612
630
614
614
618
626
618
600
610
602
600
594
596
578
570
626
594
614
622
674
678
636
648
676
654
646
662
664
658
638
666
654
654
670
658
654
640
654
640
644
648
640
620
606
648
650
638
646
614
614
608
614
600
598
602
602
592
580
566
572
564
570
582
598
590
584
610
594
596
582
594
596
584
588
604
590
578
578
584
570
566
574
588
570
566
594
606
570
558
596
578
582
590
590
602
580
580
596
594
604
622
622
596
592
586
598
586
610
648
646
660
680
704
678
660
646
634
604
624
624
594
562
584
580
566
578
592
620
620
634
662
642
626
616
632
616
612
622
614
592
594
576
592
602
594
610
592
578
586
624
622
620
634
620
610
636
660
638
624
656
658
624
620
644
652
646
662
650
628
620
624
604
584
610
642
634
638
644
650
634
624
628
610
584
592
650
680
686
698
710
582
642
638
622
636
656
648
640
662
654
632
624
636
598
602
638
670
654
670
694
696
670
658
654
634
618
594
578
554
576
600
610
626
642
634
636
660
690
680
662
674
688
686
694
674
650
626
624
596
584
606
656
644
650
650
680
694
716
684
642
648
670
650
652
662
660
646
636
640
620
632
630
638
634
648
664
650
642
680
692
692
692
706
670
646
658
630
628
620
636
644
666
692
708
752
766
742
716
716
700
678
704
646
640
628
620
630
648
656
682
690
676
700
690
686
686
676
668
686
692
676
664
678
634
574
654
638
708
720
704
686
698
686
686
700
680
664
664
644
644
644
646
640
648
692
720
666
680
680
668
670
712
692
678
694
674
672
688
700
658
660
658
648
646
660
656
642
640
642
626
618
632
676
654
662
678
656
654
646
644
620
636
642
632
630
648
680
682
670
678
660
666
692
656
618
644
628
602
608
630
660
640
664
698
674
668
682
664
658
666
676
668
674
682
666
668
644
638
662
630
626
604
590
578
584
572
572
572
590
568
564
566
586
572
576
578
594
600
604
622
636
650
664
700
672
666
642
626
620
610
620
596
600
590
600
602
864
374
516
408
752
536
524
606
526
438
376
604
626
660
688
664
662
668
668
654
656
650
634
618
626
622
602
618
622
622
622
622
666
650
644
654
634
622
614
632
628
632
664
672
658
662
680
666
674
642
646
648
646
678
656
640
680
640
638
644
662
634
638
630
616
604
616
638
632
626
648
638
618
626
648
630
622
610
620
596
598
620
626
612
612
640
636
638
642
636
634
648
662
636
638
652
644
644
652
656
650
636
642
648
632
624
630
622
634
620
632
614
602
608
618
606
606
612
612
614
640
662
640
616
666
632
618
628
670
644
640
648
634
606
602
600
594
576
596
598
596
598
610
646
640
636
646
626
636
614
668
648
674
674
698
678
690
712
700
704
706
672
652
648
628
680
668
686
698
674
634
614
634
600
624
638
664
656
676
714
714
716
714
708
690
720
708
694
692
680
666
654
680
660
666
680
672
664
674
690
672
680
686
666
662
668
670
628
658
614
608
594
604
644
604
614
636
654
656
678
684
670
650
666
624
614
600
630
586
596
600
618
586
620
652
654
672
692
698
662
666
670
648
658
648
644
638
632
644
628
618
620
632
620
602
636
634
614
634
644
626
628
646
618
626
616
632
596
590
612
628
618
640
648
648
620
624
628
614
614
616
618
620
626
648
660
650
654
670
654
658
670
642
632
626
634
614
620
634
644
634
636
652
616
620
640
616
608
614
636
628
630
646
660
640
632
632
622
620
626
636
634
632
658
648
636
622
636
624
624
640
636
628
636
660
628
606
614
618
614
600
614
646
646
646
652
602
598
602
590
582
596
620
632
634
646
652
634
630
642
626
598
630
616
606
610
590
616
620
630
632
646
628
624
630
604
588
588
610
606
608
640
642
648
650
664
632
640
652
652
652
666
660
652
640
670
644
644
646
668
656
650
672
646
640
638
660
642
638
656
648
634
636
640
614
608
620
630
620
614
644
628
630
642
634
630
634
648
636
626
626
636
616
624
624
620
626
632
660
650
664
682
682
674
680
688
662
660
682
672
682
692
680
664
680
710
684
692
712
684
678
704
672
664
664
684
674
674
688
