488
822
868
860
850
848
862
874
872
884
872
890
884
884
896
898
908
890
902
886
890
898
900
890
918
902
892
888
882
892
888
880
888
872
882
872
874
884
882
884
892
892
892
892
896
892
892
902
904
908
900
912
904
922
914
920
920
916
922
906
904
902
900
894
898
872
866
874
880
864
874
892
862
898
892
906
906
912
908
906
898
886
886
888
874
878
882
880
872
870
882
890
886
892
884
890
886
886
894
896
882
888
888
886
878
884
882
876
872
872
858
870
880
870
882
878
874
870
876
890
880
888
886
886
574
1170
864
860
898
858
840
834
842
838
852
862
838
868
884
876
890
892
882
906
892
898
896
892
902
882
910
890
898
910
910
902
900
912
894
906
914
906
904
908
892
886
902
888
896
890
896
884
888
892
904
906
910
902
908
888
906
904
916
916
896
906
926
904
874
880
886
872
864
870
870
870
864
882
888
878
876
878
884
894
884
888
890
868
874
856
864
860
862
860
844
856
850
866
852
884
896
890
872
880
882
874
870
886
870
876
870
870
864
860
872
862
872
858
866
882
872
874
870
870
884
876
888
880
864
862
856
850
858
850
856
852
850
844
854
848
840
876
878
866
866
872
876
872
868
866
872
868
870
864
868
870
866
872
880
876
880
878
888
900
888
888
890
884
884
886
894
888
878
884
884
870
860
858
868
856
852
860
868
882
886
890
884
872
872
884
866
880
872
872
862
888
868
844
844
842
842
842
826
838
816
852
854
870
874
788
948
872
888
918
892
886
860
864
862
864
862
866
864
864
878
886
884
868
898
906
906
912
898
898
910
894
898
884
876
890
886
886
880
898
908
882
888
888
900
886
894
886
892
882
882
888
880
880
878
898
878
852
862
868
862
858
866
866
866
866
866
866
860
846
852
850
838
852
844
840
842
858
864
862
866
866
856
854
858
860
856
848
850
848
846
844
846
842
830
836
842
828
846
838
854
852
852
858
854
872
864
860
866
870
862
854
856
854
864
864
874
864
874
870
876
856
890
894
916
912
926
920
944
936
936
952
958
944
952
966
954
968
974
958
970
1012
968
980
948
916
898
888
882
876
884
884
876
872
846
834
838
832
844
844
844
830
836
834
838
520
1128
866
848
900
860
844
850
854
840
846
846
862
850
860
870
870
876
870
872
882
872
878
878
858
884
880
894
876
884
872
884
864
864
890
870
868
856
844
858
860
854
862
864
864
862
856
868
878
876
882
886
894
888
884
884
882
856
848
836
838
832
836
846
824
856
868
868
876
880
894
888
888
892
876
900
882
868
860
854
850
856
860
852
858
862
854
874
848
878
886
892
878
896
896
888
906
906
864
876
870
870
876
862
866
868
866
868
870
858
872
876
858
890
894
904
894
892
878
884
896
870
870
864
868
862
864
854
874
878
874
882
868
890
874
882
878
884
878
868
870
868
884
884
876
872
870
874
866
872
880
880
862
874
870
574
1172
884
870
906
876
838
856
840
850
842
852
848
854
852
844
864
860
852
858
854
858
862
848
888
882
874
882
890
880
848
846
838
828
816
810
808
798
802
798
786
836
838
840
856
844
854
854
854
860
864
864
864
858
862
874
864
872
874
886
888
898
894
898
894
898
878
864
870
848
850
852
840
836
830
822
836
824
836
814
854
852
852
850
864
864
862
868
884
890
894
876
882
874
886
886
894
886
872
884
864
864
862
860
858
856
850
840
838
850
860
842
864
846
852
894
858
846
848
848
830
850
836
834
840
834
836
816
832
820
786
784
792
782
790
798
784
790
796
782
782
790
786
792
766
770
758
770
764
758
816
820
826
826
844
836
830
830
830
814
842
944
804
840
818
820
832
822
830
834
822
822
844
814
864
844
866
854
864
884
876
886
796
964
872
864
866
854
878
854
816
806
812
802
792
796
782
788
782
766
780
772
766
776
758
762
770
750
744
758
752
772
700
746
746
744
746
754
756
756
752
756
752
744
742
756
730
718
722
704
706
690
688
690
688
694
692
680
692
690
704
696
700
708
704
712
718
710
700
698
698
692
692
692
692
698
692
690
686
698
690
686
684
686
678
682
698
686
686
704
698
690
712
698
696
702
696
702
692
684
686
690
690
684
682
690
680
690
688
682
694
694
692
692
700
694
698
696
700
702
696
698
688
690
694
682
678
670
672
666
670
672
668
660
660
656
660
640
670
674
668
664
672
662
678
670
672
666
668
670
656
674
652
658
664
666
666
662
664
666
654
662
660
660
668
666
668
664
578
760
658
666
696
674
672
680
672
680
684
690
682
688
694
696
696
706
698
696
688
704
670
692
678
672
688
686
686
688
688
686
692
694
690
706
698
708
706
702
700
702
708
702
710
700
702
694
706
694
696
698
696
698
688
702
708
702
716
714
710
712
710
712
716
708
702
700
704
704
708
710
708
710
706
710
714
716
718
714
730
722
732
738
712
746
754
764
768
778
776
782
770
778
784
790
794
774
784
780
768
776
778
766
770
776
784
776
776
780
796
790
804
800
756
778
744
752
756
754
756
752
752
760
732
736
736
726
728
736
728
724
724
720
720
726
714
702
730
726
736
728
730
728
730
732
728
724
710
714
708
706
710
702
720
726
716
712
712
718
710
718
722
730
724
728
742
720
726
710
702
714
706
708
704
710
700
698
696
698
682
712
724
718
722
712
714
720
632
814
724
720
750
724
728
708
718
724
724
714
718
712
712
710
714
712
704
718
726
722
722
720
714
722
720
736
736
724
724
718
724
720
726
722
724
716
712
720
714
722
718
722
726
738
736
732
736
734
734
732
732
704
840
450
830
704
704
746
720
714
714
712
712
712
710
716
704
704
716
692
724
730
726
714
716
722
730
728
732
724
726
720
716
708
720
714
714
720
716
712
706
710
704
714
720
712
724
720
714
702
716
712
718
716
702
716
702
700
700
706
698
704
708
700
712
704
706
704
702
704
710
708
714
706
710
712
708
710
714
726
718
722
714
712
710
714
706
706
724
700
716
700
704
704
702
710
712
716
714
714
712
708
702
712
718
710
720
714
712
704
708
700
708
706
706
708
708
706
694
704
692
704
706
708
712
716
720
698
706
712
710
720
722
726
724
724
714
712
712
714
716
722
724
718
710
710
700
712
714
712
728
720
716
714
714
718
716
722
718
738
722
722
744
730
718
702
704
710
704
712
718
710
708
708
712
720
720
722
722
718
720
714
722
726
718
726
724
720
726
722
724
728
728
726
718
732
734
732
734
730
734
746
736
720
736
708
804
754
754
784
780
758
748
760
756
754
758
752
768
710
758
776
762
770
718
830
784
768
822
798
724
784
796
804
770
800
784
778
784
778
776
774
778
770
774
776
766
772
784
758
772
766
782
780
788
776
774
772
772
772
776
752
754
750
754
758
764
766
748
764
744
792
810
814
864
856
854
870
858
882
892
902
914
898
924
910
916
926
902
912
914
854
836
790
818
802
802
796
802
794
794
794
792
784
796
794
800
804
800
798
794
794
806
808
806
804
802
812
808
812
816
822
830
824
828
832
830
500
1144
838
818
860
830
810
484
1076
814
822
856
836
822
832
826
822
838
848
840
844
842
860
850
862
856
860
848
844
858
854
862
858
858
856
860
848
858
844
880
886
864
870
880
880
884
892
874
874
884
876
878
882
896
896
886
904
892
898
912
902
898
888
898
898
884
886
886
882
902
892
878
882
870
882
562
1148
890
882
904
890
864
868
860
858
864
854
872
872
862
866
866
874
870
876
874
858
874
884
896
886
890
876
886
876
884
868
868
880
876
868
870
868
878
878
872
892
900
882
890
888
890
882
886
882
864
896
872
860
854
866
858
852
854
854
856
870
842
876
884
880
872
886
882
888
902
884
872
870
878
882
884
894
872
862
878
870
874
870
886
886
876
872
878
868
880
900
884
894
876
884
886
882
880
882
882
876
866
856
868
880
870
862
858
860
850
864
868
880
862
872
862
866
864
862
846
858
850
848
846
840
856
856
862
850
854
866
868
870
874
880
878
876
868
876
856
846
862
852
836
840
844
844
858
858
870
860
868
868
876
886
866
872
878
858
864
864
546
1162
852
838
872
832
812
812
814
822
798
872
850
848
854
844
862
858
862
864
868
866
862
864
864
868
856
864
864
870
870
872
868
866
868
858
870
876
866
866
870
860
844
846
844
848
844
854
858
852
842
832
874
872
874
870
886
878
888
896
868
878
862
864
850
860
852
854
848
668
984
874
872
906
892
862
862
854
860
864
840
858
874
856
872
870
870
880
874
876
896
862
846
832
848
844
832
856
854
852
870
866
880
876
878
872
866
862
866
874
866
866
868
854
832
850
848
850
848
852
850
850
844
852
838
870
876
868
868
876
862
872
880
880
872
872
872
876
870
880
872
864
870
862
854
880
862
840
840
836
846
828
840
844
840
836
842
830
840
852
854
854
856
854
848
848
850
854
862
844
846
854
834
842
850
838
848
832
842
842
840
834
842
850
848
852
848
852
854
866
856
866
868
860
858
856
858
866
864
860
656
1014
850
840
888
860
814
818
812
820
820
812
814
828
822
814
816
816
814
822
828
834
824
836
838
832
840
834
822
826
832
830
826
822
836
844
854
850
850
848
858
856
866
842
882
882
884
896
900
890
900
900
908
900
904
900
904
902
902
890
886
890
886
900
890
896
894
904
912
904
896
896
898
886
888
894
884
886
894
886
874
876
888
890
874
876
890
884
888
892
886
884
884
894
878
894
876
888
890
880
880
878
874
878
868
882
878
872
874
892
870
886
880
892
890
884
882
892
900
888
894
884
868
870
882
874
874
882
878
886
652
1114
884
876
904
882
860
848
846
852
852
852
856
858
854
858
854
866
868
852
880
900
898
896
902
898
914
902
898
904
912
904
912
892
880
892
876
896
888
892
888
882
872
876
866
876
878
884
874
872
866
868
874
886
870
882
866
880
884
888
884
888
898
900
916
880
862
872
872
842
850
860
832
848
838
854
838
866
864
866
870
856
882
888
882
878
896
878
890
896
894
886
874
878
870
890
874
854
856
846
856
850
840
850
848
862
834
886
874
880
894
900
876
898
898
890
886
904
898
886
890
880
884
874
896
888
882
878
872
868
868
868
882
880
866
862
870
878
874
868
880
874
894
888
866
866
858
858
872
870
880
880
874
888
870
874
838
844
842
828
838
816
818
810
810
810
806
796
798
816
790
832
830
840
858
858
878
876
856
868
868
880
870
886
886
890
880
884
884
896
896
910
900
886
916
898
902
882
878
866
862
852
852
850
856
838
844
840
842
842
844
838
824
862
876
860
868
874
882
868
862
856
856
864
852
854
856
858
854
856
862
868
870
876
856
892
880
888
856
914
882
876
906
882
846
850
856
846
850
860
850
854
846
856
840
882
884
886
872
894
592
796
784
570
778
860
846
850
848
848
848
844
862
852
850
866
868
884
692
792
806
766
770
644
810
876
868
884
870
868
884
870
896
884
882
886
876
896
900
888
890
894
884
554
1214
888
868
898
880
848
852
842
848
852
852
852
858
842
860
872
876
878
886
888
882
880
896
890
902
896
894
894
882
896
882
886
888
878
874
874
874
876
878
882
866
864
880
864
850
886
886
896
878
870
866
884
878
880
882
886
872
892
892
892
912
890
894
878
880
868
856
876
872
860
852
858
838
854
860
860
856
896
876
856
864
862
854
866
860
858
866
866
860
860
862
860
856
866
856
866
860
862
860
852
866
876
866
882
876
874
882
874
878
876
866
864
854
856
836
840
828
840
832
834
830
824
838
848
826
860
860
874
862
868
880
872
882
868
862
866
852
856
866
858
854
858
862
852
876
874
866
864
870
858
866
858
866
862
854
858
860
878
864
846
852
850
846
846
840
836
842
850
860
864
858
870
864
852
864
862
844
864
862
856
860
856
870
870
858
852
878
896
892
884
884
904
878
834
810
812
812
808
814
812
808
816
818
816
818
826
804
848
858
846
844
848
872
870
874
870
864
868
866
876
872
882
872
868
884
880
886
888
888
896
872
888
890
878
874
882
870
890
864
848
840
838
850
850
842
826
832
842
822
846
852
850
866
872
886
882
890
892
898
878
876
864
862
858
860
858
844
860
860
850
864
858
838
872
886
894
892
900
896
908
890
890
880
886
894
878
886
868
880
886
882
888
870
890
882
880
884
888
898
884
888
884
888
876
890
878
886
872
872
878
894
890
882
876
878
880
874
882
884
880
874
880
884
872
878
868
864
868
852
860
840
852
856
856
838
850
840
846
844
836
852
844
850
852
830
848
840
850
852
854
846
846
848
852
848
856
866
862
874
870
856
866
862
882
870
866
876
858
888
882
862
852
866
850
846
842
838
844
856
828
872
858
858
862
864
874
864
876
868
864
870
848
870
864
870
858
854
856
856
856
868
850
850
856
848
846
846
870
862
864
874
872
864
854
870
864
866
852
862
858
862
880
864
866
874
872
862
874
868
870
850
868
846
860
870
846
858
860
862
850
850
858
864
874
864
872
860
868
866
886
884
882
870
872
880
864
870
876
876
862
854
844
852
850
862
874
866
864
860
856
870
874
876
604
1146
874
858
898
876
842
850
848
848
840
850
850
832
876
878
882
862
884
880
892
878
896
894
880
888
880
872
892
892
894
876
890
888
898
892
898
888
884
896
890
892
886
898
894
888
876
882
888
878
876
880
878
870
894
884
894
890
886
888
880
882
886
888
878
878
876
868
870
874
880
870
874
862
874
888
880
886
884
896
874
890
874
876
884
874
866
866
856
854
854
858
878
858
860
874
868
868
876
892
882
884
888
882
872
868
880
868
870
856
854
882
870
850
870
858
858
866
858
870
868
864
870
872
872
866
868
862
856
868
844
866
862
868
874
858
850
860
864
876
866
874
868
868
850
856
840
842
840
860
852
838
840
840
862
856
872
878
870
864
862
864
876
878
872
862
866
864
856
872
884
876
878
874
864
870
880
874
884
878
882
872
864
876
880
890
890
880
878
884
884
874
902
904
896
918
890
868
874
874
878
868
868
878
866
866
864
866
858
890
884
882
884
892
886
888
906
880
872
870
862
866
872
870
868
876
872
874
888
878
886
890
882
886
880
868
876
868
874
866
874
874
862
882
874
872
878
874
878
884
888
880
882
878
880
868
858
870
852
854
838
846
860
834
870
886
864
874
878
870
890
862
868
872
868
870
866
880
890
886
870
878
530
1230
888
880
926
882
870
860
864
878
878
888
888
890
888
888
886
868
900
902
894
908
900
896
896
898
900
896
892
900
878
888
902
908
888
886
904
876
908
896
882
900
892
902
904
888
900
906
904
894
878
888
884
892
888
868
878
880
872
882
870
880
856
852
848
854
846
868
862
858
842
858
864
846
868
878
868
882
880
852
852
860
852
852
854
846
864
860
856
862
856
852
864
832
808
822
814
806
800
804
798
810
794
792
816
816
822
824
824
824
832
842
818
872
864
862
872
880
874
888
898
886
880
882
880
866
874
872
854
850
860
834
844
854
860
844
862
864
868
864
876
860
862
866
856
862
858
856
846
864
858
848
856
860
872
854
870
866
876
862
866
882
874
868
866
866
864
850
854
866
856
864
850
854
856
856
866
868
858
868
858
856
856
862
852
844
870
852
824
510
1096
846
820
868
836
818
812
828
810
806
838
850
832
840
834
852
848
842
848
848
848
852
848
856
856
846
854
846
828
852
842
860
858
870
848
864
860
868
866
882
902
878
888
900
916
916
924
950
922
922
938
578
1266
940
952
984
926
902
868
858
850
842
826
832
826
820
810
814
820
826
824
840
838
848
850
858
844
844
846
842
842
842
848
846
836
842
848
840
838
840
840
854
842
862
850
862
866
870
858
872
856
870
854
856
832
848
838
828
840
842
838
824
840
834
822
832
828
818
830
838
834
838
830
838
830
828
828
820
830
806
798
806
794
794
798
796
804
798
792
798
800
778
816
808
800
810
814
802
816
806
814
804
808
828
810
806
808
802
796
800
798
802
808
808
814
818
814
816
818
814
818
816
820
796
794
780
790
778
790
778
782
788
800
790
786
792
792
796
808
800
806
804
802
804
808
804
818
810
808
816
804
806
806
804
812
808
802
802
810
810
804
796
800
800
796
808
800
804
804
798
804
806
802
798
794
806
802
788
780
800
784
790
778
790
768
810
806
816
800
798
800
794
802
790
798
824
810
786
786
790
792
792
796
798
786
790
792
790
788
798
792
794
794
788
782
788
778
782
784
784
780
788
776
786
800
794
798
810
816
812
810
812
812
818
812
812
816
814
812
808
816
808
792
790
792
794
798
794
786
792
788
784
792
776
790
810
800
808
812
798
814
820
812
814
822
804
808
802
822
812
810
802
808
806
806
808
818
812
824
808
816
812
808
810
808
808
818
806
798
832
810
802
796
800
806
806
792
802
800
810
810
810
822
824
818
826
802
808
810
808
812
806
802
798
804
806
802
804
794
810
800
800
804
798
804
810
812
814
804
816
800
796
798
806
790
798
796
794
790
788
792
798
798
792
794
808
806
814
810
814
814
818
820
804
796
812
804
794
794
786
788
790
788
784
790
778
790
794
796
808
806
804
808
810
804
798
810
806
804
794
794
792
780
792
794
780
786
772
804
810
800
808
816
798
802
808
810
824
816
774
792
784
776
790
780
778
788
782
778
782
784
762
804
804
804
800
784
806
812
814
800
796
792
812
744
788
780
774
784
776
764
780
778
778
792
796
760
704
760
970
808
842
840
814
808
804
798
786
788
788
788
786
786
790
784
772
780
774
778
778
772
786
778
766
732
912
818
830
834
798
800
800
802
800
806
792
794
784
788
780
780
786
770
806
810
834
808
802
818
804
792
806
790
782
782
792
776
790
800
800
798
804
788
770
788
784
776
784
782
778
782
790
794
796
800
794
792
764
726
558
1046
798
790
820
794
776
678
800
788
790
794
574
1004
818
662
872
796
776
802
780
788
784
800
796
800
796
812
816
814
808
824
830
832
834
842
828
834
842
836
834
834
840
836
830
828
828
814
828
826
832
772
852
824
814
816
812
814
816
828
818
800
798
774
788
760
756
766
766
768
782
762
822
860
822
826
828
814
878
880
892
900
906
930
908
912
920
900
916
916
656
1170
904
948
938
892
840
824
826
830
830
818
824
816
826
820
826
806
822
822
816
806
814
814
810
814
804
832
830
820
842
844
848
840
860
862
858
842
854
842
852
658
1032
846
832
872
840
824
830
834
822
828
842
846
856
848
862
870
860
866
870
870
866
870
870
856
856
854
848
860
868
866
868
848
838
848
844
834
838
834
828
840
850
840
844
858
852
848
846
846
850
830
854
864
866
864
858
878
868
880
866
862
858
860
844
838
852
844
850
838
836
834
844
838
840
842
842
846
828
842
840
850
842
856
832
840
838
852
848
854
848
840
868
846
820
824
824
828
832
830
834
832
842
852
852
856
852
854
852
846
842
844
840
860
820
780
868
864
764
784
806
778
788
800
792
798
794
790
794
798
794
798
798
792
800
804
798
794
802
784
792
790
804
778
808
810
814
830
832
816
822
832
862
834
814
816
826
826
820
822
824
824
828
822
828
828
830
844
836
838
836
846
852
852
862
856
846
852
852
850
862
864
862
858
860
848
858
854
858
856
858
858
848
856
852
856
856
852
838
852
834
834
840
842
836
820
830
820
822
826
804
840
852
844
850
854
848
854
854
856
854
854
850
852
852
852
854
848
836
850
834
846
844
834
840
844
844
830
842
856
844
840
876
720
614
534
562
556
680
590
750
812
810
834
828
846
846
852
848
852
854
864
872
878
880
880
792
948
880
886
918
902
880
868
874
872
868
866
870
880
874
868
862
870
854
890
878
874
880
870
878
876
886
872
866
870
854
866
860
870
866
866
858
854
852
852
856
856
850
840
832
840
818
820
814
812
818
810
812
824
822
824
832
838
834
830
832
846
840
848
834
842
838
840
828
836
828
836
830
830
820
826
830
840
836
840
846
558
1134
852
852
886
852
828
832
834
834
830
830
834
842
842
844
858
850
834
860
868
870
864
870
870
868
862
862
862
852
858
850
854
858
852
850
852
838
850
840
854
852
854
840
850
836
860
842
854
848
840
840
840
834
830
836
832
838
828
832
834
834
842
844
844
846
862
858
848
834
842
836
830
838
834
826
830
830
840
832
836
834
834
834
836
844
844
854
848
852
852
846
846
842
842
842
848
830
828
828
836
820
836
824
828
816
828
832
822
844
834
838
836
854
848
828
834
832
814
802
808
802
804
808
802
806
802
808
810
802
790
834
830
844
830
838
826
834
826
828
818
826
844
832
796
812
810
810
802
810
810
814
804
822
824
826
828
826
834
830
824
826
824
824
794
786
792
784
778
792
798
804
800
808
816
810
808
818
810
802
804
806
804
792
800
796
794
804
806
800
802
802
792
796
790
778
772
778
770
786
784
786
788
788
796
796
798
798
812
798
806
806
808
804
822
824
796
824
830
834
842
852
848
852
844
848
842
840
834
836
832
824
842
822
814
826
836
836
850
850
844
838
848
846
858
876
866
870
874
866
860
878
876
868
862
852
848
