404
576
584
580
576
586
580
580
578
580
574
576
578
580
568
578
570
568
572
570
570
498
640
570
580
566
570
564
578
570
570
570
580
510
636
572
572
596
586
544
574
568
564
578
558
582
566
578
576
568
578
576
572
578
574
576
580
576
572
576
574
576
576
574
574
578
570
586
576
582
582
584
590
584
580
590
584
586
582
582
578
566
580
588
582
578
558
572
576
578
560
570
568
580
566
574
580
572
574
578
490
660
568
566
588
566
574
568
574
572
578
572
572
570
586
578
578
582
588
588
586
578
580
580
576
574
580
576
576
576
574
576
574
574
580
568
580
582
572
576
576
570
570
580
576
556
554
564
560
562
560
558
558
564
554
552
554
556
562
556
552
564
560
562
564
574
570
578
576
582
578
580
582
582
580
572
576
590
578
584
584
590
582
590
586
592
582
586
588
586
586
586
590
592
590
588
602
590
588
592
592
600
592
594
592
592
592
588
584
582
584
582
592
586
590
604
586
600
584
582
590
584
586
586
592
592
592
600
602
608
610
604
608
604
600
608
608
614
612
624
620
614
620
618
618
632
624
632
632
630
642
638
644
636
630
622
626
628
618
626
620
614
618
604
608
612
606
616
604
612
602
600
604
594
602
606
602
610
598
600
596
600
600
602
600
606
602
602
604
602
606
584
600
596
592
596
604
594
594
600
596
580
612
594
592
598
598
596
606
598
594
600
600
600
608
604
600
616
604
606
614
620
604
616
612
610
612
608
608
606
604
606
604
606
606
594
600
596
594
590
582
584
580
594
582
582
586
596
596
598
596
602
602
598
592
598
590
590
588
588
588
580
586
580
586
584
576
582
590
580
578
576
582
578
580
584
590
584
588
586
586
588
584
590
586
588
598
590
586
592
586
588
590
588
586
590
588
588
584
584
584
592
584
576
580
578
582
580
580
574
580
576
576
582
578
578
578
588
578
578
568
576
568
578
560
570
564
554
562
562
554
560
562
560
562
564
558
562
560
550
562
564
562
562
566
568
578
568
584
548
556
562
566
568
574
568
584
540
570
554
568
568
572
572
568
570
578
572
568
574
576
574
572
576
572
574
568
570
578
572
586
580
580
580
576
572
578
570
576
576
574
566
572
566
574
570
570
570
576
578
580
580
582
582
584
584
580
570
586
584
580
584
586
582
584
584
592
588
586
578
584
584
578
572
584
580
586
580
588
588
590
588
584
584
586
586
586
590
574
578
586
582
582
582
578
588
584
582
586
598
580
580
552
572
572
568
570
568
568
564
562
564
560
566
562
558
572
562
570
580
570
572
578
570
600
566
578
580
564
612
586
580
582
584
588
584
588
582
584
586
588
582
582
584
584
590
582
574
582
576
586
586
578
584
580
578
584
580
582
590
586
582
576
588
574
576
578
586
576
578
582
592
584
588
586
586
586
590
588
594
596
602
608
606
604
606
602
612
616
606
614
600
612
606
564
634
592
600
596
590
568
596
584
590
584
588
584
592
586
586
584
584
578
582
586
588
594
574
588
590
592
590
590
596
594
588
584
588
578
582
584
584
578
582
584
590
580
584
590
588
594
584
582
586
582
610
590
600
604
604
604
598
596
594
600
574
582
572
576
582
578
570
572
572
572
584
574
572
570
584
572
584
574
574
568
580
578
582
582
576
580
580
578
594
578
576
586
580
586
586
590
582
568
586
584
582
584
580
580
590
580
594
588
586
588
588
580
598
590
596
586
596
592
590
602
586
588
586
588
586
584
588
580
584
582
580
580
566
574
580
584
578
576
584
584
588
582
584
582
582
586
592
586
584
582
588
588
584
584
590
530
646
588
590
586
594
590
592
596
592
602
598
594
598
596
596
604
600
602
594
596
604
598
586
596
592
596
600
596
588
594
596
588
594
582
590
578
590
588
584
586
592
594
606
596
596
606
610
596
604
602
600
606
602
606
608
600
600
602
596
602
596
592
602
606
594
602
600
600
598
598
596
598
598
604
592
620
618
618
618
608
602
608
606
608
610
616
606
614
622
600
614
612
604
608
596
602
602
608
602
606
604
602
606
608
610
608
610
608
606
602
612
632
622
610
626
612
618
632
606
598
606
606
618
612
618
610
606
608
600
600
602
590
594
588
594
584
588
588
592
578
586
594
584
594
590
592
592
590
590
594
606
592
596
592
590
594
524
668
590
594
584
588
578
590
582
586
576
578
578
578
568
582
574
582
586
598
602
596
600
606
610
610
598
608
608
612
606
602
596
600
608
604
598
602
608
604
602
612
608
608
622
616
614
626
614
618
612
616
614
614
604
624
616
608
608
610
608
614
606
610
608
610
608
610
608
612
608
612
610
612
606
612
614
608
612
600
606
610
602
606
606
622
600
616
608
604
606
612
596
604
602
606
618
612
608
612
614
614
606
610
606
628
616
618
606
626
618
630
628
634
662
642
646
644
638
646
628
652
636
628
638
628
632
616
628
624
610
630
614
628
626
624
628
626
640
642
624
634
628
630
624
622
622
614
608
612
610
612
594
612
606
606
616
596
606
596
610
612
606
610
610
630
620
624
622
626
626
630
624
640
626
630
630
622
624
616
618
620
612
614
610
602
606
590
592
604
596
602
602
602
602
596
616
594
596
602
592
622
596
596
612
608
612
610
610
606
608
610
600
612
590
596
590
604
600
598
594
596
610
596
594
608
598
604
596
598
596
602
600
600
596
598
598
604
602
602
598
602
604
604
596
600
592
596
596
588
594
594
586
598
596
594
586
596
592
590
578
584
586
590
576
586
586
584
586
588
582
580
582
580
584
574
572
576
576
572
570
562
568
566
562
568
564
562
566
566
570
566
564
568
568
568
570
570
570
570
580
578
578
576
586
572
566
582
580
578
570
568
582
568
572
574
570
580
568
580
578
580
570
580
580
576
588
580
586
596
588
586
602
596
590
604
598
604
602
604
600
604
602
608
610
606
604
604
610
590
616
604
588
602
582
616
588
600
590
602
584
586
584
592
580
600
588
606
592
596
598
594
594
586
590
586
582
588
590
594
594
604
600
626
610
618
616
616
618
620
618
616
618
612
622
610
646
618
628
622
612
630
620
620
610
618
606
610
600
598
596
598
602
602
602
606
616
614
626
626
622
650
616
632
634
622
628
622
622
620
622
602
626
610
622
616
628
632
626
620
626
624
618
606
608
602
598
602
600
596
602
618
600
604
610
616
606
610
610
616
624
604
616
618
606
620
600
616
622
618
620
626
600
600
612
608
606
606
618
622
632
620
620
634
630
642
630
624
630
618
630
618
622
618
596
616
596
608
608
606
614
604
608
614
602
610
600
604
606
608
624
608
628
620
630
628
628
638
642
634
638
622
624
626
624
626
618
622
628
614
634
614
612
622
618
620
618
628
634
632
610
624
622
622
632
626
606
612
612
616
614
612
596
614
604
608
604
606
622
610
626
616
622
624
626
630
620
620
618
622
624
608
618
612
622
620
612
624
602
612
614
614
612
614
614
610
640
634
640
640
632
638
636
632
634
628
618
628
618
622
630
612
636
634
646
650
656
654
636
646
644
614
648
630
628
618
624
614
618
618
612
618
616
632
610
640
620
634
622
632
624
628
632
628
632
632
628
630
622
630
624
632
630
630
634
632
634
636
636
634
632
618
636
624
630
616
624
622
612
638
622
628
620
646
640
624
642
634
638
624
628
624
620
624
616
624
628
630
632
600
620
610
624
620
624
620
628
622
630
616
622
620
622
620
624
622
616
624
624
620
624
620
622
622
624
628
616
630
620
622
620
628
614
622
620
610
620
612
620
608
610
612
614
612
610
612
620
616
622
614
618
626
614
618
610
618
608
614
610
604
614
608
610
608
620
610
612
616
610
612
612
614
616
620
626
622
622
616
622
614
618
618
616
610
614
612
614
606
610
608
608
610
612
612
612
604
610
608
602
600
598
596
598
602
610
608
610
608
612
608
598
602
602
606
596
610
594
616
606
610
598
604
600
602
604
610
608
618
612
616
608
614
612
616
616
616
620
628
620
620
618
616
618
618
618
618
608
614
612
612
614
614
614
616
618
628
622
622
626
648
646
642
644
650
642
644
632
640
636
638
634
638
636
638
634
646
640
640
636
640
630
622
630
620
624
624
614
614
616
614
612
614
630
618
624
624
620
612
616
622
604
614
610
616
608
608
606
612
608
614
602
610
606
598
620
604
602
608
610
606
610
606
614
626
622
630
624
626
632
622
618
630
626
580
614
606
632
610
622
634
620
636
630
626
630
620
624
622
632
622
614
626
618
630
620
618
624
620
624
614
612
616
614
610
612
622
618
610
632
624
628
630
630
628
628
620
622
628
614
636
628
622
642
624
630
644
640
638
646
646
644
636
636
618
628
626
628
622
618
614
620
620
618
610
622
616
616
620
618
620
612
624
632
630
630
632
632
632
638
630
620
620
622
612
612
606
604
606
610
604
600
598
600
598
608
600
604
604
602
602
596
600
608
606
606
606
608
604
600
606
596
604
598
600
600
598
590
602
600
598
596
602
598
600
594
596
600
596
594
604
592
582
602
598
584
602
586
590
584
590
588
586
590
596
592
596
600
606
586
596
602
604
602
604
602
602
604
606
596
602
598
600
602
592
598
594
596
596
602
590
596
594
592
602
596
602
596
608
594
594
598
600
610
568
594
588
592
590
586
600
592
606
598
606
596
592
596
616
596
608
606
604
616
610
610
614
610
630
606
628
618
638
620
616
638
592
624
610
588
608
614
618
614
616
610
622
618
612
620
638
622
630
630
626
620
628
616
620
608
624
610
626
616
626
630
618
632
632
620
638
618
608
620
612
620
620
618
624
620
616
616
614
624
618
606
618
614
630
614
622
624
636
626
640
630
636
630
632
632
626
624
640
620
630
626
636
630
630
638
628
632
622
626
624
620
636
624
626
628
624
628
636
630
628
626
628
624
626
624
624
628
648
632
662
654
648
646
634
640
628
632
618
616
630
610
586
610
600
610
614
608
596
614
620
574
604
602
602
600
600
598
596
592
584
598
594
598
594
592
590
586
586
586
582
580
588
582
586
584
580
584
582
592
578
592
592
586
594
596
596
584
602
598
598
598
598
608
604
608
608
598
608
608
618
610
614
610
620
618
618
624
620
624
614
616
618
616
608
616
612
612
610
608
608
608
604
608
606
608
604
602
604
614
610
604
612
614
610
612
608
606
610
610
602
604
602
600
598
602
602
602
606
608
608
606
608
614
608
610
610
606
602
608
604
604
598
604
602
598
610
616
588
592
604
592
596
590
592
590
590
590
592
588
602
594
592
592
594
594
602
598
598
596
592
598
600
596
598
596
596
604
596
594
596
594
598
574
586
586
582
592
586
592
592
590
586
588
592
584
590
584
592
586
590
588
588
596
574
582
588
582
578
588
582
582
576
586
580
580
580
584
578
592
582
586
590
586
590
588
592
596
596
600
604
598
594
598
596
598
598
594
598
588
600
588
588
594
602
596
594
598
592
590
596
592
592
594
592
594
594
604
598
608
594
604
592
602
592
596
596
586
584
594
590
598
588
560
566
656
594
614
570
592
596
588
604
598
594
602
598
600
598
606
600
600
604
602
602
600
610
604
606
600
608
598
614
600
640
618
620
630
622
616
624
624
628
626
636
630
642
636
630
626
628
630
640
632
630
638
634
626
632
634
634
632
636
628
632
634
638
624
626
622
634
630
622
628
632
628
642
616
628
632
624
642
632
624
634
630
626
614
624
624
616
618
616
608
616
610
618
602
610
610
610
614
612
620
618
632
624
630
622
636
632
636
634
626
638
636
636
624
628
622
622
622
612
626
638
648
636
634
642
640
636
638
634
626
622
620
618
626
618
618
614
614
608
594
600
594
606
592
606
590
608
616
604
602
610
586
648
614
616
614
632
630
624
636
616
620
624
604
620
618
614
624
610
604
612
608
606
604
598
606
616
596
600
606
614
598
606
594
606
598
598
606
598
602
600
600
614
612
592
612
604
606
612
608
604
602
612
608
608
606
604
600
606
604
602
604
604
610
604
596
604
602
608
596
594
608
598
600
594
594
612
598
608
612
600
618
624
620
618
614
626
606
632
616
612
614
618
618
610
604
608
604
612
616
614
618
616
608
622
614
614
616
616
618
618
618
620
620
620
618
618
608
618
614
616
616
622
618
620
624
634
628
636
638
632
636
626
632
620
622
624
634
646
626
634
622
642
632
630
634
632
634
642
630
644
636
630
634
626
624
638
628
640
630
646
636
634
630
634
634
624
648
634
642
624
646
632
628
634
632
648
656
646
660
668
668
670
656
654
652
666
676
658
666
650
658
644
650
644
638
642
626
626
622
624
622
610
622
622
618
646
628
628
646
636
638
640
638
624
650
642
634
642
640
632
640
634
636
636
638
652
636
642
640
630
624
614
634
618
628
618
616
616
618
616
606
600
614
608
612
616
620
628
628
542
692
614
618
612
616
612
602
602
602
602
600
596
598
592
606
598
600
602
606
598
602
598
598
598
594
606
598
602
604
604
614
604
610
604
606
616
602
606
606
604
602
596
588
594
594
600
598
586
596
594
592
590
590
588
588
588
594
590
592
594
596
606
600
610
620
610
628
628
620
624
614
622
602
632
620
640
634
642
638
642
638
644
640
638
640
634
644
642
644
652
660
652
660
682
668
692
680
682
694
686
660
652
662
652
662
658
656
666
648
632
650
632
664
648
656
650
656
656
654
658
652
656
650
654
646
648
648
648
650
648
646
646
646
662
646
640
644
628
640
628
630
622
632
636
632
644
644
640
628
626
636
626
642
634
626
628
632
634
630
632
630
632
636
626
632
630
634
618
640
632
622
632
622
650
642
634
644
634
636
644
636
638
632
636
632
642
642
634
622
642
650
652
648
638
638
634
622
632
628
626
626
634
616
632
620
630
604
626
632
624
634
630
628
638
636
606
608
612
602
632
622
618
606
604
608
604
612
604
606
606
616
608
614
620
610
620
612
622
616
604
624
624
622
618
620
618
618
608
612
604
610
604
596
596
602
600
596
586
584
594
584
590
588
580
582
582
584
584
588
592
592
590
596
588
588
588
590
586
584
582
582
580
582
584
586
584
586
586
598
586
594
594
600
600
596
594
594
592
602
596
596
606
598
608
596
596
596
602
596
500
692
592
594
594
598
594
594
594
606
598
590
596
594
602
608
600
604
604
604
606
602
606
610
606
614
600
614
610
612
610
608
596
606
594
604
600
596
604
600
608
608
604
602
584
606
602
608
604
604
610
604
606
612
606
610
610
616
610
614
606
614
612
612
604
610
608
606
604
602
602
606
596
594
600
602
604
610
598
608
606
608
618
610
612
624
614
618
614
612
606
610
606
604
618
598
588
606
596
600
594
590
596
600
596
596
606
612
600
606
608
604
604
604
614
604
604
616
610
620
624
622
620
632
622
624
616
648
614
630
624
620
614
614
612
606
628
626
612
618
618
602
624
618
620
610
618
624
616
620
626
620
618
620
616
602
614
604
606
598
624
608
610
608
624
618
648
640
628
644
636
642
636
636
626
624
636
626
624
628
628
616
624
624
620
620
616
620
608
616
610
622
616
614
608
626
634
622
640
626
568
676
618
616
620
606
628
654
632
638
642
656
642
636
644
630
634
642
608
626
616
630
628
612
622
626
624
622
630
622
626
628
626
634
638
540
726
626
616
614
608
608
598
604
604
610
618
602
624
628
624
620
650
634
632
630
640
638
630
642
636
608
620
628
630
622
610
586
604
600
608
610
606
600
608
610
594
602
610
598
608
618
604
610
608
614
610
612
608
610
612
612
610
612
608
602
610
596
604
598
610
600
608
600
598
602
598
602
598
620
608
612
626
608
612
612
612
614
602
616
608
606
622
618
618
614
616
626
614
614
614
612
612
608
596
602
602
602
604
596
600
610
598
598
590
594
596
598
598
596
596
596
590
596
592
596
588
596
592
582
598
582
592
590
580
590
576
544
634
578
600
580
596
594
592
586
506
670
592
600
594
586
602
602
606
606
604
608
608
616
608
592
604
602
590
592
606
570
596
594
594
594
610
608
568
642
608
602
622
604
586
598
602
612
608
612
614
624
616
614
614
602
606
602
602
594
594
596
594
600
598
598
596
592
590
594
590
596
600
618
612
620
622
620
622
610
624
616
618
616
628
624
624
624
626
624
604
618
606
620
606
612
596
604
606
616
606
608
608
606
622
608
612
616
606
606
620
608
608
616
612
610
604
608
612
596
630
604
604
620
608
582
578
588
584
600
594
586
578
598
590
602
582
612
590
604
604
594
594
598
596
596
606
594
596
596
612
606
612
604
618
618
616
610
614
614
618
614
614
622
616
616
618
612
608
606
610
612
604
608
610
604
612
606
598
608
604
604
608
604
618
612
610
614
606
622
614
614
618
622
626
628
638
654
624
634
632
630
620
622
616
618
624
618
614
612
600
626
608
604
610
612
612
604
608
614
608
618
608
606
612
608
608
606
606
612
634
626
624
614
628
638
638
628
632
638
628
642
632
622
636
636
632
648
582
636
632
626
634
658
628
642
644
644
634
648
630
636
636
630
630
632
630
622
618
622
618
618
618
626
622
626
638
630
626
648
632
624
632
630
630
630
622
652
636
634
640
644
652
660
658
660
646
644
646
636
642
630
636
636
638
634
632
636
634
634
624
628
624
628
628
618
614
612
608
612
608
604
608
608
608
604
604
606
604
602
604
596
600
602
604
606
602
596
600
596
596
586
594
594
592
592
592
580
586
588
586
588
584
586
588
578
582
584
580
578
584
584
582
582
584
578
580
580
578
578
578
580
578
588
582
582
596
512
666
590
600
598
600
582
586
588
598
596
590
592
602
590
608
618
608
618
602
618
604
608
608
604
602
598
602
594
608
614
604
634
628
626
626
632
630
628
636
636
632
618
630
626
622
622
622
622
632
634
628
620
636
628
628
630
636
640
660
660
662
672
674
668
670
636
660
658
640
654
632
642
620
634
632
632
636
638
648
658
658
656
656
654
644
634
628
636
636
634
634
632
690
666
674
676
698
682
670
694
694
664
706
690
676
708
702
694
706
680
706
694
696
686
684
696
692
684
722
732
730
730
732
720
722
694
702
660
734
706
712
716
706
706
704
704
722
716
714
704
710
704
716
712
734
742
748
746
742
738
750
746
742
736
710
690
688
716
736
726
732
732
716
728
716
720
720
756
734
754
744
740
718
696
718
712
696
730
730
706
750
728
738
732
748
738
738
740
744
734
742
740
748
728
752
744
742
732
728
736
734
706
724
722
714
724
730
732
728
732
724
748
746
724
734
730
730
728
726
730
700
714
672
688
690
668
732
714
706
722
684
708
696
698
700
724
704
744
744
746
710
734
734
724
714
692
710
722
714
684
712
724
728
720
708
714
712
712
728
720
730
714
712
728
718
686
704
692
702
702
696
696
748
728
728
724
724
720
714
718
730
742
734
728
736
740
742
736
736
718
716
718
704
712
710
722
732
730
716
726
712
712
684
682
690
694
706
712
714
714
722
718
716
718
700
722
716
720
722
720
726
726
690
704
686
702
696
712
712
712
712
704
722
724
718
704
714
712
690
700
672
672
678
674
682
690
710
710
726
712
718
722
716
724
738
726
738
728
726
718
724
706
718
708
708
702
688
698
688
690
696
710
702
716
696
706
702
682
728
704
712
718
708
694
716
694
700
706
676
688
692
690
684
676
702
684
694
700
704
690
704
684
686
690
668
688
694
688
688
680
670
656
674
674
674
686
688
718
734
736
736
750
750
732
736
752
740
732
710
720
720
716
716
704
706
714
688
744
724
718
710
714
700
688
718
718
718
718
728
728
746
740
734
740
738
754
736
718
732
702
708
704
692
700
684
724
704
716
722
716
736
732
736
734
736
744
752
746
746
742
728
738
736
738
742
738
732
724
732
738
736
722
732
732
726
734
720
724
706
708
726
738
746
742
760
760
754
752
736
730
710
704
672
670
686
686
694
722
734
742
756
754
774
754
746
742
740
744
724
730
724
736
736
758
734
752
744
738
744
748
750
760
766
776
766
768
726
738
730
724
726
740
742
746
728
730
724
726
714
720
720
716
708
694
692
720
716
712
728
738
756
764
760
786
760
740
738
748
702
730
718
714
720
720
704
704
754
742
742
744
730
734
738
748
750
746
764
764
744
750
758
744
740
728
736
712
712
718
710
708
708
744
750
756
726
752
762
756
756
748
738
744
762
770
768
762
756
742
742
746
728
718
728
724
712
746
750
742
740
754
752
756
754
746
764
752
754
746
750
732
728
734
738
742
764
742
754
754
768
754
760
740
748
740
742
730
740
708
720
742
800
800
800
780
776
752
746
740
712
728
748
740
752
746
744
736
730
722
726
732
728
718
706
716
718
736
754
754
756
752
736
730
730
730
736
744
754
750
744
734
728
726
722
712
694
700
712
698
750
752
742
750
726
724
700
724
730
738
748
752
750
760
764
766
758
774
778
766
744
750
750
744
718
708
700
710
748
742
758
764
758
760
754
756
758
738
748
746
750
740
768
758
762
764
768
776
770
760
766
760
788
766
758
760
750
756
736
766
758
744
730
728
742
736
736
712
734
742
734
732
728
748
746
748
758
770
760
754
766
762
752
762
756
756
740
768
762
758
756
754
750
762
760
762
754
764
748
750
768
748
756
750
744
738
746
750
756
756
756
770
748
780
768
770
754
752
768
750
742
750
766
758
768
788
770
766
768
760
760
762
754
762
770
756
752
752
760
754
754
756
774
754
760
764
750
748
754
750
764
758
748
746
746
740
736
750
742
724
792
766
764
756
752
732
736
706
716
720
720
710
722
716
712
704
690
700
698
698
696
724
700
764
746
748
744
738
704
750
718
732
734
704
730
730
730
730
716
708
694
706
716
726
718
748
752
768
766
762
768
770
786
772
772
756
746
746
746
758
762
782
764
792
780
782
780
766
778
770
756
750
748
728
728
726
722
722
706
716
756
752
762
772
762
758
748
750
724
736
726
756
736
746
738
740
756
746
748
742
732
742
738
748
750
738
746
744
742
746
744
744
744
740
742
754
754
750
754
754
754
758
754
752
760
752
760
756
752
752
756
758
764
744
746
744
742
732
738
738
754
742
746
748
746
732
738
740
736
736
734
744
748
746
746
746
750
740
734
742
744
744
742
746
750
746
742
754
746
746
728
760
754
760
760
730
760
760
760
754
756
768
758
760
758
760
772
762
764
768
764
744
756
748
754
760
756
762
768
758
764
758
762
778
768
770
780
756
760
768
758
750
760
756
754
752
762
752
748
754
750
762
758
744
754
750
750
752
748
760
754
754
754
746
752
752
754
756
756
738
740
726
726
734
746
734
756
748
746
746
748
750
756
754
774
768
764
752
722
738
746
736
746
742
738
736
734
734
734
730
722
732
722
710
708
734
744
742
748
748
740
730
724
722
734
738
718
748
750
736
732
734
724
734
740
732
800
796
768
764
776
748
784
770
770
766
772
778
772
742
762
736
728
720
674
770
738
742
720
780
758
760
756
742
734
752
774
776
778
792
788
784
788
786
778
746
768
750
754
724
724
734
722
708
702
706
730
742
762
764
782
776
778
772
774
764
768
762
764
764
748
760
756
760
752
760
770
766
758
770
766
772
754
766
764
762
764
772
760
780
782
774
772
768
764
770
766
770
770
750
760
762
754
768
760
760
764
774
764
762
766
774
766
766
730
762
754
758
740
732
712
710
726
782
766
760
764
770
776
794
768
780
782
790
782
776
766
774
768
764
762
764
754
768
766
762
776
780
790
778
768
770
766
546
864
884
766
756
772
748
800
800
790
800
796
800
792
778
788
774
772
766
756
764
764
760
764
764
754
772
776
786
784
776
778
784
772
740
762
748
744
748
736
734
752
742
736
736
738
730
704
778
758
746
746
748
732
750
742
714
768
742
746
740
726
748
750
750
754
764
758
730
784
768
758
758
734
724
744
762
760
780
778
772
780
800
788
790
786
770
762
772
752
754
748
738
748
760
750
752
752
762
752
734
748
718
800
762
762
754
740
758
752
768
762
764
774
784
774
774
776
772
774
774
772
772
764
764
760
764
764
760
768
778
752
758
750
756
768
760
770
788
778
784
776
770
776
768
772
760
762
754
760
768
768
756
764
768
762
736
776
758
758
764
762
758
764
760
762
762
762
756
780
766
790
786
780
770
768
770
784
782
780
764
778
776
774
780
786
778
780
782
768
764
770
760
764
760
764
766
762
764
768
764
770
772
770
752
758
742
724
732
742
738
746
730
718
746
754
724
720
716
738
746
738
762
768
770
786
790
784
800
794
788
794
796
782
776
776
760
772
760
752
758
764
758
770
760
754
752
730
728
726
724
718
746
728
728
720
734
724
718
724
734
734
746
738
762
760
754
764
764
762
772
780
770
786
776
770
772
770
760
764
758
770
772
766
766
752
756
762
756
760
758
760
748
758
740
748
750
760
764
762
764
766
756
758
744
752
750
742
736
742
728
738
746
738
742
716
770
754
762
750
754
758
756
752
756
762
756
752
758
766
764
774
774
760
776
766
764
742
766
760
746
756
770
754
754
758
754
754
752
744
750
742
720
818
776
436
370
372
394
376
392
368
402
484
644
680
668
552
782
666
666
694
686
706
730
734
768
766
768
742
746
718
728
734
748
738
742
746
762
748
760
740
748
738
734
734
726
748
742
730
752
750
742
748
754
742
750
744
760
774
754
754
732
746
752
744
746
734
736
732
742
726
740
758
754
756
746
742
748
722
710
712
736
728
746
752
756
766
756
758
750
748
770
756
732
772
744
746
734
722
746
742
760
748
746
746
750
756
738
754
788
766
768
750
750
736
740
764
770
776
800
800
800
780
774
772
760
766
770
774
766
752
770
768
762
764
770
764
762
766
752
752
738
738
766
760
756
750
764
768
760
760
784
778
774
772
758
764
754
760
768
780
778
782
792
816
798
792
780
782
796
788
784
798
792
784
780
792
780
778
774
772
764
770
762
764
766
756
752
770
744
762
768
762
772
770
772
772
762
756
760
754
756
756
754
756
760
764
778
758
770
768
768
774
760
752
744
736
762
762
742
750
736
738
742
728
744
756
730
734
738
724
740
732
744
742
742
750
750
738
760
748
734
750
742
746
756
748
770
760
730
780
756
730
738
714
706
722
782
760
760
742
764
758
752
726
744
776
752
740
754
748
748
750
752
750
760
758
798
778
786
754
750
732
764
770
756
756
758
740
754
754
764
756
756
734
780
744
746
736
744
762
752
766
760
756
762
744
754
756
752
712
752
740
750
728
772
764
758
764
772
772
792
780
774
778
770
764
756
762
760
748
746
756
736
752
776
762
762
766
758
772
786
770
780
772
758
768
756
754
728
730
728
720
694
702
702
700
698
718
712
726
708
706
728
716
708
704
716
742
734
756
754
762
760
776
768
758
746
754
752
740
750
750
748
742
738
750
754
760
770
780
770
770
772
776
768
780
760
750
768
770
778
770
752
