696
700
708
726
748
746
742
746
740
726
738
744
728
722
750
738
746
770
776
778
744
726
766
684
730
722
742
814
826
796
814
830
790
806
814
844
632
756
740
814
776
838
860
814
822
764
780
766
764
738
764
814
824
798
784
744
718
688
702
730
786
730
758
740
732
740
774
798
780
816
800
830
834
816
760
814
782
762
786
780
774
746
748
768
748
746
758
826
794
790
832
808
798
796
750
722
734
720
718
760
794
824
790
796
822
770
758
776
756
774
778
772
800
780
798
784
752
774
728
670
708
804
826
790
776
740
776
764
784
792
774
788
718
702
704
716
740
852
944
828
892
762
778
726
746
762
754
752
744
804
772
818
818
814
812
800
766
690
754
746
730
748
800
712
758
724
774
790
766
754
768
768
768
728
740
726
760
776
804
798
802
796
766
780
736
786
766
760
750
730
718
710
714
746
746
862
764
784
766
760
716
726
762
800
796
790
784
780
774
738
738
676
826
740
700
770
788
788
782
778
740
716
694
714
740
766
766
762
776
736
694
666
622
684
740
754
770
792
784
776
804
890
854
760
776
786
774
756
744
736
866
804
826
792
810
812
800
804
808
802
850
764
772
786
768
758
744
754
758
768
806
900
798
782
786
794
796
782
810
810
838
818
804
822
798
724
780
790
768
776
772
762
774
778
762
760
760
778
798
756
768
792
780
820
788
756
764
762
780
768
778
752
750
786
764
766
796
760
740
736
754
766
762
770
740
696
658
674
670
656
682
706
734
740
744
752
768
774
776
764
766
722
742
710
724
724
754
738
744
734
714
730
756
760
760
742
734
696
686
732
768
786
782
748
718
720
722
720
724
732
722
722
752
772
802
850
776
760
748
724
740
746
742
694
730
718
706
674
722
762
748
730
734
754
756
760
728
702
684
684
706
720
740
744
742
704
698
706
690
744
766
770
726
758
728
696
700
708
704
688
662
688
690
706
706
746
842
734
810
812
840
832
824
798
782
794
738
784
820
780
794
882
814
848
826
838
774
746
766
758
782
788
854
838
818
858
940
860
792
780
416
564
486
712
816
750
792
812
780
802
804
896
836
846
804
824
764
796
776
764
736
750
786
872
862
904
872
838
758
746
746
790
834
878
874
866
832
836
806
812
818
812
800
814
848
792
834
796
856
820
830
784
816
818
810
856
794
774
782
846
838
822
792
792
760
762
838
932
858
848
798
782
784
764
742
782
796
798
824
890
858
796
848
824
792
778
786
732
786
794
824
790
824
774
782
720
756
752
732
788
772
796
782
776
802
768
802
760
770
740
692
762
826
838
794
842
828
762
778
756
778
812
828
784
810
806
828
836
774
822
790
762
740
752
774
842
814
876
836
852
904
698
804
806
778
788
804
788
766
788
764
768
740
764
810
826
744
782
748
812
772
742
786
834
778
818
812
810
786
760
732
758
752
552
1022
804
770
818
734
712
760
804
838
810
834
734
812
766
768
822
764
812
804
808
812
810
808
804
804
798
804
808
798
790
794
786
768
788
780
820
794
832
778
768
770
722
666
724
776
848
790
814
888
780
826
848
782
778
734
756
818
796
906
838
850
864
836
814
756
782
776
764
782
744
748
800
796
808
784
818
770
806
878
766
808
800
878
812
788
746
728
736
716
716
776
720
776
768
752
788
846
792
824
810
794
760
756
768
668
722
718
684
742
758
768
772
776
834
828
822
826
814
794
782
758
754
740
744
700
686
712
620
874
746
750
756
726
778
836
904
980
928
988
994
1016
856
884
828
846
822
818
828
858
832
846
862
834
828
842
834
798
834
776
814
762
786
780
788
786
726
746
714
728
756
772
786
774
780
810
792
786
752
788
770
776
768
786
786
794
802
800
804
792
804
806
774
788
778
798
796
808
792
792
802
788
798
818
804
812
824
826
820
776
774
806
780
784
790
796
798
792
794
796
812
824
796
798
794
796
788
766
778
790
782
778
824
806
792
806
780
804
774
798
778
764
734
782
784
780
764
766
788
756
800
786
778
760
758
720
702
722
754
762
766
756
800
768
770
778
780
796
798
802
800
820
802
774
798
770
784
776
764
792
750
772
772
776
750
748
842
832
856
844
836
830
830
814
804
804
796
820
816
830
812
780
798
830
824
834
810
790
800
782
748
760
754
796
776
786
782
772
772
786
774
828
782
806
806
828
820
808
808
812
772
798
772
776
776
742
774
764
758
740
770
732
750
774
758
770
842
796
778
788
786
750
764
748
756
768
738
754
786
736
760
764
804
788
796
736
728
748
750
810
718
768
770
752
796
858
766
798
800
750
758
770
762
754
764
754
764
742
746
750
740
738
848
772
762
832
754
768
716
728
728
726
702
770
702
774
842
746
786
842
742
796
766
764
758
772
762
776
780
816
806
800
784
800
766
778
794
818
790
760
776
784
772
778
818
750
798
850
812
756
792
838
776
776
748
754
756
736
750
766
726
730
744
746
718
718
690
706
712
692
738
712
722
724
752
754
844
750
786
748
724
752
804
766
826
774
784
814
870
778
782
748
756
774
756
782
780
770
778
768
728
820
786
762
754
734
758
700
676
714
704
696
698
706
702
696
700
706
758
690
700
692
660
654
686
676
726
664
680
666
668
688
718
722
686
700
756
828
874
826
828
838
808
774
756
754
750
726
732
784
846
874
876
808
832
862
862
880
780
788
642
780
756
726
716
732
748
760
776
794
764
748
764
760
738
756
740
736
714
754
700
728
762
778
808
774
776
762
756
766
732
748
796
768
772
778
776
760
724
712
760
772
778
772
784
786
744
716
756
748
750
778
766
750
776
798
782
770
778
770
726
746
740
794
802
796
786
808
786
790
776
782
754
778
776
736
744
720
832
730
798
766
760
762
746
768
770
760
744
758
754
728
748
778
764
772
748
706
734
680
724
776
760
758
822
768
728
760
734
728
724
734
802
784
774
786
790
766
810
794
778
772
776
784
754
766
744
746
738
758
782
800
784
782
786
778
776
718
750
748
862
784
744
762
742
744
740
752
720
758
776
774
766
840
728
784
778
762
732
720
712
718
726
738
738
752
784
778
770
770
778
734
776
764
754
776
756
750
748
752
752
752
756
750
754
760
742
766
808
806
810
808
790
780
802
722
746
750
744
762
750
772
774
790
802
778
792
798
780
762
768
758
748
772
748
788
760
754
798
768
756
816
712
852
806
810
820
832
848
850
776
716
754
762
746
742
744
772
770
764
750
752
772
764
760
762
822
702
764
746
742
738
740
746
742
742
760
760
748
752
746
732
734
742
744
764
750
728
748
774
786
776
646
878
774
720
710
732
706
762
778
764
828
848
826
842
812
804
766
752
750
764
756
784
754
780
806
802
798
734
786
802
798
796
806
750
768
760
760
744
752
722
730
764
778
788
786
788
718
754
760
776
772
748
820
726
830
826
780
760
772
778
772
784
742
706
728
768
744
778
794
770
788
794
778
786
798
812
786
786
742
770
766
818
828
808
820
752
758
724
772
782
816
700
750
758
736
724
696
698
704
710
722
796
816
834
860
862
830
848
798
794
780
808
790
828
794
740
780
796
784
728
756
758
816
786
778
762
756
774
724
764
818
808
820
832
702
926
792
736
706
740
764
798
854
852
872
888
866
834
796
772
774
780
758
770
764
756
758
766
772
778
782
778
788
794
766
746
774
768
768
736
716
704
672
702
692
776
718
782
756
756
776
756
742
762
752
752
750
744
742
616
908
742
734
714
742
742
790
798
850
870
822
832
842
768
772
790
766
784
674
766
750
758
766
766
728
786
764
758
766
762
758
762
766
776
798
790
776
800
778
732
774
756
776
768
772
792
806
818
820
816
788
736
778
650
696
668
662
658
634
634
628
622
618
636
574
596
592
586
580
572
562
562
564
564
556
560
568
568
560
568
564
602
568
576
596
632
618
626
706
606
520
598
636
592
584
550
560
578
560
540
536
550
546
548
534
534
514
534
404
388
724
584
322
678
808
772
752
764
750
714
710
644
654
670
412
930
680
656
618
682
572
586
598
586
640
566
534
580
552
562
604
604
610
598
594
592
600
546
566
562
616
554
558
530
576
550
552
530
552
544
552
546
554
552
572
576
578
578
572
570
568
566
588
566
580
558
574
524
568
544
536
538
526
544
526
528
530
514
534
540
510
606
554
608
592
576
604
572
572
564
562
566
566
558
586
524
546
544
538
548
532
520
562
588
616
606
596
606
626
634
630
622
614
606
624
586
588
552
564
556
550
532
554
552
580
606
626
628
610
620
610
606
598
584
584
588
562
560
586
566
558
572
556
614
592
586
602
596
604
598
660
652
640
642
644
646
624
612
672
524
592
562
578
586
594
594
604
630
640
648
656
656
642
636
612
594
596
590
594
624
586
596
608
586
634
642
642
656
664
646
616
626
616
620
614
616
554
602
620
642
652
672
668
674
682
672
680
626
646
656
756
488
594
616
628
642
654
698
708
722
726
700
690
694
696
682
678
658
680
684
676
710
728
728
710
700
684
676
688
684
676
672
668
634
666
658
656
664
646
648
648
638
628
610
598
606
594
612
626
634
628
634
638
656
646
650
640
642
642
638
644
618
604
606
610
604
590
628
592
596
592
582
578
588
604
602
594
624
652
666
668
688
674
678
670
664
676
670
664
666
668
670
674
674
658
656
658
658
644
650
662
660
640
668
598
626
570
590
584
568
616
624
662
666
680
642
654
594
618
606
584
612
592
554
514
544
530
510
600
510
550
556
542
544
594
602
616
618
610
618
574
580
540
568
616
568
564
590
570
578
574
582
582
562
590
574
586
548
564
560
562
600
572
540
548
542
530
550
548
560
568
556
560
518
566
558
558
560
560
556
558
562
552
550
556
602
580
536
516
524
548
600
542
548
578
588
592
620
574
584
588
592
566
534
564
538
572
578
578
588
568
568
562
546
560
542
562
570
576
578
598
620
592
592
598
610
584
572
528
558
544
590
582
564
566
550
546
546
556
596
662
672
722
432
1026
664
648
402
848
632
660
676
492
592
600
594
590
582
634
656
644
652
632
632
628
618
612
576
588
602
598
592
594
600
600
616
616
610
618
608
614
612
600
712
562
560
608
594
598
612
620
628
616
678
556
602
626
598
602
598
608
592
596
580
624
622
630
646
626
646
654
662
670
690
676
646
654
606
596
614
574
568
520
534
530
526
510
512
504
516
518
510
578
454
862
666
606
582
600
604
600
630
646
632
610
630
614
608
674
404
826
620
588
388
764
582
590
628
556
448
550
510
704
878
972
968
708
712
390
964
682
624
622
618
596
610
646
404
996
654
708
642
694
702
680
694
678
668
696
684
676
678
672
662
690
672
686
682
660
648
642
692
648
684
664
712
670
662
688
704
706
694
660
662
656
702
678
682
642
660
650
664
652
648
658
642
646
648
684
730
678
684
690
684
686
684
658
658
642
658
646
660
656
696
666
656
642
636
610
610
618
598
598
622
642
660
686
672
678
672
654
614
594
610
630
604
664
644
656
644
658
672
664
666
646
640
634
624
604
612
608
606
598
614
626
602
634
604
612
604
598
652
644
660
624
632
636
632
626
606
614
614
608
616
616
620
618
614
606
616
606
602
612
614
600
622
634
652
644
630
638
646
640
662
682
704
686
698
670
628
702
526
738
648
628
648
612
616
602
606
640
660
688
712
754
778
770
772
716
672
696
696
738
718
696
726
732
708
774
778
754
768
756
750
694
714
720
698
710
738
784
786
776
738
742
740
734
716
700
732
776
796
792
780
722
704
712
714
708
698
718
716
746
804
796
776
754
754
752
754
742
710
684
698
696
726
732
736
740
742
728
696
680
650
662
670
740
778
758
776
764
762
742
732
718
724
754
738
778
782
762
780
760
752
734
748
740
742
750
724
734
728
726
726
720
696
722
708
714
716
702
692
698
686
686
684
684
740
732
762
756
742
758
734
720
706
680
672
656
648
650
642
646
638
674
688
738
738
732
748
762
756
718
692
696
700
692
688
700
682
670
684
682
668
680
662
662
662
658
672
700
708
722
708
750
722
726
720
718
722
688
708
690
700
706
690
688
712
730
716
730
732
712
712
716
702
714
722
718
754
798
762
766
758
740
756
744
732
750
754
770
768
794
810
804
790
782
780
734
762
758
746
772
804
770
790
784
788
772
770
788
778
784
756
742
716
714
706
712
710
694
680
672
680
700
684
736
702
698
682
684
678
670
668
662
682
710
732
738
714
728
700
706
710
704
702
738
718
718
724
712
722
722
716
722
704
706
686
688
672
710
734
754
750
744
750
720
732
706
710
712
670
696
684
692
700
706
692
746
720
712
724
708
696
678
674
672
668
666
664
654
628
650
666
634
670
676
748
706
706
666
660
646
636
644
708
710
730
752
766
778
742
740
710
692
674
644
664
656
668
680
666
736
730
718
710
710
712
684
678
672
650
664
720
742
756
780
754
762
770
760
740
732
724
728
718
700
712
716
694
698
702
708
696
746
720
694
708
684
702
680
688
702
688
676
692
656
686
668
682
720
706
690
696
678
688
682
686
684
684
674
676
682
684
718
706
718
714
716
672
700
688
690
690
698
698
680
664
682
668
678
668
674
682
668
676
698
690
680
682
656
648
664
646
670
656
662
642
632
640
646
638
702
670
716
702
684
694
696
684
702
688
692
670
680
678
664
722
706
692
692
722
700
668
654
648
642
652
648
646
678
656
680
660
628
636
632
642
760
756
748
722
692
684
648
630
616
634
616
678
712
730
744
774
738
746
752
706
680
662
698
696
694
704
692
664
644
636
642
640
642
648
690
700
718
702
716
748
730
732
714
732
716
700
716
706
686
688
676
666
676
664
666
662
634
628
636
678
750
748
826
772
764
722
746
746
774
766
760
740
716
692
698
706
696
744
730
756
830
770
766
764
762
770
752
716
692
700
704
710
742
766
776
776
780
712
688
700
696
728
750
732
792
828
790
970
894
874
832
810
762
730
764
750
778
836
874
824
806
766
750
740
754
754
734
716
722
732
726
734
694
690
702
722
756
782
744
750
830
764
798
780
766
768
762
750
746
746
730
798
786
754
786
780
774
746
752
760
736
744
776
772
776
764
732
706
714
720
784
766
752
726
698
716
702
718
760
724
722
722
710
706
672
676
678
740
696
692
694
702
694
726
692
704
712
840
794
772
768
778
706
748
732
716
698
710
714
772
740
702
830
774
750
730
740
740
726
738
730
746
782
748
746
734
776
808
770
798
758
762
760
742
758
758
758
766
766
722
664
678
684
688
686
754
752
736
770
786
762
756
760
762
740
720
732
722
764
728
780
756
746
762
760
758
752
720
720
702
688
710
704
744
754
750
700
718
664
684
698
682
692
650
660
732
726
754
776
740
746
770
712
726
742
736
720
708
708
716
704
712
700
762
796
816
790
776
792
766
794
802
800
786
768
756
726
702
712
710
696
702
776
838
762
774
764
766
778
774
760
744
732
716
686
680
700
684
794
820
806
788
808
800
768
766
756
776
762
770
758
758
762
800
770
772
798
776
766
766
748
762
750
730
732
708
722
732
804
802
772
800
796
800
780
760
764
766
734
728
752
822
790
814
810
766
766
766
752
692
714
688
696
744
748
758
822
808
838
722
778
794
760
742
728
730
740
768
798
832
804
842
838
804
792
774
832
752
702
684
708
740
798
796
784
766
772
778
768
732
708
730
742
796
796
796
796
780
796
776
758
756
772
754
772
770
810
776
782
782
746
762
772
758
768
742
758
762
758
722
744
792
790
770
752
768
762
804
770
736
740
750
746
742
752
744
752
774
762
780
774
764
730
704
704
710
676
694
560
710
670
726
676
690
640
628
612
604
598
590
578
548
576
568
564
578
526
548
552
626
542
662
570
632
746
744
742
736
660
632
622
606
598
588
580
566
570
566
562
560
542
572
604
644
636
622
638
614
598
594
594
558
562
566
558
534
552
550
558
552
526
538
534
534
588
474
540
554
544
546
548
550
550
544
560
572
628
574
574
542
580
576
560
548
552
542
534
540
602
604
656
676
652
604
652
598
578
586
568
564
568
522
544
516
532
536
542
562
600
798
878
844
988
846
892
660
814
654
734
510
620
626
422
360
502
612
606
426
818
594
596
688
586
570
628
626
448
872
638
664
400
870
638
638
548
758
642
696
652
544
788
438
1294
854
890
976
630
778
740
730
700
688
680
438
910
666
658
438
874
656
646
550
768
648
642
434
882
650
658
668
654
644
662
678
674
696
710
686
666
686
640
632
634
628
586
608
610
606
600
646
630
668
732
692
744
564
644
622
600
592
596
594
644
550
592
624
614
486
616
568
586
590
588
594
602
594
642
620
578
614
598
594
586
588
568
578
576
530
558
554
620
588
636
664
712
740
722
698
684
662
624
622
592
602
636
612
606
652
642
658
686
692
684
692
684
684
692
682
680
678
714
746
744
822
840
800
734
752
682
690
668
670
688
790
730
744
734
688
640
618
708
568
522
612
606
600
602
598
582
590
586
584
582
594
600
600
626
628
636
660
654
660
694
670
678
670
634
642
688
684
640
648
660
646
638
662
676
656
682
668
694
714
704
418
926
638
672
414
836
638
606
596
656
676
704
758
804
768
784
750
742
720
708
712
442
916
684
602
442
844
622
650
640
648
458
990
698
686
696
680
450
928
672
638
440
858
652
644
438
858
644
620
638
652
740
762
820
814
822
826
632
672
678
418
856
660
610
602
654
486
586
610
622
640
700
680
448
954
642
652
440
824
630
632
594
630
622
644
692
698
740
446
972
682
664
734
622
662
600
450
920
664
670
428
860
642
644
682
666
732
864
872
870
868
912
698
708
696
620
666
624
646
652
646
614
644
648
672
664
660
632
624
626
622
628
594
736
662
612
614
622
612
658
710
698
706
722
698
684
710
720
706
704
688
690
702
690
734
706
692
736
704
714
816
766
846
888
824
840
836
770
866
668
708
770
784
794
818
640
744
748
724
746
720
710
692
652
734
776
818
860
850
802
772
754
762
728
754
718
704
698
712
706
694
700
706
698
738
718
658
466
962
690
656
606
728
448
846
682
588
610
724
438
906
638
650
708
684
732
754
724
772
660
710
672
650
682
688
680
688
674
670
686
682
634
660
660
680
654
656
680
666
662
698
700
708
650
692
678
560
652
610
694
632
598
660
664
660
712
616
632
654
638
642
654
644
646
644
646
640
656
652
640
660
650
658
666
646
646
646
630
690
570
590
616
630
628
638
598
642
658
676
680
676
666
648
640
664
632
646
644
644
620
620
620
634
616
646
636
624
630
608
616
612
588
640
670
698
704
696
684
682
684
632
610
584
584
596
630
716
748
786
820
862
878
846
794
868
714
608
708
550
862
708
612
468
452
948
628
642
666
654
622
788
760
792
736
748
714
704
706
600
794
656
676
556
808
600
638
634
742
668
692
620
694
704
758
702
714
722
638
690
712
464
940
678
648
686
620
654
670
684
672
692
698
684
686
694
660
634
460
806
626
608
626
638
568
586
648
660
668
692
460
902
650
658
498
770
632
622
424
846
622
628
682
736
802
754
766
748
710
438
926
666
598
798
482
822
398
534
600
636
462
966
678
642
446
930
646
676
478
802
660
596
626
636
644
672
682
688
692
694
684
670
682
666
666
666
650
672
654
706
402
862
638
620
760
462
618
630
648
658
700
706
710
738
760
554
776
662
668
410
856
622
620
446
806
614
620
612
752
738
740
756
732
728
732
706
716
670
436
894
656
634
560
736
630
380
820
618
636
686
676
940
442
660
454
896
654
732
968
842
656
390
778
598
606
678
670
650
672
712
642
376
894
650
592
448
854
622
620
658
412
850
648
602
602
610
610
618
614
602
610
612
604
636
612
626
596
592
608
594
600
610
618
628
658
680
722
460
798
650
624
728
490
578
628
666
808
678
750
796
422
774
360
656
810
726
738
684
704
436
922
676
704
340
840
620
606
706
600
618
658
738
812
796
810
452
474
590
688
716
670
702
696
702
434
952
670
662
408
876
678
588
610
638
698
724
752
760
732
726
412
946
696
744
510
642
644
626
604
614
612
620
614
644
678
708
714
712
738
678
696
672
668
686
634
624
616
610
612
610
578
608
600
596
620
612
682
410
940
710
670
664
614
582
604
584
586
582
626
618
658
664
668
674
608
618
618
612
596
590
598
608
612
698
716
714
706
720
692
692
698
692
688
658
670
656
652
650
646
644
628
614
654
612
724
740
716
700
678
660
720
538
642
652
644
642
684
678
676
702
718
710
710
658
646
646
644
638
622
628
638
622
644
660
686
702
708
688
698
682
696
674
618
644
584
596
604
576
562
578
636
654
640
660
726
730
742
764
748
720
700
634
612
588
556
586
628
814
850
852
784
794
822
842
812
782
822
700
504
664
688
690
668
692
700
690
666
650
662
714
718
752
776
760
754
714
734
658
674
660
628
676
690
770
708
762
642
632
680
660
676
666
682
632
600
592
592
584
608
604
608
628
608
660
770
768
744
792
626
642
654
538
620
610
610
672
658
688
678
720
726
748
714
696
618
658
640
634
682
682
676
694
742
726
710
702
736
732
730
712
710
656
642
634
614
658
680
756
714
690
774
612
594
718
732
724
688
694
648
598
652
622
700
712
744
816
828
794
808
786
750
726
724
696
708
688
694
690
680
714
702
710
720
706
714
688
730
728
730
758
748
732
742
704
644
682
670
668
720
740
752
756
764
766
708
698
706
692
680
690
696
806
846
832
826
804
762
744
720
658
684
660
620
662
680
692
706
680
684
710
736
722
722
726
748
762
770
776
764
820
620
720
718
678
688
670
672
680
710
708
734
732
724
736
684
674
690
688
708
730
762
794
764
786
778
598
870
700
674
664
684
680
684
686
770
762
808
812
800
770
844
582
706
700
688
678
696
710
698
716
748
734
752
774
740
752
764
740
748
752
716
748
720
696
684
662
662
676
658
714
762
780
800
814
788
788
748
774
464
752
644
642
656
636
666
720
738
756
798
820
770
766
766
686
686
676
728
620
622
598
586
566
562
572
584
692
840
838
880
878
868
880
866
856
768
664
696
668
658
658
658
740
764
734
736
712
712
698
696
654
680
680
678
720
698
720
764
724
740
732
750
726
702
662
660
644
642
610
678
672
944
880
840
848
816
770
730
710
674
678
636
670
606
636
634
622
620
632
630
632
644
638
640
642
634
648
598
632
602
596
588
552
576
566
556
552
558
570
568
644
574
542
590
600
612
606
604
626
616
610
626
630
1300
692
652
730
592
646
630
614
590
630
622
608
618
632
604
580
598
606
604
612
608
614
684
572
588
616
610
604
620
452
770
608
552
650
606
542
588
992
702
594
412
738
586
590
598
608
624
442
812
1206
424
802
556
600
992
704
588
972
774
520
660
408
656
436
760
586
584
584
560
630
580
602
406
752
592
548
596
568
576
542
602
564
440
962
782
534
570
466
510
508
998
976
952
486
900
486
882
470
444
868
496
820
462
404
432
434
866
432
430
456
410
430
510
780
562
720
448
800
416
398
514
828
452
828
830
394
388
380
386
378
384
766
388
386
382
382
380
390
368
378
378
376
366
374
370
370
364
364
366
362
364
364
362
364
356
360
354
360
354
354
352
360
350
358
348
354
352
356
346
352
354
356
358
358
354
356
348
362
704
356
350
352
352
348
350
352
358
344
350
354
356
348
350
354
354
350
346
352
350
342
352
348
354
342
350
344
346
348
348
360
328
346
348
346
342
342
342
342
340
344
346
340
340
340
344
340
342
342
344
328
340
338
342
334
318
334
354
336
344
336
340
342
334
334
340
340
336
342
340
346
344
338
344
340
344
350
348
346
342
344
350
348
342
338
352
348
348
344
344
342
354
350
344
342
364
344
348
344
348
358
354
346
348
352
356
348
352
356
360
350
354
360
362
352
358
364
360
354
350
358
372
354
356
356
358
372
356
360
358
362
368
370
370
368
366
368
370
368
366
372
368
368
374
376
372
372
370
370
384
378
372
378
384
384
378
374
382
848
376
360
368
362
364
870
382
362
718
382
370
366
374
374
384
374
378
378
384
380
388
384
384
780
388
396
384
400
392
390
386
396
394
402
394
402
410
404
384
392
392
406
404
398
412
1200
762
378
658
416
658
410
386
852
402
386
766
392
424
380
392
1172
646
386
390
874
414
378
764
394
386
1040
412
380
452
948
1222
788
782
844
356
718
422
692
458
658
426
738
420
704
468
656
426
756
422
728
424
738
426
736
428
718
428
728
430
698
430
746
420
724
606
580
642
442
790
422
796
418
738
470
702
428
730
470
706
430
762
618
576
656
422
252
1114
960
680
610
632
618
416
858
420
466
412
574
422
776
430
790
626
596
418
796
430
468
408
968
784
432
784
420
788
418
768
418
766
418
762
418
750
420
758
416
752
416
772
418
766
418
784
420
774
418
772
420
774
418
758
422
776
424
772
424
788
624
600
640
616
634
696
672
696
782
758
728
718
680
676
662
684
688
654
682
662
660
666
672
672
664
650
642
656
658
638
664
674
652
660
640
646
652
628
646
650
654
622
646
652
640
630
646
652
632
630
656
632
660
636
680
664
654
668
652
624
654
628
668
660
658
646
654
642
654
650
662
696
708
694
690
734
692
714
718
694
686
702
694
684
714
708
684
712
698
682
700
690
682
720
706
712
700
740
730
700
716
696
684
690
704
698
702
754
744
728
768
772
754
736
756
730
720
730
720
710
716
742
736
724
736
712
708
686
692
702
732
736
780
750
756
776
786
750
742
740
738
704
696
716
700
688
694
690
700
712
696
700
702
710
672
694
690
678
690
694
694
710
716
700
704
734
714
726
722
684
708
702
694
700
720
734
746
720
696
766
716
726
