688
624
724
722
700
688
712
718
708
700
718
394
1088
498
904
704
710
696
666
696
734
726
732
730
730
734
744
748
720
732
760
764
760
782
752
724
752
772
762
774
784
466
1012
736
722
740
714
710
736
754
772
720
470
1014
736
752
744
758
728
730
736
726
730
714
732
758
756
542
952
708
740
724
736
726
728
734
748
762
750
738
740
772
756
784
756
718
742
790
770
746
742
792
760
768
766
764
748
790
770
770
768
730
756
764
764
734
726
742
734
734
728
730
746
758
774
750
732
728
716
726
732
726
720
742
574
964
698
702
490
964
696
708
670
704
722
730
740
760
774
730
772
796
764
748
776
784
776
772
778
776
778
794
752
782
798
792
776
790
794
794
772
778
790
776
776
750
766
784
730
746
424
1120
756
738
734
728
722
508
430
528
704
732
722
712
696
702
702
694
698
706
714
736
762
708
726
732
744
740
744
754
740
734
750
732
738
712
746
736
734
726
694
684
692
718
594
692
860
718
730
702
720
702
724
750
712
730
742
738
736
722
724
738
726
748
738
736
718
724
722
738
750
700
744
746
738
688
670
708
704
692
656
680
646
630
606
592
578
584
578
566
564
562
548
576
570
556
570
508
684
604
606
616
638
656
672
682
698
686
712
714
732
740
740
764
492
996
758
728
740
754
742
734
736
748
736
730
756
766
770
780
764
748
762
778
748
744
772
756
754
746
738
758
762
750
740
754
750
732
722
734
762
748
714
750
736
496
982
706
712
714
700
714
722
726
712
696
714
728
672
656
654
642
606
594
572
586
568
556
560
556
546
546
536
546
522
516
506
496
506
508
492
494
500
486
520
500
510
508
508
550
494
638
570
600
612
630
662
666
682
480
902
696
694
770
394
966
726
602
698
702
728
740
754
786
778
796
740
806
764
748
704
764
740
738
732
776
758
750
750
748
778
762
742
734
746
768
752
744
754
734
734
744
742
730
740
774
758
750
756
744
756
772
750
736
748
774
742
704
726
730
730
740
740
728
732
748
736
730
728
732
750
746
732
700
690
708
704
702
678
704
690
700
718
696
682
718
756
716
718
728
720
720
718
744
728
730
756
742
754
722
730
726
742
766
740
734
758
772
754
742
738
746
754
766
740
734
754
752
736
738
732
740
742
498
1006
690
666
684
670
658
1264
636
614
612
612
586
592
604
608
590
624
622
648
646
664
688
682
672
702
724
708
708
678
480
880
676
686
694
684
676
730
694
698
708
728
710
718
736
712
724
712
734
584
898
514
924
716
714
476
932
654
698
694
700
704
734
726
744
766
744
750
772
764
792
776
762
754
758
778
758
770
752
752
750
726
744
742
754
748
766
766
786
766
752
740
768
752
754
756
744
738
740
728
714
704
730
724
728
726
720
732
720
758
730
744
758
760
766
758
760
748
760
772
748
736
772
750
754
750
754
754
744
758
726
724
740
732
720
718
740
726
748
740
700
718
742
752
738
722
750
732
728
754
726
734
726
752
734
734
740
702
710
738
748
728
736
742
718
728
742
732
734
714
746
732
726
738
688
694
716
754
722
728
734
724
730
750
750
736
736
750
738
736
728
706
472
942
730
686
694
688
714
708
714
732
710
712
746
734
750
746
722
696
490
1050
414
610
626
608
628
626
600
576
588
554
572
550
568
560
558
542
548
540
538
560
552
582
590
612
640
648
646
664
670
684
660
670
662
698
682
672
662
674
650
672
710
668
682
672
704
668
652
662
680
668
662
676
662
668
670
684
670
650
662
700
680
698
692
676
678
688
716
688
690
704
748
732
714
706
706
714
732
718
724
734
760
732
716
702
748
722
726
730
714
722
728
714
500
942
722
708
678
676
676
626
602
580
602
604
586
578
592
590
566
576
578
612
606
630
628
672
670
698
710
682
668
680
714
448
920
658
680
656
650
650
652
668
696
714
686
714
708
746
714
706
720
714
718
720
732
704
664
698
686
692
692
680
676
684
682
688
664
646
688
694
680
668
688
656
668
680
708
692
688
704
722
714
712
708
678
698
516
952
446
932
694
664
674
668
670
696
708
740
718
726
760
760
752
746
746
752
758
760
756
730
698
728
728
736
730
690
730
744
738
728
698
728
724
724
724
718
708
710
730
728
710
722
732
722
716
722
698
478
964
688
664
686
484
896
656
652
654
656
708
718
516
928
680
698
686
682
688
712
694
730
736
728
722
724
726
708
692
700
386
970
640
650
484
752
496
494
522
510
510
514
540
536
548
570
590
610
676
620
650
684
716
714
724
726
714
712
704
700
696
706
738
712
710
728
752
746
756
746
712
682
658
662
632
620
612
654
638
708
718
708
692
698
750
752
726
742
728
736
742
756
744
748
732
740
734
756
746
752
722
728
710
744
770
754
744
686
708
500
942
682
692
660
660
678
692
710
704
710
742
776
786
806
656
730
736
396
1048
682
670
506
896
636
624
640
650
644
622
614
618
610
606
598
614
610
634
668
718
692
690
696
710
712
710
728
698
726
716
764
698
700
726
730
738
700
710
712
726
726
726
668
686
722
710
466
994
676
652
676
648
598
610
606
614
620
644
640
660
660
682
706
690
686
708
750
720
718
688
700
724
716
710
688
714
740
718
704
680
742
716
734
724
732
696
702
738
722
720
716
716
724
706
722
690
680
700
714
692
708
694
690
686
668
674
676
674
622
690
662
682
678
672
676
692
742
692
704
420
882
698
674
634
666
650
646
594
668
666
684
462
918
642
668
694
664
670
702
732
710
694
694
708
692
672
654
1274
606
698
1032
650
480
668
558
562
542
556
556
548
564
594
640
660
666
662
694
690
710
694
676
696
718
734
688
686
730
698
480
936
678
678
702
724
700
688
706
750
746
732
758
742
772
558
908
668
654
678
664
640
676
726
722
712
408
858
704
700
502
906
682
672
686
692
688
688
710
724
724
716
686
716
718
722
712
718
730
734
716
718
726
726
720
708
704
724
730
704
700
680
696
694
688
694
694
686
704
698
684
684
708
720
722
702
680
680
686
656
674
666
670
704
732
702
688
722
696
688
690
704
706
692
718
682
672
684
652
672
684
656
690
488
894
694
628
622
630
672
642
650
628
680
660
666
674
670
662
688
692
430
814
650
652
646
628
640
652
642
654
666
552
858
496
802
656
666
752
554
654
708
714
704
684
698
696
740
686
694
694
726
672
672
676
484
880
648
646
666
486
836
670
586
644
618
632
582
580
590
580
590
568
558
574
576
572
500
634
582
570
574
560
558
568
562
582
598
652
648
648
628
642
620
618
646
652
644
620
622
648
672
662
686
622
656
688
722
672
686
512
906
652
636
496
834
636
666
646
656
670
684
720
686
706
728
744
730
704
754
740
720
712
718
722
650
602
632
618
626
568
572
572
580
570
578
586
596
606
606
586
590
592
590
554
574
580
568
572
606
612
630
636
628
632
678
676
668
680
680
646
664
658
686
656
656
662
698
676
672
660
664
682
692
708
668
696
698
708
692
674
664
486
858
664
674
652
640
646
672
668
690
674
674
440
936
684
644
606
636
676
682
700
696
688
694
678
718
674
676
704
714
694
692
678
702
688
692
654
646
656
644
666
658
682
674
704
654
668
688
718
684
688
688
690
680
674
666
648
676
682
684
658
666
678
688
674
656
686
694
694
668
664
648
654
676
674
660
654
632
674
644
638
646
648
638
644
650
652
666
682
866
520
604
664
640
646
648
654
696
662
672
646
696
682
664
652
656
618
612
622
590
572
598
600
658
1284
638
636
650
638
620
612
656
662
690
694
680
674
714
700
686
696
710
710
692
704
686
688
676
688
670
650
526
812
658
614
598
640
644
664
654
666
694
700
544
882
664
662
652
662
674
470
890
504
788
644
644
600
624
686
708
460
1010
486
900
692
664
656
658
684
722
694
444
962
678
670
634
660
678
670
676
678
676
696
674
680
688
704
482
970
694
664
672
680
638
638
644
640
606
460
730
584
582
628
622
632
646
666
704
704
694
698
696
696
704
688
690
700
710
720
700
692
694
690
710
690
688
674
692
686
502
812
650
670
694
628
644
652
634
658
1356
672
666
480
868
650
626
618
628
668
668
666
710
712
728
718
688
696
706
698
668
658
666
682
670
648
664
670
678
674
666
652
664
672
672
648
622
656
682
656
666
666
498
794
624
644
612
592
598
622
676
670
660
684
696
708
710
704
668
686
718
686
644
648
650
672
662
656
644
648
694
676
670
1202
600
620
562
548
570
562
546
546
506
494
504
486
484
496
496
496
496
496
498
494
492
504
454
484
482
488
510
496
508
512
526
516
522
522
508
526
526
436
654
556
498
736
636
640
668
662
686
482
926
476
872
668
660
654
666
732
736
726
770
766
786
752
748
772
762
772
746
740
752
746
712
724
746
768
746
762
732
758
762
720
718
766
770
788
778
766
768
770
770
744
748
738
788
732
724
740
740
732
758
726
744
748
784
712
728
760
736
710
730
706
712
716
706
684
690
710
724
708
684
696
680
700
700
716
686
694
740
742
716
666
656
650
630
630
638
652
448
862
658
598
630
646
664
658
658
720
710
712
704
506
912
696
710
798
570
710
720
458
942
698
698
636
632
658
650
644
640
642
640
642
642
664
688
674
680
710
678
698
694
710
704
710
722
708
692
470
948
676
664
690
658
682
690
708
674
700
728
742
720
624
828
716
696
754
622
658
696
716
710
722
708
744
732
736
764
730
738
746
726
716
678
704
684
706
716
712
710
704
738
708
714
704
738
714
720
728
722
728
764
612
872
470
988
688
672
666
680
682
700
704
694
696
692
836
706
684
694
710
712
730
742
742
754
766
736
712
722
726
718
720
692
692
682
700
586
688
826
694
684
696
668
678
650
658
684
700
666
664
690
672
682
664
664
660
672
660
708
670
666
674
678
1342
488
828
618
650
640
646
638
656
706
698
688
690
726
732
724
694
666
672
672
634
638
646
602
598
618
568
588
622
616
630
638
678
474
880
678
674
662
670
688
706
702
688
686
660
616
620
602
572
630
528
490
546
520
540
516
534
522
508
508
524
550
524
540
542
574
564
560
556
574
598
582
616
594
612
600
602
602
614
624
642
666
698
690
700
714
722
724
718
726
692
718
716
752
704
702
706
680
694
708
768
740
750
762
746
742
744
734
770
762
772
790
702
768
744
718
748
472
998
756
652
770
538
698
722
722
752
770
748
778
688
726
692
686
704
664
646
664
636
620
604
602
646
622
620
620
652
656
670
668
692
672
708
724
708
710
702
724
674
622
684
650
604
648
626
650
608
614
610
602
606
622
612
622
600
624
624
626
632
604
622
638
654
692
702
720
716
728
710
706
698
716
704
716
654
692
666
680
686
704
658
662
664
656
666
670
684
666
672
690
712
696
706
450
910
640
622
650
602
618
636
656
678
666
666
658
696
692
456
928
662
656
644
652
638
634
648
682
672
646
642
648
642
638
646
640
636
646
662
634
628
628
628
620
632
626
648
636
642
664
664
640
644
634
672
470
828
490
824
626
626
606
632
622
662
672
692
696
738
738
692
694
704
726
698
656
680
676
662
634
656
608
628
588
608
594
584
594
598
610
560
588
602
620
598
616
580
644
638
634
632
626
600
634
632
642
652
642
648
662
640
630
640
636
622
626
628
634
632
628
634
666
620
632
632
648
644
640
656
650
640
630
626
658
648
650
626
668
536
590
602
580
586
600
606
606
592
614
636
656
638
498
770
524
732
618
598
608
604
634
636
686
646
708
706
716
682
680
688
700
686
668
674
664
668
658
662
642
640
648
642
650
666
682
690
644
698
696
656
622
630
632
590
586
584
600
618
636
654
648
660
680
704
690
666
684
698
710
674
672
682
704
690
676
692
690
704
718
700
670
720
720
730
722
694
702
694
708
702
658
698
688
680
630
636
626
648
658
648
662
690
484
904
504
816
638
636
678
652
650
680
720
730
762
742
758
780
784
788
758
764
744
740
724
710
712
732
716
716
474
880
662
674
672
640
684
680
692
732
720
720
754
790
756
736
750
734
736
738
678
704
708
734
688
678
716
732
692
680
720
728
740
714
730
744
742
482
988
692
672
702
686
672
688
702
386
878
522
886
660
644
674
646
652
674
714
740
736
744
768
766
770
804
656
728
738
688
672
696
708
672
668
680
610
634
610
662
644
642
626
620
578
608
630
662
682
656
676
710
688
674
672
714
696
710
438
980
488
866
666
642
564
740
666
668
682
648
686
684
720
744
726
756
774
554
984
712
724
704
704
700
724
734
746
762
552
908
706
688
668
694
714
714
700
702
718
740
732
736
722
740
752
724
694
702
752
732
746
748
728
724
718
716
694
692
720
708
702
680
656
616
646
610
622
602
622
622
654
628
644
676
690
658
666
664
654
668
648
668
628
634
592
622
650
632
654
674
638
642
596
624
610
606
594
568
576
570
576
576
604
588
592
636
644
644
658
632
682
650
662
680
644
674
694
700
666
656
662
684
664
658
658
658
662
664
686
664
650
664
666
660
666
654
672
658
682
662
648
662
654
684
684
670
644
656
648
666
656
638
622
658
666
670
644
636
650
1314
504
860
546
616
624
618
652
650
668
690
702
684
682
666
680
692
658
670
604
582
570
536
556
562
568
570
582
572
612
598
598
600
606
598
602
594
596
596
596
596
588
596
586
566
586
610
568
564
558
556
560
548
550
554
550
578
566
592
592
628
632
622
618
646
628
632
634
634
632
680
672
660
648
652
516
810
604
596
622
624
626
626
626
640
662
698
662
656
652
652
676
636
626
618
628
610
604
574
596
614
484
742
580
582
578
570
582
614
584
612
598
640
630
640
422
876
610
616
654
430
746
590
574
582
578
578
600
614
638
634
644
632
674
642
628
632
658
634
632
634
620
618
602
592
582
576
578
586
1192
582
574
578
564
578
572
586
572
566
568
578
574
550
572
532
518
514
506
508
522
532
522
514
534
530
544
526
532
532
558
554
558
548
560
554
568
580
572
580
578
568
538
566
556
530
562
1128
538
536
542
558
580
562
554
562
578
570
582
590
612
640
666
642
652
656
690
532
886
626
636
652
708
688
694
696
728
720
722
714
702
698
714
734
702
696
704
674
686
650
526
816
626
650
660
668
660
660
678
716
734
722
682
736
736
720
720
710
712
710
690
658
676
676
666
680
670
676
682
720
692
698
716
718
708
678
710
704
698
684
630
642
644
600
630
618
628
610
626
622
620
628
646
636
610
628
642
628
602
626
662
644
630
626
648
650
636
644
658
650
638
628
642
636
660
644
646
652
634
646
626
602
600
594
606
562
556
542
588
514
498
528
526
524
530
522
548
562
542
574
560
530
618
556
558
576
580
582
594
640
654
666
676
684
682
674
688
660
682
580
576
538
562
562
566
558
568
548
538
544
532
528
532
550
546
516
616
552
580
574
564
578
566
568
582
554
552
572
560
548
560
582
590
572
588
602
600
568
572
546
562
568
518
534
528
558
534
540
550
562
540
556
518
532
552
518
520
526
526
550
524
534
520
530
546
520
524
520
536
526
484
514
510
526
526
506
1032
540
520
516
536
566
564
558
556
558
546
552
546
550
542
560
546
556
548
558
548
552
544
536
544
544
538
554
590
626
646
688
700
706
696
700
712
694
664
660
658
634
652
690
526
824
506
780
604
588
586
604
604
618
610
634
628
666
666
530
822
608
642
488
792
456
764
438
776
584
576
584
600
594
612
624
628
646
648
648
650
620
624
630
626
620
614
482
724
512
624
584
572
576
532
542
550
558
562
582
574
614
592
594
508
708
596
618
610
622
618
564
576
584
572
562
542
554
586
586
498
742
610
618
614
612
608
596
600
602
620
498
696
572
470
656
550
530
524
536
534
530
554
570
578
580
582
582
596
586
574
582
594
568
570
578
560
568
566
558
460
688
562
568
568
574
564
574
594
514
814
454
778
664
542
546
574
482
672
502
644
564
570
558
564
568
574
604
592
602
638
658
622
632
616
646
608
616
596
622
608
588
588
594
594
584
602
478
722
608
606
630
604
610
628
618
616
590
428
770
506
684
578
586
604
594
616
604
630
612
626
626
640
416
834
610
606
554
584
566
582
598
612
612
648
646
646
648
644
646
630
628
616
606
582
578
590
586
538
552
1144
564
552
540
540
538
540
526
518
532
524
524
528
522
530
532
394
646
526
534
564
532
786
574
382
912
366
536
506
498
512
506
504
514
504
498
504
510
512
502
510
496
512
510
488
508
502
514
512
498
510
496
498
512
498
496
484
484
500
484
486
488
480
498
480
492
502
490
504
496
502
470
496
510
498
494
502
490
502
488
482
486
484
508
502
496
504
512
502
522
474
510
486
570
474
456
496
488
504
508
480
496
486
502
522
464
488
400
362
300
372
374
430
384
462
466
384
404
402
528
530
516
484
488
486
460
508
478
476
488
474
498
496
418
472
540
494
494
484
502
474
450
476
466
450
482
464
470
478
464
480
472
516
504
444
528
506
500
428
540
458
506
478
486
468
480
466
356
612
462
476
462
458
466
458
442
468
462
434
526
468
466
424
516
488
476
488
446
468
472
486
488
444
466
474
474
482
476
486
462
490
484
478
482
482
502
508
496
502
520
520
508
516
466
562
522
524
524
514
524
520
512
514
520
508
496
554
528
528
540
528
528
524
528
554
560
578
444
780
602
622
570
598
582
570
440
674
562
534
550
540
544
532
538
494
514
520
462
430
554
552
510
490
494
490
490
486
512
500
502
554
544
588
576
550
524
562
432
680
510
614
552
522
522
536
530
526
532
560
600
594
462
786
614
624
636
620
622
448
822
630
636
636
578
616
632
652
638
624
632
648
642
640
622
620
610
624
646
664
620
636
614
644
636
642
654
644
646
636
672
646
648
640
674
648
652
640
670
652
648
644
646
616
636
650
652
630
476
744
608
568
568
564
568
578
576
586
588
618
620
600
618
610
608
620
624
634
604
604
604
626
604
614
584
588
572
466
740
610
632
622
646
646
650
648
664
674
656
656
544
796
660
650
614
648
636
636
644
644
638
646
648
496
796
642
622
630
616
630
632
636
606
618
622
618
600
588
592
602
608
582
562
588
578
576
568
552
580
572
568
480
754
594
584
586
596
630
650
662
652
678
686
678
696
676
658
688
674
702
682
708
682
700
720
684
692
688
738
504
920
694
670
634
664
688
690
674
674
680
676
700
520
928
688
682
698
672
686
650
666
650
640
636
620
610
630
606
638
652
470
854
634
630
642
654
672
642
654
654
644
630
648
668
654
670
692
712
708
716
714
686
656
684
652
510
804
634
612
612
620
622
662
686
496
922
682
684
694
708
738
702
502
952
712
684
690
656
652
664
686
722
698
722
736
482
922
678
670
632
606
622
630
620
620
478
758
624
624
586
614
604
626
656
666
654
676
704
740
720
722
734
734
736
750
718
730
722
758
758
750
742
730
746
548
962
690
706
734
718
678
714
736
750
776
760
772
772
762
706
726
710
722
692
668
698
658
666
670
646
688
706
694
710
684
698
536
884
666
660
682
666
668
660
630
658
650
648
668
636
640
620
624
624
602
586
596
522
656
586
590
582
584
570
580
614
600
632
646
646
632
646
674
554
808
648
664
720
580
656
698
702
712
714
714
694
698
726
700
712
694
690
674
668
686
668
670
670
676
688
674
604
760
440
794
690
562
616
628
640
646
652
502
840
654
674
738
602
670
684
702
694
698
718
744
482
972
698
716
676
686
662
648
644
658
682
678
710
724
724
718
718
746
716
698
718
724
694
702
700
684
690
700
712
474
878
678
672
722
560
636
664
668
664
694
696
470
894
658
642
730
554
632
604
634
614
658
634
636
630
660
632
644
618
654
622
538
690
608
606
608
582
602
580
592
594
594
616
592
588
576
618
590
604
600
646
652
538
798
674
670
686
686
704
704
692
708
692
702
728
726
716
712
744
702
704
680
706
692
694
688
700
710
486
898
638
646
638
638
618
646
658
688
666
660
676
700
682
640
672
640
646
624
640
616
608
600
616
614
612
610
618
610
596
596
602
588
592
592
598
630
626
652
480
810
626
626
628
622
610
1246
636
612
610
628
670
656
692
692
722
690
714
730
724
700
722
710
718
702
696
688
636
660
638
606
638
440
838
476
810
648
620
642
646
692
656
682
500
902
662
666
650
676
668
670
656
658
656
650
654
648
648
640
652
650
634
650
638
630
638
654
488
850
658
654
750
586
656
680
700
512
830
670
644
622
620
642
642
632
666
700
660
656
658
506
832
674
636
670
630
648
646
642
626
632
626
588
584
596
580
608
598
608
604
632
610
604
592
588
572
578
574
588
580
568
568
598
604
600
614
640
664
656
524
826
674
666
644
654
640
642
626
662
614
628
624
654
654
668
456
966
690
708
700
694
664
676
690
682
552
806
676
672
652
646
664
634
668
690
702
702
484
926
700
638
650
660
648
658
652
672
674
684
684
700
670
680
684
660
676
668
684
668
678
536
836
654
670
670
638
642
652
660
660
652
642
498
872
670
664
678
656
642
502
822
648
654
658
660
660
648
678
668
664
670
694
658
458
868
660
640
616
606
626
604
600
608
618
604
608
598
618
612
474
750
626
608
606
612
604
588
578
588
582
584
558
584
580
582
580
572
558
570
568
562
586
584
574
564
572
560
556
552
540
540
556
576
562
570
566
586
578
578
586
586
568
570
582
588
568
582
580
582
606
572
578
584
598
586
608
596
610
630
618
494
766
448
780
610
596
608
578
600
602
614
610
624
458
792
626
636
616
612
628
618
606
640
492
776
620
634
624
626
636
658
612
622
626
644
656
666
652
650
652
646
656
650
650
644
682
690
698
694
712
684
700
528
876
648
652
670
666
650
650
670
634
648
648
654
470
776
636
610
584
610
604
636
630
620
614
654
634
650
498
804
644
644
638
680
660
688
696
502
858
682
604
656
636
648
664
660
674
676
682
476
866
646
672
630
618
602
602
582
620
634
682
668
692
712
718
684
710
712
722
720
694
706
684
674
700
686
686
674
678
664
670
676
672
646
638
618
632
636
628
632
462
826
634
640
634
638
620
622
638
614
658
632
642
632
630
646
630
632
630
630
628
1076
682
578
536
570
544
544
550
556
530
556
580
550
580
576
478
952
328
538
538
546
544
544
548
566
560
560
558
554
572
560
548
568
536
554
538
562
1164
590
1164
606
578
568
574
526
538
526
544
558
562
568
580
614
618
620
492
740
574
600
542
562
574
550
528
540
542
550
544
538
546
564
562
556
540
548
546
560
552
548
556
488
724
586
588
588
518
638
572
572
604
556
542
562
584
596
596
632
640
620
466
760
578
606
552
534
556
576
576
566
576
502
738
574
586
598
614
580
582
608
598
588
506
690
596
570
558
576
578
572
582
572
596
616
610
622
634
616
620
608
604
618
594
612
514
772
616
632
622
600
578
586
604
592
594
454
778
594
584
570
586
592
594
582
610
636
654
612
644
632
488
790
596
604
466
706
574
572
592
574
604
600
616
464
824
598
624
626
598
628
620
618
618
614
622
620
622
610
610
588
598
600
576
588
582
582
588
598
580
594
584
618
582
580
590
592
516
666
458
700
578
550
570
572
558
556
564
582
598
508
714
578
588
606
586
576
570
602
600
592
592
590
594
584
606
596
614
590
482
740
602
566
600
590
596
596
590
596
624
484
762
592
620
684
520
590
494
710
590
584
588
608
590
590
594
630
622
618
614
510
762
612
600
608
612
486
704
570
566
550
556
558
578
568
568
592
596
586
578
588
474
748
590
552
580
606
582
590
562
598
582
590
594
592
590
572
598
586
602
416
788
606
602
590
568
590
578
568
572
552
426
734
562
574
576
598
594
608
616
596
584
578
576
590
612
602
624
610
622
618
632
638
640
410
878
608
620
614
612
616
620
602
606
624
622
604
610
600
628
614
396
850
610
618
628
604
630
608
1242
614
558
474
686
598
570
598
602
642
478
800
618
636
638
608
600
498
762
632
634
654
642
640
508
806
626
638
638
604
612
628
612
622
652
658
674
676
638
672
650
670
656
644
676
690
438
894
680
652
664
624
638
624
632
646
678
468
854
648
652
630
648
654
678
664
654
678
640
640
452
842
652
648
620
646
652
632
644
642
646
650
668
674
662
652
640
656
630
640
638
652
632
656
634
666
670
662
650
646
646
674
676
674
656
680
646
644
650
614
678
686
680
478
898
648
626
610
630
622
640
1336
656
670
670
654
644
646
668
492
878
634
624
628
576
620
624
612
610
596
602
616
618
634
646
492
818
638
628
632
604
616
606
630
622
648
656
656
670
660
694
678
712
672
674
656
582
626
578
590
576
570
598
572
552
558
554
556
564
544
548
548
546
514
546
488
604
538
536
560
584
618
612
620
628
638
632
636
658
640
656
636
640
494
768
500
732
576
566
574
580
598
592
614
624
650
618
640
628
624
626
624
626
638
622
624
632
614
594
616
622
488
768
622
580
596
592
600
602
610
640
656
638
552
414
472
402
498
428
422
466
396
488
448
356
430
352
502
494
484
494
490
496
494
474
584
530
590
606
658
544
754
634
622
620
580
606
598
462
500
712
508
366
382
564
482
658
506
614
584
506
570
564
556
556
580
620
598
616
616
620
614
624
454
844
618
604
664
534
620
620
620
654
654
644
622
618
622
548
568
592
584
582
608
606
598
602
590
622
600
574
588
588
606
594
586
572
570
552
562
574
588
592
588
576
578
608
560
560
488
676
516
654
568
544
534
568
568
594
612
590
562
456
768
580
582
576
568
590
564
576
536
576
574
564
556
566
568
560
558
548
556
546
526
544
522
556
534
538
562
600
610
612
562
640
594
592
470
772
614
606
612
590
598
596
632
630
632
558
726
630
640
670
642
518
616
628
642
656
690
672
684
716
708
686
710
722
450
906
652
652
620
640
640
666
620
630
620
650
642
498
792
610
594
578
588
586
602
608
582
600
600
604
614
700
588
664
638
654
678
642
544
642
624
640
628
658
618
648
638
652
608
652
660
572
756
666
664
716
532
604
612
604
1238
614
702
550
610
648
606
622
626
592
606
586
562
598
588
604
598
588
606
604
642
642
658
654
672
642
644
620
624
634
634
600
618
630
624
600
584
590
590
572
396
772
486
700
562
582
646
542
602
626
616
634
652
672
676
496
812
642
654
638
630
612
650
770
352
722
616
462
434
666
668
708
686
678
674
664
676
658
660
682
662
474
898
646
648
636
654
638
642
668
682
670
672
694
644
706
620
582
630
620
616
638
648
620
630
656
628
614
638
660
544
726
620
620
630
598
612
642
642
634
662
706
696
690
682
686
668
658
678
642
630
648
684
476
908
632
634
624
636
652
686
698
484
926
704
684
700
710
682
700
716
726
720
722
718
722
724
736
732
670
676
698
686
696
688
698
686
670
660
668
640
662
660
684
688
684
690
686
688
680
688
646
572
644
610
582
414
364
632
648
640
634
656
640
610
626
626
628
624
462
782
620
600
614
608
622
594
642
660
674
666
656
668
678
672
650
654
656
650
648
682
664
670
660
664
642
646
640
638
616
488
776
640
616
606
620
630
622
624
626
638
466
852
648
634
