-44
598
600
582
602
598
576
560
562
560
386
654
490
664
560
566
566
354
630
576
466
802
434
874
624
592
600
584
548
550
370
626
574
506
632
544
512
424
610
594
560
560
598
534
768
494
782
464
810
452
740
570
580
560
570
596
614
666
646
628
638
618
610
626
596
588
566
582
362
654
444
734
432
886
496
814
462
810
588
572
566
560
566
582
612
652
620
638
618
624
606
604
596
584
574
602
690
644
620
616
452
830
496
786
628
616
580
564
562
542
546
612
618
592
616
600
592
564
564
546
596
582
466
686
602
568
586
490
692
562
558
556
586
570
562
558
532
540
402
680
500
594
566
624
624
594
596
602
608
600
620
638
630
610
612
574
580
634
622
586
562
538
544
606
618
602
576
592
604
584
586
594
590
556
632
580
588
572
502
660
464
464
602
462
672
460
776
612
598
596
602
590
578
594
592
592
588
582
596
576
566
578
352
638
458
722
474
804
528
732
618
604
606
588
586
570
574
580
552
354
648
556
470
844
402
652
400
704
386
704
378
696
632
600
608
596
584
588
564
550
538
628
504
644
582
576
576
676
630
586
588
584
576
434
740
684
612
582
564
602
554
516
638
598
596
580
568
476
648
478
438
568
452
740
422
772
478
692
552
538
548
496
552
542
610
570
588
560
534
530
554
532
598
594
574
568
592
480
646
546
542
550
466
808
442
712
548
618
590
588
580
582
592
574
586
598
580
584
604
596
600
590
596
610
590
590
596
582
586
574
576
568
554
362
632
570
466
822
434
860
634
610
598
582
584
590
562
566
664
636
636
614
594
586
568
578
678
506
772
436
810
592
574
558
560
566
578
568
660
638
616
616
586
594
600
586
582
592
564
562
358
656
428
670
560
546
680
628
620
594
582
600
596
590
570
574
584
558
554
368
622
446
716
498
768
462
812
516
724
590
596
580
586
566
556
554
548
566
638
628
608
610
604
608
588
596
576
560
574
506
792
484
768
624
628
586
584
574
564
570
552
572
590
650
506
762
424
808
486
716
588
588
564
694
640
624
592
570
582
570
572
682
604
632
610
578
600
580
572
588
576
568
358
630
566
504
616
464
768
454
790
604
590
588
590
596
568
566
568
492
586
370
626
566
486
658
448
796
624
642
618
620
642
622
628
606
630
650
628
488
790
434
866
630
628
632
640
650
636
642
626
628
656
632
630
638
640
652
638
638
632
650
650
636
642
634
620
610
594
590
372
670
436
746
590
580
576
594
618
616
630
640
620
606
570
578
582
382
624
462
718
466
808
628
632
590
594
616
600
584
592
564
350
658
488
658
434
810
484
782
618
600
602
590
556
556
566
348
640
446
710
456
666
544
554
566
544
554
364
604
470
698
470
648
560
568
650
644
614
596
450
754
452
720
568
556
568
574
634
484
768
434
774
594
598
590
618
572
610
432
802
578
598
610
476
658
444
496
638
542
572
550
564
552
558
572
492
806
434
764
596
562
548
580
350
612
504
566
554
584
610
610
572
588
518
642
570
582
550
546
550
346
632
474
578
456
680
552
550
562
534
548
566
560
348
700
380
658
432
414
772
446
766
574
572
576
578
568
572
568
566
590
508
636
468
634
452
472
616
444
676
450
760
606
576
584
596
576
572
584
582
584
574
592
580
566
626
606
570
568
578
602
584
586
570
600
572
586
594
566
562
596
586
562
558
574
572
554
560
546
476
644
454
716
572
592
574
560
564
564
564
552
352
650
466
612
564
554
552
556
560
574
636
476
744
454
740
576
580
568
584
566
500
728
418
796
610
600
598
576
578
594
576
586
590
576
642
450
756
640
608
598
618
592
576
558
574
356
674
474
634
464
488
872
514
714
598
606
582
568
578
584
588
558
548
548
348
614
446
690
476
654
552
594
654
624
582
582
584
574
552
366
684
390
680
558
574
574
560
550
574
558
558
616
638
642
604
592
576
470
372
786
418
662
412
626
454
604
572
498
710
580
610
536
288
352
582
580
576
568
570
572
554
566
566
520
562
548
544
552
568
544
540
556
550
556
574
552
552
566
556
568
564
548
544
462
640
470
612
470
512
602
550
578
548
554
556
548
560
566
536
550
570
558
550
560
534
522
546
504
554
554
530
518
538
508
496
538
490
570
486
586
454
600
428
576
454
602
524
420
612
408
682
500
518
500
482
502
514
520
508
422
624
412
606
540
516
504
518
490
532
486
586
420
608
514
546
550
520
524
456
576
410
668
424
632
448
588
526
536
336
610
444
476
658
406
700
556
534
516
512
436
636
430
634
506
514
440
660
448
678
444
656
406
686
536
534
328
582
558
536
492
616
448
648
540
558
546
544
540
542
514
626
512
586
558
540
522
582
550
534
512
592
484
446
438
806
418
710
456
676
452
666
552
546
596
564
510
652
576
544
590
558
566
488
404
646
472
626
498
644
556
550
566
554
538
478
776
472
692
586
566
564
570
494
658
548
536
550
532
506
614
644
550
684
590
586
600
582
584
564
580
568
502
608
512
766
450
552
706
436
692
478
700
472
670
494
668
596
618
580
656
634
372
724
446
720
626
600
604
484
684
370
642
590
508
614
636
530
660
596
506
628
356
660
512
448
698
526
578
530
506
612
568
546
634
566
564
564
552
340
374
840
392
652
482
666
576
566
564
500
636
452
704
562
588
564
570
566
568
556
558
628
566
466
712
430
718
572
570
540
462
458
628
526
488
664
524
512
544
546
560
476
760
438
730
560
520
572
450
648
550
536
536
624
594
578
494
488
714
444
674
550
532
556
530
512
548
542
542
614
492
706
564
486
656
510
564
548
544
446
764
424
696
562
554
574
532
536
578
582
490
676
508
574
574
552
530
514
360
596
436
674
466
614
514
532
526
520
528
602
554
492
646
540
532
550
522
544
590
528
582
578
576
474
670
458
654
526
578
572
552
492
622
502
586
568
544
540
546
564
556
572
570
544
560
550
612
568
550
600
464
716
480
684
500
668
556
566
548
548
542
520
526
516
528
560
512
612
556
530
554
546
558
568
524
350
642
468
640
496
588
550
522
546
554
536
590
584
496
590
486
656
556
552
542
546
524
582
538
508
568
546
502
676
438
668
594
562
484
606
548
504
454
726
416
710
444
700
422
696
458
654
534
562
546
518
514
520
552
502
540
558
506
642
430
710
574
554
554
574
558
554
572
556
548
556
548
540
544
538
650
598
508
674
494
648
584
574
568
566
560
602
506
554
388
622
562
496
632
380
370
844
412
362
876
424
880
466
790
586
620
596
584
586
592
566
548
582
576
682
606
612
614
602
506
710
396
790
556
576
568
598
590
726
514
758
618
516
696
576
584
360
650
588
558
614
368
366
866
418
884
440
846
620
618
612
588
598
584
570
572
372
634
588
496
662
526
740
644
622
630
558
706
608
582
578
368
684
594
588
588
576
574
592
446
832
666
532
748
556
716
532
672
368
700
534
608
588
412
638
616
710
638
402
722
416
704
408
314
840
558
818
598
618
610
594
572
556
570
586
358
692
410
670
436
676
512
638
598
574
624
596
586
700
622
498
734
440
786
468
710
582
502
446
616
570
594
540
346
638
524
598
610
642
602
434
438
890
448
824
388
740
444
378
914
436
836
618
602
616
596
610
604
616
628
618
616
620
614
612
586
580
596
352
694
520
640
600
372
696
488
648
594
596
566
588
600
588
628
646
672
648
632
636
638
644
650
628
632
608
588
590
564
368
674
518
670
586
578
588
618
700
656
632
630
646
638
632
616
598
602
570
346
694
470
492
772
454
728
574
586
602
628
656
628
640
632
616
624
624
618
602
574
576
508
804
428
844
616
654
606
594
578
580
576
554
578
358
636
588
480
832
432
872
648
626
594
598
602
580
576
560
566
566
356
634
548
494
798
436
754
394
688
624
612
610
612
608
588
590
594
592
604
588
596
584
564
576
588
348
676
502
466
758
440
732
578
566
592
666
670
642
632
640
640
614
620
618
608
602
578
584
364
662
496
482
758
430
894
662
662
638
634
618
624
624
592
594
606
592
584
572
586
358
662
598
600
570
362
664
512
620
594
576
582
610
644
666
632
636
640
622
630
602
610
612
574
518
624
364
638
560
478
688
458
830
658
626
624
592
602
606
592
598
598
576
574
576
564
558
360
620
506
622
570
578
680
636
626
602
598
600
596
586
572
580
580
700
472
784
620
600
568
578
586
574
564
668
642
626
594
576
590
582
568
568
566
692
502
758
620
602
594
596
656
484
766
430
828
620
616
574
562
568
542
554
574
660
616
594
594
584
570
554
584
570
478
648
646
624
582
604
588
588
612
612
608
632
550
474
706
418
740
618
600
600
556
582
588
552
584
594
572
560
570
568
562
562
562
544
532
432
748
582
578
576
550
562
568
546
544
556
538
538
606
542
552
594
572
568
620
594
590
566
598
616
594
562
562
602
578
552
556
556
548
610
630
592
574
596
600
582
562
608
612
598
580
570
616
444
746
576
562
588
616
608
578
576
558
546
548
548
504
638
494
694
510
612
444
668
538
546
554
526
530
540
578
518
576
424
668
504
552
514
536
532
528
546
578
590
568
548
564
540
548
564
592
602
588
566
540
558
546
656
596
596
586
550
560
562
554
546
666
590
582
582
572
568
550
558
658
606
598
600
558
546
564
652
618
522
658
472
756
592
584
550
466
654
460
658
518
530
538
532
534
602
562
568
582
556
562
566
544
546
562
550
474
632
620
606
598
604
590
564
574
584
560
554
570
588
666
522
716
510
728
506
648
470
702
492
724
512
742
600
580
590
590
552
552
672
610
622
606
586
578
438
802
470
760
596
572
578
556
534
566
556
614
506
634
534
554
568
552
522
546
572
586
382
780
494
608
542
556
628
582
598
588
560
574
554
654
512
672
478
718
570
562
536
544
562
542
356
628
474
604
528
590
512
624
534
580
570
558
566
576
624
568
722
520
682
580
574
554
568
354
640
558
490
696
582
574
558
560
510
722
612
606
602
594
568
534
568
548
612
622
594
582
546
576
590
564
558
578
554
608
524
536
492
620
494
768
410
776
494
686
514
620
536
552
542
540
526
562
576
604
588
572
566
606
566
600
428
786
436
764
454
374
852
422
686
542
550
528
556
594
538
620
572
494
586
468
722
424
726
592
564
526
456
662
518
538
564
568
506
650
520
608
570
564
542
552
538
522
616
596
592
574
554
532
540
552
468
802
420
730
478
634
614
418
736
548
548
542
486
572
522
512
520
546
590
556
554
532
546
538
574
524
544
554
542
558
514
576
436
666
496
582
482
554
492
556
348
580
530
522
538
518
536
550
534
558
596
580
572
586
474
698
492
664
438
728
442
716
416
750
520
634
574
578
580
580
554
580
578
570
578
592
578
596
596
540
670
610
618
638
636
552
682
452
824
446
804
430
842
470
832
446
822
468
834
468
790
616
628
632
618
612
628
626
624
616
616
638
636
640
626
624
650
632
632
624
628
644
638
638
628
642
656
632
648
612
630
630
612
362
694
432
896
404
698
462
684
506
718
418
770
454
810
480
760
472
716
456
702
538
634
612
600
606
592
580
574
608
596
596
580
592
366
670
492
716
432
762
470
704
578
384
622
562
492
628
548
488
628
358
588
574
482
798
438
850
612
608
576
570
398
638
520
650
552
426
632
564
494
590
552
378
630
574
568
578
554
414
500
708
498
634
550
716
620
648
634
610
592
474
682
570
540
414
616
484
476
478
738
400
476
734
560
538
396
628
580
558
688
628
616
624
600
584
562
660
578
660
624
616
604
610
614
612
602
588
608
612
580
570
572
716
650
622
614
626
598
590
572
360
674
452
700
580
556
568
388
624
494
694
444
522
606
492
640
698
494
764
596
584
576
478
446
584
550
560
522
648
606
542
680
596
584
606
594
572
560
366
614
570
580
578
562
566
370
612
588
450
886
428
796
576
556
414
442
740
480
748
600
614
592
596
598
600
592
606
620
618
592
596
600
472
750
442
512
672
408
462
702
440
778
572
548
568
580
352
618
580
508
650
568
502
432
618
564
578
592
570
512
452
710
418
720
400
482
702
480
644
688
410
690
438
684
436
492
714
648
592
574
552
566
650
598
612
632
596
592
600
616
624
598
586
602
468
498
690
498
648
588
592
578
546
692
650
624
620
606
606
630
604
598
368
712
438
672
580
578
550
386
650
586
478
880
408
644
550
670
426
450
750
452
716
486
642
554
628
608
586
564
594
586
588
594
588
580
584
514
696
438
748
570
616
596
498
656
578
348
694
460
646
538
604
568
552
560
664
648
628
606
604
580
596
590
370
688
520
614
590
564
578
372
654
500
694
596
714
630
634
496
728
562
684
634
638
614
588
576
568
574
572
694
638
600
624
628
614
614
598
538
670
524
422
682
456
474
786
462
698
548
492
734
628
602
598
596
598
590
598
582
562
364
644
566
566
570
694
644
626
616
510
720
582
580
366
612
608
484
656
384
624
580
582
566
370
646
542
556
590
554
592
658
550
720
468
728
558
572
568
376
642
458
720
458
710
570
352
624
566
458
804
666
646
588
568
576
568
386
640
576
562
582
570
572
372
636
584
462
738
496
868
650
594
614
628
590
614
628
622
606
610
616
638
622
630
618
638
650
634
620
630
628
638
596
582
372
692
444
680
446
732
508
670
576
574
598
684
658
636
604
620
632
614
616
604
590
594
580
376
686
454
470
774
720
644
630
532
668
536
626
488
496
596
626
570
700
386
698
390
674
400
336
864
610
484
708
572
632
586
572
558
562
554
542
526
684
478
722
582
576
566
566
562
344
638
542
530
648
572
576
558
564
390
638
576
600
656
682
462
388
924
426
848
520
672
396
704
400
732
492
736
500
692
590
614
586
576
564
594
592
558
552
566
358
640
584
564
562
572
574
374
658
588
454
730
478
850
494
796
628
496
816
526
780
626
620
606
554
558
576
566
588
618
708
648
564
570
482
880
480
718
584
584
564
568
384
428
744
436
786
578
578
572
608
584
638
686
644
634
618
640
646
608
608
590
692
648
632
642
636
648
630
612
582
382
700
456
486
772
574
726
652
530
490
926
440
766
590
554
364
668
450
616
570
572
682
634
628
624
604
602
592
606
596
564
568
576
554
356
614
714
498
802
632
506
692
484
770
456
820
606
596
602
602
574
568
560
580
568
574
684
500
752
606
592
580
478
652
572
684
600
624
608
592
560
564
492
702
524
674
628
608
600
590
586
574
524
642
522
394
650
438
594
580
664
448
818
452
766
582
602
590
556
518
594
528
396
646
556
564
562
554
556
556
586
628
638
606
514
726
460
738
614
608
572
564
588
678
494
734
436
866
616
618
584
606
596
574
578
564
650
648
488
750
612
582
604
620
576
572
536
556
582
662
602
604
586
492
688
456
694
552
572
562
524
572
608
564
556
598
576
572
582
580
562
536
560
596
556
552
552
460
692
456
674
546
556
542
578
566
570
548
566
570
578
562
564
558
556
552
564
550
474
650
416
702
472
666
432
694
554
566
566
506
654
562
488
664
548
564
570
554
560
566
568
576
484
648
568
448
696
438
706
482
684
438
706
502
402
846
462
678
516
588
546
484
606
432
658
486
570
542
514
514
512
492
516
504
502
422
342
792
454
634
532
510
420
616
466
556
508
510
346
554
504
484
552
522
542
496
600
534
556
476
580
490
540
438
652
430
642
480
596
478
570
500
518
534
518
576
470
514
512
514
518
520
522
536
548
540
552
550
542
542
544
550
490
494
662
494
562
530
526
496
600
454
600
476
622
434
710
414
708
500
594
458
612
512
524
532
546
544
582
524
588
574
396
732
460
664
448
698
486
670
496
632
566
560
566
566
562
564
572
552
542
556
544
528
630
456
760
404
796
444
756
454
672
532
558
398
692
418
682
402
690
454
732
452
708
440
716
442
686
480
644
530
578
552
554
542
556
562
560
558
572
556
570
500
642
426
690
462
464
758
550
554
562
554
550
556
558
556
556
488
622
538
560
566
552
526
608
544
556
522
632
428
670
536
588
580
576
586
564
576
586
562
568
584
572
512
656
470
692
408
770
458
720
458
714
446
722
580
588
588
568
590
598
554
536
542
536
584
678
614
586
512
734
454
748
490
646
398
644
490
770
430
532
684
630
600
580
578
578
492
690
610
620
598
486
680
410
732
570
548
420
808
584
614
360
644
620
470
770
446
794
586
494
732
496
684
552
558
546
544
576
616
636
608
628
628
604
358
722
440
890
402
722
664
494
756
612
602
436
692
618
548
666
584
586
500
632
532
632
578
570
584
602
548
606
400
978
482
788
498
832
486
848
476
736
652
530
740
664
524
756
642
462
724
636
594
632
700
530
746
654
522
716
668
566
652
714
606
698
510
736
658
564
720
604
616
598
590
464
630
604
508
686
542
598
602
476
620
606
596
606
624
674
736
662
662
638
594
626
552
518
928
444
874
714
492
564
726
434
724
420
726
422
722
410
384
936
468
844
544
702
608
630
624
618
614
624
614
586
572
590
384
668
612
598
558
434
670
526
502
664
624
540
808
650
528
824
656
652
626
640
664
642
648
644
648
658
652
642
610
620
618
378
710
626
556
480
592
540
764
510
680
400
678
610
602
586
384
680
606
574
600
378
694
594
594
612
364
684
518
552
656
610
614
602
588
606
628
380
666
630
618
624
370
794
434
766
416
382
998
428
948
474
882
662
662
636
636
630
616
606
590
522
860
442
916
624
602
594
610
690
662
646
616
610
536
740
434
900
412
480
630
452
938
408
734
430
732
400
366
938
440
846
622
634
622
630
614
624
638
632
630
620
624
638
616
600
600
590
386
692
578
498
732
596
582
408
700
506
680
620
746
402
694
398
700
678
672
654
656
634
628
598
626
610
602
384
706
420
722
486
664
610
596
588
386
712
482
620
594
718
668
642
622
606
628
588
602
378
610
586
508
808
490
834
630
634
598
590
350
666
486
488
778
524
660
582
600
586
596
370
642
592
574
576
580
712
662
636
628
604
598
584
378
652
466
904
454
644
698
412
746
398
358
1010
444
884
608
606
600
606
620
604
604
614
584
568
572
574
366
658
590
526
678
586
540
682
574
374
708
456
694
518
664
596
606
628
726
670
650
660
668
632
686
644
636
650
672
662
628
628
626
624
376
674
472
884
424
732
484
728
400
336
942
426
678
402
750
636
522
712
598
546
662
586
1198
590
596
648
522
786
426
882
638
628
600
594
594
612
596
696
646
648
636
644
612
598
372
688
468
706
592
586
592
358
668
456
764
572
574
590
382
664
600
590
580
582
740
662
662
664
644
618
626
384
688
522
660
590
584
756
466
752
444
782
426
744
408
380
948
450
912
640
632
538
520
830
562
670
612
630
612
612
624
594
596
376
688
468
684
482
658
626
742
670
648
676
664
630
618
648
622
722
640
644
670
648
648
614
374
712
438
704
528
470
948
478
754
586
640
580
670
576
634
418
778
464
740
562
562
582
656
600
590
616
618
602
606
606
586
594
370
692
524
502
768
510
708
586
594
376
682
560
638
612
596
614
740
660
654
652
632
596
366
712
526
702
558
686
528
704
528
696
522
668
664
672
622
674
550
586
582
744
432
444
980
446
862
644
642
626
598
372
724
478
496
756
554
734
588
580
416
354
870
446
650
616
498
836
474
748
434
748
412
724
512
656
614
582
584
378
628
598
612
572
388
696
522
548
694
420
678
600
598
596
396
704
468
716
440
508
858
670
694
650
664
658
658
620
624
638
640
626
600
372
706
506
624
524
904
524
606
748
478
756
422
328
998
482
350
1048
448
914
676
658
668
644
660
664
656
666
670
658
664
670
672
666
662
652
510
850
506
836
436
910
668
662
684
654
668
660
638
652
642
618
574
734
672
650
668
628
608
604
380
680
616
502
850
456
794
614
524
748
488
684
584
356
614
594
580
580
592
590
652
648
634
636
608
616
598
610
382
664
536
698
588
362
404
922
422
946
428
402
972
448
770
466
730
426
384
984
468
868
532
754
660
652
640
630
620
656
626
626
602
596
376
716
432
694
480
892
422
752
420
326
968
464
902
652
484
800
632
630
622
598
594
530
628
376
696
458
644
598
580
738
658
636
652
632
616
576
410
708
510
708
606
416
678
616
608
740
404
760
442
758
410
498
700
542
664
726
466
742
426
396
976
460
776
414
740
404
320
994
430
824
400
730
430
738
636
638
634
638
622
624
632
632
626
598
382
688
552
528
752
446
654
618
566
620
578
536
632
600
596
614
612
434
384
884
448
712
616
566
686
382
688
618
384
728
628
626
754
400
704
604
760
456
426
970
480
868
622
630
626
396
690
602
592
622
372
648
620
536
646
614
606
650
378
788
432
732
432
420
942
434
926
474
730
522
702
546
678
586
670
540
694
530
544
762
618
624
402
470
844
462
922
684
664
660
656
664
650
644
628
630
628
368
678
520
490
816
418
692
558
638
612
628
588
834
670
662
664
590
628
718
600
408
710
542
638
614
568
554
672
500
638
764
530
514
818
464
886
636
608
442
696
602
610
598
612
746
554
754
552
762
484
744
398
688
508
662
598
614
588
594
604
364
696
476
704
466
712
522
708
518
686
598
634
740
522
836
498
840
490
710
508
508
798
644
578
670
624
512
874
546
816
488
808
640
622
374
648
614
756
452
608
564
728
398
760
414
760
424
700
404
714
432
366
948
468
808
596
644
606
616
618
592
588
594
364
726
444
732
408
726
430
742
396
724
410
734
654
626
650
640
622
624
630
620
606
578
374
440
736
448
784
456
836
504
776
646
612
602
626
618
610
598
606
614
596
578
578
412
664
578
576
644
584
592
390
700
488
666
522
862
474
572
792
542
826
520
740
622
612
372
720
478
476
814
540
702
376
714
478
684
592
630
618
616
610
372
714
536
516
812
618
634
374
748
544
508
788
624
558
696
766
654
696
682
670
632
394
706
530
772
560
570
558
668
486
640
600
486
630
608
534
844
410
750
430
790
410
780
420
752
404
408
970
450
948
432
450
992
514
752
386
716
414
428
888
462
818
624
624
612
606
600
588
378
674
542
620
616
362
688
544
464
974
526
508
728
756
452
436
850
496
736
724
416
732
428
406
862
468
742
736
410
746
670
638
644
640
642
648
634
634
636
632
568
688
616
632
598
582
374
688
516
490
778
510
844
482
910
658
636
626
598
592
590
402
650
536
634
654
682
664
656
670
646
654
642
572
710
612
612
594
380
672
560
484
790
592
728
650
650
656
640
642
636
634
646
622
618
570
608
392
696
454
676
580
750
518
508
818
724
522
724
526
504
652
746
466
748
402
344
972
450
742
418
754
412
348
948
690
390
724
422
730
402
352
1014
412
686
446
710
392
410
820
434
760
636
570
618
512
652
492
642
478
664
490
662
486
680
450
696
432
576
544
694
416
702
418
692
420
724
414
674
410
666
622
544
682
604
594
634
608
620
644
600
598
618
606
618
610
614
622
718
546
558
884
506
812
474
788
612
748
656
648
652
652
652
646
656
636
646
634
624
622
606
378
742
520
484
984
476
948
522
838
688
662
464
822
672
624
588
694
680
668
648
644
612
610
642
620
616
688
682
668
672
668
516
766
542
724
622
704
672
668
670
666
606
612
604
622
376
646
612
494
662
518
514
638
586
418
396
852
456
912
464
764
414
722
414
338
976
430
720
408
724
428
340
944
472
794
636
630
608
598
592
630
610
596
588
600
612
694
622
664
620
640
638
682
646
628
644
676
636
636
634
634
634
632
630
624
636
646
630
636
634
642
640
634
630
616
586
532
502
654
554
682
600
394
688
504
760
444
370
948
426
786
412
760
416
744
678
634
628
636
634
638
616
620
632
630
630
624
608
600
602
738
664
638
638
606
708
640
650
648
640
640
628
606
584
626
374
682
538
506
730
394
692
514
516
722
442
688
610
590
616
674
650
644
632
622
586
376
730
464
682
550
640
602
594
590
420
684
618
558
834
502
856
440
798
412
396
984
500
890
658
670
664
666
664
670
680
670
678
674
674
698
682
678
662
678
686
678
692
690
700
686
678
684
686
704
690
690
680
692
692
688
700
682
664
524
478
742
478
694
640
776
708
460
792
422
770
418
724
412
772
404
752
438
712
408
338
946
436
728
420
722
410
338
928
434
814
594
604
600
566
384
652
574
670
576
698
428
716
462
714
402
426
968
474
796
608
498
728
462
782
634
624
620
592
606
638
626
614
592
378
720
498
658
610
552
772
684
662
652
618
368
748
514
668
592
382
704
506
688
594
422
672
626
560
878
480
876
598
656
630
602
598
428
658
614
444
678
616
602
624
458
658
616
508
896
436
414
1016
474
882
650
618
408
712
484
666
596
494
742
738
520
824
640
554
636
532
636
390
688
536
632
608
590
582
702
666
676
660
646
628
388
718
494
684
632
602
604
396
712
558
514
752
406
622
686
538
688
422
630
692
634
748
696
536
802
652
488
746
494
874
484
852
482
844
640
606
604
730
662
666
654
632
540
712
600
610
390
364
944
434
724
448
710
490
528
726
542
740
614
602
384
342
948
446
718
500
482
812
602
610
600
602
388
672
600
524
738
616
606
402
696
598
504
918
432
786
416
412
948
702
652
380
720
476
744
420
704
398
718
440
750
418
678
414
698
420
664
406
716
426
766
650
624
618
628
646
618
612
624
654
638
612
614
626
634
634
610
558
694
608
518
712
532
794
648
618
604
612
630
616
596
606
516
682
580
604
680
594
656
632
628
634
628
608
610
600
604
562
516
724
470
842
454
874
642
592
566
574
638
648
646
618
616
598
592
516
722
548
654
508
668
370
682
502
508
740
540
638
592
596
618
670
652
644
636
618
656
628
628
614
736
678
672
656
642
634
678
660
666
660
666
640
624
626
752
686
654
660
548
798
564
708
598
586
416
682
516
520
900
462
380
960
440
812
408
736
430
744
662
624
616
624
616
608
608
594
548
686
592
610
590
516
690
478
728
568
572
574
526
572
572
502
750
532
700
596
582
564
568
638
612
592
592
670
612
592
624
616
546
600
574
586
662
648
634
620
634
404
856
470
774
608
476
842
474
846
636
604
612
628
604
580
584
588
562
554
704
644
634
638
604
604
614
612
586
602
726
552
758
482
818
460
804
468
866
460
862
506
748
576
616
686
636
584
638
618
580
622
578
538
638
520
600
516
832
456
812
602
594
574
552
710
638
632
602
546
646
496
670
526
420
668
408
668
448
664
420
678
398
664
408
680
414
646
396
704
600
636
540
734
466
778
472
682
566
570
654
618
614
610
584
582
584
568
584
596
588
670
618
634
640
594
580
572
594
616
670
630
636
628
610
514
494
902
458
832
638
612
632
616
580
608
588
568
504
700
536
658
578
692
636
626
616
618
622
604
598
580
604
620
358
632
590
448
948
452
880
482
712
584
548
370
618
578
500
856
434
820
524
670
470
682
572
620
630
562
654
540
658
590
588
636
634
626
598
592
638
592
534
642
532
492
542
646
520
636
586
652
492
704
404
710
402
698
410
712
412
688
434
724
404
702
414
676
628
454
768
610
618
624
606
624
624
596
608
614
706
656
640
602
522
784
444
836
608
506
836
468
862
642
538
678
556
642
656
602
620
618
560
648
520
688
584
542
664
684
520
476
892
528
488
796
480
686
370
652
530
600
582
578
568
558
712
656
642
620
598
596
586
360
698
478
636
588
490
860
444
862
628
638
634
598
588
680
636
538
754
462
784
618
604
466
690
546
508
414
658
490
472
1018
526
768
536
710
588
616
606
592
590
616
586
592
690
586
708
530
728
576
596
608
558
706
658
654
652
614
628
612
598
606
372
652
606
472
490
1034
442
870
464
782
486
708
568
562
578
580
580
622
584
692
628
590
624
610
600
618
612
542
770
664
562
740
634
634
592
576
590
396
656
590
774
564
760
646
652
640
640
600
694
648
534
788
488
816
470
758
402
702
478
686
602
586
586
582
652
650
668
662
650
660
628
636
618
382
682
456
810
472
942
536
408
1044
474
846
622
594
590
600
586
590
384
650
602
592
614
604
594
592
628
640
740
674
390
334
616
534
790
484
716
586
578
582
568
604
600
696
646
646
646
630
624
614
590
654
602
700
628
668
640
632
610
612
628
692
650
510
730
458
830
474
712
586
604
614
632
658
614
648
588
618
622
608
596
586
582
616
584
606
614
492
754
450
756
594
610
594
594
586
590
566
574
580
542
746
456
784
522
694
458
746
592
602
598
588
582
688
650
562
696
472
764
604
602
696
498
776
480
824
468
756
478
702
588
558
360
658
506
556
656
570
1164
586
364
632
494
472
948
456
924
426
522
688
468
754
432
732
512
604
708
398
672
382
482
586
464
626
698
372
434
690
688
414
694
392
682
396
724
396
706
636
598
596
600
592
624
602
628
610
584
590
684
520
752
636
626
644
608
588
670
582
652
640
558
694
620
622
596
582
578
362
690
490
628
582
576
742
670
572
504
834
522
714
372
682
448
684
534
612
536
786
638
646
636
612
644
644
640
658
630
658
642
640
654
636
668
636
616
610
594
388
704
536
696
600
586
772
680
672
652
638
508
694
528
676
380
678
608
590
614
374
668
622
548
680
742
576
766
574
734
608
590
588
584
546
410
662
470
644
578
586
566
572
742
666
658
664
628
640
626
628
600
590
746
658
656
650
616
646
632
630
620
642
638
616
616
612
626
632
614
612
596
554
730
618
616
636
640
638
612
620
632
614
618
598
618
624
586
560
602
686
634
616
594
588
604
600
574
626
454
796
442
820
520
326
418
476
722
492
470
264
472
726
514
678
434
722
472
676
564
580
564
590
574
582
518
638
582
586
584
594
512
678
602
600
614
