424
256
398
682
680
666
676
692
758
726
718
478
860
788
660
664
672
684
734
448
902
784
694
684
704
708
676
682
674
688
692
722
778
766
758
720
710
692
712
696
518
270
618
684
712
796
776
756
756
716
528
860
458
856
748
554
828
692
704
774
746
740
730
714
700
688
698
676
508
854
542
854
456
1012
772
760
728
708
700
702
702
680
716
724
818
762
762
732
718
706
704
736
714
726
442
434
758
760
762
718
724
704
708
718
724
718
384
384
860
456
984
454
498
586
698
716
700
708
730
832
810
774
476
926
426
868
910
702
824
784
766
756
494
898
780
710
710
728
734
824
800
782
740
728
720
716
726
722
764
452
426
748
412
474
626
728
490
938
702
736
772
466
472
648
808
550
934
452
974
692
712
694
720
726
726
818
796
772
736
504
876
756
700
696
704
736
824
788
762
756
730
704
704
716
726
702
716
714
720
850
482
462
634
446
958
478
450
566
720
838
800
780
736
730
714
710
740
732
738
832
814
770
750
720
730
732
740
718
738
508
460
670
464
930
864
716
722
710
722
714
718
706
846
784
776
638
822
512
910
472
890
506
1126
432
878
968
560
816
520
870
434
906
748
692
806
766
746
718
720
710
680
724
816
762
772
566
876
422
984
688
718
810
788
744
696
760
570
838
442
930
880
472
816
828
902
416
892
792
680
460
870
884
746
808
544
864
420
902
770
686
706
806
782
758
720
714
698
688
696
706
694
712
820
790
746
714
702
718
696
696
710
812
800
556
936
470
954
710
692
714
818
792
754
740
722
722
724
718
786
830
646
912
474
882
836
708
736
852
816
708
816
506
936
550
918
480
916
908
710
864
462
850
498
512
572
702
700
542
886
936
680
822
532
908
698
692
724
842
788
770
758
726
728
708
564
902
464
854
238
840
428
940
844
700
710
708
722
708
854
778
790
578
880
414
970
762
832
792
744
790
516
944
464
946
736
716
738
834
788
768
764
578
870
432
1040
832
724
828
524
946
722
718
466
868
934
624
946
732
716
708
710
714
708
728
838
508
838
968
554
866
448
896
824
814
796
590
918
702
704
698
704
706
836
784
770
748
718
728
620
832
450
938
906
660
920
464
856
842
700
720
714
726
850
796
676
826
462
318
678
702
564
892
476
508
528
490
526
642
568
876
710
726
728
454
898
1028
506
1030
448
916
772
560
846
722
730
836
782
732
436
486
416
884
702
706
518
918
452
484
664
800
566
882
434
922
800
762
810
780
742
666
770
574
874
422
644
520
754
780
750
718
728
718
706
712
860
444
574
570
714
752
732
714
734
852
800
594
930
458
942
798
710
714
854
798
672
864
426
924
830
724
706
528
380
360
912
1082
944
526
1002
714
706
684
692
706
734
820
758
784
574
846
406
998
688
726
806
774
776
576
864
704
734
810
748
802
496
958
708
694
724
754
822
750
806
496
934
716
700
724
828
804
752
786
528
914
470
980
850
732
836
470
930
788
718
736
842
794
714
824
468
920
752
732
724
736
832
756
840
464
870
842
698
722
754
818
768
784
542
904
718
594
388
512
646
716
814
784
754
734
720
712
724
728
532
952
562
348
714
698
696
696
724
816
508
824
762
898
420
898
792
730
810
748
696
648
870
442
918
784
728
826
426
478
646
732
732
712
724
736
784
466
426
646
844
452
916
826
500
830
788
960
558
978
472
910
730
702
716
716
758
822
778
474
854
710
848
454
904
732
718
826
786
758
676
776
530
898
510
924
846
768
786
596
854
430
918
804
708
736
840
806
688
800
482
926
794
754
834
486
838
724
1022
710
726
718
720
736
860
792
598
932
484
932
762
734
830
564
842
728
954
710
720
746
462
458
674
452
920
940
614
816
504
936
426
494
608
872
444
906
862
698
728
694
886
784
770
742
726
742
740
748
836
814
544
954
778
730
718
736
506
862
534
482
564
498
442
722
724
712
730
712
742
858
734
852
438
940
488
1026
440
836
1004
434
472
676
740
718
720
720
740
766
854
738
844
444
920
810
740
782
846
818
542
854
506
468
626
744
446
468
758
484
946
892
458
432
610
718
776
838
452
860
1050
436
844
522
510
684
828
782
776
632
824
474
924
758
716
702
850
810
776
724
710
726
728
726
564
338
712
450
368
720
458
914
782
708
696
714
818
784
784
572
912
468
960
438
784
832
670
342
736
460
902
766
704
724
822
780
772
732
670
720
594
890
742
820
784
536
840
662
854
442
896
788
696
826
546
898
460
884
556
1030
506
908
802
786
760
630
796
494
918
706
692
738
596
1006
458
972
796
700
702
730
842
760
812
526
966
470
952
706
712
718
834
798
772
716
644
842
450
996
708
732
840
778
780
530
930
472
962
706
728
832
768
782
554
924
476
958
720
722
752
822
804
710
794
506
930
758
726
836
764
814
486
938
788
722
714
732
826
700
872
746
508
454
522
712
716
730
680
964
490
868
916
546
880
708
534
424
618
778
796
498
956
754
708
734
832
820
592
942
484
950
762
766
832
650
918
730
732
470
890
882
680
974
434
472
592
754
506
944
700
734
560
906
638
478
580
760
586
838
436
940
910
618
944
748
726
714
712
734
718
746
826
804
670
836
436
926
834
484
870
744
1028
736
718
722
728
724
758
840
748
832
450
926
838
746
742
700
940
762
726
732
726
740
724
490
682
880
732
802
738
884
504
844
888
702
754
596
976
472
916
934
612
838
456
930
894
640
940
740
718
738
714
724
732
844
680
902
562
918
476
850
838
702
726
806
826
430
930
906
630
784
530
954
860
690
836
458
906
788
714
726
520
866
588
498
660
726
718
734
718
742
836
508
884
978
432
926
820
714
780
674
918
590
872
720
738
720
730
742
848
796
562
940
464
932
770
710
730
842
818
628
868
744
714
730
726
774
534
964
536
342
776
714
702
722
728
748
834
788
594
926
436
860
894
708
436
866
482
554
512
324
696
470
826
866
700
692
748
806
640
896
752
712
696
702
640
752
500
884
696
758
542
440
434
894
502
906
858
572
894
722
708
708
688
680
678
674
672
672
674
664
674
688
682
738
852
766
730
718
706
694
700
712
736
822
822
762
754
722
580
884
746
762
850
522
862
792
976
724
722
722
714
732
736
852
784
842
540
1002
436
810
964
652
760
624
814
516
1060
428
522
618
818
524
936
736
708
718
706
346
606
666
458
920
440
492
662
824
514
892
546
904
696
686
698
694
692
714
700
704
720
822
806
790
738
728
728
722
732
726
744
730
742
772
848
822
816
762
748
740
468
962
762
720
742
730
724
744
736
742
726
802
836
808
784
776
738
724
704
718
724
710
716
722
738
722
734
740
854
478
474
672
776
766
732
720
716
722
722
710
438
986
726
688
504
914
480
742
1062
804
776
568
916
726
670
764
716
672
790
730
742
454
920
996
590
1006
764
726
870
562
552
876
724
456
902
826
760
836
804
804
766
746
722
736
718
724
730
740
736
738
736
752
874
748
900
416
516
636
742
742
736
750
738
726
734
720
742
490
910
758
716
722
726
712
732
724
706
728
720
732
716
748
850
808
790
572
934
522
806
834
744
728
744
722
658
948
458
496
680
798
742
736
720
758
732
740
724
746
748
730
728
724
730
550
888
744
732
718
732
830
824
790
782
776
756
740
718
736
730
730
732
744
736
748
858
822
790
784
756
730
742
730
736
716
730
740
438
950
766
1016
802
746
728
716
722
728
708
754
736
726
746
850
820
774
732
734
468
980
706
710
734
570
852
714
728
734
844
722
892
424
930
832
716
736
702
728
758
794
808
780
680
836
464
922
698
696
708
692
708
694
714
808
776
474
884
432
560
600
706
690
702
694
708
722
476
464
660
820
534
970
732
702
724
324
402
720
702
726
836
824
740
814
502
942
732
720
516
882
792
834
820
798
764
736
744
498
942
704
736
704
814
496
958
998
554
952
710
712
702
708
710
746
776
822
812
768
752
722
734
722
718
712
718
706
720
712
712
746
736
848
808
784
780
554
910
734
714
720
704
722
730
714
728
716
736
778
834
794
782
760
734
712
734
724
718
732
712
728
734
486
500
582
906
446
944
876
720
706
716
516
930
496
872
646
454
796
768
722
722
712
726
704
716
722
716
752
840
822
748
826
488
952
752
724
712
726
736
858
802
732
842
460
932
840
726
718
724
716
742
484
1126
812
668
924
734
718
734
718
730
726
742
748
726
794
522
478
522
914
750
732
730
720
720
732
728
732
726
678
804
740
722
510
942
532
522
780
782
750
760
746
752
754
754
738
760
612
908
790
868
828
780
800
554
946
724
726
730
730
716
736
716
736
746
754
846
786
836
500
950
812
732
724
710
718
488
1114
436
538
668
792
612
876
590
878
452
928
442
802
488
740
822
800
758
760
736
758
752
754
756
548
982
986
516
1076
750
750
724
740
738
738
736
750
750
728
758
746
754
846
830
460
966
874
720
726
694
750
570
888
724
732
732
842
816
624
926
738
720
742
722
716
726
732
738
766
840
830
462
940
930
588
888
424
948
854
758
874
430
526
672
768
740
748
742
768
790
868
496
542
620
770
762
746
732
746
718
748
734
728
722
736
724
746
832
832
662
520
484
644
742
742
742
742
778
874
664
966
782
760
750
730
764
424
756
468
918
942
810
816
744
912
786
754
756
744
520
880
1032
458
514
656
470
932
880
732
710
712
704
696
706
702
722
752
788
532
926
546
1006
700
708
716
714
772
800
782
654
844
414
964
852
732
882
798
768
748
738
640
868
758
690
956
484
496
492
956
768
754
748
752
764
554
952
984
516
1086
730
742
742
730
732
742
742
486
860
758
962
450
498
576
862
464
932
526
458
564
794
554
1080
420
518
582
852
446
938
858
716
732
484
472
700
824
504
884
582
522
616
790
780
910
558
1018
758
748
754
600
912
514
994
740
740
848
734
504
490
696
760
764
726
744
734
736
736
722
452
912
814
952
782
526
962
706
744
628
798
490
940
502
916
990
518
988
732
520
880
604
1086
494
956
952
588
896
456
912
840
734
848
472
522
670
780
762
760
606
902
668
930
894
674
884
746
742
730
752
734
746
736
726
756
844
788
596
928
734
732
722
732
714
732
796
796
808
518
950
774
758
746
840
822
502
954
898
610
884
740
738
758
850
880
784
772
770
746
762
686
850
472
890
546
610
824
800
774
766
774
480
878
638
518
698
764
776
784
742
790
504
956
498
954
708
720
722
722
560
994
530
896
944
566
932
598
918
446
524
538
962
760
756
756
728
448
502
764
846
814
728
726
602
962
842
770
908
846
806
784
752
760
706
788
510
964
808
832
832
568
600
464
684
740
732
728
730
752
728
732
804
798
798
560
958
740
728
726
730
724
744
812
770
844
432
926
914
600
966
488
516
446
944
806
550
860
578
1034
854
638
558
448
744
468
314
722
602
898
446
792
1116
484
520
750
570
606
472
614
662
952
862
518
976
628
1004
732
740
740
748
742
746
830
502
474
672
762
760
750
752
750
800
854
684
430
540
762
766
758
738
746
752
762
762
878
486
958
1000
424
860
514
506
734
854
532
1100
442
900
950
658
806
516
924
462
524
596
852
470
892
876
446
870
688
866
478
936
714
680
744
684
668
660
640
662
654
654
648
634
650
644
646
630
642
660
668
448
688
818
498
834
480
852
444
880
676
666
656
672
668
676
696
754
730
686
678
674
676
688
780
770
742
748
688
700
680
686
692
576
802
472
874
938
764
726
726
694
698
698
686
710
794
496
830
952
726
716
708
722
726
710
706
716
726
702
714
706
780
824
796
780
512
882
836
734
728
750
830
824
800
784
758
742
730
726
706
730
732
724
796
832
828
790
494
862
920
726
726
708
730
710
712
722
720
730
784
806
566
934
812
754
732
746
722
730
712
730
732
734
734
730
762
778
846
822
808
780
756
744
740
740
722
724
736
732
724
738
732
736
528
924
770
736
726
732
756
792
474
454
768
806
416
500
630
742
674
816
642
872
758
740
750
742
810
864
844
800
790
746
734
740
728
750
750
742
488
908
892
848
820
812
762
750
742
472
944
592
976
762
800
822
808
782
646
854
440
1022
780
734
482
506
580
930
748
806
832
758
772
662
892
840
762
766
752
756
736
750
744
736
736
740
914
746
672
794
532
928
480
878
804
732
746
734
732
748
746
748
750
768
756
758
746
764
760
626
824
458
1008
786
744
744
760
762
766
784
738
438
510
650
516
618
542
738
810
804
802
550
1012
486
970
842
742
706
788
742
762
764
812
850
496
956
964
562
958
756
732
744
740
824
498
950
524
506
732
758
738
742
758
738
754
750
748
784
748
918
806
788
766
746
546
944
790
780
840
794
814
470
936
920
604
850
436
964
838
786
862
454
920
934
598
878
444
920
896
714
530
478
672
786
476
900
914
678
796
534
902
748
746
828
756
822
522
944
544
1032
496
876
1050
434
920
850
734
754
580
930
426
898
856
732
742
694
828
460
954
772
738
848
774
792
522
994
848
812
806
528
968
738
736
728
734
726
786
804
770
720
742
750
620
818
448
544
612
696
702
714
728
734
756
648
836
792
780
710
706
860
428
972
910
678
808
512
944
784
848
822
588
984
750
746
752
766
782
838
786
576
974
750
736
716
710
716
718
716
712
698
718
716
712
710
704
708
698
700
684
690
680
676
682
666
666
672
670
726
686
834
742
736
704
712
698
696
710
824
796
826
508
922
484
898
862
706
740
842
818
778
774
574
886
518
924
460
826
564
644
818
770
738
736
740
748
576
1044
436
466
792
498
884
984
616
862
464
928
468
894
1048
524
572
984
694
728
710
730
718
496
864
468
536
624
426
994
434
866
898
704
728
730
698
726
732
736
744
758
440
524
606
798
488
1060
458
868
966
614
902
746
722
746
742
962
570
1040
480
866
556
614
808
798
788
770
758
746
488
938
472
902
426
660
482
922
754
736
764
752
836
798
822
824
806
766
760
492
956
452
864
570
684
848
794
774
752
760
746
774
878
744
910
804
778
774
740
776
758
756
756
758
514
884
458
524
824
824
798
768
772
766
746
494
944
908
740
970
802
806
790
770
762
750
754
760
744
752
740
744
846
800
860
446
516
626
758
758
764
760
888
552
476
666
812
450
502
640
502
998
520
1058
496
540
498
968
478
516
594
830
532
968
748
756
848
824
850
484
932
936
644
850
490
940
460
520
660
954
536
894
476
512
622
740
690
792
550
980
436
546
638
784
574
910
506
892
460
544
600
882
458
496
618
760
750
480
902
1034
528
1116
494
882
942
700
782
598
1026
452
522
600
862
472
952
840
736
736
740
754
878
858
814
784
770
754
760
754
750
758
750
750
744
850
790
854
468
966
976
594
930
760
742
792
870
842
812
780
778
768
746
768
832
884
720
948
784
776
756
758
774
774
748
430
512
836
468
506
646
796
774
776
762
776
764
768
876
878
748
866
434
962
902
738
754
704
816
532
978
1016
528
1022
454
868
926
732
526
872
452
528
670
456
484
742
768
512
914
876
832
824
520
972
456
544
602
712
760
858
450
500
664
774
762
758
756
768
796
870
678
978
786
600
388
406
510
920
478
880
750
492
538
752
836
856
776
802
528
994
438
894
990
640
990
842
810
802
778
768
750
770
766
756
890
874
746
836
484
946
472
520
608
764
582
1152
480
884
1046
524
998
486
894
1074
480
506
682
802
580
536
476
620
902
766
758
792
864
842
806
810
572
994
448
892
984
616
1066
850
778
798
568
968
496
896
876
462
562
664
842
804
792
764
758
768
788
756
766
768
888
706
944
778
762
764
758
758
774
762
878
864
772
824
486
966
468
916
932
724
740
744
748
638
1060
446
516
640
794
612
930
490
904
1134
820
774
772
758
766
746
778
774
880
726
952
776
788
768
778
766
776
818
844
900
834
806
780
758
764
756
774
760
762
768
904
672
1016
514
918
932
720
476
454
436
952
450
606
520
978
488
498
620
490
980
432
558
508
972
902
752
788
600
920
740
748
810
882
830
806
780
770
740
760
496
924
480
558
526
982
492
464
662
830
534
948
886
548
1030
942
774
770
752
740
758
752
484
984
560
478
780
494
876
940
680
806
544
932
484
904
1066
430
490
630
748
740
756
792
886
728
904
440
926
952
630
448
454
488
944
478
550
540
978
834
746
754
760
822
844
718
912
758
750
770
740
748
748
774
866
840
742
844
458
956
858
750
736
736
868
728
946
780
760
510
940
448
550
606
992
484
884
996
610
882
448
948
866
788
866
504
926
980
558
960
780
870
832
804
788
596
930
512
904
476
528
620
908
458
514
682
778
786
752
770
760
770
1004
556
988
794
772
652
822
768
756
500
904
434
690
446
944
478
510
620
872
452
928
1012
542
1116
486
888
918
462
862
476
560
810
806
782
758
762
750
770
844
500
406
788
484
898
708
488
548
752
864
838
814
786
762
534
940
448
902
1036
508
1042
940
664
862
474
944
454
548
612
966
496
880
928
730
772
648
854
474
974
1024
514
1072
508
886
474
514
570
804
562
986
516
524
700
776
768
762
760
748
778
890
756
932
794
782
762
742
772
760
758
776
898
492
488
702
784
790
768
778
758
780
764
770
758
914
456
534
580
914
492
922
884
732
760
744
758
756
782
876
860
808
788
712
824
756
768
764
752
884
860
778
832
502
948
444
548
596
738
760
902
464
502
676
792
776
760
780
778
786
1330
470
510
642
1060
504
894
1008
482
900
542
502
642
876
686
1006
794
762
782
770
780
800
926
668
1004
486
908
944
664
846
488
944
454
518
650
1066
510
894
964
666
924
878
826
826
780
770
744
792
746
750
752
760
758
846
784
904
782
772
762
774
762
470
954
640
1160
504
532
500
928
750
758
772
770
772
492
922
808
544
632
800
780
778
768
772
776
768
762
752
790
896
676
1026
786
774
766
770
646
892
784
772
848
796
884
718
862
466
950
466
534
618
732
724
754
628
1004
484
896
1054
498
986
486
888
852
718
732
732
820
800
786
658
862
446
986
794
730
486
882
438
576
568
984
430
912
926
694
948
846
798
766
768
758
756
760
580
988
478
552
524
968
498
936
920
452
894
604
484
796
492
884
1018
466
874
526
510
666
844
784
856
476
946
866
756
752
750
778
890
826
804
672
882
752
758
712
528
1030
476
884
670
820
556
598
532
432
544
696
736
748
904
468
924
464
624
766
506
886
898
738
742
736
798
858
822
788
786
752
756
746
758
754
784
878
860
748
844
468
938
878
512
856
976
652
856
856
806
786
762
758
468
436
476
914
884
462
502
728
776
788
772
778
758
784
788
906
844
730
900
788
754
770
756
750
744
758
754
802
880
510
924
468
556
548
948
470
886
878
750
856
540
982
438
576
602
786
600
888
512
894
908
708
920
756
770
750
748
742
758
862
740
912
778
772
756
744
498
944
464
542
598
770
624
1078
482
870
976
620
888
448
950
856
744
740
814
848
534
886
448
532
734
756
740
762
450
928
482
664
800
784
766
748
768
760
764
754
762
1240
470
584
510
514
704
794
778
786
778
766
772
758
778
770
766
886
634
798
730
980
808
768
766
760
416
936
906
744
1212
432
532
858
828
574
1022
492
908
982
838
828
802
772
770
768
770
764
744
768
496
458
738
472
502
672
780
784
772
640
1010
508
780
492
896
1100
422
918
1138
488
488
564
756
878
852
814
820
496
962
440
548
618
894
436
540
718
698
910
802
768
782
760
768
760
774
746
758
1268
492
530
594
824
552
988
1040
490
964
916
742
758
754
788
868
864
836
794
788
776
754
744
738
540
966
470
884
998
604
1046
514
898
920
742
734
746
746
854
836
820
784
768
764
778
796
702
992
506
948
918
678
822
542
942
468
906
1132
780
770
746
756
734
748
752
870
842
590
1002
496
882
936
678
1000
792
786
766
486
884
470
552
616
760
852
448
514
648
818
484
950
492
522
566
978
484
540
630
774
750
766
612
878
530
924
466
838
554
650
798
784
744
742
742
754
738
742
864
840
796
784
760
758
486
890
874
734
748
758
868
736
898
768
772
758
762
756
764
760
882
850
746
880
778
754
762
748
754
746
766
856
862
750
860
440
962
646
1002
444
498
624
886
804
786
562
962
494
914
1048
480
982
976
574
938
754
744
744
748
760
786
870
690
984
784
764
776
764
762
746
764
752
766
758
888
714
954
770
792
762
754
474
940
868
752
750
692
228
792
822
772
776
756
748
750
758
758
882
680
996
510
930
886
754
758
662
844
492
360
822
498
504
552
886
492
898
900
744
772
874
852
530
978
506
490
642
736
762
740
754
864
780
886
784
776
768
748
824
888
842
754
840
464
948
460
522
584
384
542
660
868
496
524
686
794
768
776
776
780
770
844
878
456
518
726
812
792
786
1316
966
736
780
766
776
908
898
690
920
760
766
770
754
756
756
756
768
750
768
774
784
776
1156
940
604
1140
512
902
1080
452
940
466
512
606
490
882
476
726
928
438
502
662
766
760
790
788
904
862
696
940
768
778
784
768
776
762
776
774
912
642
1052
504
890
968
218
288
862
462
540
634
732
726
796
830
804
772
744
752
750
760
742
748
758
868
826
822
782
768
768
772
772
896
848
728
920
604
972
486
892
988
504
486
778
498
928
976
798
856
748
958
822
798
782
768
782
760
766
850
876
726
920
560
934
454
542
626
762
628
1050
494
892
1090
446
924
922
750
740
746
742
762
746
766
870
716
948
796
772
776
748
752
748
766
874
850
528
956
964
568
966
518
918
878
788
966
744
796
768
760
766
608
942
460
908
1014
850
518
554
818
864
832
788
832
486
942
892
750
752
930
496
850
458
692
814
778
762
752
738
752
856
510
482
656
776
772
768
624
902
510
884
1136
822
796
776
752
760
770
760
786
878
712
992
808
780
786
772
772
764
782
762
772
460
1052
454
508
838
834
810
796
548
960
478
896
1112
844
834
802
812
798
774
456
938
454
558
648
878
860
818
828
804
794
782
506
924
458
660
774
792
924
876
734
962
826
792
786
772
784
556
904
556
562
772
758
770
758
756
776
790
842
644
520
862
482
886
482
780
848
828
786
774
770
630
920
522
904
908
688
1064
796
768
770
740
650
576
1088
436
876
996
552
1184
480
880
974
618
938
864
836
816
758
802
502
874
378
634
606
742
504
1140
842
820
780
644
862
746
656
556
948
688
490
352
710
318
388
346
374
332
328
478
410
624
730
760
780
522
504
722
822
778
760
754
506
924
406
574
704
852
818
780
746
766
754
748
770
772
888
862
724
420
528
458
924
454
544
844
902
656
1106
498
876
446
598
596
998
486
888
450
520
618
764
992
754
856
854
836
784
796
778
784
772
772
760
792
772
776
778
478
454
648
886
502
506
700
792
746
806
778
774
772
778
780
1128
490
508
770
840
520
924
538
502
656
728
736
734
736
776
858
802
786
642
852
470
1026
462
876
988
492
502
626
480
454
586
740
736
740
890
500
500
594
866
462
994
836
738
748
742
782
858
858
786
772
532
966
438
894
918
736
734
736
748
882
838
796
768
760
752
750
752
754
892
698
976
492
904
446
540
656
970
840
822
804
776
776
774
794
766
872
756
948
492
908
450
536
644
922
454
934
434
592
810
780
576
940
696
782
590
894
428
920
852
722
780
854
818
788
742
742
736
734
748
728
738
742
760
792
864
772
834
478
952
444
882
882
700
716
732
854
748
856
454
948
438
896
1100
432
532
668
780
748
756
742
520
968
454
522
638
988
762
758
730
750
758
740
760
894
510
494
570
928
482
902
926
742
824
874
824
812
790
790
756
744
754
746
736
746
742
750
732
744
734
732
730
740
748
750
736
744
798
856
574
866
450
556
612
844
466
928
814
826
848
816
792
756
738
742
494
924
472
550
570
602
500
776
492
908
490
944
608
1142
536
896
1054
496
982
474
912
860
758
858
828
800
814
762
736
732
764
722
744
792
820
866
822
788
758
728
742
740
750
852
482
488
700
802
770
744
754
744
754
732
760
834
878
820
800
752
748
732
750
734
752
762
894
852
544
856
450
508
716
762
820
886
698
454
522
742
756
748
748
746
758
758
768
892
608
1050
448
884
980
612
864
464
502
722
576
956
480
504
614
578
914
470
980
