324
306
850
352
824
340
816
580
570
336
830
304
820
582
584
322
838
580
414
298
896
580
586
592
620
606
622
338
786
620
634
622
612
616
634
344
900
638
330
892
622
314
892
598
356
852
576
328
840
552
594
586
286
840
568
588
342
812
582
600
290
860
590
598
578
594
598
612
608
622
370
300
886
604
620
614
628
628
636
630
482
770
622
626
616
622
634
618
618
312
776
616
610
614
620
300
448
886
594
614
316
850
590
604
610
608
416
778
322
902
628
626
350
888
314
878
578
608
304
866
352
838
574
594
358
808
568
578
396
770
566
568
316
808
568
590
564
552
574
564
564
568
322
304
844
560
334
792
552
336
794
560
560
566
576
578
564
594
306
836
336
836
364
812
592
584
584
574
576
600
288
840
584
590
334
842
382
350
904
578
610
572
602
302
862
602
616
344
294
900
588
606
598
312
876
610
630
322
882
614
618
302
856
384
832
612
600
618
304
352
898
614
620
606
322
836
614
598
594
594
596
594
594
584
586
574
582
594
574
566
584
578
568
302
814
548
304
816
552
552
330
786
550
548
550
376
694
546
526
542
308
784
548
342
776
558
572
300
818
590
568
332
812
568
582
570
324
822
554
572
580
556
556
568
292
798
552
538
530
540
284
768
548
528
530
536
306
508
598
314
746
530
372
674
524
340
718
518
526
350
706
534
528
332
726
538
542
376
742
550
558
362
784
468
634
310
832
576
602
296
842
592
590
298
850
562
582
348
816
580
570
328
820
566
556
360
772
560
582
348
352
870
568
574
570
308
826
540
338
790
346
772
564
294
812
562
306
802
552
554
348
772
368
312
838
550
560
582
290
472
766
612
556
568
328
770
558
540
562
556
316
786
550
306
796
536
548
366
312
798
526
542
524
516
306
420
794
530
526
512
374
672
514
320
720
520
516
504
516
528
514
328
714
512
320
708
510
500
332
688
514
500
242
282
494
314
712
502
300
722
488
510
512
508
518
336
234
822
508
540
514
358
694
506
520
532
508
332
654
510
540
538
534
538
520
518
534
538
534
360
224
490
532
376
698
310
388
364
358
214
486
252
284
286
762
344
718
356
724
520
538
312
736
334
744
332
742
536
310
764
544
540
544
306
758
540
544
532
558
356
762
564
572
586
572
298
846
308
838
596
584
310
836
564
562
322
782
540
548
308
792
540
562
564
538
554
322
752
542
404
666
546
328
758
544
558
538
322
762
526
538
372
672
542
560
290
486
806
540
548
540
532
550
562
292
806
340
778
572
576
298
806
342
780
548
562
344
682
466
634
318
762
518
514
308
752
520
306
740
512
538
514
518
378
288
790
380
674
536
546
290
776
554
540
336
772
528
882
772
550
562
314
762
550
538
312
694
394
680
326
774
552
562
298
792
544
540
306
780
532
548
356
760
560
568
332
806
570
582
286
828
318
834
374
780
574
562
302
314
870
568
578
562
588
594
586
600
606
610
616
604
612
386
844
628
334
884
620
616
616
622
604
624
384
836
620
602
604
612
594
592
356
322
874
558
582
576
300
758
618
292
826
554
432
712
586
580
368
786
574
592
576
582
590
314
846
592
350
844
370
834
608
596
608
614
314
880
606
618
318
886
334
898
308
894
626
958
916
614
638
636
638
638
636
354
920
668
328
902
368
886
618
612
328
888
406
818
622
606
612
306
386
900
566
590
588
338
802
580
564
564
584
572
298
494
832
568
360
816
590
572
600
610
376
800
390
802
582
308
852
586
590
352
864
596
618
326
894
626
614
304
892
340
858
602
598
336
836
594
920
818
576
578
560
572
326
790
544
346
778
538
326
766
534
312
778
528
534
542
526
542
544
530
322
764
536
552
558
542
334
790
564
560
568
546
554
572
554
554
560
550
308
626
354
462
614
526
546
548
352
722
534
314
538
588
330
750
518
518
516
514
532
530
326
740
538
536
364
310
832
404
680
544
550
332
736
546
522
528
538
532
528
548
524
524
544
520
514
538
518
524
322
744
528
538
524
528
324
748
534
544
298
766
550
524
528
308
764
542
554
536
544
562
556
558
572
316
766
562
544
538
548
528
296
774
528
324
742
350
326
798
508
518
512
498
510
506
298
676
490
504
492
412
424
558
522
310
358
736
484
504
316
292
742
966
482
312
664
470
496
962
298
630
480
288
684
488
480
338
630
484
494
336
630
484
488
490
316
656
486
486
494
474
496
486
306
684
490
510
498
490
510
496
296
728
492
512
290
728
320
720
522
510
512
530
286
344
832
522
546
370
754
560
584
298
820
578
888
832
566
604
306
848
598
586
300
878
584
582
336
830
594
592
346
738
296
846
350
832
316
836
386
800
572
590
288
868
580
596
204
216
710
578
592
296
862
586
600
584
604
310
860
590
624
318
908
618
618
306
506
896
374
874
634
630
382
210
678
304
916
340
900
346
908
330
890
334
906
612
326
898
590
620
594
604
290
906
620
640
286
936
378
888
346
918
310
912
324
906
600
604
356
838
566
586
320
846
580
618
334
860
608
632
616
332
850
588
622
580
576
594
574
368
324
850
556
588
572
584
570
574
570
574
592
398
758
570
586
572
558
564
554
542
332
776
540
538
538
530
544
546
334
754
540
550
538
542
304
764
552
556
320
790
562
550
566
318
506
812
560
318
792
562
546
550
560
542
552
574
550
554
566
564
566
418
750
574
572
300
866
334
760
622
616
606
614
626
610
604
624
620
608
616
614
624
414
856
608
610
358
836
572
600
600
586
610
610
348
844
590
606
602
572
584
600
588
584
300
844
310
860
322
844
548
326
832
568
322
846
570
594
588
326
846
568
610
308
848
342
832
328
836
438
738
582
562
570
572
548
300
808
358
776
570
552
316
794
550
560
330
792
552
560
566
558
324
770
556
546
560
564
334
770
560
550
556
572
558
574
312
824
588
598
350
822
572
590
588
566
302
838
562
344
816
566
570
582
582
590
546
298
818
556
568
574
562
552
568
562
298
804
542
556
564
556
298
812
554
570
344
802
374
762
570
582
328
796
354
772
560
576
558
554
342
356
852
584
578
562
308
824
576
326
804
564
552
566
298
814
556
566
298
820
574
576
554
382
762
564
342
788
560
560
318
798
540
562
564
546
568
570
564
296
814
544
560
568
552
550
580
562
580
584
578
584
576
586
588
566
568
352
710
306
822
546
556
376
758
556
566
342
774
562
572
340
768
558
570
314
794
548
544
350
792
474
656
320
812
562
580
570
548
324
780
554
554
338
768
544
588
322
840
360
834
342
860
332
846
340
836
590
584
568
578
306
846
580
394
696
592
620
618
614
594
608
614
598
600
600
596
296
482
852
594
576
602
600
598
590
324
744
586
314
298
882
596
614
606
316
828
584
572
314
856
308
854
344
840
316
860
592
592
314
834
376
806
568
590
334
804
564
592
342
806
584
584
322
742
626
570
306
848
362
336
870
572
592
592
320
836
566
598
300
792
582
576
314
812
574
564
556
564
332
416
834
538
534
544
542
540
564
310
778
548
554
556
554
292
830
574
608
310
856
404
814
592
390
784
598
604
592
306
848
580
608
356
844
600
600
306
906
618
634
630
634
628
598
348
868
308
866
350
842
594
584
584
598
310
732
344
824
558
586
304
820
566
576
308
804
564
576
340
792
580
562
298
812
340
788
324
814
560
588
572
580
332
306
842
576
578
568
322
790
562
570
562
310
792
544
556
538
556
580
564
570
588
576
306
818
564
570
324
744
330
322
824
334
414
828
538
562
554
552
342
670
534
554
542
544
552
536
530
554
286
534
800
550
558
562
566
294
824
354
800
562
578
296
836
322
844
362
808
600
584
288
850
584
582
350
784
576
560
562
580
568
568
426
284
860
574
584
310
840
578
606
308
822
582
582
346
816
322
694
582
582
306
832
562
578
346
800
564
554
340
802
556
568
562
310
534
486
680
550
560
546
558
306
780
542
544
520
540
546
516
374
282
802
538
544
532
538
542
534
550
552
340
284
810
556
574
326
798
556
584
332
808
582
586
572
606
610
606
612
588
316
838
358
820
562
564
580
560
544
352
756
534
330
774
374
704
308
762
548
538
530
342
722
522
324
732
518
414
306
774
870
640
510
506
366
684
514
530
320
710
518
294
734
512
498
480
536
304
724
504
502
338
372
764
504
500
432
538
316
384
294
330
678
490
314
664
478
316
682
484
474
476
488
308
546
594
480
332
640
418
554
486
324
668
396
572
312
678
506
504
334
702
340
730
324
728
514
516
512
366
664
518
512
518
330
734
524
348
722
530
332
752
536
310
332
818
340
620
554
316
788
554
310
820
558
582
566
568
330
822
564
310
842
594
302
386
868
554
578
574
552
318
812
546
334
800
548
314
802
540
544
330
206
324
246
544
326
224
540
542
566
552
562
582
586
616
626
644
676
676
702
672
708
710
706
396
978
690
700
664
682
384
968
320
980
650
662
696
678
340
1000
700
726
728
730
312
340
986
756
392
1000
752
750
312
1034
738
746
736
344
972
324
1018
678
716
722
724
730
708
726
706
694
310
988
426
820
398
958
670
704
718
724
750
324
1052
770
770
778
404
1064
750
788
322
1048
782
772
752
378
1024
720
748
702
722
386
1008
692
706
676
684
712
698
700
692
700
712
390
980
712
708
706
692
700
448
964
702
738
712
730
388
1022
718
752
708
362
852
716
738
710
694
730
708
378
952
656
320
928
642
312
902
614
326
898
602
312
890
602
314
894
406
292
908
604
314
890
592
646
410
862
504
768
652
638
644
626
650
666
310
954
650
328
952
656
678
668
676
680
670
382
948
664
670
660
662
680
674
318
960
664
324
956
640
362
914
642
310
920
650
330
938
370
922
626
346
940
642
342
954
678
714
732
714
766
764
758
332
1016
776
744
768
740
276
502
766
332
1026
772
748
750
712
690
756
322
1000
706
696
400
858
376
316
606
764
352
628
796
638
650
668
342
928
652
356
950
678
672
670
688
670
370
300
756
774
576
810
688
726
734
358
994
762
326
1010
744
726
728
714
390
964
354
964
674
644
358
920
626
326
572
750
326
914
626
646
318
932
398
920
670
340
960
674
332
970
682
312
976
704
706
714
366
992
704
340
952
688
338
926
640
336
900
610
344
852
602
384
808
584
356
808
576
330
812
556
368
760
384
310
386
804
562
554
552
464
668
546
568
570
580
592
612
624
322
936
666
660
706
706
710
718
738
758
342
318
680
818
722
720
372
974
692
684
652
652
612
614
614
602
312
852
584
326
824
560
338
784
544
344
766
534
544
326
744
548
528
250
810
518
522
538
534
528
534
302
738
536
514
520
524
504
522
468
256
230
236
336
306
716
354
422
712
516
466
492
366
464
604
462
468
460
336
596
460
464
450
456
300
614
456
452
314
608
350
562
468
452
304
624
352
564
456
470
342
592
940
470
470
308
664
476
482
458
470
476
474
476
290
668
474
478
340
308
756
482
474
482
310
402
736
400
554
464
484
310
652
478
468
472
458
472
482
466
468
294
660
468
472
476
460
298
638
288
472
656
488
320
634
478
466
478
302
656
474
336
616
466
476
298
648
462
458
330
594
468
456
454
296
600
908
336
302
710
446
442
314
556
324
498
526
324
546
440
440
316
540
442
430
428
430
864
446
436
446
426
300
580
440
440
328
560
424
444
300
592
440
444
290
594
446
442
464
436
306
596
448
450
452
298
354
694
450
464
448
296
640
454
468
460
462
308
640
484
312
640
476
466
472
470
482
466
470
474
326
472
654
306
680
482
326
684
514
526
508
298
738
512
542
538
282
772
544
532
542
292
770
536
340
748
546
550
522
526
546
522
542
336
726
532
538
398
640
524
506
514
524
302
772
538
524
528
522
300
748
324
716
474
544
314
728
494
502
956
320
682
488
424
480
432
524
324
256
290
390
660
462
478
298
664
472
474
480
468
488
496
330
418
544
338
656
508
510
486
294
702
500
506
504
512
306
692
344
670
330
650
484
500
304
634
504
494
328
494
368
652
500
808
758
518
1042
528
524
526
354
370
720
1098
532
294
752
532
288
744
524
346
692
482
294
762
524
300
612
354
708
524
538
538
544
550
570
300
814
314
782
336
774
544
548
296
762
552
532
556
550
340
776
574
302
824
576
310
842
582
346
814
560
314
838
564
592
296
850
584
600
298
826
572
578
298
810
554
560
306
804
564
548
314
792
544
568
320
800
550
580
324
312
842
538
1134
560
564
576
294
806
568
570
554
570
556
558
558
566
300
818
570
562
536
546
538
512
524
294
710
562
530
510
542
292
772
430
656
522
550
292
782
546
532
524
538
314
744
530
522
350
696
536
530
542
532
302
758
528
306
752
516
318
732
520
350
704
508
530
516
514
336
700
510
518
502
512
292
732
510
304
734
526
342
700
518
316
724
534
520
524
292
728
528
518
500
514
472
520
508
502
516
286
716
504
516
316
632
494
516
290
304
394
232
286
368
218
414
526
508
304
790
530
556
562
564
570
604
440
754
604
620
434
784
338
862
346
834
582
588
314
738
588
306
864
578
330
310
868
576
586
580
332
824
568
328
878
602
328
874
624
642
616
642
328
942
626
618
336
914
310
900
320
886
320
860
594
574
292
860
482
716
316
862
612
610
298
886
580
618
306
884
322
876
314
886
316
860
338
222
590
300
212
340
282
576
312
476
812
336
772
536
304
752
526
328
720
522
536
510
352
712
520
222
822
506
528
530
520
320
746
532
336
752
528
358
746
540
558
310
774
868
618
544
324
762
538
300
754
534
308
756
524
310
744
536
518
384
622
316
370
764
506
518
298
608
494
510
498
486
306
676
488
314
676
490
300
664
484
470
488
278
384
716
456
476
464
480
464
468
356
586
482
490
482
486
328
656
344
628
514
512
312
752
524
548
332
758
322
776
316
772
330
306
816
548
550
552
338
772
554
564
368
682
312
780
282
256
292
254
346
246
258
618
508
518
508
348
680
510
404
326
766
508
508
504
516
490
500
314
686
536
318
718
514
314
722
522
518
522
282
752
542
548
538
326
756
536
548
544
532
532
534
288
780
540
552
544
560
288
348
840
532
560
338
306
804
522
538
538
526
296
768
522
526
538
522
308
762
520
300
770
520
548
292
758
536
524
502
520
296
746
532
526
510
544
538
534
870
494
858
588
386
790
628
640
332
970
662
690
688
690
658
682
402
942
318
968
306
954
348
936
334
910
622
636
298
898
618
656
648
634
622
640
648
654
678
662
672
678
664
304
928
634
672
632
634
402
824
664
644
652
304
926
658
660
656
330
920
638
632
302
890
612
612
320
850
584
580
348
286
876
452
742
424
760
608
382
906
636
666
676
674
674
706
336
904
738
766
744
752
388
1034
710
730
706
692
318
1002
354
1000
698
698
318
992
316
982
344
950
652
638
666
436
812
654
690
344
996
700
694
712
700
694
684
364
952
682
680
706
710
716
714
696
686
390
864
664
698
698
694
336
986
370
1000
744
732
730
744
394
1036
724
748
308
1036
724
772
318
1036
752
740
792
770
400
1060
332
1068
786
384
1032
782
790
748
388
1024
752
734
684
346
946
654
324
920
636
330
340
934
338
904
644
624
650
376
928
654
342
950
660
334
962
662
318
938
662
316
954
656
666
694
692
660
312
976
676
332
942
654
322
924
644
660
664
570
780
416
968
690
706
688
700
704
746
398
1020
694
740
730
722
340
1002
764
760
792
784
802
776
324
1052
770
732
740
734
324
1024
752
734
726
746
366
1006
716
350
996
352
992
700
726
722
708
366
972
356
326
782
780
712
744
334
982
724
354
980
688
680
676
668
662
648
660
340
910
642
618
612
610
610
592
566
376
778
564
322
810
550
330
794
552
544
546
546
314
776
552
548
546
552
548
544
546
346
724
540
532
524
534
336
710
528
328
724
518
348
682
512
502
522
510
310
700
502
500
510
488
340
552
556
320
664
498
492
480
496
334
636
490
470
482
362
384
660
412
536
412
524
468
346
594
466
476
436
480
470
462
468
458
482
460
462
472
348
596
468
478
462
320
636
392
564
482
488
482
310
674
490
488
366
290
736
492
498
500
490
506
486
298
706
492
504
506
292
696
512
496
506
492
504
496
496
508
496
294
708
488
504
514
496
506
508
502
516
516
522
518
502
310
720
508
526
506
514
332
704
530
536
328
720
532
518
528
328
746
544
542
530
548
550
528
362
298
822
538
556
532
300
786
534
558
560
546
346
764
544
560
562
548
294
814
556
294
806
530
290
816
548
552
560
548
314
572
774
558
552
552
290
762
598
300
336
808
554
576
568
288
818
556
314
812
568
572
332
788
572
564
304
834
570
580
588
452
734
580
320
842
572
590
328
818
352
816
566
558
360
780
566
572
348
774
546
558
562
538
354
754
544
558
556
328
748
552
542
306
796
542
292
786
542
548
548
322
302
794
404
664
546
318
748
550
314
772
544
358
710
548
534
542
542
532
546
566
548
560
564
546
378
780
576
298
834
588
598
304
854
590
574
582
596
294
844
570
576
568
564
342
800
566
588
376
780
344
790
554
550
360
672
530
308
790
548
582
574
562
310
818
342
784
562
562
332
776
564
542
542
554
548
568
304
474
826
584
582
596
316
860
600
612
308
886
582
396
738
594
598
600
584
596
582
592
586
314
718
576
580
574
318
802
558
578
310
698
548
292
752
542
532
344
732
522
530
336
740
530
534
522
536
548
522
540
544
532
552
328
680
546
566
558
560
582
568
562
576
576
570
560
578
582
558
582
576
564
562
588
300
868
594
594
602
604
402
862
604
624
634
628
658
660
396
938
382
966
660
684
402
914
334
934
628
644
334
920
320
916
614
990
874
600
624
502
752
598
628
362
898
332
890
620
688
650
682
646
688
408
952
362
936
314
974
656
692
680
350
996
682
340
1000
692
400
936
654
682
312
958
636
674
676
682
300
930
352
896
630
612
592
616
608
614
580
596
596
594
306
850
570
302
854
578
592
316
820
594
576
312
832
564
580
594
604
612
602
626
628
626
628
628
618
370
552
890
616
626
616
616
318
908
612
622
644
636
632
614
634
634
336
858
586
582
314
840
582
594
300
868
596
596
290
860
600
618
616
396
846
620
642
606
480
770
636
662
658
652
664
658
652
638
628
628
618
604
582
592
602
606
614
626
624
636
632
640
364
902
626
624
620
606
332
356
872
586
590
594
576
588
594
588
594
576
588
600
294
866
586
594
318
840
584
602
304
856
604
572
306
838
578
576
344
710
550
574
566
580
562
312
766
608
322
830
566
564
336
794
572
320
836
384
794
334
854
574
590
352
830
592
606
326
838
588
310
892
586
304
884
596
320
864
584
606
366
822
602
588
592
312
874
596
582
326
868
594
604
602
594
606
622
630
630
296
532
894
604
610
592
366
856
586
588
570
558
560
568
556
538
554
542
546
564
404
692
562
588
594
578
598
608
622
620
636
624
630
318
910
624
622
620
606
388
860
602
608
616
612
614
594
604
598
564
630
348
356
872
340
832
570
334
798
574
310
816
572
318
810
584
318
848
388
284
922
620
656
648
660
686
718
734
734
738
312
1038
700
720
704
688
360
962
640
666
660
648
656
650
630
624
616
602
590
596
626
608
602
596
626
388
838
596
628
612
618
598
598
614
612
624
618
362
872
614
632
372
716
658
644
668
400
898
648
672
674
668
678
688
310
952
354
946
354
956
396
296
916
624
654
628
628
614
620
646
628
618
604
624
626
612
618
316
842
616
314
312
914
622
654
662
338
932
638
658
664
680
686
702
686
690
692
676
300
970
666
668
658
654
380
890
628
368
886
602
320
886
624
620
614
404
836
344
864
624
634
348
882
396
884
636
628
644
384
944
398
950
350
992
696
690
658
710
692
690
660
320
340
950
346
930
620
648
626
636
622
604
604
390
812
560
362
772
576
346
760
558
348
356
824
382
722
548
374
728
876
774
554
538
546
300
256
322
766
560
554
558
584
322
806
588
314
868
616
612
638
628
640
636
330
306
406
228
620
634
636
632
662
678
700
692
718
736
728
756
748
748
740
710
340
958
368
464
928
644
652
358
910
626
616
416
774
594
634
628
612
640
626
632
646
318
934
636
350
894
618
636
638
626
624
642
656
662
662
310
1008
690
708
718
408
974
790
764
748
336
1036
730
746
726
704
392
808
642
658
634
640
440
828
642
312
850
652
432
828
358
882
602
316
896
598
338
948
658
712
700
706
726
704
730
692
678
658
308
950
666
670
662
686
666
690
692
706
738
422
880
534
818
774
736
742
724
374
866
674
720
390
974
644
666
660
664
662
632
622
626
616
426
774
590
592
592
312
858
592
608
314
822
598
590
602
610
614
628
602
630
648
636
650
646
312
968
360
940
332
940
342
924
628
612
440
824
626
640
640
650
680
378
934
650
370
956
656
658
630
322
914
624
612
592
612
642
308
928
430
858
646
616
598
320
876
614
616
612
618
640
650
652
364
960
676
696
696
720
392
360
1052
714
386
1038
758
754
732
742
720
732
684
730
718
724
708
696
716
382
464
922
644
656
394
784
360
882
624
608
612
618
604
622
642
652
368
920
644
646
660
412
918
668
682
682
688
682
696
688
696
686
684
342
982
688
668
656
668
332
922
612
362
902
354
374
916
342
896
594
632
624
628
624
636
356
904
610
384
318
882
444
356
698
334
878
600
602
618
628
616
614
648
362
942
652
682
690
708
702
712
716
728
692
698
686
698
424
966
688
672
308
968
384
930
642
642
618
630
628
634
392
778
620
646
358
888
632
630
634
430
336
946
618
632
660
638
376
810
646
688
672
308
958
648
684
666
688
330
960
374
980
356
974
690
698
676
682
312
964
656
674
672
678
322
1000
666
684
702
700
314
958
640
650
648
634
626
614
634
628
622
622
622
368
890
606
610
366
868
616
608
380
430
950
644
662
352
942
658
664
658
660
326
960
644
666
648
662
340
982
650
660
680
664
326
932
622
642
622
624
596
618
636
612
624
410
820
632
614
608
450
746
612
610
618
624
620
636
664
668
394
906
660
654
660
666
320
968
652
382
926
654
680
338
922
638
662
648
628
648
666
666
676
670
372
946
698
714
306
1008
706
698
692
670
316
968
644
680
672
698
310
980
362
924
652
662
656
636
334
958
658
660
642
640
358
934
644
362
906
644
628
624
602
618
638
618
628
630
636
658
654
650
356
936
668
670
666
644
334
948
640
386
888
650
660
644
646
668
408
936
650
312
944
654
662
644
398
910
396
912
628
638
630
634
644
638
380
928
648
668
654
668
328
928
644
644
654
622
332
908
612
636
632
626
634
634
644
638
646
650
652
648
384
910
650
654
668
644
346
966
648
690
660
674
328
970
664
670
352
926
636
648
638
620
414
842
624
634
350
918
642
680
350
922
656
644
316
934
380
810
634
640
634
638
424
876
644
362
904
640
646
634
640
416
358
956
642
658
632
640
638
640
432
846
346
892
606
612
308
862
604
586
308
842
414
784
572
578
572
302
822
572
324
806
572
566
322
804
564
552
340
782
570
340
780
570
346
768
566
304
804
570
304
794
564
308
786
568
308
794
574
568
562
574
592
608
596
616
648
412
870
638
620
650
654
446
834
362
890
640
634
620
632
434
780
632
640
628
644
418
838
626
618
630
314
886
618
300
896
630
610
620
414
792
620
604
590
318
874
436
312
882
586
596
602
624
622
620
618
642
648
394
896
640
662
658
364
912
652
664
662
658
656
646
654
656
638
382
362
934
642
334
936
652
654
646
616
622
638
314
898
596
314
874
590
328
866
588
312
882
608
310
894
612
318
918
422
328
944
626
660
668
408
944
680
672
678
690
702
708
316
982
656
664
676
662
656
644
682
666
382
938
662
674
660
670
402
974
334
978
640
662
662
668
642
306
970
674
314
954
658
680
678
316
954
664
648
428
770
668
712
686
688
696
696
716
414
954
330
958
672
672
402
950
674
686
686
362
946
660
366
908
616
356
856
606
364
862
588
362
338
450
882
604
594
622
376
864
614
372
856
640
624
620
656
380
984
680
710
742
322
1058
358
1028
356
1024
694
710
690
696
338
976
682
682
668
664
650
660
660
672
672
662
428
934
658
670
668
660
564
794
668
316
980
416
924
642
668
662
652
652
648
654
336
914
664
674
692
668
682
662
652
654
412
856
634
614
620
608
610
624
622
624
626
638
648
638
656
658
672
684
374
996
702
746
716
702
712
684
330
986
360
944
648
678
408
908
360
916
650
654
676
414
880
654
660
670
350
948
700
694
352
982
716
712
696
676
342
996
684
704
668
696
738
736
444
1014
774
734
400
1002
370
1016
704
734
350
1030
700
726
712
726
714
708
712
714
730
384
994
734
736
720
344
980
676
712
696
392
976
356
980
682
354
980
710
354
976
710
394
972
696
690
358
972
672
678
690
686
682
680
322
926
670
360
946
670
680
686
362
964
692
694
692
372
998
472
808
706
706
692
412
990
698
704
370
1004
682
702
708
366
1012
718
354
332
978
372
978
704
674
694
692
668
678
670
678
672
442
882
650
318
344
968
660
668
674
420
928
698
692
680
688
702
720
394
1054
742
754
744
386
1038
722
752
324
1000
704
714
712
720
336
456
846
736
366
1030
726
754
726
412
984
716
690
354
998
704
716
420
946
662
676
680
650
326
960
660
708
672
696
692
722
324
972
688
694
694
416
904
646
672
666
652
686
682
418
996
730
746
354
312
984
702
736
350
1012
724
366
1016
720
730
700
338
998
692
700
688
730
696
686
654
684
716
714
720
732
326
1044
718
700
734
450
970
350
934
678
654
674
678
662
670
644
654
672
674
692
682
356
1002
730
720
720
760
746
728
736
738
328
1022
402
982
716
702
392
930
382
920
646
650
646
644
456
776
352
906
638
682
660
664
394
930
678
678
682
670
686
722
712
712
714
730
388
1016
720
738
778
362
1024
356
1020
718
680
666
490
868
652
654
640
400
728
362
876
616
622
598
308
848
612
608
594
602
600
622
612
392
880
622
646
642
654
418
912
684
722
700
328
970
708
348
968
658
686
668
392
730
772
358
360
924
362
858
602
610
588
604
604
582
590
418
802
598
610
618
634
632
644
658
680
692
686
692
686
702
706
696
692
698
722
698
384
946
416
928
660
642
622
632
644
618
624
426
848
654
652
648
384
922
652
650
666
662
670
714
398
406
986
706
710
318
1016
704
744
388
994
350
1020
706
714
366
1018
366
1006
694
738
706
706
326
1002
696
700
372
968
676
686
660
684
354
984
656
682
696
682
418
830
676
718
698
392
952
694
692
682
664
670
694
708
390
988
428
966
698
408
976
692
702
722
418
962
706
708
374
972
704
702
724
706
714
330
1030
730
728
730
730
332
1036
710
364
998
676
672
686
678
666
676
352
820
680
646
652
378
870
636
638
630
606
636
636
620
622
628
654
648
400
902
384
912
682
660
426
896
660
658
648
656
652
382
912
626
644
634
622
628
602
612
620
620
638
628
636
652
648
402
400
914
346
884
606
582
596
612
594
612
622
606
598
596
602
616
614
388
888
628
654
640
664
692
704
390
960
682
670
658
644
616
650
470
804
638
626
644
366
876
614
622
616
428
790
596
336
834
580
294
820
580
572
566
570
580
592
602
628
628
606
614
634
380
886
614
482
816
648
640
620
620
628
628
626
612
406
858
620
630
614
612
634
410
832
630
624
632
616
634
638
626
642
360
786
646
358
926
474
836
640
318
904
628
338
884
596
610
628
354
856
600
616
624
312
360
894
326
864
642
310
898
612
420
840
394
340
342
870
334
844
572
354
818
456
722
604
586
600
314
888
614
352
884
406
326
920
622
356
856
606
326
856
582
356
828
392
810
576
366
830
590
314
840
556
342
798
562
548
472
386
818
554
586
598
586
602
636
620
644
646
660
682
676
682
658
680
676
654
646
360
876
624
608
608
584
590
602
418
314
870
364
802
600
580
574
586
598
428
782
426
768
626
660
658
660
684
690
678
374
930
666
672
676
674
384
926
678
680
358
970
686
700
458
836
704
700
702
380
960
708
364
986
686
366
976
670
660
652
686
690
358
362
702
710
698
694
692
654
662
394
362
920
540
688
640
622
610
622
622
626
612
614
606
302
892
400
834
618
612
408
852
620
632
610
638
642
332
902
632
654
384
822
656
674
400
952
658
702
350
990
716
338
1010
698
724
682
326
1020
708
742
722
736
306
1040
388
360
1014
498
784
696
342
996
680
674
682
706
356
976
682
658
414
900
634
630
624
644
654
658
670
642
404
918
654
662
368
958
660
670
648
654
658
664
654
674
380
956
660
680
682
684
696
682
700
704
708
704
682
706
402
980
674
692
704
408
970
686
726
704
362
1006
714
390
1006
718
716
408
1016
700
714
706
706
716
704
406
966
664
670
662
642
338
932
636
640
616
624
454
300
888
592
616
622
600
612
620
620
638
626
432
306
950
636
668
650
662
654
664
662
648
670
648
660
646
390
860
616
592
608
580
584
582
616
608
580
586
608
604
590
590
594
602
310
852
606
584
382
748
592
602
436
312
900
594
598
606
362
828
614
616
602
608
622
652
398
872
644
638
652
650
630
646
386
816
648
660
660
664
660
638
640
638
646
426
864
622
624
594
616
586
582
604
588
598
604
616
634
624
642
392
292
904
634
626
616
624
622
646
396
770
618
622
376
868
620
642
630
626
632
418
830
612
340
886
332
886
592
598
604
588
572
574
560
548
566
548
546
544
398
702
546
548
550
532
548
560
532
542
542
522
456
644
520
378
706
528
550
554
380
720
558
560
572
568
554
552
572
556
552
558
548
540
554
540
530
544
374
686
544
546
436
630
532
536
424
646
524
540
522
518
538
532
526
540
524
530
538
518
520
532
516
