894
826
836
846
816
804
826
810
812
818
824
820
828
796
798
806
792
818
796
814
814
806
798
806
810
826
824
826
812
450
432
740
806
800
826
562
1060
804
788
494
1066
784
768
752
744
754
718
484
494
694
808
832
840
830
828
846
842
870
856
848
858
834
816
832
810
814
818
818
822
810
812
820
816
814
808
816
820
806
806
816
828
834
830
850
842
828
828
820
816
824
828
816
820
814
816
834
814
822
816
806
806
812
814
808
832
820
828
804
820
818
810
828
832
828
830
820
820
820
792
818
812
816
818
806
816
820
822
818
822
812
824
818
810
818
822
808
818
818
802
806
810
814
816
820
806
818
808
820
810
834
832
826
834
832
836
828
816
810
824
822
788
798
796
796
790
818
816
798
848
818
834
840
840
840
846
838
824
822
820
808
816
816
812
810
806
796
802
792
796
790
772
776
786
774
780
776
790
782
776
756
760
752
742
734
738
734
726
746
758
764
780
780
786
788
764
762
744
748
746
760
754
764
762
756
768
764
786
790
784
782
652
532
426
636
868
774
782
492
1052
492
1024
746
730
726
720
720
708
542
882
770
744
750
746
750
742
784
792
812
490
994
848
842
842
828
806
822
824
828
822
816
822
778
780
778
766
774
770
772
762
518
1018
770
762
780
754
746
754
752
746
788
800
814
806
820
816
808
822
812
826
828
828
830
812
502
1098
798
794
786
768
748
752
758
748
774
792
794
798
806
810
804
812
812
808
804
790
778
488
1066
776
782
764
774
758
760
764
776
794
794
808
794
794
840
806
828
830
800
814
788
782
774
772
778
798
812
816
804
788
772
772
780
766
798
792
786
786
768
784
774
776
770
772
784
792
776
790
790
790
804
810
792
800
778
794
806
798
778
770
768
762
746
726
748
524
946
804
768
776
734
754
748
748
750
740
748
768
758
766
768
768
770
550
1050
780
784
760
770
772
766
488
1054
776
756
754
482
1046
644
838
752
748
524
926
776
758
784
768
778
770
808
800
790
488
1016
852
846
852
808
798
812
806
812
834
812
822
818
810
830
836
500
1174
800
770
736
658
684
656
652
656
662
652
536
728
644
600
446
724
624
594
608
586
578
564
574
550
560
558
560
566
562
570
558
572
584
570
646
616
624
634
626
636
640
626
634
640
646
646
648
656
654
654
616
704
656
648
626
652
650
654
648
652
646
658
640
642
636
648
640
650
644
644
654
642
654
646
656
644
650
662
428
768
664
414
858
676
638
648
490
716
470
780
666
670
692
668
658
680
664
704
690
710
704
702
700
690
686
400
810
698
706
418
832
696
698
706
672
682
680
688
692
690
686
750
508
674
654
446
684
808
686
416
790
682
670
692
670
666
666
692
678
692
692
680
696
698
696
700
714
702
712
714
698
694
702
688
700
696
692
682
678
674
676
676
674
662
670
662
630
670
486
764
672
674
690
660
664
656
658
654
650
670
666
664
672
672
674
660
656
648
648
652
496
716
656
650
660
634
632
632
632
430
738
642
642
658
630
628
630
626
634
634
634
648
650
648
644
652
656
406
722
690
644
660
638
634
626
630
610
612
476
776
392
766
654
648
658
646
622
622
632
626
636
644
658
486
750
662
646
680
654
666
654
450
778
524
666
640
620
636
626
638
638
642
462
766
666
670
690
656
652
666
654
656
654
656
652
654
512
432
418
610
642
622
622
638
624
626
630
368
856
668
620
644
630
624
640
636
646
640
636
636
646
626
624
640
642
638
650
650
634
460
706
634
626
650
626
624
556
666
626
628
642
622
620
648
626
698
682
678
682
674
674
680
678
672
670
664
660
538
758
652
646
642
648
578
662
408
744
638
542
478
724
634
604
660
624
640
630
638
642
636
642
648
654
658
552
404
430
618
652
624
666
634
646
638
636
510
774
636
654
556
326
396
432
760
520
434
288
738
582
712
668
688
682
660
668
672
648
656
664
674
666
666
674
664
714
678
688
568
754
676
666
660
656
650
638
644
626
624
688
652
440
762
710
690
692
682
680
658
668
650
650
506
818
448
776
670
658
674
642
644
644
648
642
648
416
780
676
688
694
678
658
678
484
778
684
676
684
652
632
646
642
654
670
664
700
678
672
680
452
770
676
670
674
644
644
636
630
614
628
616
606
664
636
632
642
646
632
642
632
648
514
762
646
638
640
636
604
622
618
612
586
670
640
644
646
632
636
638
636
518
758
636
644
652
622
604
620
606
612
600
620
626
642
626
612
660
410
850
632
586
684
634
512
458
388
582
616
418
724
626
628
630
612
620
586
602
612
598
602
422
776
626
648
624
618
618
618
608
626
616
634
638
524
754
628
634
496
744
626
620
634
622
612
614
614
610
612
608
602
498
788
654
526
810
662
670
652
626
634
624
632
610
624
630
620
620
612
608
632
638
652
660
652
548
730
664
650
656
642
636
638
636
634
628
626
632
622
626
630
616
640
642
654
646
638
642
650
634
628
630
622
644
672
668
506
846
680
662
656
660
642
654
636
628
620
614
612
580
610
456
702
474
452
778
698
532
664
370
724
626
568
646
428
724
606
578
634
520
646
620
622
620
614
630
632
636
622
624
634
616
408
274
608
634
632
624
612
614
612
608
614
620
610
608
620
612
606
608
610
612
604
614
614
620
608
616
622
620
626
616
604
532
714
626
636
634
366
746
628
634
646
406
750
636
606
654
640
618
600
604
600
592
598
648
638
620
642
654
642
636
652
658
664
658
664
662
664
662
626
646
634
632
638
636
642
628
454
484
380
544
620
616
448
742
644
662
666
650
644
642
644
440
842
654
664
678
636
636
630
624
628
444
820
634
644
648
624
618
610
612
614
604
610
608
614
612
606
492
714
648
572
686
672
640
526
742
632
622
626
598
598
600
596
456
710
422
680
596
590
602
588
584
594
582
594
618
598
608
608
404
708
606
608
632
610
606
456
736
590
590
360
704
588
576
606
570
586
574
572
580
576
568
566
586
598
602
470
746
544
674
616
586
594
588
586
592
578
574
586
580
580
576
582
574
580
580
572
580
598
592
596
600
598
588
596
596
598
602
606
600
590
596
596
356
792
590
588
610
582
598
576
582
576
578
560
574
564
574
562
572
592
578
588
580
578
580
580
578
590
594
588
596
584
398
786
580
1026
606
502
626
502
602
584
558
588
554
558
572
588
586
596
538
710
622
630
636
612
612
626
618
618
622
610
604
614
574
594
594
588
590
592
536
638
588
586
600
580
578
584
576
568
592
582
590
582
590
578
1040
604
568
572
570
576
572
378
666
584
568
592
568
406
726
586
588
612
492
648
582
568
596
572
580
582
564
582
584
588
584
592
582
580
596
602
618
614
612
618
622
618
622
606
586
608
550
524
742
598
606
582
580
562
572
570
570
570
572
560
574
578
578
580
490
688
584
598
620
596
610
592
616
618
606
612
618
410
738
640
650
652
608
652
616
626
596
604
602
602
618
610
616
468
748
608
614
626
458
722
610
616
618
604
602
492
702
612
354
748
630
628
364
766
644
618
370
752
632
620
382
760
636
618
386
740
630
620
380
736
638
638
644
626
626
626
624
416
744
646
634
382
746
632
612
380
702
506
714
632
620
612
628
616
602
614
610
592
588
586
596
586
578
594
586
596
586
596
576
576
576
576
374
658
586
574
506
630
568
564
470
632
560
556
584
550
552
550
532
588
598
496
696
606
588
354
766
568
684
636
612
630
626
614
596
592
586
576
572
556
570
554
484
620
556
562
576
562
566
580
510
574
578
584
552
432
610
548
552
558
534
528
518
746
588
570
572
580
568
584
580
576
578
570
570
574
578
558
564
544
580
558
560
554
550
544
546
542
526
534
538
522
344
606
558
544
466
616
542
530
558
464
604
544
568
562
570
578
568
618
594
612
604
358
748
620
584
620
608
606
630
618
666
498
814
454
870
674
658
666
658
660
668
656
684
672
510
906
742
730
748
714
726
722
726
722
710
714
540
926
758
746
722
724
720
718
754
748
812
764
822
820
800
828
810
822
828
792
780
754
716
726
736
716
724
716
722
452
400
644
720
748
750
776
748
796
744
760
756
750
754
784
748
780
778
750
578
888
766
752
758
740
750
734
744
738
748
784
516
514
500
674
702
538
906
760
738
772
756
756
760
760
758
822
778
776
782
760
776
766
770
772
772
766
768
768
772
750
762
810
764
830
794
776
774
752
750
758
764
780
774
772
774
754
760
736
734
744
744
732
742
714
720
482
982
724
732
744
738
688
498
410
610
700
534
932
730
726
736
726
768
736
742
736
738
724
558
868
712
700
714
716
708
748
750
754
788
800
792
784
832
806
800
800
800
776
740
764
776
756
774
492
1006
750
722
726
702
686
686
476
876
676
742
714
736
740
768
748
820
782
784
790
796
786
862
526
1102
776
760
746
760
762
758
766
760
758
752
756
748
746
572
970
766
758
740
744
748
406
1074
748
702
736
694
714
720
700
478
964
706
722
704
700
678
730
722
734
746
754
736
742
758
752
748
760
746
768
772
782
766
780
788
790
794
770
790
778
754
764
760
784
758
774
764
776
780
788
774
784
774
780
494
1010
774
776
764
750
756
764
752
786
780
518
1040
786
764
484
996
758
730
702
506
920
484
1012
752
714
710
720
720
712
766
764
804
772
854
804
794
788
766
776
746
752
752
738
756
732
736
754
760
748
802
506
506
520
704
684
700
752
708
766
738
734
724
584
838
758
716
644
738
764
738
744
764
792
816
834
846
824
780
756
748
756
748
752
760
776
414
436
690
728
702
826
750
746
752
740
706
428
942
684
722
700
692
694
702
692
750
762
762
788
786
464
396
680
746
758
740
738
742
740
740
752
438
1070
750
760
748
746
740
750
738
744
734
574
902
786
758
738
732
730
460
998
730
730
746
706
692
690
784
736
770
766
774
768
770
750
746
740
716
720
716
710
736
738
746
752
742
764
752
744
760
732
722
732
720
730
724
728
728
730
734
732
740
530
992
756
726
496
578
380
672
704
466
898
718
704
500
900
716
694
760
714
712
722
718
760
808
768
774
780
784
782
440
432
684
744
742
738
742
748
736
742
740
738
742
744
664
806
730
718
740
700
692
684
670
674
676
674
680
676
680
670
698
482
924
744
726
666
776
730
730
714
552
840
718
706
724
710
700
738
730
726
494
1024
750
756
742
662
766
740
724
708
702
494
888
780
722
730
718
714
716
752
722
792
772
768
776
744
756
764
798
504
1024
772
736
720
710
714
710
716
702
678
660
698
692
718
716
742
436
496
602
704
734
734
744
734
746
760
742
742
748
766
780
772
762
766
536
936
754
726
716
694
712
708
712
718
742
742
734
750
752
752
484
1030
750
724
746
540
878
718
704
706
694
684
672
680
670
674
704
442
948
1152
884
750
684
740
724
704
500
934
726
694
700
694
712
752
590
892
768
742
748
722
738
736
730
574
898
760
736
730
496
928
754
734
854
590
706
706
666
762
732
730
742
724
748
738
716
730
748
738
754
756
756
768
752
532
928
778
722
706
650
764
710
708
444
878
724
720
738
730
728
738
752
744
738
742
732
434
1038
748
720
670
748
724
736
734
746
764
758
758
760
782
476
1098
778
730
748
686
750
738
742
750
734
744
752
746
740
738
746
752
742
752
756
734
546
886
752
724
742
514
876
736
696
712
734
724
718
510
888
870
774
740
430
1022
726
730
756
724
736
732
738
738
760
796
770
772
768
812
594
912
816
770
472
1032
750
748
712
734
726
728
734
490
934
770
724
726
738
744
442
1010
754
736
732
724
722
724
718
748
756
762
754
756
748
736
718
696
694
734
706
704
704
716
708
714
718
702
726
508
930
702
714
704
680
698
566
798
740
462
948
744
700
718
696
704
702
732
706
764
738
758
808
742
770
764
750
768
760
758
756
754
746
736
748
728
736
738
728
722
712
750
452
1012
732
712
714
712
710
712
714
618
802
718
724
744
608
816
712
730
734
584
812
710
718
738
710
712
722
746
758
762
764
804
788
790
774
770
778
740
754
756
764
756
758
422
1060
742
738
736
730
728
478
910
590
860
744
400
862
718
712
704
702
844
564
696
744
724
730
760
782
760
768
780
768
766
550
872
756
740
496
884
752
718
694
716
728
704
498
916
776
728
744
744
736
734
770
778
786
792
806
802
784
782
788
788
790
786
574
922
772
720
710
738
694
692
714
600
862
726
732
754
718
710
710
700
694
708
670
708
764
702
784
778
770
780
774
774
770
772
756
754
756
754
744
762
768
764
752
760
752
752
762
744
736
710
696
732
712
686
706
764
722
734
732
720
732
738
726
740
736
738
734
730
726
732
752
738
736
734
742
786
746
762
752
742
750
748
742
734
726
732
728
724
736
734
722
734
716
524
878
744
732
726
698
590
810
698
692
430
870
730
732
418
886
766
732
748
754
740
772
758
766
502
1014
762
752
736
718
764
748
740
756
734
748
580
908
736
738
756
566
866
728
712
718
706
708
718
712
730
750
752
732
782
754
750
776
756
486
998
492
936
752
694
688
458
940
714
696
704
700
694
712
704
776
770
790
780
794
786
786
800
788
782
790
760
502
970
748
736
752
736
714
728
718
724
740
742
728
740
744
736
752
756
750
478
1022
748
746
718
474
930
752
404
850
712
688
712
688
684
688
740
734
734
744
816
780
790
814
784
796
792
444
1080
742
734
728
724
504
396
544
690
702
720
530
880
728
742
746
718
766
744
738
760
752
744
784
768
784
770
766
774
764
758
762
726
404
1048
750
736
736
716
728
726
714
446
1022
732
722
720
718
706
482
930
748
716
738
726
718
720
714
764
736
732
752
758
740
748
516
948
762
762
734
708
712
716
702
702
736
766
730
470
1078
752
770
726
734
756
748
742
776
742
770
762
766
770
452
1080
766
738
728
438
994
712
722
708
686
700
700
686
686
746
720
718
738
502
948
776
748
720
728
724
710
494
948
758
772
754
732
736
744
492
1004
732
738
760
742
746
744
728
734
438
1030
770
736
738
740
730
740
738
752
752
742
802
528
994
754
708
700
486
940
734
724
740
710
696
714
714
732
748
772
790
780
780
786
756
778
774
392
1132
582
888
802
730
774
758
754
760
806
810
830
824
808
794
784
764
726
758
748
742
742
738
738
722
738
726
722
524
892
712
758
716
618
762
766
718
718
730
718
724
722
718
710
772
736
732
780
752
744
738
740
506
948
748
742
714
622
728
690
494
896
734
706
720
712
768
730
740
754
734
740
776
748
750
752
442
966
596
856
734
476
828
1120
818
700
396
802
680
652
400
852
680
514
626
838
782
740
638
858
736
744
776
748
744
732
698
736
722
488
948
624
806
752
488
856
466
854
730
686
404
850
698
620
510
796
720
492
680
856
604
846
764
732
738
698
730
728
710
734
738
482
1038
492
966
784
716
702
688
676
684
606
488
934
570
874
442
834
736
674
718
704
690
702
742
726
748
766
804
798
490
396
730
768
758
766
766
610
880
814
766
738
736
728
728
712
726
730
724
766
730
486
668
678
664
708
670
728
728
528
930
732
726
694
722
712
722
726
710
754
738
726
742
734
720
728
716
694
708
582
826
764
726
728
704
710
700
734
730
720
780
742
734
766
774
470
1062
768
514
904
742
728
722
692
720
716
704
722
730
746
744
742
736
744
752
782
758
744
742
746
422
1042
718
728
694
556
782
700
668
706
564
838
508
504
460
676
694
724
722
730
760
756
750
762
764
536
992
790
778
766
740
730
734
470
948
776
726
708
708
700
694
702
706
742
726
534
926
742
736
676
708
704
766
726
726
736
722
736
726
734
728
728
726
742
664
782
730
422
940
728
706
698
706
702
698
702
722
714
726
734
732
716
714
716
528
926
522
916
754
698
696
614
746
680
668
484
918
726
710
730
576
832
486
918
744
712
490
922
738
720
740
726
728
728
750
738
786
810
794
800
776
790
794
774
756
758
732
744
742
756
736
740
746
744
502
920
756
732
724
708
706
700
688
698
694
756
734
728
804
758
786
760
760
450
1034
504
942
768
690
486
840
680
660
690
682
694
682
748
654
800
716
708
732
756
750
534
1012
766
740
738
748
738
732
740
738
424
1066
486
1002
742
710
724
718
708
724
706
702
768
754
732
760
788
512
1050
800
792
734
744
748
732
718
730
716
720
728
722
720
746
736
750
756
752
758
722
454
1008
736
712
738
712
698
710
716
484
940
756
732
706
706
714
710
716
716
740
456
1022
740
724
466
1022
734
730
740
474
914
726
720
730
712
712
716
444
1020
724
722
478
944
492
476
548
712
672
684
702
442
980
716
704
528
932
740
712
706
530
876
700
756
606
832
742
722
738
726
710
728
718
766
490
1034
498
1006
748
722
716
710
704
698
754
738
742
744
740
756
744
730
520
932
772
730
778
576
816
716
696
744
718
696
712
698
704
670
688
698
546
870
742
722
718
710
712
714
706
744
716
776
746
734
728
718
716
724
718
722
722
718
722
718
728
726
724
714
724
724
720
730
698
712
462
488
550
670
710
700
608
740
452
828
716
690
706
706
720
716
714
764
726
516
630
1052
726
740
702
622
732
718
504
866
708
736
734
724
736
406
614
486
378
418
660
712
706
706
600
866
752
738
710
512
894
506
906
714
714
720
636
688
386
422
404
438
758
578
802
722
684
382
814
678
488
686
858
672
702
592
776
682
486
904
726
702
714
680
698
734
704
724
782
742
736
770
742
746
576
878
542
932
774
704
684
672
676
676
716
712
710
714
494
828
672
654
688
674
678
686
674
748
728
708
780
446
1046
752
706
748
710
710
724
720
708
758
632
848
752
746
744
732
720
388
1048
726
722
734
710
708
472
902
460
1032
436
984
700
672
692
694
688
774
748
736
740
726
736
728
732
742
756
740
488
962
764
736
492
896
782
712
714
600
818
706
710
722
560
854
744
724
746
738
422
1034
722
736
746
720
732
730
788
752
740
764
746
738
750
732
724
734
726
724
736
738
722
754
486
936
744
714
674
648
670
652
718
686
674
684
718
416
948
754
704
708
730
708
700
698
710
728
708
708
544
924
760
572
856
716
536
880
700
706
706
478
872
500
890
750
704
682
714
702
412
1028
720
722
756
726
720
718
704
736
752
734
750
750
500
998
738
736
722
530
844
688
682
740
684
708
694
686
700
726
720
444
1014
730
732
718
698
684
692
696
690
736
478
932
740
724
676
698
682
688
682
722
706
706
496
876
742
694
706
680
678
544
760
702
664
710
696
670
698
716
702
712
534
890
744
726
738
720
714
720
706
706
490
910
746
706
716
702
706
704
700
694
710
718
416
1040
726
712
686
702
696
708
714
714
726
714
718
710
708
592
864
724
732
692
474
864
466
932
704
670
488
812
678
656
682
644
704
714
714
720
780
778
754
532
982
558
882
506
996
732
690
686
680
686
676
672
736
718
724
724
728
716
710
712
710
760
732
724
728
432
934
742
700
672
536
810
674
670
688
648
382
836
698
542
816
692
678
684
660
670
670
742
688
700
666
770
704
758
710
710
720
706
718
720
714
438
938
768
704
740
698
498
888
706
622
806
720
698
710
690
446
1018
708
744
736
718
704
722
712
702
712
608
770
596
820
732
730
710
724
692
682
676
668
400
872
730
682
746
704
698
724
672
706
748
698
606
876
722
708
726
704
686
698
690
710
722
740
710
734
724
404
1046
732
714
724
708
692
694
694
700
704
720
712
724
722
706
716
708
712
444
1004
722
726
700
606
710
696
424
896
716
662
684
696
702
696
696
720
716
752
452
1004
762
740
722
722
436
990
712
708
720
702
710
714
700
704
710
706
696
718
698
706
722
730
708
708
446
1026
722
694
696
696
694
698
698
698
696
690
704
690
534
882
742
716
712
688
688
686
390
946
626
850
730
660
676
678
676
698
692
720
730
722
736
738
734
746
746
732
744
448
1006
774
744
704
702
700
704
494
868
730
690
714
692
696
686
708
722
724
722
760
726
744
752
444
874
880
522
906
748
682
668
696
466
884
730
688
716
696
692
552
844
694
782
718
738
724
430
948
742
700
712
620
754
686
710
730
712
710
456
784
694
672
724
680
662
656
658
658
656
650
648
652
644
636
626
558
680
620
630
632
616
334
774
632
622
630
608
464
460
328
614
632
436
608
852
638
460
566
870
676
664
644
644
658
640
670
672
678
692
710
698
712
700
696
706
696
694
688
698
674
672
654
660
648
862
944
700
648
638
638
624
636
636
638
638
638
646
636
658
428
810
682
660
676
652
428
858
654
640
658
636
474
764
634
622
636
624
624
614
616
634
628
632
636
652
668
668
680
690
690
690
690
528
864
700
694
704
680
680
684
664
670
658
664
656
660
658
540
742
650
664
676
512
760
664
682
674
636
644
592
696
648
674
666
676
692
678
686
692
700
696
704
716
710
710
706
706
696
708
686
680
678
688
676
672
672
678
662
660
660
674
678
524
836
692
692
668
666
436
876
680
666
686
504
798
658
650
674
656
652
654
410
904
704
684
694
660
682
670
676
686
588
790
688
694
700
674
676
684
670
682
684
690
682
676
588
750
672
684
688
644
652
648
646
374
850
670
644
652
630
464
792
650
460
746
660
666
678
336
848
688
674
684
678
678
684
508
368
522
664
690
644
420
416
598
510
842
658
588
668
756
662
670
650
640
654
650
638
642
690
678
670
668
660
690
668
668
678
660
660
494
850
674
664
660
652
660
586
468
682
742
580
470
756
652
632
400
764
716
666
690
662
666
666
682
696
448
872
780
692
416
496
504
644
674
494
830
676
666
656
658
650
652
656
658
654
656
418
804
668
634
702
654
652
672
400
780
704
662
662
678
654
666
668
656
652
668
712
690
666
664
676
670
660
666
662
666
658
666
666
668
680
676
682
580
776
674
676
684
678
676
676
662
672
670
672
664
666
670
668
654
654
650
644
630
330
798
648
628
648
628
628
636
638
642
636
656
660
642
704
688
612
754
676
668
676
646
640
630
400
746
652
634
662
644
646
646
644
488
820
674
668
678
616
686
666
636
654
650
672
680
682
694
676
680
690
680
680
662
656
662
658
646
650
656
430
808
680
646
660
648
408
772
660
492
588
760
642
444
652
792
676
670
360
822
672
648
674
652
656
396
876
696
668
678
660
656
664
658
650
652
656
654
646
644
658
652
654
644
644
648
644
430
766
646
640
360
808
652
628
662
630
636
636
632
626
650
660
658
656
442
874
698
662
672
656
654
666
644
662
648
652
656
654
658
648
654
666
662
654
658
664
660
666
670
402
918
590
760
680
654
632
616
622
622
620
612
606
620
604
608
608
604
614
614
618
622
616
612
616
620
526
664
614
612
1134
648
602
596
610
608
606
608
544
672
640
652
662
650
390
780
652
646
654
638
638
654
670
404
804
572
828
594
756
682
654
650
642
630
630
394
546
848
502
762
644
618
626
618
618
616
618
564
662
632
646
632
630
628
634
634
420
862
534
734
642
500
728
616
624
632
614
614
610
630
556
704
628
644
654
638
648
652
644
656
644
638
514
742
628
620
660
626
626
620
596
646
612
624
478
746
624
628
634
622
610
616
618
616
622
626
626
626
652
654
642
532
768
638
652
632
636
628
624
620
618
628
614
622
622
542
650
606
616
618
608
610
614
616
616
624
632
474
452
390
606
636
640
622
638
620
624
632
622
616
442
784
610
640
636
622
604
604
610
540
676
614
616
626
606
602
616
608
450
448
404
546
602
634
620
616
622
620
622
628
632
640
628
634
650
410
778
646
628
416
756
646
514
492
858
616
628
604
600
606
430
474
422
516
612
612
604
616
610
616
624
632
640
464
772
668
658
674
642
650
646
644
654
640
624
624
614
616
616
616
608
602
598
606
594
604
602
606
604
610
604
624
632
626
634
640
624
652
630
520
738
636
362
782
644
642
644
624
610
608
622
616
618
638
640
654
640
658
640
640
668
646
658
652
654
650
620
634
632
620
646
636
692
360
752
646
622
814
558
662
388
708
604
586
628
622
622
640
652
664
444
936
728
728
736
554
860
724
718
728
634
772
718
696
698
560
824
696
692
716
700
710
736
730
742
736
746
746
748
766
714
722
690
688
694
696
696
726
734
716
422
942
724
688
708
672
674
680
668
686
716
702
696
708
694
700
670
654
648
646
576
776
664
672
684
652
666
648
700
704
706
664
798
508
902
744
694
682
670
628
686
680
692
736
706
594
886
762
736
722
572
840
706
712
678
650
678
514
850
684
712
732
444
578
452
642
668
684
692
692
696
714
712
492
948
740
730
722
728
736
430
1000
728
700
688
696
682
674
716
426
938
766
710
716
616
758
694
692
712
488
434
500
638
676
436
918
692
684
394
1010
686
684
720
696
716
728
744
744
466
1010
734
734
706
702
688
702
540
870
718
702
698
698
696
690
712
728
720
730
724
726
732
728
724
574
874
724
714
696
714
692
700
712
700
708
706
714
718
738
714
682
802
726
718
712
696
702
678
698
686
706
680
740
706
654
690
694
672
676
672
666
666
662
670
576
718
652
662
486
772
664
624
722
668
676
688
700
702
550
866
754
720
728
556
868
718
512
916
718
708
730
716
716
732
742
744
724
758
812
758
762
778
758
744
752
732
726
730
734
706
728
500
898
716
716
704
698
708
632
770
706
708
712
704
478
874
520
504
374
644
690
680
676
684
610
802
710
708
692
696
760
754
740
758
748
750
492
972
452
1004
736
704
666
704
672
666
688
668
694
758
756
744
750
710
720
714
604
798
700
700
714
690
692
704
716
742
740
748
516
948
