1126
1154
1164
1210
1242
1222
1240
1232
1252
1286
1270
1214
1236
1066
1280
1222
1116
1158
1192
1164
1220
1248
1210
1214
1220
1196
1208
1208
1216
1186
1218
1190
1218
1212
1200
1202
1194
1204
1204
1188
1216
1202
1200
1204
1194
1220
1206
1204
1222
1204
1222
1186
1200
1218
1192
1206
1202
1202
1226
1194
1208
1216
1204
1232
1232
1222
1226
1218
1196
1222
1186
1202
1226
1118
1162
1144
1238
1234
1268
1358
1252
1272
1218
1212
1234
1224
1214
1214
1214
1204
1204
1248
1222
1232
1122
1144
1190
1164
1154
1222
1218
1230
1254
1242
1276
1274
1202
1204
1236
1228
1222
1216
1206
1196
1198
1212
1206
1186
1216
1224
1238
1232
1244
1226
1248
1224
1204
1226
1160
1214
1176
1196
1154
1200
1200
1174
1162
1208
1198
1202
1198
1194
1196
1190
1190
1208
1194
1192
1218
1196
1224
1226
1208
1234
1234
1204
1214
1204
1194
1216
1220
1214
1230
1232
1236
1234
1260
1190
1192
1234
1186
1198
1200
1176
1204
1208
1222
1168
1196
1170
1166
1162
1176
1164
1180
1206
1188
1218
1208
1190
1204
1212
1216
1226
1234
1202
1204
1224
1206
1218
1230
1230
1208
1222
1236
1236
1222
1236
1216
1202
1224
1212
1230
1202
1230
1208
1216
1202
1190
1204
1170
1198
1200
1194
1216
1208
1222
1220
1208
1196
1230
1226
1194
1184
1176
1174
1162
1190
1144
1188
1144
1186
1220
1222
1206
1262
1228
1250
1250
1206
1232
1232
1196
1218
1214
1236
1258
1272
1248
1264
1250
1262
1252
1272
1250
1236
1230
1258
1228
1250
1228
1244
1266
1248
1230
1238
1124
1296
1126
1170
1190
1178
1266
1278
1268
1280
1288
1192
1212
1202
1174
1170
1226
1224
1218
1236
1254
1256
1288
1282
1266
1282
1260
1262
1264
1246
1274
1266
1264
1270
1238
1238
1128
1178
1206
1152
1208
1248
1258
1252
1250
1260
1424
1070
1360
1192
1194
1208
1222
1184
1204
1204
1188
1200
1194
1186
1196
1176
1224
1202
1218
1218
1200
1222
1212
1186
1208
1216
1240
1252
1242
1248
1268
1238
1230
1226
1238
1214
1204
1236
1204
1206
1246
1234
1274
1220
1262
1256
1232
1268
1274
1244
1232
1232
1242
1218
1232
1220
1212
1204
1226
1210
1194
1200
1206
1186
1210
1188
1206
1196
1220
1208
1224
1204
1226
1210
1210
1226
1218
1206
1214
1192
1206
1186
1244
1210
1218
1214
1236
1216
1222
1214
1208
1214
1208
1186
1212
1206
1206
1244
1222
1242
1198
1204
1224
1194
1210
1200
1184
1200
1178
1186
1208
1188
1226
1228
1222
1240
1242
1244
1254
1218
1252
1236
1216
1220
1234
1218
1230
1234
1250
1232
1230
1250
1232
1218
1240
1218
1250
1234
1234
1258
1228
1248
1234
1244
1228
1202
1222
1230
1208
1230
1222
1236
1234
1218
1246
1192
1208
1228
1202
1210
1220
1204
1226
1202
1236
1216
1224
1226
1208
1230
1224
1236
1186
1174
1184
1160
1250
1242
1226
1252
1240
1258
1214
1210
1218
1200
1216
1228
1208
1250
1230
1222
1222
1232
1210
1208
1204
1212
1210
1216
1232
1230
1228
1238
1254
1214
1198
1198
1206
1196
1208
1192
1198
1214
1226
1194
1182
1200
1194
1186
1196
1182
1190
1194
1182
1188
1184
1176
1194
1172
1208
1180
1190
1210
1216
1214
1216
1206
1220
1190
1208
1176
1166
1192
1198
1214
1206
1196
1210
1186
1224
1178
1164
1162
1146
1182
1184
1178
1196
1186
1170
1162
1170
1152
1152
1164
1166
1158
1146
1152
1158
1142
1160
1156
1184
1192
1214
1198
1228
1200
1188
1214
1198
1198
1194
1196
1202
1182
1202
1200
1198
1218
1200
1218
1210
1208
1198
1220
1194
1214
1202
1202
1196
1224
1204
1210
1226
1198
1216
1208
1210
1216
1194
1180
1194
1182
1216
1192
1188
1226
1206
1218
1226
1234
1232
1206
1228
1220
1242
1230
1226
1240
1256
1260
1234
1274
1230
1238
1240
1224
1228
1212
1222
1244
1200
1176
1178
1192
1128
1174
1188
1276
1266
1356
1334
1204
1218
1302
1130
1172
1116
1178
1186
1182
1206
1178
1216
1178
1182
1190
1170
1188
1184
1206
1206
1198
1222
1212
1218
1246
1242
1236
1240
1246
1244
1224
1238
1252
1240
1220
1188
1212
1200
1206
1224
1232
1206
1212
1216
1188
1182
1202
1148
1158
1218
1224
1192
1180
1190
1192
1214
1196
1204
1198
1182
1146
1166
1180
1172
1172
1190
1202
1186
1220
1218
1232
1256
1250
1240
1258
1158
1198
1184
1186
1186
1206
1204
1192
1192
1186
1208
1178
1164
1178
1176
1178
1186
1168
1196
1188
1218
1222
1198
1190
1194
1194
1204
1178
1190
1186
1176
1190
1172
1184
1182
1166
1180
1090
1246
1176
1166
1192
1180
1208
1192
1180
1194
1156
1196
1156
1164
1178
1188
1186
1182
1204
1190
1206
1186
1214
1188
1198
1260
1132
1148
1170
1154
1212
1204
1248
1228
1236
1216
1200
1136
1158
1162
1180
1170
1144
1170
1162
1156
1218
1196
1198
1176
1224
1206
1224
1236
1218
1224
1232
1246
1208
1198
1192
1204
1196
1222
1190
1176
1184
1158
1178
1168
1150
1180
1176
1198
1172
1196
1172
1264
1138
1082
1148
1134
1140
1158
1110
1154
1130
1178
1150
1172
1178
1172
1194
1182
1180
1198
1208
1184
1210
1180
1176
1210
1212
1200
1182
1194
1202
1184
1184
1128
1180
1150
1130
1198
1202
1214
1196
1208
1226
1202
1216
1212
1192
830
1126
1232
1236
1242
1236
1238
1244
1226
1256
1234
1246
1244
1228
1222
1234
1244
1206
1190
1244
1184
1202
1170
1178
1200
1138
1178
1164
1194
1190
1192
1192
1190
1148
1162
1174
1174
1154
1178
1224
1064
1066
1114
1104
1066
1126
1124
1104
1130
1102
1128
1120
1100
1116
1122
1120
1114
1132
1106
1136
1164
1128
1148
1132
1132
1146
1152
1150
1130
1142
1148
1180
1202
1178
1200
1202
1180
1194
1152
1174
1148
1088
1104
1118
1124
1116
1118
1132
1080
1132
1142
1142
1128
1142
1130
1150
1130
1154
1142
1134
1130
1126
1126
1128
1140
1118
1100
1114
1110
1094
1102
1114
1118
1116
1092
1078
1092
1090
1090
936
1034
1070
1070
1078
1078
1054
1094
1112
1116
1090
1096
1106
1104
1074
1094
1086
1126
1116
1138
1138
1166
1132
1140
1148
1132
1140
1146
1166
1162
1136
1140
1136
1132
1124
1138
1152
1136
1128
1142
1122
1138
1130
1148
1138
1166
1152
1276
1090
1152
1148
1116
994
1330
1144
1156
1168
1166
1148
1158
1140
1148
1132
1136
1162
1144
1202
1100
1120
1088
1186
1086
1106
1116
1140
1106
1128
1082
1142
1144
1096
1240
1170
1198
1188
1182
1178
1172
1176
1202
1166
1148
1170
1158
1150
1188
1182
1184
1164
1176
1182
1214
1194
1176
1194
1196
1184
1224
1214
1212
1202
1230
1230
1232
1264
1248
1236
1274
1246
1226
1240
1228
1222
1234
1240
1258
1226
1260
1252
1242
1232
1230
1210
1248
1198
1174
1170
1160
1184
1154
1180
1184
1186
1184
1148
1222
1208
1222
1218
1204
1234
1202
1230
1246
1216
1226
1216
1204
1214
1204
1222
1234
1212
1194
1202
1206
1214
1228
1200
1250
1236
1222
1230
1238
1226
1226
1234
1222
1256
1230
1232
1130
1386
1058
1400
1072
1214
1256
1176
1252
1194
1054
1130
1144
1224
1246
1264
1220
1234
1256
1216
1234
1190
1212
1176
1220
1170
1240
1236
1240
1228
1232
1208
1212
1232
1234
1212
1238
1238
1244
1226
1240
1246
1260
1230
1210
1242
1234
1238
1254
1208
1256
1242
1226
1226
1222
1236
1214
1220
1194
1222
1194
1192
1190
1168
1170
1176
1186
1214
1200
1194
1196
1188
1200
1200
1214
1218
1224
1258
1210
1240
1232
1210
1230
1198
1232
1218
1218
1214
1206
1226
1200
1220
1240
1248
1246
1208
1208
1206
1224
1196
1190
1184
1186
1194
1206
1202
1230
1236
1226
1254
1218
1232
1220
1222
1248
1214
1226
1228
1226
1238
1252
1252
1274
1276
1266
1278
1296
1252
1220
1258
1246
1230
1246
1228
1236
1226
1210
1224
1184
1204
1218
1216
1232
1248
1236
1260
1230
1188
1252
1208
1194
1228
1210
1180
1246
1222
1250
1232
1246
1242
1220
1234
1238
1240
1278
1238
1268
1268
1272
1274
1276
1284
1262
1264
1262
1242
1270
1096
1200
1170
1246
1254
1264
1492
1144
1170
1202
1160
1186
1146
1146
1190
1196
1172
1186
1220
1158
1180
1192
1162
1180
1176
1158
1202
1200
1198
1202
1200
1222
1208
1176
1180
1190
1202
1198
1210
1174
1188
1198
1184
1196
1174
1142
1174
1138
1150
1142
1124
1114
1140
1158
1134
1146
1126
1156
1092
1106
1108
1080
1130
1122
1106
1106
1120
1118
1080
1104
1120
1108
1084
1134
1144
1152
1162
1160
1166
1166
1146
1140
1162
1150
1168
1166
1180
1134
1182
1168
1176
1198
1148
1148
1132
1136
1082
1104
1102
1088
1094
1088
1112
1136
1132
1106
1128
1112
1108
1078
1082
1084
1092
1088
1112
1092
1094
1100
1070
1096
1064
1094
1038
1024
1060
1018
1054
1068
1032
1092
1066
1066
1074
1082
1058
1102
1080
1090
1080
1072
1086
1058
1068
1072
1072
1064
1084
1084
1086
1090
1104
1112
1036
1074
1094
1098
1090
1076
1070
1062
1184
1030
1016
1062
1008
1044
1010
996
1072
1024
1024
1030
1118
928
1012
1026
1024
1026
1022
1024
1144
996
1034
1070
1020
1026
1054
1048
1056
1056
1070
1064
1056
1060
1074
1066
1096
1076
1074
1068
1058
1058
1062
1056
1096
1064
1070
1070
1068
1078
1070
1096
1082
1078
1098
1088
1086
1082
1090
1080
1102
1126
1094
1120
1114
1134
1132
1128
1126
1168
1150
1180
1282
1160
1122
1152
1154
1140
1144
1168
1086
1096
1122
1116
1272
1020
1152
1136
1112
1124
1146
1174
1162
1158
1124
1122
1128
1152
1140
1122
1140
1136
1138
1168
1136
1138
1150
1128
1152
1144
1162
1146
1158
1132
1128
1128
1102
1136
1164
1146
1162
1204
1108
1164
1112
1104
1124
1094
1136
1118
1124
1128
1120
1224
1094
1124
1088
1124
1114
1132
1130
1110
1084
1110
1108
1132
1108
1062
1138
1096
1054
1078
1086
1046
1076
1084
1058
1078
1182
1024
1094
1062
1034
1054
1026
1048
1064
1054
1066
1066
1074
1064
1092
1082
1064
1064
1060
1046
1046
1066
1046
1060
1002
1028
1074
1080
1094
1112
1082
1192
1072
1076
1060
1062
1068
1068
1018
1046
1120
1156
1114
1108
1112
1102
1104
1108
1112
1124
1064
1076
1096
1082
1054
1076
1044
1118
1134
1144
1150
1148
1136
1144
1140
1130
1138
1126
1134
1136
1108
1140
1174
1136
1138
1144
1140
1164
1128
1122
1152
1076
1080
1126
1068
1072
1064
1064
1148
1120
1106
1100
1118
1140
1076
1072
1134
1116
1182
1104
1112
1112
1092
1162
1100
1104
1078
1120
1220
1116
1058
1184
1018
1128
1096
1078
1092
1096
1018
1078
1068
1064
1102
1102
1090
1112
1084
1064
1066
1074
1086
1072
1088
1068
1066
1080
1092
1088
1114
1122
1114
1104
1114
1124
1136
1066
1116
1062
1110
1086
1068
1066
1074
1078
1108
1096
1094
1094
1090
1084
1090
1120
1098
1106
1112
1154
1106
988
1192
1120
1112
1164
1092
1114
1084
1068
1034
1120
1058
1094
1078
1184
1050
1074
1074
1082
1078
1184
1034
1100
1090
1094
1084
1096
1020
1070
1046
1062
1074
1064
1074
1046
1078
1082
1098
1092
1110
1130
1114
1136
1124
1138
1122
1140
1160
1152
1220
1192
1106
1148
1130
1148
1158
1148
1128
1144
1140
1144
1156
1140
1134
1168
1176
1170
1174
1182
1150
1194
1170
1186
1182
1188
1176
1094
1174
1166
1144
1168
1118
1128
1122
1110
1160
1138
1140
1136
1146
1150
1114
1168
1172
1170
1180
1162
1162
1180
1200
1204
1162
1186
1160
1170
1172
1158
1188
1182
1166
1148
1184
1176
1184
1176
1190
1250
1218
1224
1150
1188
1162
1178
1166
1188
1186
1194
1132
1188
1206
1206
1208
1218
1224
1192
1194
1160
1148
1118
1150
1148
1160
1122
1174
1166
1182
1178
1166
1168
1166
1178
1150
1192
1130
1092
1088
1102
1078
1130
1132
1182
1154
1164
1176
1176
1174
1174
1164
1162
1160
1152
1142
1132
1156
1134
1134
1198
1186
1178
1178
1168
1174
1186
1190
1186
1146
1180
1154
1166
1144
1162
1170
1174
1154
1180
1180
1182
1182
1192
1170
1196
1172
1190
1190
1156
1172
1172
1170
1170
1176
1196
1198
1184
1192
1174
1174
1162
1150
780
1586
588
722
1026
1158
1166
1188
1164
1204
1198
1194
1206
1194
1154
1150
1140
1136
1118
1092
1166
1138
1166
1174
1190
1164
1186
1194
1194
1168
1184
1204
1156
1186
1168
1190
1152
1164
1138
1270
1130
1160
1238
1098
1174
1182
1172
1182
1176
1154
1166
1158
1158
1150
1162
1158
1148
1130
1144
1166
1162
1180
1180
1164
1172
1170
1164
1172
1190
1198
1202
1192
1190
1166
1190
1184
1196
1184
1190
1190
1188
1190
1180
1164
1192
1194
1180
944
1462
624
704
1036
1164
1188
1194
1214
1198
1198
1210
1188
1190
1182
1208
1180
1196
1198
1210
1182
1198
1202
1212
1210
1196
1186
1188
1214
1186
1178
1184
1192
1136
1196
1208
1212
1210
1214
1218
1244
1160
1178
1172
1176
1150
1186
1200
1210
1200
1186
1216
1208
1216
1192
1194
1206
1162
1182
1182
1184
1166
1190
1206
1198
1218
1222
1190
1200
1196
1186
1190
1178
1166
1202
1188
1198
1198
1214
1184
1206
1204
1208
1206
1194
1202
1222
1192
1198
1208
1230
1222
1218
1248
1210
1254
1238
1206
1230
1226
1222
1220
1204
1210
1212
1184
1190
1210
1184
1196
1182
1216
1216
1218
1194
1202
1208
1194
1198
1166
1194
1202
1200
1216
1198
1230
1230
1232
1238
1212
1222
1212
1208
1208
1184
1188
1192
1206
1226
1224
1228
1222
1242
1260
1210
1216
1202
1196
1182
1214
1172
1174
1158
1170
1180
1176
1204
1180
1168
1162
1140
1162
1160
1170
1162
1170
1172
1178
1182
1174
1174
1180
1192
1178
1152
1184
1168
1198
1184
1196
1182
1182
1176
1162
1164
1166
1132
1170
1168
1152
1178
1170
1180
1142
1176
1184
1170
1186
1164
1168
1146
1176
1166
1162
1172
1190
1168
1138
1120
1130
1138
1124
1128
1136
1196
1178
1168
1164
1164
1176
1154
1152
1154
1150
1170
1128
1152
1132
1132
1142
1178
1176
1156
1146
1154
1170
1178
1154
1142
1158
1168
1150
1150
1158
1144
1136
1138
1124
1150
1156
1178
1156
1152
1146
1174
1172
1178
1168
1194
1166
1166
1152
1144
1180
1158
1174
1162
1162
1152
1148
1164
1166
1166
1166
1136
1140
1148
1142
1146
1140
1144
1154
1132
1154
1148
1150
1168
1168
1162
1162
1180
1166
1150
1168
1128
1208
1138
1162
1160
1148
1142
1166
1172
1180
1144
1178
1168
1162
1164
1146
1128
1112
1104
1134
1084
1144
1138
1140
1128
1148
1124
1146
1140
1118
1130
1128
1112
1128
1120
1126
1190
1106
1132
1106
1130
1166
1150
1156
1160
1148
1162
1142
1176
1168
1192
1224
1164
1188
1140
1156
1130
1142
1148
1120
1156
1164
1128
1148
1112
1220
1150
1156
1168
1168
1132
1152
1176
1132
1144
1162
1188
1084
1162
1156
1150
1136
1144
1138
1134
1142
1136
1154
1140
1146
1174
1152
1168
1198
1076
1116
1110
1094
1078
1092
1082
1100
1108
1200
1122
1116
1106
1058
1128
1130
1134
1122
1128
1140
1222
1124
1166
1164
1104
1158
1168
1142
1130
1150
1166
1156
1242
1120
1230
1116
1132
1154
1142
1130
1136
1122
1140
1124
1116
1128
1070
1114
1192
1082
1112
1090
1130
1172
1246
1170
1158
1178
1168
1160
1128
1212
1128
1168
1166
1104
1146
1140
1108
1166
1158
1170
1198
1264
1164
1146
1190
1188
1182
1174
1184
1174
1158
1188
1170
1172
1162
1178
1186
1228
1164
1126
1166
1162
1160
1182
1158
1152
1130
1182
1272
1168
1266
1136
1252
1174
1156
1190
1268
1174
1184
1164
1190
1176
1184
1182
1168
1200
1198
1296
1216
1278
1150
1196
1234
1190
1210
1192
1200
1198
1200
1172
1310
1210
1220
1292
1158
1200
1210
1200
1158
1152
1174
1242
1154
1320
1290
1114
1198
1184
1166
1188
1176
1170
1228
1312
1214
1202
1242
1222
1232
1224
1224
1224
1214
1190
1230
1218
1216
1212
1216
1204
1220
1198
1218
1210
1206
1190
1216
1192
1192
1038
1334
1062
1226
1130
1176
1156
1130
1156
1148
1174
1184
1158
1242
1262
1352
1242
1254
1228
1210
1198
1330
1240
1246
1254
1248
1234
1250
1086
1344
1078
1332
1092
1290
1178
1290
1166
1394
1110
1334
1128
1340
1122
1300
1130
1298
1098
1326
1094
1286
1118
1288
1100
1300
1104
1260
1092
1290
1048
1266
1084
1266
1074
1218
1142
1334
1010
1290
1104
1242
1168
1242
1144
1294
1084
1248
1164
1300
1112
1266
1180
1268
1172
1358
1098
1314
1140
1326
1110
1324
1070
1338
1118
1358
1116
1390
1092
1290
1140
1340
1148
1242
1162
1288
1032
1314
1200
1192
1068
1130
1112
1198
1150
1132
1222
1326
1214
1296
1234
1196
1206
1196
1194
1336
1242
1200
1352
1314
1214
1260
1258
1234
1242
1270
1242
1234
1248
1212
1082
1334
1066
1284
1048
1230
1122
1242
1136
1334
1038
1226
1112
1234
1088
1162
1170
1122
1160
1162
1228
1212
1212
1204
1228
1172
1154
1168
1176
1186
1190
1184
1170
1312
1280
1204
1248
1232
1280
1254
1242
1238
1238
1210
1218
1204
1224
1234
1194
1226
1244
1338
1236
1236
1182
1186
1308
1178
1238
1220
1196
1210
1256
1192
1178
1266
1204
1196
1166
1184
1200
1162
1300
1202
1214
1220
1212
1222
1228
1222
1224
1218
1220
1222
1222
1216
1226
1226
1192
1316
1220
1204
1194
1184
1156
1170
1200
1142
1280
1220
1200
1216
1202
1188
1192
1208
1208
1204
1198
1202
1258
1214
1224
1228
1198
1206
1188
1238
1328
1244
1252
1256
1248
1252
1208
1258
1268
1222
1372
1280
1274
1274
1274
1272
1070
1366
1150
1352
1066
1464
1136
1144
1428
1112
1132
1226
1176
1270
1228
1260
1280
1270
1314
1284
1230
1256
1316
1182
1440
1210
1350
1048
1448
1248
1200
1182
1192
1174
1230
1274
1238
1008
908
1658
666
734
1108
1288
1258
1246
1262
1240
1240
1228
1214
1252
1246
1236
1242
1230
1230
1234
1228
1206
1238
1232
1244
1236
1232
1236
1214
1220
1166
1044
1340
1098
1146
1142
1102
1290
1170
1392
1252
1250
1254
1336
1256
1262
1290
1246
1316
1258
1266
1262
1254
1264
1270
1270
1240
1266
1228
1260
1190
1088
1364
1092
1144
1302
1178
1348
1064
1306
1176
1368
1082
1332
1204
1204
1192
1166
1216
1216
1216
1200
1196
1176
1270
1194
1300
1254
1244
1262
1244
1274
1250
1250
1250
1250
1252
1258
1258
1260
1224
1180
1394
1060
1406
1092
1166
1192
1144
1152
1286
1196
1284
1260
1266
1268
1222
1236
1252
1332
1222
1264
1226
1226
1232
1220
1218
1230
1226
1236
1220
1234
1232
1284
1238
1228
1230
1214
1228
1248
1236
1058
1334
1182
1344
1046
1274
1162
1400
1158
1248
1218
1186
1148
1172
1258
1232
1206
1202
1224
1194
1350
1252
1226
1274
1208
1210
1256
1348
1250
1244
1238
1196
1230
1200
1254
1244
1234
1208
1244
1332
1250
1236
1240
1206
1208
1338
1234
1246
1256
1224
1214
1236
1226
1238
1240
1240
1236
1232
1248
1216
1248
1224
1230
1234
1132
1308
1182
1304
1168
1372
1134
1126
1162
1190
1202
1222
1206
1366
1306
1302
1332
1240
1260
1218
1280
1252
1268
1254
1254
1250
1226
1260
1236
1234
1246
1248
1236
1236
1230
1238
1232
1206
