618
664
116
958
888
902
910
906
840
976
910
910
908
932
918
902
730
998
894
910
792
980
890
900
900
904
900
900
720
1078
910
908
932
896
906
914
918
924
918
944
904
902
918
918
706
1074
900
924
930
938
896
914
718
1044
920
920
924
940
714
1060
876
908
912
884
904
876
812
968
890
894
918
904
850
900
912
902
900
908
902
920
744
1082
916
912
812
1008
908
924
930
914
768
1116
950
948
946
938
934
930
938
936
780
1036
914
944
940
954
728
1052
898
928
926
896
798
1004
894
904
906
878
894
892
886
910
898
886
776
948
886
886
900
876
824
948
902
912
904
904
882
872
892
886
894
872
862
876
876
878
892
888
802
916
910
894
910
884
900
898
824
960
904
904
790
950
908
902
898
916
894
898
692
1004
920
920
922
900
800
1014
882
870
874
890
902
896
728
966
874
922
910
922
898
888
874
884
860
908
894
920
788
1014
910
926
908
896
900
890
752
968
874
888
822
966
892
890
906
884
894
892
808
984
896
894
908
880
900
898
784
998
890
894
908
894
910
908
772
646
974
904
994
930
952
902
890
744
980
894
906
830
938
908
878
874
864
874
888
854
890
892
892
886
906
908
902
908
924
894
882
884
886
888
878
876
864
870
882
692
978
918
902
884
886
868
942
896
924
812
898
878
894
888
900
864
866
722
954
890
900
904
876
894
904
786
1012
910
908
934
886
894
882
708
1012
870
852
880
850
854
906
846
848
720
878
876
816
964
868
880
902
922
1508
1112
914
1312
1242
904
868
880
896
884
894
742
1068
908
920
926
946
826
878
882
854
864
868
834
832
846
850
866
794
894
866
862
776
758
740
658
740
972
992
996
1048
1014
1022
1018
1040
684
1314
1050
1042
1018
700
1236
982
986
1010
996
1098
1010
1044
1028
1008
1016
758
1276
1042
1022
1030
1022
1040
1030
1032
1032
752
1228
1070
1050
1038
1038
1020
1042
884
1220
1052
1036
1020
1042
1030
996
692
1338
1022
1036
1054
982
996
686
1288
1012
1006
1004
1008
984
662
1040
772
916
850
770
798
824
818
832
818
860
878
870
858
848
842
868
872
864
874
846
872
892
888
896
904
898
898
924
924
920
944
900
914
910
906
904
798
958
908
908
924
890
904
900
916
902
910
916
916
892
918
912
906
806
980
882
898
908
880
888
890
892
898
920
908
912
914
912
928
924
904
904
894
890
872
892
876
884
878
864
880
882
888
906
904
896
904
902
740
1046
726
1004
910
868
910
864
868
870
876
872
874
876
876
884
856
884
874
868
862
864
872
884
728
1026
918
800
874
864
860
864
838
904
866
886
896
908
824
972
904
902
918
886
884
898
898
890
908
862
864
882
878
878
876
882
896
904
906
900
906
924
918
916
904
902
914
898
906
892
878
880
894
892
890
894
888
888
904
908
910
916
914
932
918
914
904
914
928
920
894
904
896
892
908
910
710
1066
874
852
954
794
842
864
872
882
886
892
900
902
904
904
908
906
916
916
922
932
706
1074
908
896
926
900
910
914
918
894
908
902
898
894
890
910
896
906
904
912
916
914
916
908
906
922
920
904
888
888
626
1066
898
898
902
912
882
892
882
874
904
904
900
754
984
896
914
910
914
862
874
882
898
884
874
878
884
890
878
714
1018
898
904
948
890
864
898
904
884
878
872
878
886
894
900
894
856
900
888
922
860
916
910
916
906
924
898
916
916
920
896
898
906
898
898
882
878
874
876
882
884
872
888
874
900
910
898
912
912
922
918
934
902
880
898
812
916
878
862
884
882
860
876
868
878
878
886
876
890
898
896
872
904
872
880
880
872
870
892
860
874
872
864
894
870
866
866
856
870
882
892
902
910
912
910
898
694
1072
876
892
898
884
864
868
726
1000
874
878
880
898
890
892
910
894
906
910
904
902
900
912
916
894
882
890
898
870
910
916
900
910
914
910
916
910
912
910
944
876
870
862
884
870
882
876
850
872
886
898
890
880
878
904
890
900
886
890
892
888
892
888
870
876
892
886
884
886
904
900
906
910
904
890
898
896
892
874
868
862
862
852
850
866
876
848
856
846
868
880
886
892
892
904
890
902
896
898
906
910
904
888
884
894
892
884
874
874
874
864
882
878
884
898
892
898
904
768
954
898
910
888
910
874
864
882
878
882
884
880
874
896
894
896
894
894
900
892
886
886
894
902
896
880
868
890
886
882
878
870
878
874
884
646
1054
934
904
890
884
712
1018
868
892
940
866
682
1018
890
872
856
836
852
862
870
870
874
880
876
874
874
880
886
892
884
740
972
842
880
864
860
886
870
864
860
854
844
888
896
872
888
916
890
890
914
906
900
886
874
874
876
874
874
864
852
856
858
844
872
864
880
886
882
888
882
884
878
892
908
886
876
872
882
898
724
1004
878
888
898
926
890
882
906
918
758
990
890
866
878
880
906
900
890
892
902
902
902
904
768
1030
904
918
888
894
882
880
892
906
902
908
886
886
896
900
902
884
892
900
898
904
744
1012
920
886
896
914
856
882
894
886
876
776
958
872
864
914
884
870
886
870
872
882
886
892
892
884
898
880
880
874
902
902
894
870
886
882
880
868
896
906
894
888
898
888
902
896
902
892
704
1014
864
878
876
926
874
840
858
868
878
884
894
902
874
902
906
898
932
938
902
716
1028
920
1202
1016
1164
892
904
798
836
828
884
896
892
896
894
914
928
912
778
1042
892
918
918
884
904
922
898
910
904
908
912
702
980
978
908
932
940
888
886
872
884
882
898
894
914
910
908
904
690
1062
900
922
924
944
702
1008
884
906
914
878
904
904
898
900
908
908
890
886
892
890
884
894
890
872
892
882
884
860
890
880
844
860
856
848
868
858
856
834
852
742
874
822
826
818
880
864
798
818
860
846
750
712
832
972
790
812
874
880
1198
1098
1188
1100
812
776
688
664
976
916
914
922
962
936
922
930
916
922
928
910
912
926
916
892
916
908
978
950
848
896
898
866
914
914
912
898
928
846
920
698
906
842
696
628
976
868
900
890
886
900
916
902
902
906
908
882
898
892
896
894
818
766
712
654
646
954
866
876
878
860
894
906
888
856
874
828
788
788
792
756
794
1540
726
902
1088
1274
882
1188
1224
970
906
870
846
750
714
724
678
702
1014
908
892
928
888
866
878
880
864
870
864
854
862
864
858
858
842
850
854
850
850
836
840
832
834
822
824
826
830
828
824
768
792
768
766
868
784
800
936
852
862
902
856
862
866
862
860
856
832
850
850
850
850
858
832
864
846
818
820
846
850
842
846
862
888
866
866
864
882
872
870
880
862
866
884
868
890
890
890
896
852
910
918
930
906
936
918
896
916
914
908
904
916
904
742
1050
924
902
972
850
926
916
920
916
920
912
922
842
990
916
934
902
890
890
896
902
880
910
920
910
930
920
916
928
944
724
1174
950
936
908
912
778
1066
928
924
898
904
914
780
1098
940
946
942
928
936
908
908
920
926
918
908
924
732
1140
936
942
922
930
952
944
800
1078
972
932
960
960
928
948
942
852
1050
950
952
960
936
744
1126
888
950
966
930
950
936
928
940
940
934
956
934
920
934
930
824
1048
946
938
942
932
942
944
942
944
952
960
938
968
964
956
950
944
708
1156
964
958
982
934
946
948
808
1098
972
960
946
932
950
936
944
964
820
1070
946
942
920
930
952
936
926
952
944
938
954
924
940
970
950
930
950
928
712
944
716
994
768
1008
720
972
910
900
922
904
936
928
956
940
966
946
942
920
922
930
778
968
818
696
660
1028
924
942
968
942
946
958
958
950
944
930
928
918
926
906
912
918
918
918
924
928
920
926
894
920
772
1038
1028
984
950
932
942
922
918
932
916
736
1146
930
950
974
948
960
960
982
970
966
978
980
1076
992
980
974
964
946
950
954
930
956
926
978
970
990
990
982
1006
862
1172
1022
996
980
822
1046
860
1034
964
962
982
990
984
984
722
1230
1018
966
994
834
1018
902
1014
776
1176
992
944
956
930
954
960
964
968
970
832
1142
992
994
998
990
978
974
974
988
978
972
992
804
1162
758
1274
1002
1002
968
978
978
970
986
972
980
992
732
1248
982
990
986
976
970
978
958
970
968
972
994
998
974
996
984
802
1138
980
978
982
994
948
976
974
972
1000
808
998
770
1098
976
990
1004
1008
976
986
976
962
976
964
964
980
664
1282
1012
986
1020
998
962
992
922
964
934
960
960
940
976
722
1218
968
1008
988
1014
988
974
978
996
760
1226
1010
1004
1004
974
968
780
966
728
1094
956
974
1010
990
992
990
998
826
1210
1022
1034
982
974
972
848
1078
980
964
974
950
954
986
984
978
918
1080
994
1016
972
960
982
970
944
968
970
968
964
980
978
968
998
680
1164
1002
1006
1004
982
1000
978
992
990
968
838
1154
984
1004
962
962
968
964
980
970
966
990
992
862
1074
998
974
1006
952
956
942
950
944
664
1158
952
950
978
946
804
980
756
690
1070
994
970
974
1000
940
948
968
970
966
958
974
974
964
984
990
990
974
986
970
964
990
988
778
1152
976
970
980
982
822
1182
1026
1018
1036
998
1024
1006
984
792
1196
1000
998
996
1004
970
972
758
952
750
1100
990
1006
1026
988
1006
1022
1014
1036
1014
1008
998
984
998
1004
988
1010
988
994
990
1000
1004
996
1010
1016
1008
990
1026
1022
748
1304
720
1400
990
1026
668
1158
1008
1004
1020
988
1038
1034
1020
674
1228
1042
1038
1042
1060
1012
730
1294
738
1364
1064
1008
1006
1034
958
996
1016
1004
1016
1004
1028
1028
1008
1000
1010
790
1200
1022
1016
1038
1000
1008
976
1004
860
820
778
704
710
1094
1060
994
1022
1000
1024
1030
1016
886
1234
1050
1078
1028
1040
1032
1014
1014
1024
1008
1010
988
996
1000
986
1000
1004
998
1016
1018
774
1262
1032
1004
1040
970
976
958
868
1026
966
958
986
958
970
1008
994
1000
788
1248
1018
1024
1020
1034
1002
982
980
1004
764
1210
1002
986
1012
966
1010
1012
722
1328
764
1098
740
782
830
780
836
854
864
862
880
886
892
890
870
886
898
916
902
924
892
888
902
904
912
928
894
892
882
878
884
880
882
890
884
892
876
896
906
896
894
876
898
900
908
902
874
880
874
890
868
880
856
866
858
862
858
856
880
890
892
878
890
906
910
924
908
910
908
904
904
890
886
888
886
888
874
878
898
862
916
906
898
914
914
924
918
912
930
918
902
934
892
656
1084
890
888
888
866
900
856
944
906
906
760
1028
898
898
914
886
886
876
884
876
892
876
900
894
890
892
898
888
916
904
734
1036
894
890
900
888
896
908
882
876
888
890
880
876
760
970
876
898
910
874
892
896
910
896
904
900
914
930
892
892
894
894
896
896
900
886
900
892
902
912
910
908
888
908
922
910
904
886
900
890
900
896
902
734
1078
904
898
900
876
892
904
900
882
894
886
892
886
912
914
892
886
904
886
896
900
906
898
896
696
1074
890
884
916
898
898
906
926
882
898
896
900
892
882
880
890
904
898
896
904
896
898
906
898
906
896
886
884
890
906
884
896
880
880
884
882
878
870
866
876
882
880
888
884
892
728
1002
884
858
936
874
866
866
860
852
858
858
842
708
968
788
936
900
876
876
886
784
978
884
884
894
878
892
906
912
882
866
882
888
890
888
892
908
904
904
890
916
886
914
898
900
924
898
892
896
886
854
870
870
870
862
870
884
860
858
862
864
722
978
874
868
870
864
850
864
862
834
870
860
858
858
860
864
874
862
890
900
866
866
876
876
862
854
864
874
862
872
858
700
952
830
848
1104
1052
1014
1048
788
622
1398
1078
1034
996
984
974
948
990
688
1264
968
1004
982
784
1206
996
988
1012
866
1066
998
1016
1020
1076
972
1002
998
976
996
990
970
990
740
1238
708
1360
1024
1022
972
982
966
1000
1012
1004
992
736
1232
706
1406
1022
958
964
968
964
756
1146
970
962
1032
970
946
982
962
962
968
966
932
730
936
1128
982
970
706
976
930
900
740
662
996
832
732
992
786
1048
902
924
796
760
748
724
734
768
752
774
808
826
758
904
876
876
884
870
864
866
886
866
836
848
832
842
824
838
832
828
816
858
870
854
854
858
866
858
858
882
866
860
850
894
860
866
846
838
848
846
858
862
850
868
862
868
858
856
856
870
872
868
854
848
856
842
836
844
842
854
844
852
834
838
824
870
866
868
884
888
912
892
870
884
878
868
850
850
866
870
862
874
870
878
876
752
938
844
840
842
824
746
862
850
826
740
840
798
800
816
812
810
812
808
816
838
828
838
858
854
854
862
870
852
852
844
852
844
846
842
828
878
872
916
920
926
910
868
964
732
1150
900
896
912
728
1072
888
892
738
1064
886
890
866
878
878
872
878
870
878
890
878
882
878
632
1124
870
862
848
842
844
840
840
844
844
852
860
858
866
844
868
864
864
888
906
888
882
890
900
898
908
892
892
896
896
896
888
894
872
892
726
754
1180
932
904
896
882
892
900
874
904
900
902
918
720
1080
924
894
894
888
890
874
874
874
888
902
908
900
900
898
894
672
1100
696
1060
872
866
858
854
860
868
840
878
884
878
894
902
902
896
908
916
908
888
938
912
900
882
658
1068
904
856
930
880
716
1016
888
902
924
878
902
902
902
904
898
892
896
902
900
896
880
890
894
894
892
892
890
882
884
888
892
896
890
908
896
908
906
906
878
884
886
896
772
396
628
796
876
888
890
900
898
900
908
918
904
914
936
896
902
910
784
948
886
872
902
874
800
982
866
880
886
850
888
900
892
796
982
902
874
896
888
894
880
890
890
884
910
914
920
914
902
900
902
904
808
938
944
890
892
886
902
894
894
888
892
668
1082
782
1000
878
874
888
882
878
886
886
878
894
894
894
894
890
678
1076
866
902
932
872
890
882
908
902
914
902
756
1052
916
912
954
914
884
896
886
896
870
848
846
872
858
890
920
912
916
918
932
926
920
912
900
914
902
906
916
906
902
672
1074
892
894
944
896
696
1080
884
894
888
888
670
664
1290
874
820
910
1166
1066
1052
1068
1072
1070
1046
1030
1018
1008
716
1350
1054
1066
1032
1034
1020
690
1400
778
1340
974
1096
1010
1016
684
1378
1038
1056
1028
1030
1030
688
1250
1018
1016
1074
1012
1028
696
1342
1068
1016
1040
1048
1024
782
1058
786
1140
728
1340
1136
1046
1000
992
828
810
838
828
840
850
854
864
880
880
900
900
906
894
876
706
1058
884
884
814
928
878
870
882
870
860
870
868
848
880
872
882
890
904
890
892
886
880
888
882
974
834
864
870
868
882
880
890
912
916
902
898
908
904
904
914
908
828
900
894
916
892
876
684
1044
868
880
882
862
878
870
902
868
920
932
930
932
960
938
928
914
904
896
904
898
890
892
892
898
924
920
924
900
914
912
912
914
896
908
882
898
890
882
900
866
900
924
892
900
888
902
902
898
890
902
904
898
888
902
898
892
880
882
894
898
890
892
892
890
884
910
890
890
904
904
904
896
900
910
922
908
906
892
902
890
892
892
888
882
890
892
892
882
722
1056
898
890
914
896
854
872
856
860
870
876
870
880
696
1018
844
864
888
864
880
888
862
908
904
892
898
908
912
928
904
890
902
890
896
902
900
880
886
902
908
906
902
908
896
906
898
902
896
900
908
902
884
888
890
876
880
818
898
702
1048
868
886
760
994
874
882
910
858
872
876
882
860
862
876
876
882
874
862
860
854
860
848
858
880
742
1000
872
872
930
878
698
1032
904
858
878
864
868
876
872
884
896
894
886
896
884
894
908
906
906
908
908
902
908
910
904
902
884
892
914
902
902
904
908
920
904
924
912
912
914
912
912
908
904
900
894
884
876
888
892
890
898
892
898
882
904
918
916
908
900
874
898
900
906
888
872
886
882
880
878
894
896
744
1012
732
1062
984
846
916
898
876
904
676
1090
730
1054
884
872
816
956
906
908
904
912
914
916
922
928
722
1114
940
908
902
906
890
886
880
890
898
886
886
900
910
906
922
910
914
904
918
914
898
876
884
896
698
1076
878
872
702
958
882
878
864
918
884
890
888
888
884
898
888
908
896
878
860
858
864
860
862
856
854
870
732
956
864
892
892
914
880
874
888
902
890
880
888
740
998
854
908
938
878
710
1022
852
908
926
892
902
894
898
904
892
922
928
934
924
926
904
902
886
908
904
898
884
896
892
898
904
896
882
890
912
906
908
904
912
918
906
890
900
888
882
880
874
876
866
898
810
944
706
1088
896
938
914
912
910
894
904
912
914
912
912
904
878
716
1038
726
1094
1144
488
998
874
900
894
850
744
1036
914
892
882
954
816
882
876
888
876
882
888
912
912
900
886
900
916
912
906
924
920
886
880
892
886
886
878
884
880
876
882
864
876
898
710
1024
894
932
944
904
904
910
888
900
896
892
902
906
902
902
896
904
924
926
922
924
934
930
922
922
902
912
904
900
870
836
858
852
852
722
960
866
874
894
910
774
958
918
890
890
888
880
892
882
876
870
888
882
878
884
878
882
882
902
918
910
896
888
892
892
888
898
904
900
894
890
896
892
886
892
892
888
892
886
902
666
1168
658
1130
944
900
908
894
900
902
896
892
892
882
890
878
882
884
880
894
898
892
912
914
918
916
914
934
926
922
926
912
920
908
914
916
926
906
916
912
912
678
1110
926
900
924
906
874
898
892
882
858
858
856
868
870
662
1046
784
958
880
880
884
924
894
878
900
892
888
890
898
898
886
882
872
886
882
866
848
664
1038
850
900
734
1048
908
898
910
880
880
880
896
888
854
860
872
862
866
862
888
876
880
904
908
898
904
926
738
1052
940
896
890
872
882
886
880
874
878
888
904
892
900
908
902
904
912
916
920
700
1110
932
910
908
878
674
1054
862
888
742
968
884
870
922
862
884
870
870
866
884
880
882
886
880
866
716
998
856
856
898
832
758
976
858
874
916
878
880
880
890
862
916
900
906
900
936
924
908
894
882
866
882
884
886
902
894
914
922
898
938
944
828
1074
698
1196
908
908
902
890
888
878
866
866
880
854
904
906
914
914
920
914
912
912
914
902
904
888
890
906
898
890
892
904
908
892
910
898
898
880
870
868
696
1096
698
1102
930
896
900
902
672
1122
894
878
876
874
876
862
878
902
928
924
928
944
918
922
902
900
900
900
898
894
898
886
892
708
1042
770
1016
900
870
938
852
768
952
890
870
908
874
878
870
870
890
880
882
884
858
866
672
1064
870
866
932
870
710
1028
862
904
926
890
880
856
864
858
880
846
878
890
900
908
902
920
928
914
916
708
1114
912
892
944
886
876
904
1182
1142
596
1552
1122
1102
1058
1046
1016
988
1016
1000
1008
1012
1012
1008
1026
1016
738
1268
710
1400
1032
1030
976
1004
1000
802
1164
1038
1012
1014
1062
1028
992
1008
1008
1006
870
1096
1022
1032
1032
1010
1010
1006
958
986
1018
850
1182
1026
1032
1028
832
1158
1038
1014
1016
1004
1004
998
856
1226
1042
1058
1074
894
1174
1054
1070
1062
726
1386
1054
1044
1020
1006
1020
850
1178
1034
1060
1106
818
1278
1064
1080
1056
1042
1044
726
1314
1034
1024
1016
986
980
986
978
972
1000
960
994
984
998
994
1008
998
980
976
950
972
968
962
980
840
1100
976
952
1022
984
972
974
960
968
976
966
966
980
978
972
778
1160
740
1346
1006
972
992
954
978
980
988
982
980
960
994
808
1218
1012
1022
1014
1002
1000
992
1006
1018
1020
828
1196
1036
1018
1074
1016
998
1008
1012
1002
1006
1018
716
1354
926
1196
1116
982
1024
998
1020
1030
806
1222
1042
1034
1062
1038
1030
772
1278
1084
1062
1034
1048
1048
1036
1048
1050
1052
816
1248
1042
1066
1044
1040
1018
1034
1044
1052
1044
1056
1062
1062
1060
1060
1060
768
1308
708
1426
954
910
1084
688
1294
1042
1028
1038
1032
1024
1036
1032
1030
1044
1056
1038
1022
1038
1040
1032
1036
1048
1038
1042
1050
1052
1046
1064
774
1314
698
1502
1078
1026
1022
1022
1014
1028
1038
1032
1056
814
1284
1072
1058
1046
998
1032
1022
1018
996
1008
1006
1000
1026
1026
718
1298
1026
1020
1010
994
988
992
998
984
1010
994
996
1002
1024
786
1264
