422
814
862
850
850
852
832
836
834
830
818
828
810
836
826
828
814
636
860
840
764
800
790
760
752
728
722
714
702
702
702
708
702
694
690
682
630
676
688
632
738
692
718
668
702
706
668
706
688
686
550
716
724
704
710
728
710
522
794
708
696
732
690
678
672
686
684
676
688
694
692
686
704
696
584
754
744
682
714
728
736
742
744
746
638
896
758
774
810
794
788
792
792
794
802
786
782
776
766
564
712
792
926
792
778
738
736
740
748
750
746
692
742
748
786
766
780
772
780
774
780
782
788
792
772
760
768
760
522
826
820
756
798
792
782
890
826
842
840
846
840
844
834
832
828
872
824
820
808
794
810
798
780
778
766
770
782
778
774
778
770
752
764
768
760
760
752
756
752
736
732
734
730
728
726
660
734
726
712
722
732
732
736
732
736
730
736
740
732
742
734
730
648
564
484
564
654
752
738
740
750
750
758
754
760
756
770
764
758
646
824
754
758
782
760
746
732
728
732
726
734
734
726
740
724
750
754
750
746
742
746
750
732
732
764
628
694
742
674
692
714
700
610
712
680
690
696
682
684
688
692
690
694
690
700
700
706
686
658
694
786
720
728
756
760
748
750
742
724
754
768
764
776
768
790
792
790
780
790
772
764
762
776
772
762
780
744
760
766
790
772
746
752
744
748
744
740
726
740
722
732
740
732
728
700
732
720
718
720
722
702
704
712
708
714
636
724
724
724
758
726
738
734
742
758
766
774
774
788
776
776
780
794
546
918
818
798
618
878
788
788
674
768
734
732
744
716
734
726
714
710
696
696
698
694
702
704
708
706
712
704
706
704
700
688
584
720
676
696
688
672
648
646
638
632
482
712
606
620
654
644
538
674
626
610
628
620
618
626
626
630
664
670
678
682
718
700
706
688
678
678
676
676
682
680
674
708
712
720
712
714
738
722
718
722
724
710
736
736
524
872
778
738
560
806
720
712
744
702
696
714
700
700
716
692
728
718
718
726
730
598
842
746
734
768
742
736
736
716
706
676
690
704
692
704
694
668
676
688
662
714
602
816
734
712
752
730
726
758
766
662
892
530
916
808
778
550
630
1096
766
556
902
756
770
808
786
764
766
768
764
746
776
570
918
792
790
596
902
810
776
778
776
750
764
768
762
758
770
776
768
806
780
782
600
990
798
808
786
750
746
748
512
876
728
734
776
746
720
732
738
726
730
722
756
766
786
770
788
770
810
594
922
798
788
820
792
796
610
930
834
822
678
908
820
796
746
820
792
798
812
802
578
984
800
796
844
804
540
892
774
804
782
784
778
774
784
782
786
790
786
782
790
778
554
882
766
732
786
764
722
720
498
772
702
674
720
648
746
744
718
712
708
708
712
730
730
736
740
630
622
890
770
762
730
582
820
728
712
748
724
704
700
710
694
696
698
696
690
682
676
620
746
708
620
808
716
710
716
704
692
708
690
692
702
676
684
670
670
688
690
678
692
686
688
692
686
678
668
674
586
686
664
658
654
650
646
636
644
644
646
672
678
674
720
534
762
716
688
714
676
662
658
666
692
710
720
606
850
760
766
804
790
734
784
788
774
782
776
780
760
604
856
780
778
818
794
794
786
774
772
782
772
774
780
784
782
786
594
898
768
772
794
774
768
770
752
766
760
748
704
744
734
720
734
750
766
772
792
786
804
806
810
810
812
790
814
804
858
646
912
856
822
606
934
844
782
842
810
808
808
804
822
820
818
594
1000
818
810
840
812
486
922
804
790
570
878
744
714
776
748
710
712
702
708
706
536
806
690
688
726
706
710
688
688
680
684
680
674
672
620
696
658
656
700
684
678
680
676
684
686
718
584
808
756
736
768
732
726
726
726
570
816
714
712
752
596
810
742
736
764
748
746
740
558
888
774
754
792
754
738
728
718
730
722
580
900
736
732
744
720
708
540
798
704
714
814
452
702
706
710
726
712
704
708
714
692
716
694
752
724
506
776
686
672
712
658
684
704
696
698
716
750
744
564
902
776
774
602
594
1090
744
824
778
782
784
786
788
800
780
818
818
824
826
824
556
938
898
784
542
934
810
800
720
846
792
780
792
776
800
784
780
762
764
764
768
764
760
760
756
424
1024
752
722
756
708
680
664
672
690
676
684
704
690
658
650
662
658
662
672
670
656
652
648
650
642
642
642
634
648
646
532
680
618
616
650
636
650
650
644
640
634
638
632
638
638
634
630
626
618
622
614
616
566
650
646
672
654
652
638
642
642
642
644
556
726
696
680
714
700
694
676
684
688
686
700
684
686
700
690
696
684
688
684
682
680
678
676
688
676
696
566
786
726
712
736
718
698
690
692
678
676
684
668
662
674
496
806
694
652
718
688
690
678
688
686
688
684
692
700
426
926
740
702
748
710
704
714
710
542
796
712
700
732
716
710
706
704
696
696
694
692
680
690
680
438
786
726
654
652
708
724
690
704
706
686
694
648
676
660
704
708
718
712
708
700
702
698
704
712
706
742
792
738
768
768
756
756
474
992
872
778
808
774
762
766
754
760
762
766
772
774
778
550
916
794
786
582
928
822
778
524
876
776
760
640
846
752
604
824
760
752
510
890
762
774
810
556
930
774
756
794
762
754
718
726
724
756
754
764
576
844
788
790
768
742
736
748
744
564
884
806
740
798
778
758
774
756
766
744
748
770
764
764
766
772
778
772
774
780
774
766
770
766
780
768
768
778
764
772
758
800
808
800
814
804
808
788
800
802
800
806
798
668
884
780
770
766
738
728
498
810
760
702
720
712
702
710
706
700
692
710
708
700
714
720
694
714
712
710
712
708
696
726
732
734
744
736
740
738
746
748
752
780
594
970
702
840
814
778
768
770
772
764
758
812
836
640
978
840
830
618
968
832
858
576
944
830
762
838
804
790
772
754
782
788
770
750
738
748
760
758
774
768
496
866
738
752
788
758
730
730
576
832
762
802
766
730
764
776
800
778
750
774
768
750
792
624
940
810
788
620
856
768
776
802
586
902
766
750
594
898
754
740
788
746
740
736
530
682
912
780
782
622
934
766
776
786
750
754
754
752
754
750
748
754
750
670
654
832
758
744
474
952
724
750
786
750
726
738
724
672
722
718
718
716
690
572
782
738
572
908
730
728
756
574
848
718
708
720
716
716
724
760
736
770
806
782
772
800
662
966
810
804
780
790
788
784
788
776
634
830
806
774
792
788
784
778
786
774
758
760
760
756
770
774
660
806
624
890
762
760
800
758
738
736
584
862
762
752
790
772
748
766
512
672
872
732
812
796
748
732
570
892
758
748
794
760
750
762
760
762
766
774
782
766
808
820
818
828
822
824
662
1004
830
818
788
784
774
780
778
782
542
796
938
804
790
758
770
772
772
772
768
772
544
836
776
782
600
812
738
688
672
714
706
474
864
682
674
712
694
698
684
696
692
642
736
708
692
720
720
688
682
626
664
686
684
686
678
672
762
724
720
570
792
708
706
742
724
726
738
732
726
766
758
762
752
754
766
772
794
782
760
754
756
754
750
748
764
754
752
764
752
758
764
738
746
740
744
730
720
724
728
726
624
760
718
712
736
708
708
692
708
696
684
694
686
692
690
692
690
692
698
688
718
726
734
742
726
740
668
820
782
756
754
736
738
734
662
780
748
748
766
756
490
1056
790
786
830
788
784
686
834
792
794
820
800
810
786
784
782
772
778
530
916
740
752
790
748
738
732
742
738
738
732
744
746
740
742
754
646
826
772
772
802
790
782
784
780
782
784
786
788
626
916
832
828
850
828
810
796
780
790
776
768
758
752
748
742
734
730
728
728
722
712
716
708
698
710
698
716
702
700
696
688
692
668
680
662
672
658
660
650
644
574
648
636
626
644
638
606
602
604
600
606
586
592
404
718
594
600
628
592
590
586
578
574
574
590
586
582
584
592
592
586
594
580
582
582
584
578
580
572
568
576
568
580
572
572
576
586
578
586
594
582
590
588
580
572
578
576
578
570
574
574
550
580
570
564
576
570
566
566
564
564
552
556
554
550
466
570
562
556
562
562
564
554
572
560
556
558
552
556
592
566
546
556
554
466
578
550
554
546
550
546
550
540
548
536
584
558
538
542
544
538
440
584
550
558
550
554
550
564
562
560
558
562
576
558
568
598
582
586
572
568
578
568
578
584
584
582
588
580
596
588
590
588
586
598
594
600
602
600
596
598
594
598
584
598
588
590
584
586
586
590
580
584
574
574
582
570
576
576
576
572
576
570
576
570
572
574
580
578
584
584
588
586
596
590
590
602
592
590
584
632
608
610
622
600
600
604
592
604
590
592
604
596
606
604
536
638
614
632
622
620
622
616
630
618
626
664
636
626
630
626
632
632
630
630
624
636
632
622
614
618
628
628
626
624
630
544
598
728
648
580
694
650
636
636
576
654
622
624
626
630
634
634
634
634
638
632
636
636
636
638
612
672
656
646
656
654
658
684
674
534
716
666
660
690
672
660
656
662
652
654
658
638
648
656
654
660
656
660
664
664
666
664
664
664
666
660
672
674
668
670
668
676
684
682
680
684
682
684
830
962
830
758
664
656
672
664
672
672
676
684
692
712
704
714
712
540
838
738
734
606
832
744
722
768
740
742
744
738
740
750
756
736
756
764
754
768
756
760
764
766
754
748
756
750
748
754
748
752
754
750
754
760
448
1058
772
758
780
596
768
754
780
586
826
774
756
732
762
758
770
762
802
778
786
764
768
764
760
764
774
774
780
782
766
768
756
766
754
762
752
746
740
524
814
740
730
692
420
984
712
718
718
686
516
744
696
606
748
686
678
710
686
688
690
690
692
694
698
690
690
698
684
676
676
684
674
666
658
664
660
660
660
664
568
452
798
686
662
608
710
660
646
684
668
656
650
650
656
652
648
666
656
662
650
460
756
648
596
672
640
532
636
612
578
612
602
594
596
594
584
628
600
592
582
582
582
574
572
574
568
586
578
576
588
580
580
586
576
576
576
572
578
570
572
580
586
574
582
584
592
596
598
596
598
608
600
606
610
600
592
590
596
594
586
588
582
578
582
578
582
586
574
572
570
570
566
576
568
568
574
574
580
572
462
620
580
586
582
580
584
572
576
584
612
596
598
584
594
584
590
518
592
588
594
584
578
596
502
670
600
602
524
660
602
634
618
608
604
610
608
604
608
606
612
606
568
616
498
718
642
652
502
712
650
610
472
714
660
632
490
724
632
634
506
710
632
662
514
742
656
634
500
746
616
646
526
708
646
650
540
726
644
680
504
710
636
644
552
714
634
668
670
634
636
652
638
642
656
656
654
654
658
650
636
646
640
636
620
520
766
648
662
696
662
666
660
656
680
674
670
668
670
658
660
672
648
694
688
472
838
706
704
740
710
702
700
704
708
714
728
730
740
718
754
778
754
764
758
760
756
650
840
758
470
986
750
756
784
762
502
950
750
744
776
752
736
748
744
492
990
524
920
804
762
594
768
716
744
782
744
748
748
754
746
752
748
750
756
748
752
580
870
756
744
780
746
732
750
738
738
740
740
736
740
734
730
738
738
736
742
738
744
746
726
738
722
736
726
740
742
738
742
752
754
752
764
766
770
766
770
764
762
750
754
508
880
772
746
592
734
812
764
570
870
756
746
604
852
744
758
624
538
728
754
742
744
748
742
740
736
738
724
728
734
722
716
724
718
472
694
868
730
758
732
574
810
724
718
728
534
736
798
704
716
520
778
680
686
724
610
718
704
686
692
682
688
688
696
684
726
722
762
744
750
598
898
768
792
778
782
764
590
886
766
784
760
730
724
734
718
716
716
710
720
720
722
726
524
844
766
704
596
876
740
726
580
792
720
748
726
714
702
700
690
698
676
716
728
772
566
834
750
746
774
764
764
540
908
750
770
758
744
728
462
994
502
868
786
720
742
516
882
720
718
758
732
718
724
722
496
682
950
768
798
762
744
736
736
744
742
752
748
610
840
762
762
782
776
512
924
790
788
546
928
790
808
534
694
986
808
646
852
776
756
740
724
720
722
726
722
738
738
718
728
732
728
482
662
964
702
764
740
718
712
716
712
722
706
750
708
802
752
742
762
762
758
590
842
746
772
752
740
730
714
738
710
616
844
664
812
772
574
864
720
720
758
738
724
712
720
720
712
716
580
828
740
734
762
744
740
722
712
728
702
724
720
714
510
798
744
692
706
740
742
734
716
706
716
712
720
734
736
730
742
574
888
742
740
774
578
638
876
460
1014
568
864
744
728
744
734
732
746
740
770
790
802
848
592
916
604
1060
842
800
780
786
776
782
782
778
776
780
776
532
886
542
998
570
574
1046
790
780
760
740
724
746
740
742
742
748
748
766
752
784
770
766
768
776
772
768
772
766
508
992
792
792
828
798
776
804
790
582
932
826
786
800
780
778
788
778
630
908
816
782
794
800
780
522
996
806
792
826
804
784
572
950
782
774
808
572
776
800
720
642
806
736
718
748
730
718
716
722
558
904
548
842
762
738
778
764
732
750
748
744
746
532
896
810
752
646
896
758
778
764
740
734
748
742
730
610
914
688
904
830
802
786
790
788
792
784
606
940
804
790
830
792
790
780
788
784
782
796
798
792
566
956
774
778
772
520
892
744
762
752
650
586
824
738
772
754
726
736
730
734
732
740
414
834
964
758
792
756
562
874
738
568
850
730
726
750
718
698
706
688
684
540
766
682
692
724
670
700
688
686
696
692
700
692
698
696
696
690
602
606
852
700
682
694
602
718
682
686
682
686
674
710
686
702
538
816
730
736
766
742
748
736
744
736
732
742
740
550
814
762
706
756
736
736
722
726
712
556
788
732
700
706
690
674
682
616
684
660
706
680
498
816
690
670
732
732
476
820
710
706
742
562
812
700
702
734
664
762
728
742
758
622
706
886
800
774
764
760
768
770
762
746
756
750
748
744
730
738
736
728
740
734
732
730
728
728
580
822
748
724
732
680
538
784
762
704
710
686
676
690
684
686
684
426
796
816
740
730
708
724
716
720
734
740
738
734
550
878
746
746
786
746
722
540
884
734
718
716
730
730
720
506
856
780
772
562
942
792
754
818
788
774
682
818
788
780
794
784
766
762
760
762
762
756
760
754
748
756
760
736
722
730
724
730
724
732
706
538
856
730
758
478
868
728
688
746
706
684
700
694
704
704
696
704
706
524
818
776
732
722
724
712
602
776
724
726
732
726
754
544
868
708
736
774
570
864
770
750
742
720
730
738
622
832
770
772
800
782
784
798
792
776
798
808
800
810
816
1396
978
834
806
792
794
796
632
938
794
792
784
768
762
768
766
768
764
772
768
774
780
760
724
742
730
724
736
738
740
734
506
864
760
748
768
730
706
708
714
706
718
726
712
730
720
724
736
728
742
746
738
742
744
730
728
728
728
730
730
432
958
702
706
698
650
680
658
666
656
646
652
648
642
646
660
654
692
668
676
682
670
682
482
822
690
726
716
686
690
680
678
676
676
676
600
700
676
584
754
712
676
658
652
644
650
646
648
638
620
642
638
626
434
720
654
636
664
438
702
644
612
646
670
646
634
630
430
700
660
636
668
652
648
660
604
674
670
668
678
680
682
694
706
740
710
716
702
586
762
698
706
732
712
720
708
710
716
442
862
740
630
820
720
720
750
722
714
726
720
716
534
662
822
722
748
734
724
716
718
724
714
716
724
618
756
722
716
720
712
714
720
718
704
724
758
740
736
740
736
472
882
774
720
774
750
724
740
732
732
714
494
914
736
738
778
736
732
734
740
744
756
752
758
762
766
770
770
584
902
764
766
798
770
746
762
754
760
760
756
760
734
726
530
836
732
722
748
722
702
710
550
806
702
704
730
692
684
670
576
626
712
670
660
692
668
676
650
660
654
658
654
674
660
670
664
670
666
676
674
584
612
776
700
730
718
696
692
690
688
704
696
722
538
820
774
694
766
744
720
720
732
730
724
730
740
718
758
742
762
762
744
746
732
724
714
708
728
710
728
670
736
728
724
724
726
712
724
582
836
738
732
620
804
726
732
758
720
698
566
806
724
720
758
480
942
726
704
746
724
724
728
712
712
734
732
758
742
726
696
606
758
694
678
720
696
696
496
788
734
708
680
754
706
720
718
580
840
738
772
762
734
744
750
576
886
750
746
770
728
730
734
732
728
716
762
750
770
772
774
816
802
796
802
528
858
842
782
560
888
786
764
794
762
732
736
742
542
896
738
732
748
720
698
716
568
876
580
918
776
764
776
768
752
786
808
806
682
892
798
788
798
776
780
778
776
794
768
816
800
824
826
820
456
1136
860
826
816
792
556
958
792
770
800
544
900
750
744
774
760
740
742
550
918
756
756
774
684
794
766
768
778
714
892
790
542
932
788
776
598
604
1046
828
788
800
784
802
628
478
628
686
798
774
824
812
694
942
822
860
834
812
800
590
894
812
810
840
576
1020
820
804
820
812
808
658
1002
838
650
864
862
576
858
968
964
852
832
826
818
820
822
820
816
760
856
864
790
812
808
806
602
968
828
820
852
830
820
804
816
810
824
832
526
1088
638
978
868
830
784
802
772
778
772
762
746
736
736
504
818
748
734
758
730
734
724
678
702
556
624
1014
740
776
748
562
824
736
732
646
806
732
728
580
908
746
732
774
506
854
708
740
726
704
704
700
700
740
740
758
824
804
782
790
806
838
478
936
812
802
842
798
770
776
766
766
770
772
774
778
788
524
972
810
810
684
922
814
842
856
738
880
834
810
780
774
782
746
790
780
780
780
794
782
806
596
830
844
844
808
844
822
824
824
832
832
738
936
816
688
918
828
832
608
1038
824
828
878
840
854
544
984
928
832
870
822
818
660
938
830
816
858
800
824
770
842
830
836
840
878
848
596
1052
838
818
846
804
796
564
970
794
800
846
570
780
760
744
822
768
774
624
986
828
834
876
848
606
658
1180
880
906
882
854
862
858
868
868
860
714
1058
926
924
722
932
952
938
936
920
898
896
900
554
1152
882
850
892
854
844
852
850
830
414
1180
874
826
888
848
830
826
832
814
874
848
660
818
894
856
846
850
846
844
842
876
852
854
548
1124
872
896
876
854
862
868
846
864
858
864
852
830
818
804
788
806
804
798
804
804
792
800
780
790
646
874
800
816
818
830
836
672
1068
644
794
1092
854
898
872
852
860
842
836
830
834
814
812
792
794
808
814
800
834
834
842
578
940
872
796
852
818
820
814
804
792
782
784
768
772
760
822
654
994
870
878
908
888
894
874
884
886
876
886
878
892
638
1074
880
866
910
876
854
846
856
724
932
850
840
880
724
880
812
810
842
822
806
806
548
908
834
844
720
926
826
830
858
824
812
700
846
792
796
804
582
824
848
802
822
812
976
936
954
948
946
918
882
886
888
876
980
926
920
942
922
618
984
628
1138
898
864
846
836
844
850
856
844
886
890
896
900
894
926
920
920
720
1078
896
706
1012
882
876
578
1154
856
848
888
868
864
860
918
710
1052
918
880
952
900
872
846
866
926
866
790
864
824
844
832
828
826
856
822
840
838
838
860
858
864
874
698
1394
1058
1002
846
870
872
864
870
690
770
1024
886
890
910
876
860
878
860
1000
1058
996
982
930
906
908
914
894
904
902
896
704
1048
904
876
742
642
1098
868
728
900
880
844
766
862
836
826
836
866
860
850
852
894
890
900
898
904
888
910
872
910
940
950
946
934
948
940
936
942
952
754
1000
1000
964
998
990
962
942
946
942
946
942
932
934
932
930
932
934
924
622
1160
914
904
940
916
904
526
1222
900
684
938
850
862
764
954
848
846
886
856
844
798
836
824
822
836
820
814
852
848
864
858
860
578
1068
832
920
936
954
936
914
896
890
654
574
1230
926
904
904
874
868
872
874
880
642
1088
894
886
840
808
800
558
950
800
798
842
560
1002
822
820
862
838
598
946
844
838
868
830
804
842
836
816
842
656
930
860
974
660
948
886
884
902
904
894
926
940
920
936
926
932
942
928
908
878
864
878
658
992
842
834
860
824
838
840
836
838
850
844
848
856
768
910
856
860
876
814
818
814
812
626
906
838
824
860
1040
1140
1026
956
672
968
910
1126
1084
1030
976
936
882
924
930
968
984
966
966
982
972
954
962
934
908
926
918
912
914
904
892
878
562
1116
836
846
1138
1296
760
946
788
830
820
618
968
810
810
688
850
918
840
876
868
804
842
800
960
950
942
698
940
1010
902
918
882
862
852
844
852
898
912
878
896
536
1038
806
798
840
810
814
652
976
824
826
842
832
822
770
842
848
860
696
722
1120
830
766
920
976
920
940
1350
1384
1794
622
1204
1722
932
880
870
886
880
884
520
930
1162
976
982
684
1016
956
956
972
948
904
912
914
896
902
896
876
890
888
902
904
626
1068
882
866
898
878
874
868
852
868
872
828
976
692
850
852
834
958
944
930
936
940
928
936
948
922
896
908
898
914
920
910
902
914
900
892
914
878
740
768
978
916
882
882
860
664
994
850
828
856
562
984
796
806
820
716
900
836
862
868
880
892
628
786
984
938
906
938
900
912
912
888
898
682
1032
898
870
826
844
844
836
844
844
836
840
566
1062
818
810
870
836
836
772
872
858
880
648
764
1176
940
962
920
928
928
930
926
930
926
920
890
866
848
764
872
844
842
864
588
1052
828
820
858
840
838
846
850
890
890
894
920
908
908
912
920
906
940
686
682
1366
990
976
916
892
902
904
902
894
928
930
924
934
962
940
940
942
778
1030
910
886
688
882
1074
928
964
920
896
894
904
906
660
1014
712
906
740
652
1104
950
962
938
886
846
896
874
626
1028
824
856
848
844
986
940
970
968
908
890
888
894
900
908
1124
1042
1070
1064
958
710
980
946
894
968
1128
1118
1062
982
964
952
954
956
972
968
960
972
970
970
968
952
938
932
952
558
1270
668
1142
920
872
842
880
870
874
670
1074
680
956
712
644
596
754
788
848
478
1204
710
936
876
842
884
974
972
1022
984
990
912
924
956
1070
1184
1076
972
936
1030
1034
996
804
1034
1080
980
974
976
988
976
956
960
974
948
942
948
952
930
936
930
898
914
886
872
774
968
888
894
926
920
908
464
1240
794
1000
894
870
892
880
880
886
874
918
710
758
1182
888
922
646
1044
876
1032
1044
1000
1018
920
910
932
1064
1000
996
966
964
946
922
938
954
678
1202
928
1006
944
916
898
910
900
882
550
1164
888
868
840
828
822
680
918
814
824
848
830
838
468
1084
846
844
930
878
890
892
880
892
874
702
1010
888
866
896
656
942
890
872
910
900
890
886
900
884
1002
1236
1132
1088
906
920
928
1064
1112
1116
982
944
1032
1068
1038
724
1020
1058
950
984
908
946
988
960
718
966
962
926
948
898
890
908
906
810
808
1066
882
910
866
848
838
846
846
686
1002
914
916
904
894
592
1104
758
918
930
950
906
890
854
878
634
882
944
856
888
630
906
1050
974
994
988
972
944
966
1092
1072
1048
1024
1002
1012
1012
1028
1006
980
978
990
970
960
980
972
954
956
952
954
938
930
936
930
612
1258
694
1154
922
840
614
752
942
828
842
874
544
1110
854
950
940
532
1220
906
912
946
920
720
870
930
928
956
1046
1074
1082
1056
966
948
950
996
1088
1088
1088
822
1012
974
916
1016
976
978
972
954
932
924
920
456
1308
916
884
568
944
832
844
872
836
840
450
1204
862
844
880
576
1060
880
850
852
846
842
608
1000
822
698
942
882
850
862
850
644
1056
846
850
950
