746
788
776
782
740
740
788
780
762
734
710
730
774
728
754
786
778
778
820
826
842
776
790
774
778
782
870
806
794
810
822
754
766
712
766
840
840
828
840
828
832
844
808
794
786
780
804
800
784
792
820
790
798
816
782
826
760
818
798
822
968
850
800
780
784
786
732
550
932
752
840
802
790
826
878
848
880
858
840
808
832
860
850
838
844
846
634
956
828
826
790
770
784
788
768
792
760
802
758
938
848
794
796
778
798
804
800
612
914
792
872
846
812
814
810
808
800
796
800
786
774
590
726
982
736
720
744
756
746
754
776
760
750
778
814
768
798
790
770
802
798
802
766
680
764
746
736
768
728
728
732
722
468
878
670
818
822
796
814
784
730
728
638
780
570
900
672
864
820
852
832
828
726
790
790
820
668
872
794
820
802
836
714
870
652
844
712
730
714
740
756
798
778
822
778
802
716
834
804
814
840
890
826
848
718
968
780
726
782
758
780
780
782
670
1058
934
890
866
806
830
794
836
910
810
800
782
814
780
838
800
790
772
784
810
778
642
912
774
804
820
800
784
742
758
794
756
766
738
780
794
786
768
840
768
826
790
808
768
512
1046
622
982
900
862
804
766
756
746
786
780
798
790
750
798
782
794
744
592
894
776
768
736
756
720
728
732
706
752
800
748
802
740
732
726
756
778
788
780
766
722
826
710
774
670
954
722
780
774
766
780
806
794
776
730
784
800
792
808
802
794
818
816
822
812
688
840
746
766
738
756
776
776
784
816
816
818
736
772
792
792
772
846
814
612
1030
898
818
766
774
770
794
806
812
840
880
824
902
856
914
770
808
814
824
806
808
806
838
824
824
828
810
792
748
780
812
780
794
802
812
822
820
826
806
790
820
794
762
764
758
768
792
804
764
754
742
758
766
798
746
754
724
770
786
786
796
754
794
750
734
790
796
852
804
802
812
778
772
764
780
770
746
752
744
738
772
780
776
788
786
738
736
754
734
756
722
774
764
814
830
782
800
770
760
766
780
776
764
760
802
848
816
786
774
788
786
808
828
784
820
824
864
834
808
490
966
778
838
808
780
786
792
750
828
820
812
774
752
780
806
752
822
824
816
792
818
830
650
866
804
802
800
806
760
884
834
838
920
886
862
842
814
858
832
840
828
852
854
848
826
804
758
774
738
766
786
790
762
790
796
882
858
828
830
790
816
798
802
782
826
812
810
800
768
742
736
776
750
780
756
758
722
780
768
774
770
752
780
728
746
742
692
754
748
764
784
850
806
776
794
804
782
774
750
772
772
750
764
740
750
714
742
702
736
722
750
670
462
592
578
552
572
498
494
494
466
468
456
446
468
468
434
452
446
454
478
470
526
934
708
670
628
674
674
684
704
678
688
678
692
702
680
700
682
704
660
672
680
674
660
648
640
678
674
662
690
612
822
698
648
666
700
680
666
686
688
698
702
762
702
724
694
692
516
872
710
636
652
824
762
744
756
758
762
764
752
748
740
750
740
740
718
758
742
744
734
768
722
680
676
684
700
748
734
698
724
736
616
852
750
738
694
694
694
692
702
708
766
710
702
710
728
732
714
688
694
694
694
718
720
680
702
688
730
722
724
734
666
670
678
674
666
676
670
698
700
710
710
708
670
682
496
872
690
712
634
690
682
680
694
698
672
692
712
664
688
684
666
666
658
676
684
694
690
738
706
678
688
674
704
682
678
708
706
698
698
708
712
546
802
714
706
742
730
748
708
692
720
738
736
732
742
722
698
560
800
714
716
732
738
730
706
708
738
684
670
698
698
702
670
720
730
778
722
784
752
756
718
730
700
678
710
676
744
746
692
812
758
810
764
734
746
736
740
772
758
736
720
732
742
724
730
758
754
730
702
698
720
740
746
702
730
742
746
746
816
738
710
702
710
706
742
700
714
712
702
726
738
726
686
690
686
710
698
694
702
688
706
716
772
736
734
700
692
664
682
686
764
702
690
710
700
718
686
700
670
680
690
682
688
652
544
820
690
678
682
672
678
654
684
700
680
690
694
682
674
672
678
704
742
704
700
678
672
694
576
728
682
690
700
708
708
690
568
878
560
834
692
708
704
654
714
710
754
744
708
740
722
746
706
708
712
700
718
744
720
694
726
730
726
702
676
704
724
706
692
712
736
704
738
776
732
694
690
716
706
686
720
744
722
734
782
744
752
752
752
760
758
760
768
768
752
752
746
478
978
726
754
740
682
682
698
696
696
722
682
674
718
790
730
738
736
746
726
714
696
696
728
732
700
710
720
806
728
712
688
666
684
676
686
674
668
690
696
710
710
716
708
688
676
656
658
684
680
702
688
678
702
712
720
674
666
690
688
660
672
652
550
792
676
668
710
666
674
652
664
666
662
688
688
664
652
650
652
700
692
676
688
690
662
664
692
672
704
700
698
720
732
726
698
692
666
692
704
720
730
710
704
486
976
726
716
666
662
692
718
724
734
696
690
716
728
736
710
742
786
600
792
710
724
708
708
710
622
850
748
750
798
738
698
726
752
668
758
738
732
714
732
750
754
776
738
728
746
766
764
766
780
786
772
836
766
782
748
712
698
702
696
756
730
742
728
644
788
746
726
684
666
680
678
692
706
696
682
692
700
678
698
674
688
694
684
680
700
686
702
688
688
688
682
694
684
698
672
700
698
702
608
766
710
684
680
692
716
714
696
688
676
680
694
678
668
688
662
688
710
708
698
690
676
668
670
682
666
700
708
688
682
708
690
684
676
680
656
674
672
668
676
686
666
670
726
688
678
710
552
866
686
692
736
778
764
736
664
708
688
690
686
676
692
696
684
686
692
694
682
684
682
672
660
678
684
678
676
676
670
680
686
678
690
670
700
690
690
690
680
680
692
708
704
694
700
694
684
670
668
712
706
678
674
680
676
674
682
690
670
694
682
678
702
576
772
698
706
726
692
716
708
706
694
694
710
708
712
688
702
706
716
698
708
696
712
706
716
692
680
702
698
714
698
706
696
776
706
700
672
672
682
686
698
686
714
704
704
720
596
832
688
672
668
636
666
680
664
686
586
798
698
714
702
668
682
574
796
654
672
692
694
718
700
736
718
674
702
676
684
642
684
730
772
744
756
720
714
696
712
706
678
704
706
718
700
734
728
712
714
716
714
716
672
690
684
682
670
704
718
720
694
706
720
724
688
680
692
712
664
692
702
710
768
730
704
712
726
746
696
676
686
686
710
722
734
726
720
776
728
718
702
714
708
712
702
694
708
704
708
682
684
668
688
696
680
690
696
712
688
710
694
686
686
692
692
628
686
688
686
718
714
692
728
728
720
698
718
700
700
700
726
694
662
710
720
726
730
522
520
810
558
922
782
760
674
696
692
678
696
684
694
708
740
678
666
660
642
678
674
698
706
698
520
922
724
682
690
692
708
690
688
670
676
712
720
694
702
698
674
696
680
654
556
776
678
740
732
728
718
708
720
692
708
682
688
718
690
696
716
718
702
692
696
686
684
702
668
672
674
690
672
682
678
684
742
684
670
664
644
644
664
664
670
664
654
676
668
682
680
676
672
678
698
686
702
706
706
688
682
698
684
674
672
664
674
608
784
688
666
678
684
684
682
672
686
672
686
678
684
668
680
696
698
682
678
670
684
686
684
686
678
668
676
678
680
674
694
672
684
680
682
686
684
662
644
648
670
678
674
660
668
696
688
676
678
658
660
672
686
684
680
640
664
680
702
688
656
622
678
694
704
658
660
664
648
654
672
660
662
666
666
664
640
636
664
546
348
432
646
650
656
680
670
568
756
662
680
674
664
668
668
676
694
672
672
674
668
680
672
668
660
662
670
652
676
656
662
710
692
670
656
648
648
638
664
658
678
666
666
676
682
678
688
656
670
678
690
674
696
670
666
666
666
672
644
682
654
656
662
682
668
670
660
666
658
676
670
672
666
666
678
598
746
672
674
734
674
682
670
676
686
682
684
676
678
672
706
696
666
686
682
708
692
688
682
686
664
656
662
676
676
696
698
658
684
704
720
692
656
626
678
694
682
688
690
680
690
708
682
700
642
662
696
646
670
662
614
662
678
688
688
686
690
686
676
662
666
640
662
688
682
684
654
660
690
682
658
660
660
680
696
688
682
696
724
722
684
722
722
686
708
698
676
684
684
700
680
706
718
788
712
696
670
670
704
654
698
696
676
706
700
696
744
712
696
694
682
672
696
704
686
680
656
668
672
660
656
652
650
662
666
660
664
650
660
664
652
652
642
636
654
654
654
652
664
656
704
668
658
658
644
664
652
668
672
656
562
774
670
672
674
664
676
692
674
680
672
674
686
648
660
672
674
674
682
696
702
690
684
708
684
678
684
656
696
700
674
686
676
638
696
698
670
694
670
668
672
642
704
654
648
550
780
688
678
672
658
672
674
664
680
684
690
668
676
688
662
658
676
674
664
686
648
672
640
646
658
654
668
684
682
686
452
410
938
808
790
790
786
762
888
774
780
780
790
764
752
762
782
746
790
764
662
902
698
782
776
616
904
776
774
742
762
770
752
752
758
728
782
766
776
742
746
782
766
780
734
738
760
736
754
744
826
760
742
736
706
736
764
564
920
754
778
770
768
744
782
752
760
748
750
720
766
714
726
750
732
614
860
760
774
770
782
766
764
746
782
792
762
762
774
752
754
738
752
774
750
750
756
742
752
760
762
730
720
746
740
750
748
726
758
760
746
756
764
750
750
778
724
694
716
736
746
734
760
750
732
728
742
722
716
730
724
718
736
748
744
808
686
882
738
762
720
738
746
754
752
758
778
768
770
766
752
736
724
726
736
732
730
710
724
730
686
782
704
730
746
752
744
748
754
752
742
746
730
768
756
744
736
742
820
782
732
764
714
748
746
752
734
720
766
742
726
676
794
756
760
750
750
752
778
712
736
754
716
756
732
742
740
744
768
734
748
740
758
754
760
750
758
742
748
736
750
770
716
734
694
720
736
736
760
726
740
742
756
722
710
724
750
734
754
738
742
754
734
754
748
738
716
696
674
756
708
688
730
720
710
778
748
686
708
684
724
726
732
742
742
870
812
740
744
732
724
738
744
764
762
768
776
606
974
814
786
764
748
780
758
780
734
728
736
744
736
768
724
742
764
752
768
754
770
854
786
788
774
792
778
760
814
596
946
810
790
766
780
798
762
784
768
524
844
778
816
782
772
758
780
796
782
766
748
760
778
752
764
778
790
850
758
752
800
758
756
716
762
780
764
768
742
770
788
760
748
714
734
714
750
762
756
754
800
778
760
772
770
754
768
764
784
790
766
770
778
772
760
766
734
736
774
750
744
746
734
776
776
762
776
748
730
758
694
732
756
766
752
782
762
762
768
718
740
710
736
734
754
762
768
494
1056
748
740
716
724
746
826
786
772
786
788
766
804
760
762
736
734
774
794
758
784
738
790
774
738
770
874
788
764
792
784
766
778
770
760
752
754
750
706
814
760
764
778
756
766
768
762
752
748
764
766
758
742
766
764
748
752
744
760
740
732
734
720
724
744
744
724
718
806
754
758
752
716
762
738
742
750
750
760
690
836
790
774
770
766
774
750
736
748
764
730
740
720
762
770
758
772
736
734
736
772
754
704
766
774
592
858
812
786
762
732
820
778
746
774
764
776
752
778
730
708
714
768
722
758
744
750
756
758
766
752
712
706
746
754
766
674
820
728
748
786
778
788
810
774
740
758
762
754
788
792
746
786
844
748
746
724
726
702
742
758
778
752
780
774
770
772
764
736
792
774
782
792
802
778
650
906
778
760
738
744
770
774
752
782
760
762
744
750
746
712
708
736
728
706
748
758
736
732
722
746
720
744
730
754
742
758
752
764
746
740
732
764
722
770
734
724
736
756
726
748
734
734
748
754
762
768
754
732
752
774
744
758
514
500
540
826
752
784
812
732
758
738
668
810
742
764
758
776
768
766
706
708
758
724
754
750
754
760
752
776
736
744
744
732
762
746
768
780
772
780
752
780
766
742
742
734
734
752
722
768
802
776
776
784
774
702
706
804
756
772
780
784
790
790
786
764
774
754
774
774
752
734
760
750
760
756
764
776
772
760
734
784
774
760
776
784
748
770
750
764
706
814
864
820
772
770
764
774
794
768
790
810
756
766
788
792
794
806
792
780
788
786
734
756
750
770
744
756
768
772
756
768
790
778
792
784
774
756
750
760
786
770
776
866
762
772
752
744
752
754
756
752
744
774
778
824
786
768
762
766
760
756
788
744
754
788
788
796
748
616
820
758
788
756
744
768
780
782
788
758
768
754
754
728
752
828
776
788
764
778
738
780
772
740
774
740
750
738
762
788
780
830
798
796
764
740
754
740
776
802
764
772
798
846
798
782
742
746
778
794
782
778
788
788
800
808
810
784
782
794
802
780
786
816
810
820
894
826
818
768
786
802
768
814
838
816
820
764
766
770
744
764
794
804
796
792
804
638
1002
826
808
814
790
782
784
778
838
800
814
790
758
752
764
782
776
772
796
788
780
796
796
786
780
770
788
814
796
624
918
800
806
786
806
826
802
808
798
806
806
760
778
772
778
788
802
794
808
818
746
750
774
774
662
522
546
774
916
836
836
812
802
770
808
784
796
794
826
788
784
784
770
758
506
982
778
762
792
790
774
802
780
784
760
750
790
750
792
528
1122
790
762
784
760
768
758
772
788
800
800
800
844
784
798
776
744
752
804
802
768
740
764
764
758
758
756
754
750
760
786
740
758
762
784
766
744
760
760
748
748
776
826
732
758
740
756
764
764
762
756
752
750
742
764
754
778
772
778
764
776
756
752
744
772
764
766
744
772
782
762
760
776
776
768
752
796
740
740
738
756
764
750
820
778
750
750
722
740
734
740
748
750
762
770
812
770
760
758
742
752
744
734
754
746
772
752
748
758
746
724
728
720
720
748
734
756
796
772
774
750
742
732
726
754
770
846
770
756
786
752
742
726
696
738
744
746
772
750
732
766
768
738
740
752
746
756
730
732
732
730
726
728
760
762
768
664
814
762
752
744
754
748
748
760
768
746
766
778
816
764
750
744
746
772
758
782
770
774
782
756
738
776
790
792
788
784
790
800
774
738
762
738
788
754
780
774
754
748
786
766
782
748
766
756
764
748
770
778
762
840
798
778
792
750
764
776
772
774
744
794
798
856
806
772
780
742
748
718
744
480
1034
756
760
762
742
750
760
770
740
712
658
842
756
768
772
776
758
774
740
760
758
760
744
740
628
872
762
822
786
766
744
756
768
772
762
766
774
780
788
788
798
778
750
754
764
776
758
792
792
788
798
782
806
784
772
792
762
738
750
774
780
770
786
790
760
768
754
748
762
792
784
766
782
782
784
738
798
812
854
782
792
806
800
806
792
766
768
752
762
794
786
756
774
752
780
786
784
768
756
782
768
790
774
798
784
800
796
792
780
788
766
778
782
778
780
752
786
748
794
764
744
756
764
724
736
772
778
760
760
766
768
780
752
724
746
766
780
762
770
758
766
700
844
750
700
768
716
740
750
718
734
730
746
766
742
750
748
732
764
726
736
754
758
738
770
770
772
716
760
744
742
726
736
762
774
774
748
776
754
714
490
420
394
396
486
426
772
682
648
640
638
674
644
640
628
622
604
606
626
634
650
658
642
634
640
638
666
636
636
638
620
646
646
638
636
482
776
628
640
636
634
622
636
640
646
642
650
626
634
544
734
638
650
636
654
640
642
650
636
620
660
696
672
656
652
646
648
640
646
660
654
654
658
652
658
652
656
650
646
658
640
654
672
642
654
660
646
646
656
658
634
652
646
656
656
652
636
660
654
634
664
662
642
668
662
668
656
658
630
674
678
672
664
622
612
634
640
656
658
676
634
638
654
654
658
658
668
642
634
636
650
660
716
672
658
658
652
648
662
640
658
662
668
658
672
650
654
664
678
650
654
654
652
646
646
648
640
638
672
668
636
634
644
644
648
658
662
670
654
640
668
686
678
674
668
668
650
674
680
682
662
662
668
656
668
680
664
660
650
668
676
676
664
656
646
662
674
660
676
656
660
664
670
652
682
650
668
746
694
576
760
676
668
664
652
672
652
670
686
668
668
666
666
702
678
674
672
660
668
646
672
670
682
682
684
678
678
684
710
672
670
666
662
646
680
662
684
668
660
680
688
688
694
568
812
668
660
696
652
654
676
676
682
616
738
704
680
666
658
652
664
678
666
650
672
668
682
672
658
676
666
676
682
650
626
672
650
662
666
692
684
682
730
676
638
630
666
670
646
648
640
680
744
654
686
688
644
644
676
640
694
672
674
562
790
698
704
688
676
696
684
686
720
700
676
668
672
672
650
668
670
694
700
706
668
652
668
678
702
680
676
676
690
670
688
698
698
696
716
752
698
688
682
704
698
694
704
704
698
690
682
712
708
722
676
660
690
666
680
688
690
670
664
664
650
662
674
676
696
678
696
698
672
688
660
654
680
674
658
686
658
686
664
662
656
682
700
654
648
648
644
648
674
642
664
646
640
660
668
676
686
684
676
664
678
656
684
658
678
670
674
704
702
696
672
670
660
674
664
678
676
670
646
656
676
686
660
678
638
652
650
652
650
672
504
864
752
710
718
692
712
720
690
668
682
704
714
704
684
672
706
712
720
714
704
674
694
686
702
692
676
694
702
696
710
724
664
712
702
686
716
712
694
710
720
708
702
692
704
740
712
690
702
676
682
672
672
662
670
672
598
728
694
680
672
674
664
670
658
668
670
618
714
660
660
680
674
654
668
676
690
688
664
668
684
672
678
680
680
668
672
682
676
676
672
684
708
694
682
662
658
662
696
684
684
688
690
684
696
690
704
678
680
666
674
682
686
700
698
714
696
698
690
686
690
670
648
698
670
676
682
688
662
688
688
672
686
664
688
670
630
672
668
748
690
676
700
666
692
704
668
660
676
664
670
690
692
690
692
682
694
676
678
706
690
666
648
662
674
678
678
674
676
684
756
700
704
672
676
690
688
686
694
686
680
700
718
692
692
704
732
694
682
658
680
668
696
686
686
674
694
686
672
688
668
670
670
672
694
702
708
698
702
676
684
684
680
666
674
688
702
706
718
690
696
680
674
674
672
660
660
672
670
670
666
638
708
688
698
670
662
652
666
678
706
674
676
688
688
706
694
706
700
694
704
670
686
696
674
680
676
664
678
684
688
688
664
680
676
668
676
690
676
696
682
670
704
692
692
678
672
666
678
740
702
676
706
704
704
698
702
696
698
674
688
696
674
692
692
674
690
672
706
710
666
670
648
644
684
682
660
674
692
700
694
710
700
680
708
664
696
672
696
704
686
700
692
676
676
686
704
674
648
678
652
662
684
672
680
688
682
686
688
692
686
680
688
676
688
678
698
682
688
674
694
680
684
690
682
690
686
684
684
680
678
696
694
690
704
692
690
688
694
694
678
692
720
708
682
558
790
666
642
680
706
680
690
686
674
512
482
1148
692
694
706
674
536
828
674
678
690
678
672
650
726
676
680
666
662
630
670
680
684
682
694
692
690
684
682
682
672
658
680
758
698
698
692
656
688
684
676
556
792
666
682
674
676
710
672
698
682
686
678
692
674
648
632
670
652
672
674
684
658
684
678
714
704
650
672
704
550
800
686
676
676
642
710
696
704
716
752
676
484
426
410
856
710
684
706
678
704
718
718
720
658
668
712
720
722
700
708
702
722
714
704
694
690
660
680
704
692
566
404
444
688
642
704
694
700
700
694
682
682
698
684
692
676
686
702
696
690
682
688
702
708
722
722
704
732
718
726
740
702
750
716
680
692
700
722
708
670
704
704
704
728
732
708
716
706
698
694
690
662
684
720
722
710
718
724
722
678
766
696
746
678
682
670
678
702
706
706
720
720
708
696
686
678
678
688
706
696
710
708
690
688
716
694
674
684
676
700
698
696
704
668
748
718
720
718
694
682
686
662
688
672
674
694
690
702
780
538
822
662
622
690
664
672
730
668
696
702
712
758
704
704
680
670
694
680
682
702
710
706
696
718
716
684
714
704
708
692
682
716
544
804
760
708
684
710
726
732
702
690
650
686
772
710
740
690
670
688
710
718
706
726
730
718
716
734
710
730
750
740
714
704
708
698
702
722
708
696
700
688
724
724
736
732
718
704
704
728
690
712
686
728
720
736
738
732
788
726
720
696
702
702
706
724
698
704
696
732
724
730
700
698
700
676
676
712
718
722
716
686
714
722
546
870
732
710
698
704
706
512
870
722
710
740
730
702
714
662
692
668
688
720
706
678
700
690
624
810
704
698
714
668
694
716
696
692
598
788
704
716
724
730
678
672
650
674
694
688
694
714
712
696
684
706
662
674
668
644
692
704
704
716
750
724
724
740
710
796
648
720
698
712
696
694
712
670
718
716
778
684
698
702
700
706
698
674
672
678
708
750
708
718
646
680
670
676
702
714
710
720
694
766
738
726
810
724
680
644
696
698
706
710
786
834
778
484
866
734
692
692
690
688
696
694
690
698
704
690
690
698
704
700
694
714
714
646
762
696
698
692
686
692
708
702
694
702
704
686
706
674
702
680
686
692
682
672
668
662
700
702
666
672
670
686
682
684
708
708
688
690
690
660
684
706
688
684
714
712
706
724
728
674
704
686
628
730
668
668
680
696
708
700
698
660
660
676
694
674
674
674
700
512
904
674
760
718
702
664
662
688
698
710
726
726
728
698
718
696
714
704
692
710
688
684
676
670
640
706
682
688
682
688
674
664
672
688
700
496
906
690
706
714
722
736
734
682
698
726
696
708
792
724
630
696
694
686
666
698
680
698
690
698
708
700
706
696
688
686
678
674
700
684
688
672
694
700
684
696
672
682
676
692
672
678
666
684
674
676
666
658
672
660
674
678
676
674
700
732
518
842
678
660
666
698
692
702
698
678
710
706
682
714
710
698
668
706
666
712
696
728
664
676
694
688
680
682
706
706
712
712
692
684
672
676
688
688
684
692
710
694
698
676
706
780
682
688
696
668
676
702
664
668
692
700
656
704
740
716
716
712
694
688
694
706
668
688
674
690
680
676
688
668
684
690
702
694
690
700
682
490
922
758
714
716
690
688
528
856
710
762
708
704
690
684
678
692
676
692
686
650
704
694
714
718
694
718
730
732
660
784
736
714
742
758
730
742
732
710
724
710
710
696
690
704
690
706
730
692
696
680
700
680
696
690
766
686
688
698
688
698
688
708
700
714
726
722
718
710
716
692
710
708
692
726
716
706
694
694
710
706
700
524
840
698
712
696
706
674
708
708
716
730
720
718
718
720
712
708
716
778
710
718
696
728
710
656
506
408
400
866
690
690
716
726
680
692
722
690
684
716
676
704
690
642
698
696
718
756
744
770
760
736
680
708
710
716
742
738
764
772
724
722
706
700
704
776
734
716
726
678
698
732
722
718
742
742
722
692
730
752
750
750
762
750
762
726
768
762
748
738
728
702
730
700
744
744
736
756
738
730
730
732
730
732
720
694
722
702
742
782
720
710
732
716
694
722
706
752
736
742
746
734
744
742
710
728
712
738
734
740
736
724
696
720
710
710
702
698
718
700
738
632
784
732
716
766
754
746
708
720
720
714
742
746
696
746
690
710
704
724
682
728
728
746
704
736
728
704
708
710
714
744
728
714
726
696
680
512
480
578
712
884
862
926
870
842
772
888
808
826
804
792
796
858
822
908
928
834
792
798
866
836
850
842
932
870
812
802
806
816
834
854
850
842
784
832
832
840
830
800
768
840
832
838
828
838
804
818
890
820
830
830
812
764
844
856
842
830
844
840
846
816
806
828
812
810
816
816
810
794
812
790
800
776
790
796
814
802
778
792
804
798
792
800
808
828
800
820
798
784
822
806
786
816
804
788
804
800
794
824
828
824
802
828
694
918
722
868
780
704
866
794
818
786
788
822
828
800
778
810
830
796
826
832
838
842
834
804
796
798
808
792
680
1024
812
840
782
782
792
810
808
816
774
798
812
878
826
838
834
790
874
812
798
854
828
842
754
798
768
800
770
790
832
774
804
780
788
784
792
804
770
772
814
810
808
772
770
750
800
800
794
788
766
770
778
802
798
794
806
780
808
780
778
768
764
808
806
776
792
568
1056
786
780
776
764
776
778
800
802
810
818
556
742
580
1024
660
852
854
818
806
852
766
780
808
798
786
780
758
780
796
766
774
790
780
