1738
1070
1268
1494
1066
1278
1592
998
1374
1288
1206
1580
1158
1608
1498
960
1634
1514
1064
1144
1532
1280
1142
1122
1110
396
1464
1448
1132
1342
1568
1090
1144
1190
596
1518
1446
1386
1428
1252
1318
1168
1218
1124
1162
1200
994
1446
746
1552
1144
1212
1250
1496
1316
1520
1424
1102
1032
1518
1230
1248
1192
1238
1072
1260
1098
1522
1480
992
1260
1478
1086
1426
1176
1182
1964
1436
980
1276
1660
1408
1538
1498
1384
1202
1042
1458
878
1584
1562
834
1648
1346
1642
700
1478
1558
1230
1552
1266
1188
1508
1504
1504
1492
1404
1450
1446
1462
1412
1468
1452
1438
1414
1402
1422
1426
1410
1402
1424
1414
964
1234
1018
1202
1132
1152
1160
1150
1064
978
1142
1326
1152
1522
1210
1220
1036
1144
1530
1208
1436
1188
1356
910
1550
828
1380
898
1414
1310
1166
1392
1120
1336
1768
1436
1546
1516
1488
1484
1432
1474
1208
1082
1330
1788
1542
1534
1464
1522
1494
1480
1504
1194
1704
1540
1552
1612
1224
1200
1582
1228
1146
1058
1142
1094
1184
1158
1146
1054
1316
1560
1332
1626
1340
1316
1640
852
1684
708
1726
1176
1382
1134
1086
1350
1622
1376
1206
1100
1304
1306
1368
1522
1402
1502
1476
1484
1490
1154
1586
1354
1198
1070
1178
1390
1216
1694
1450
592
1450
1058
1596
740
1366
1218
1108
1194
1350
1164
1290
1090
1360
1450
1284
1228
1070
1622
1166
1180
1074
1576
1160
1540
1442
1506
1472
1170
1080
1112
1336
1168
1168
1482
1186
1256
1624
1428
1442
1510
1154
1164
1322
1364
1718
1536
1212
1382
1078
1220
1088
1110
1622
1534
1636
1550
1014
1284
1404
1120
1266
1720
1584
1522
1464
1426
1108
1206
1108
1124
1164
1214
1170
1198
1196
1180
1180
1170
1176
1180
1162
1172
1160
1176
1150
1232
1190
1136
1150
1294
1722
1282
1422
1286
1528
1432
1402
1356
1394
1586
1446
1474
1174
1176
1632
1496
1212
1204
1672
1354
1104
1624
1506
1512
1490
1284
1260
1068
634
1672
1652
1276
1198
1268
1424
1462
1676
1500
876
1650
1408
1278
1168
1284
1210
1220
1240
1330
1300
1304
1336
1298
1304
1444
1342
1102
1276
1182
1182
1366
1532
1482
1470
1172
1512
1094
1636
1374
1190
1188
1686
1046
1306
1654
1188
1610
1300
1296
1342
1670
1328
1306
1118
1244
1128
1014
1268
1166
1134
1162
1160
1146
1118
1132
1142
1226
1678
1172
1396
1030
1532
1526
1354
1554
1464
1470
1218
1498
1232
1560
1438
1412
1480
1450
1444
1452
1438
1440
1198
1224
1186
1326
1364
1440
1424
1188
1052
1526
1316
1186
1300
1706
1380
1068
1160
1464
1684
1420
1214
1388
1026
1526
1690
1480
1570
1474
1484
1456
1482
1470
1452
1488
1470
1478
1478
1278
1584
1568
1482
1530
1512
1440
1482
1462
1466
1476
1478
1478
1478
956
1624
1584
1530
1472
1470
1258
1548
712
1532
1558
1534
1520
1446
1464
1380
896
1194
1558
1174
1036
1262
1562
1568
1248
1508
1358
1450
1406
1074
1552
1308
1498
1162
1160
1432
1236
1620
1316
1550
1464
1460
1178
1572
1406
1224
1296
1118
1418
1396
1500
1456
1434
1460
1436
1354
1094
1554
1458
1472
1408
1440
1446
1472
1468
1458
2082
1444
1668
1550
1430
1498
1364
1432
1392
1378
1440
1294
1534
1412
1394
1432
1070
1128
1078
1332
1092
1232
1684
1284
1274
1602
1442
1446
1138
1174
1440
1228
1538
1268
1522
1442
1546
1492
1502
1444
1436
1152
1168
944
1240
1164
1134
1194
1152
1156
1046
1588
1568
1506
1286
1170
1144
1256
1448
1278
1162
1530
1282
1604
1460
1102
1424
1618
1492
1466
1520
1430
1454
1462
1444
1482
1246
1566
1194
1148
1366
1240
1180
1256
1182
1204
1166
1198
1190
1182
1182
1184
1170
1146
1168
1168
1170
1164
1168
1160
1170
1172
1154
1172
1174
1172
1172
1144
1144
1148
1152
1164
1154
1158
1302
1140
1354
1750
1544
1496
1412
1166
1360
1310
1208
1380
1714
1390
1452
992
1564
1506
1452
1212
1474
1396
1606
1168
1516
1470
1062
1486
1124
1082
1342
1610
1586
1534
1584
1500
1180
1294
1000
1234
1210
1192
1208
1202
1150
730
1722
1186
1102
1222
984
1330
1016
1344
1228
1148
1218
1204
1204
1170
1190
1808
1536
1492
1396
1440
1398
1428
1454
990
1696
1492
1472
1426
1452
1470
1468
1488
1458
1466
1468
1470
1356
1430
1328
1304
616
1752
1188
1300
1586
1628
1486
1472
1350
1154
1178
1678
1454
1440
1448
1434
1362
1538
1428
1114
1156
1120
1136
818
1268
1432
1108
1262
1036
1256
1164
1112
1212
1028
1174
1186
1206
1196
1190
1602
1048
1536
1296
1130
1198
1544
1176
1698
1458
1392
998
1472
1492
1338
1456
1188
1536
1196
1282
1592
1502
1232
1438
1182
1418
1202
1194
1264
1170
1180
1204
1202
1200
1178
1134
1158
970
936
1032
978
1038
948
988
1008
1130
1076
1444
1008
1044
1030
770
1136
636
1014
1326
1044
1304
1136
1360
1326
1034
1528
1410
1592
1682
980
1084
1622
1278
1162
1456
1242
1230
1254
1202
1290
676
1442
1546
1306
1502
1132
1088
1196
1190
1158
1218
1222
1204
1224
1222
1182
1220
1236
1380
1280
1276
1294
1194
1302
1366
1462
1422
1270
1048
1192
1248
1240
1190
1346
984
1534
1554
1264
1542
1244
1318
1116
1238
1460
1272
1226
1052
988
1364
1004
1256
1344
1256
1236
1202
1522
1176
1208
1266
1082
1332
1210
1576
1258
1500
1444
1344
1140
1046
1162
1092
1198
1280
1178
1206
1330
1356
1308
1308
1344
1302
1028
1234
1294
1056
1446
1402
1210
1406
1392
1088
1436
1294
1088
1002
1538
1650
944
1498
968
1136
940
1460
1180
1622
784
1618
1250
1144
1438
1236
1486
1470
1404
1390
1062
1090
1138
1040
1414
1600
1462
1398
1344
1298
1188
1574
1500
1388
1318
994
1442
1412
1450
1424
1354
1400
1134
1586
1158
1210
1274
1116
1734
1580
628
1726
1270
1462
1480
1108
1036
1316
1154
1176
1120
1156
1044
1284
1566
1264
1510
1462
1404
1396
1172
1568
1370
1394
1442
1388
1284
978
1456
1402
1356
1310
1020
1524
1452
1450
1402
1392
1322
1204
1240
1050
1242
1294
1204
1268
1258
1228
1238
1170
1274
1282
1150
1358
1390
1440
1402
1188
1456
1242
1144
1106
1326
1292
1152
1110
1148
1282
1130
1286
1356
1044
1082
946
1588
1580
1368
780
1644
1276
1242
1238
1170
1184
1142
1160
1436
1218
1286
1588
1162
522
336
1526
1578
1294
1486
1124
1210
1138
1126
1146
1130
1140
1170
1236
1190
1174
1186
1116
1234
1654
1182
1202
1544
1300
1290
1076
1176
1192
1156
1262
1332
1102
1134
938
1588
1512
1314
1316
1060
1252
1318
1448
1392
1438
1430
1424
1432
550
1870
1314
1086
1444
1412
1116
1368
1434
1268
1180
1278
1662
1394
1324
984
1214
1170
1274
580
352
1524
1392
1080
784
1560
1146
1126
1400
1598
1206
1092
1206
1240
1190
1210
1220
1156
1202
1416
1104
1348
1426
1036
1342
1520
1232
1532
1220
1564
1456
1350
1280
1218
1658
1462
1376
1516
1292
1504
1434
1420
1434
1396
1318
1278
1080
1374
1416
1408
1382
1298
1028
1504
1200
1212
1098
1306
1414
1400
1336
964
1554
1448
1126
1422
1190
1180
962
878
1566
1498
1164
1450
1484
1354
1526
1212
1522
1248
1612
1316
1162
936
1034
802
1192
996
1024
1536
1078
1148
1272
1362
1050
1638
1520
1232
984
1066
1284
1324
1286
1646
1540
1350
1596
1488
1418
1482
1426
1408
1420
1368
1202
1026
1424
1416
1506
1466
1456
1384
1300
1222
1132
1272
1152
1204
1526
1338
1154
1530
1536
1206
1438
1144
1254
1086
1176
1360
1222
1618
1412
1230
1072
1256
992
1354
1576
1182
1436
1408
1184
1008
1190
1390
1154
724
1628
1434
1430
1536
1440
1178
1000
1236
1410
1362
1324
1424
1476
1562
1502
1256
1342
1238
1268
1502
1442
1542
1436
1186
1426
1162
1614
1464
1238
1038
1482
1294
1066
1286
1208
1200
1240
1466
1070
1176
1064
1384
1200
1326
1062
1650
678
1644
1408
1302
1184
1302
1138
1386
1658
1410
1502
1418
1448
1370
1218
1346
1016
1510
1446
1194
1416
1358
1250
1172
1366
1680
1338
1084
1560
1366
1266
1184
1202
1412
1058
1718
1438
1154
1452
1426
1444
1438
1086
1628
1228
1150
1078
1164
1118
1122
1142
1514
1268
1296
1696
1116
1628
1702
1200
1112
1056
1464
1244
1732
1470
1464
1496
1080
1022
1236
1156
1278
1162
1330
1158
1066
1200
1294
1398
1734
1484
1252
1162
1262
1058
1160
1432
1226
1440
1156
1184
1114
1506
1526
1402
1132
1246
1202
946
1314
1456
1030
1338
1152
1418
1280
1540
1066
1502
1510
1126
1444
1224
1338
1180
1174
948
1526
1506
1340
1106
1388
1434
1474
1482
1254
1640
1438
1352
1090
1152
1272
1552
1470
1454
1406
1332
1130
1140
1050
1244
1354
1414
1104
1480
1384
1338
1234
1276
1512
1344
1150
1590
1300
1190
1352
1142
1516
1578
1206
1486
1166
1474
1494
1480
1452
1050
1536
1348
1218
958
890
1602
1218
1220
1672
1112
1274
1580
1172
1452
1470
1490
1468
1156
1384
1334
1284
1602
652
1694
1476
1174
1492
1372
668
1486
1312
1074
604
1468
1606
1472
1510
1436
1164
1232
1328
1654
1438
1418
1464
1092
1610
1480
1498
1526
946
1616
1124
1478
1176
1264
1624
1356
1492
1470
1458
1470
1134
1166
1340
1162
1048
814
1628
1162
1202
1198
1070
1358
1460
1396
1538
1476
1540
1504
1056
1146
934
1302
1562
1588
1532
1484
1240
1510
1238
1614
1436
1288
1570
1424
1416
1434
1396
1420
1408
1460
1418
1420
1304
1006
1376
1522
1380
1476
1456
1450
1456
1394
1252
1006
1398
1462
1312
1478
1168
1514
1406
1300
1118
1086
1156
1178
1374
1092
1470
1308
1600
1548
1202
1072
1074
1130
1302
1432
1070
1376
1294
1062
1236
1442
1070
1094
1006
1682
1418
1534
1530
1106
1176
1444
1244
1652
1252
1570
1464
1092
1370
1586
1456
1472
1476
1484
1450
1472
1428
1048
1376
1606
1358
1546
734
1346
872
1550
1556
1372
1212
1186
1192
1348
1448
1486
1424
1158
1232
1536
1100
1420
1248
1052
1322
624
1768
1464
1202
1412
1342
1442
1408
1182
1364
1594
1152
1518
1518
1552
1506
1352
1478
1454
1414
1440
1382
1402
1246
1128
1440
1632
1506
1494
1168
1478
1396
1290
1492
1452
1420
1262
1062
1552
1126
1582
1396
1532
1480
1166
1244
1298
1708
1464
1316
1056
1024
924
1010
982
1104
1096
1054
1392
1146
960
1466
1278
1372
1480
1182
1440
1354
1088
1382
1354
1210
1288
1250
1270
1228
1422
1084
1282
1350
1116
1168
1178
1146
1136
1134
1162
1132
1220
1186
1136
1162
1150
1140
1156
1152
1084
1182
1132
1228
1564
1494
1088
1400
1414
1332
1358
1142
894
1234
570
1696
918
676
1388
1224
1300
1236
1254
1206
1168
1216
1516
1534
1550
1662
1166
1466
1372
1388
1400
1394
1492
1404
1388
1344
1358
1368
1376
1358
1412
1366
1302
1064
1236
1206
1216
1208
1438
1344
1314
1360
1422
1502
1478
1430
1436
1404
1424
1428
1408
1276
622
1456
1450
1202
1708
1452
1290
1166
1540
1472
1426
1498
1370
1432
1436
1410
1248
1108
1276
1458
1430
1424
1450
1492
1456
1452
1414
1428
1438
1388
1428
1406
1480
1422
1456
1464
1438
1254
1064
1250
1290
1334
1476
1518
1410
1442
1440
1426
1428
1358
1526
1454
1448
1478
1378
1204
1188
1208
1334
1364
1510
1452
1452
1474
1440
1276
1444
1402
1356
1534
1458
1416
1200
1046
1216
1144
1192
1398
1184
1144
1424
1650
1506
1498
1484
1490
1398
1444
1384
1422
1420
1296
1436
1056
1376
1492
1164
1294
1036
1260
1512
1676
1490
1548
1466
1202
1544
1416
1492
1440
1442
1468
1444
1452
1464
1438
1436
992
1268
1534
1356
1634
1500
1482
1402
1458
1452
1436
1458
1428
1452
1426
1446
1434
1424
1432
1418
1284
1538
1400
1456
1434
1438
1446
988
1340
1396
1122
1368
1514
1516
1484
1516
1444
1464
1452
1446
1462
1416
1402
1424
1404
1424
1192
1286
1080
1180
1172
1128
1160
1168
1154
1170
1166
1144
1058
1194
970
1126
826
734
790
790
800
846
900
968
978
980
968
1018
1018
1030
1002
914
852
528
804
1576
924
898
866
748
920
878
860
868
778
936
896
854
1028
916
900
914
902
866
888
878
854
926
882
928
894
998
944
948
948
950
920
948
1006
966
748
1208
1158
1020
1028
1076
1034
936
1238
1068
640
1158
1134
600
954
1026
688
1046
922
512
1180
1034
598
1028
1004
602
920
1088
1038
762
1102
1022
610
1112
1148
1078
704
940
1032
654
1050
968
598
1042
1058
1032
762
1152
1058
902
1192
1224
1120
1116
1078
660
942
1042
726
418
1240
1102
724
1142
1162
638
980
984
680
1092
978
756
1106
960
946
1008
964
874
976
1168
1052
1006
1188
1152
1104
1150
1120
766
1276
1048
542
1072
918
636
1002
848
790
798
546
896
762
764
810
844
820
818
928
870
854
866
884
860
1032
944
738
1042
890
710
1040
1118
642
942
1034
654
908
926
730
1132
1058
692
1130
966
832
1126
1040
856
1036
978
834
996
922
918
1038
960
696
1010
1158
700
1040
1142
622
816
726
806
1040
724
876
1068
942
898
876
896
900
894
896
892
884
888
874
912
1048
996
1080
1040
1278
1154
948
1026
1032
966
948
958
1174
1016
1266
1150
1174
1238
990
1264
1324
1200
1134
1104
1224
1148
1154
1158
1152
998
1288
1236
1358
1270
1504
1408
1348
1390
1056
1228
1170
1248
1576
1400
1356
1358
938
1254
1106
1120
1116
658
1284
1220
1338
1370
1300
1374
1062
1098
932
1010
1170
996
1228
1166
1140
1020
1108
1092
1054
1182
1224
1136
768
1394
1204
1586
1048
540
1326
1176
1136
1090
1196
1276
1188
1346
1358
1158
1012
1110
1214
1096
1116
1362
1558
902
1018
962
1334
1262
616
1736
1118
1418
992
1414
816
1380
978
1502
1334
1194
978
1354
1318
1074
978
1140
1066
1152
1124
1108
1292
1362
1406
1186
958
1384
1404
1214
1208
1220
1196
1220
1230
1074
1182
1078
978
1424
1420
1218
956
1362
1386
1138
1286
1246
1164
1198
1108
1156
1228
1096
1030
1214
1048
1080
1102
1038
1076
1074
1498
1046
1066
982
1142
1226
1190
1202
1194
1190
1136
1162
1162
1208
1142
1042
1230
1092
1080
1138
1228
1352
1702
1416
1120
1194
1130
1032
1334
1402
1244
1666
1364
1238
1320
1234
1226
994
1154
910
1508
1232
1502
1306
1268
1108
1070
1392
1398
1134
1356
1226
1020
1246
1104
1034
1234
1102
910
1462
1418
1214
1392
1404
1422
1414
1078
1454
1366
1072
1308
1286
1242
1264
1268
1258
1354
1384
1250
1076
1248
1178
1242
1226
1266
1080
1082
1404
1390
1422
1438
1062
1162
1380
1146
1434
1374
1142
1334
1384
1164
1338
1386
1158
1352
1430
1254
1344
1006
1444
702
1404
1142
1090
1134
1226
1586
1242
1042
1182
1210
1090
1140
1056
1460
1386
1508
1470
1134
1000
1206
1096
1388
1296
1642
1024
1274
908
1496
1414
1272
1138
1274
1434
1288
1490
1396
1230
1456
1140
1114
1126
1288
1462
1462
1576
1460
1146
1516
1372
1458
1452
1348
1184
1096
1296
1654
1252
1374
1454
1216
1020
1226
1076
1088
1018
1330
1124
1084
628
1294
1614
1104
1376
1460
1044
1346
1370
1088
1382
1300
1316
1584
1398
1354
1006
1232
1414
1422
1456
1424
1176
1314
1446
1168
1238
1518
1088
1122
1064
1220
1094
1442
1412
980
1118
1202
1674
1304
1082
1320
1068
780
1634
1166
1622
1488
1168
1530
1270
1444
1402
1196
1218
1114
1174
1480
1422
776
1422
1240
1490
1454
1392
1238
1134
1226
1156
1134
1170
1510
1044
1320
1150
1138
1172
1372
1264
1730
1302
1112
1502
1234
1042
1310
1126
856
1580
1516
1164
1464
1220
1298
1172
652
1726
1572
1430
1474
1072
1130
1162
1270
1200
1208
1294
1186
1042
1436
1174
1080
1314
1104
1006
1152
1310
1414
1082
1538
1420
1160
976
1282
1298
1426
1164
1090
1376
1174
1202
1188
1248
1490
1308
1154
1464
1354
1202
1386
1322
1140
1090
1512
1152
1520
1032
1254
1086
1144
1134
1152
1172
1150
1220
1192
1134
1182
1474
1228
1524
1500
1114
1406
1460
1172
854
1552
1134
1392
1504
1174
1416
1160
1376
954
1592
1438
1284
1042
1196
1094
1090
1086
1016
1770
1166
1042
1238
1460
1154
620
1444
1306
1384
1220
1064
1486
1138
1274
1230
1178
1294
1242
1138
932
1580
1232
1132
1146
1218
1124
1472
1290
1478
1542
1210
1456
1404
1408
1434
1050
1372
1518
1328
1490
1154
1106
1478
1264
1540
1132
1226
1462
1132
1320
1382
1194
1420
1322
1238
1502
1356
1334
1482
1278
1220
1480
1166
1280
1420
1172
1280
1478
1244
1126
1402
1164
1484
1386
1350
1536
1360
1906
1414
992
1398
1338
1142
1310
1216
1166
1252
1472
1378
1448
1444
1422
1434
1290
1188
1238
652
1432
770
1480
1596
1256
1206
1212
1432
1390
1424
1102
1448
1414
1298
1338
1356
1472
1420
1118
1364
1354
1284
1110
1092
1148
1312
1176
1128
1200
1176
1120
1466
1502
1136
1364
1430
1126
1374
1428
1180
1382
1156
1400
1506
1270
1260
1286
1006
1376
1418
638
1486
1460
1182
1198
1496
1452
1404
1310
1284
1194
1262
1394
1274
1026
1564
1112
1084
1240
1158
1170
1178
1166
1210
1188
1098
1070
1482
1168
1248
1300
1108
1216
466
1510
1048
1474
1496
410
1502
1622
1130
692
1484
1088
1418
1172
1248
1566
1480
1370
1426
1212
1414
1466
1418
1444
1070
1480
1374
1130
1380
1406
1282
1102
1378
1176
1476
1198
1438
1216
1368
1298
1586
1190
1350
1298
1136
1270
1370
1242
792
1508
