358
666
660
658
660
656
668
664
660
664
670
662
662
670
662
664
668
668
666
672
680
682
670
672
676
686
688
684
684
686
682
680
680
680
676
688
684
678
682
676
680
676
674
540
816
674
680
702
664
672
664
658
492
806
664
668
692
658
654
664
650
650
656
528
754
652
544
764
634
666
672
636
618
664
634
580
766
630
634
650
644
636
510
482
292
586
640
630
640
630
642
628
506
760
630
636
670
628
626
630
636
634
644
638
624
526
786
646
658
680
642
670
496
618
852
666
702
658
684
652
668
666
680
496
804
662
678
696
666
650
558
324
322
816
682
682
710
656
690
510
812
666
672
690
650
678
662
656
646
660
652
658
658
650
656
652
638
646
658
668
668
674
554
790
670
664
696
678
650
668
660
668
674
664
656
656
664
672
658
672
662
666
666
480
868
662
680
686
666
662
670
660
660
648
658
654
656
654
666
658
658
652
650
646
648
638
640
652
638
640
626
646
628
642
482
746
624
636
660
628
634
634
622
632
620
610
640
652
634
656
630
626
628
634
494
762
634
644
672
644
654
634
646
634
642
654
642
650
644
646
648
634
640
642
642
648
638
628
634
638
646
646
650
656
662
670
670
678
680
686
680
706
682
704
716
702
716
724
698
692
700
706
694
684
704
690
704
668
730
702
500
928
724
732
680
796
734
724
740
728
764
736
738
760
740
738
732
744
716
738
756
742
754
572
934
746
752
776
722
454
936
722
838
814
792
754
718
754
748
878
674
948
810
770
514
948
736
692
688
696
698
906
762
788
758
740
746
756
752
738
752
748
742
754
702
552
882
708
706
724
690
680
678
680
672
672
670
674
664
664
660
652
350
368
646
686
686
690
552
840
690
696
712
682
678
684
670
672
670
648
680
680
524
814
670
582
760
668
668
674
680
632
668
674
668
676
674
670
672
670
658
638
718
686
692
702
698
696
564
780
740
700
692
684
454
924
700
692
720
706
686
704
738
738
758
742
734
754
756
766
770
522
1036
760
748
748
744
756
734
730
726
734
734
730
754
756
742
794
766
776
786
782
642
832
848
790
822
778
600
1064
800
832
860
828
842
836
826
838
856
860
854
832
804
830
810
792
768
818
830
830
840
500
1068
802
786
744
748
904
836
844
878
838
776
770
770
966
668
1036
790
780
782
346
718
348
752
862
862
808
796
818
590
250
1138
742
360
904
638
844
814
554
504
708
500
554
828
840
870
576
998
778
1072
694
560
484
784
638
1184
922
536
1084
904
504
1160
830
488
1038
770
590
936
828
998
874
776
678
614
996
308
790
902
824
826
788
672
1182
908
850
594
532
720
488
472
522
750
472
534
280
998
858
704
1106
648
1108
930
896
840
844
888
840
1100
1062
878
1102
690
1122
1032
990
1010
560
596
612
916
860
654
732
416
858
884
564
916
1012
856
700
964
836
858
792
378
896
332
864
868
836
856
536
270
1058
880
650
1062
862
810
846
1052
640
1150
848
1130
1028
866
792
942
1114
930
832
856
874
998
904
934
558
1188
1164
950
874
1058
888
882
740
948
858
862
1120
948
1154
698
1344
842
808
1004
854
836
810
816
1012
898
842
1034
998
588
1042
900
1004
882
842
814
836
822
842
848
842
854
856
868
868
864
866
868
836
916
876
876
876
874
888
888
884
898
898
864
878
874
890
908
928
928
860
902
902
694
1138
664
1072
862
838
970
928
906
926
906
892
680
1104
894
880
904
882
884
616
1126
872
886
908
880
882
886
878
872
876
894
898
720
1074
904
896
892
882
878
892
890
904
948
940
948
948
948
948
584
1112
1120
882
1082
956
932
906
928
948
948
936
944
916
1056
634
1196
914
948
1056
988
916
946
526
1104
1134
904
1034
964
954
914
898
888
894
906
948
658
1036
354
758
906
948
1020
1014
992
1102
946
970
884
1152
960
930
882
1130
636
1098
362
690
802
1172
986
652
830
1050
1230
986
906
814
846
626
650
948
948
1060
570
296
1156
700
360
772
948
948
936
930
680
1042
1054
922
998
908
1070
928
1142
946
918
880
896
812
1042
930
936
892
874
888
918
944
922
558
1136
822
794
1198
994
838
826
1198
1022
936
664
434
1054
894
902
1092
976
972
1164
1012
1060
960
950
924
884
906
1090
602
1104
1138
1006
962
924
924
894
888
1098
966
1098
968
928
914
912
920
696
1146
620
1052
352
774
352
888
706
340
802
1108
648
570
812
930
1060
1026
988
948
606
1198
930
1176
1008
934
1222
632
1166
924
650
784
554
912
976
606
278
1176
948
756
348
790
750
346
814
918
644
1150
910
948
976
938
936
1082
972
928
896
876
602
598
518
452
1030
626
1140
1012
922
898
892
926
908
916
918
922
908
948
922
706
1110
868
774
1272
944
858
786
1172
632
1108
862
948
1152
1022
884
808
940
1370
918
890
1152
1050
1070
986
986
912
884
736
394
948
948
1028
964
942
668
1130
914
902
1112
1002
962
1174
1044
962
1116
1024
570
1150
1208
1060
624
886
498
894
906
930
652
1026
406
872
900
900
948
948
940
848
860
1012
1098
968
928
874
896
836
1156
362
782
886
1120
996
888
956
1116
998
1176
1010
932
914
1116
1062
960
944
922
938
906
890
870
894
948
772
332
948
418
578
924
892
892
900
866
862
942
1020
994
1010
968
922
920
874
912
890
1088
1000
602
630
884
756
338
850
326
886
930
942
1090
1104
968
940
1018
918
956
918
902
892
866
884
886
1070
1042
992
1114
1026
864
830
930
1006
690
1198
948
862
826
822
564
654
674
1196
630
984
1198
1134
916
826
1198
1112
922
832
684
600
496
588
802
1046
350
708
344
784
848
1058
1194
936
822
1198
560
652
776
794
714
594
1058
694
1120
580
632
856
778
1184
940
980
906
862
872
882
1136
1020
1188
1050
950
984
1018
994
1182
786
914
916
886
700
1134
1156
1022
968
1028
976
946
918
896
370
802
1006
998
1052
1036
990
932
912
880
902
638
650
722
948
930
1124
976
1192
786
1184
972
1040
946
894
900
544
1146
1136
944
896
882
1124
964
1136
996
924
904
886
880
984
908
906
874
946
1026
940
856
686
1074
820
806
808
774
772
734
764
682
836
698
854
796
766
768
766
728
746
750
744
742
746
740
546
940
742
742
754
758
732
744
724
736
736
728
744
744
746
740
732
754
752
760
760
744
746
750
750
742
740
748
744
756
736
726
738
734
726
736
732
724
716
728
722
534
886
722
734
752
720
706
714
726
720
728
728
720
726
702
716
718
722
722
722
724
724
724
510
932
716
726
742
722
680
742
720
658
784
720
714
744
704
722
692
704
672
686
716
794
664
706
698
698
704
702
708
716
710
706
712
702
716
702
704
702
590
676
830
698
722
690
690
682
678
686
682
668
670
680
672
674
674
678
672
676
674
678
682
678
676
668
678
690
666
672
674
672
670
478
840
674
678
700
678
676
516
816
688
692
714
702
690
694
698
708
698
704
706
702
696
540
844
696
708
738
706
724
718
718
718
714
702
698
702
710
712
722
714
722
716
720
560
878
718
720
736
692
710
704
692
714
694
702
698
698
694
694
694
538
842
684
688
556
814
680
682
708
680
662
656
672
528
784
666
676
688
688
650
674
676
644
656
658
660
670
658
658
658
660
660
658
660
654
666
662
654
656
662
668
678
658
668
682
686
680
690
676
678
682
678
676
682
688
678
690
682
676
686
684
680
682
690
690
698
694
700
696
696
696
696
706
698
702
696
694
696
694
698
682
706
694
702
704
704
702
706
708
708
716
708
712
706
490
924
706
712
742
684
688
702
702
712
710
712
718
710
722
828
648
728
724
740
738
758
710
774
742
740
732
726
712
694
712
708
704
684
670
692
690
680
684
684
682
678
682
672
678
678
680
674
684
548
816
686
690
692
516
586
312
646
432
332
624
694
700
594
782
700
694
724
686
688
698
696
692
690
700
696
684
696
704
696
704
694
700
698
698
706
698
694
698
688
686
688
686
686
686
570
824
692
692
706
686
700
694
694
714
716
706
712
704
720
718
718
712
712
718
702
716
698
700
704
682
692
694
690
694
684
668
684
666
668
672
674
666
672
672
662
666
662
662
662
664
668
664
666
658
658
662
654
654
648
652
656
654
662
656
660
656
660
662
654
656
648
654
646
646
642
644
646
640
638
640
638
644
638
640
636
636
636
636
630
638
634
632
634
640
634
640
644
654
654
632
640
624
642
640
642
644
646
648
644
654
652
656
658
656
654
646
646
660
652
654
658
664
674
674
682
686
696
702
684
690
700
700
696
692
702
718
722
740
732
584
482
498
728
510
988
754
744
784
754
840
768
754
754
744
746
782
794
810
514
904
1010
804
802
524
1000
660
896
804
764
824
502
360
544
416
552
592
792
948
768
714
726
736
712
726
744
732
734
730
738
738
746
746
758
544
988
758
748
762
514
688
874
688
302
774
498
1082
848
612
948
704
638
544
708
830
1016
704
724
530
590
752
334
586
782
532
614
610
302
666
766
760
736
1020
864
886
804
762
748
818
554
530
726
344
544
522
366
890
856
850
790
770
1032
878
876
798
760
948
874
812
830
560
948
756
976
840
806
822
724
756
1008
856
880
778
756
994
894
572
772
298
540
358
848
868
828
814
762
982
854
828
786
570
1110
856
802
822
740
750
720
920
830
508
1060
790
760
752
740
634
868
754
530
948
782
570
926
752
762
774
746
758
772
762
760
736
744
730
730
854
792
794
768
758
752
760
744
754
748
746
752
746
750
766
734
712
894
800
790
794
822
802
716
720
744
350
642
528
348
506
1090
708
786
754
612
678
516
770
614
830
756
740
334
658
424
608
804
496
494
480
388
762
390
542
470
456
322
500
380
422
512
332
768
788
592
752
602
424
734
572
378
640
466
338
544
982
756
712
796
748
752
754
756
760
754
748
766
746
756
680
780
754
722
718
602
1016
816
768
754
686
822
790
788
782
772
728
812
536
388
572
336
550
414
378
720
792
504
314
754
588
348
660
372
414
334
340
388
412
318
408
292
760
516
1018
776
746
734
746
652
616
988
754
760
724
742
756
760
744
736
742
560
1034
782
766
768
762
700
832
760
542
988
566
948
744
754
576
928
748
752
588
894
446
434
632
436
416
548
1036
794
546
990
778
526
750
754
656
376
652
746
510
872
860
504
976
746
736
718
724
740
580
682
576
446
750
646
376
548
534
614
1198
836
822
826
818
794
520
1046
594
942
766
762
750
722
750
562
948
760
776
752
754
746
760
708
812
822
670
884
780
668
856
764
758
588
908
744
744
748
756
560
1022
730
768
768
764
762
770
680
796
818
768
782
760
776
762
610
534
420
738
770
768
764
768
776
806
496
490
566
404
400
590
568
556
878
872
790
828
660
544
678
838
794
702
494
720
594
510
492
720
1014
990
804
784
948
856
928
812
824
992
896
860
1018
948
732
868
768
630
1186
908
826
800
1050
992
658
1020
980
898
920
884
888
628
1120
852
604
1006
360
732
894
574
298
770
558
752
1126
808
836
766
728
514
702
788
636
862
758
720
750
726
716
724
718
718
722
720
720
714
722
622
618
326
570
768
732
724
730
720
514
902
716
712
722
716
584
862
742
734
776
748
762
752
762
764
756
758
762
760
748
774
756
780
770
780
782
582
1004
792
718
862
778
620
942
774
782
806
780
802
840
822
840
694
948
830
798
772
780
778
822
798
518
1070
796
806
826
774
786
784
798
802
796
790
852
818
814
828
808
790
784
772
766
742
854
796
798
824
794
780
746
794
992
636
720
410
488
536
900
758
688
662
366
540
462
894
624
266
352
488
344
448
394
418
338
482
536
478
438
492
380
472
386
672
396
532
378
432
506
394
650
1076
938
712
932
810
1044
934
888
884
302
906
538
264
898
328
798
544
442
454
1110
514
574
588
276
806
438
422
488
1132
332
718
798
506
518
894
870
828
832
758
922
834
838
826
830
796
806
798
566
1056
614
988
796
784
788
784
602
1008
792
784
800
768
792
792
802
548
314
592
442
406
552
392
764
786
788
796
786
810
808
724
874
818
808
826
592
1112
908
782
910
890
754
1106
912
722
948
808
574
674
616
816
634
466
580
372
478
644
480
762
832
830
810
832
1000
606
1146
914
854
856
806
800
770
786
1112
986
552
1006
356
718
584
1032
740
660
628
804
658
792
782
642
580
744
450
490
802
860
876
888
904
878
844
812
1082
948
812
944
896
890
944
878
876
290
704
902
856
832
834
646
568
658
868
848
836
728
896
772
762
778
548
782
394
658
790
778
774
772
778
756
752
744
778
758
758
778
542
914
752
654
806
738
730
744
736
732
714
744
502
948
746
730
726
728
732
728
730
738
736
734
708
822
750
754
756
732
748
724
734
736
740
740
726
732
620
854
730
728
734
718
718
478
714
358
562
634
794
562
832
690
696
692
692
692
698
698
698
686
734
700
722
726
728
634
832
736
712
734
738
740
732
730
736
736
532
702
468
480
730
662
630
906
738
718
730
734
682
798
754
728
770
748
546
940
734
742
750
702
742
696
722
686
698
694
696
702
690
708
702
704
564
812
690
694
696
692
704
692
518
848
686
688
690
688
686
696
620
568
634
294
580
774
702
708
718
704
700
710
698
690
724
722
720
728
722
730
740
762
756
758
764
740
722
764
736
738
738
736
728
740
734
736
722
726
736
680
760
726
730
742
718
738
704
720
728
724
636
838
734
726
740
724
734
676
790
750
660
832
744
756
768
772
746
646
890
722
756
738
720
740
734
722
738
726
722
734
724
726
680
826
742
770
764
756
752
726
746
746
736
678
804
738
756
766
762
758
770
778
778
782
778
774
748
620
1022
780
870
892
812
802
806
822
806
786
792
794
796
796
818
784
794
828
830
624
982
798
772
760
774
674
830
744
694
810
752
546
948
750
744
728
878
592
732
666
778
710
728
646
594
864
636
552
436
708
774
730
758
772
536
1032
770
784
760
810
854
854
800
802
688
596
520
926
676
528
504
318
588
862
878
838
902
880
840
568
1052
1000
872
798
868
828
994
726
924
850
880
628
734
390
696
774
798
872
808
904
834
948
852
706
860
552
1170
770
572
812
800
730
732
526
900
718
716
728
586
652
436
490
694
726
744
730
748
734
732
742
766
542
466
538
750
762
756
770
754
750
576
948
732
750
762
750
736
742
768
764
778
838
790
818
834
788
808
820
806
820
802
804
822
686
948
826
820
868
818
814
822
814
854
834
824
828
848
870
862
850
856
814
842
824
828
838
852
834
804
820
572
456
764
876
830
948
886
878
826
822
840
820
810
512
322
930
808
940
828
824
640
1188
872
812
1034
878
902
1018
882
1000
926
850
854
1078
892
850
638
1120
924
924
868
828
820
948
506
594
704
614
1174
878
862
828
488
570
542
768
728
802
574
490
850
798
782
792
788
784
792
790
806
794
792
816
800
688
948
822
820
854
850
882
900
864
870
822
782
812
606
512
512
464
454
484
1084
804
782
802
746
748
764
760
770
774
786
800
802
774
772
798
810
802
792
734
856
804
712
886
784
788
782
752
798
658
948
808
810
770
796
794
822
834
832
772
808
790
980
908
814
812
990
892
852
792
810
784
752
672
1082
654
830
358
820
882
840
844
814
726
848
750
910
814
808
822
794
782
752
640
884
752
626
892
676
818
766
764
726
716
740
706
614
680
948
694
794
738
696
772
736
566
898
734
602
838
698
844
766
758
768
766
606
482
604
670
784
786
778
794
676
916
794
794
558
1016
788
786
554
998
776
774
526
1058
810
774
842
920
948
900
868
890
700
1024
824
846
848
826
840
838
908
896
614
608
540
732
822
618
1136
858
806
634
544
538
776
600
396
568
624
428
944
632
1132
828
802
772
786
756
784
784
770
778
774
778
770
752
760
752
732
626
630
496
502
566
578
360
628
380
446
534
488
490
478
580
410
738
746
688
808
746
750
780
726
742
750
636
878
756
758
756
672
838
756
578
914
746
742
730
740
724
738
730
730
732
744
760
760
652
866
756
746
760
680
810
752
738
750
716
732
732
740
756
764
758
770
774
778
638
916
780
588
560
1144
762
750
766
742
736
648
842
742
752
752
542
948
768
758
782
540
530
472
710
750
774
762
772
768
770
758
534
714
384
614
512
970
728
732
736
726
720
720
674
760
732
714
746
722
724
716
736
714
740
734
588
622
306
512
908
732
710
600
670
342
602
726
428
318
388
332
690
722
724
730
718
714
720
716
742
728
740
732
734
734
744
734
740
740
728
726
718
722
710
704
702
700
704
702
494
918
718
698
724
698
696
704
716
712
716
716
732
710
714
730
718
584
706
872
612
820
736
690
722
708
694
712
700
704
706
598
808
718
712
728
714
724
722
726
726
730
730
724
742
748
748
752
760
766
684
750
746
570
912
740
738
746
738
702
768
738
744
740
740
740
758
472
794
980
712
760
770
730
728
726
728
736
758
758
764
774
730
738
746
748
744
746
746
610
830
722
728
752
720
704
730
716
698
716
600
820
714
718
732
720
718
586
880
744
730
746
722
724
674
754
720
692
708
714
704
540
880
720
698
702
486
906
712
706
730
740
660
714
706
710
710
730
720
732
700
712
720
704
712
712
708
722
708
712
716
700
704
380
902
820
716
728
680
704
714
712
704
718
718
728
716
672
756
720
714
728
724
716
698
706
694
668
696
696
702
706
704
514
910
706
706
706
724
670
692
682
676
680
698
694
698
700
680
704
702
634
760
508
890
718
692
690
684
692
710
692
702
704
690
680
702
696
696
696
668
732
702
704
704
692
698
700
686
698
628
552
542
422
652
706
712
708
708
704
704
710
690
698
690
560
872
700
708
740
666
708
698
706
720
710
722
548
898
730
728
734
638
798
540
726
716
686
734
704
842
522
382
498
882
602
792
704
690
688
688
696
700
700
630
642
816
696
704
686
542
828
684
676
684
516
818
680
656
692
662
668
674
672
676
670
682
668
676
538
578
386
530
678
704
680
676
690
640
678
660
644
668
658
668
672
676
666
682
674
680
676
680
688
690
686
684
690
686
686
512
844
686
680
648
690
676
668
674
676
662
654
658
674
670
670
668
652
662
664
644
656
654
656
658
646
646
642
280
414
602
644
642
640
650
502
728
656
630
626
642
624
634
628
636
628
630
632
634
630
622
620
622
618
624
626
614
642
628
628
634
632
540
680
600
642
654
592
622
606
616
618
612
620
612
478
726
592
624
624
612
586
618
570
576
630
596
610
606
506
686
538
670
624
588
612
598
574
598
590
588
594
596
534
630
628
594
538
590
644
612
522
600
632
610
582
604
588
596
598
582
606
586
588
540
614
568
588
578
588
520
646
604
566
570
576
582
572
572
572
574
570
576
572
572
578
578
580
564
490
650
554
578
592
546
584
546
554
496
616
564
566
556
558
560
566
560
558
560
556
558
564
558
558
566
556
556
570
564
562
562
566
554
434
692
556
566
560
564
558
554
558
558
564
560
526
610
564
574
580
584
544
560
574
576
570
584
578
586
580
586
586
584
578
580
582
580
578
460
708
572
590
606
582
582
576
586
548
570
588
568
596
572
582
582
576
570
580
578
582
576
526
636
578
578
604
578
552
578
574
584
570
582
580
586
572
520
658
578
576
598
576
574
586
588
588
582
588
590
586
600
586
594
588
494
694
580
594
620
580
594
578
426
714
578
596
594
600
586
580
578
582
578
580
574
578
578
582
544
584
570
578
574
544
616
574
578
576
578
570
580
576
578
574
632
550
572
580
570
494
634
580
586
602
580
578
504
642
580
606
590
610
616
596
604
586
594
602
600
606
604
612
604
614
612
618
612
626
586
606
614
614
610
604
606
610
610
612
620
612
616
616
622
626
624
622
620
626
620
618
626
620
624
628
626
626
630
630
504
752
634
626
556
678
614
628
626
622
606
668
638
634
654
642
630
648
488
784
652
652
670
652
674
646
660
652
658
680
652
676
488
862
668
486
862
662
672
692
656
460
824
646
660
678
414
850
638
654
666
642
636
492
746
632
618
660
628
628
636
640
630
644
632
640
648
630
648
670
652
656
656
656
658
662
646
526
778
658
644
650
658
656
644
648
650
648
644
648
648
648
590
708
656
660
668
648
656
668
658
680
676
688
692
698
708
704
682
680
582
454
342
666
546
494
590
374
620
344
442
356
298
632
658
660
612
698
646
668
652
654
646
630
642
642
640
642
628
642
632
528
716
604
644
526
612
606
698
646
588
602
618
598
538
642
580
610
622
572
584
590
578
600
588
580
574
582
582
582
588
576
584
534
624
576
584
584
568
466
424
846
574
590
580
574
582
488
662
582
584
592
576
574
580
590
588
588
588
588
588
592
584
580
592
588
584
1170
602
598
562
592
596
576
608
596
592
598
600
588
596
602
614
608
610
620
618
636
626
642
644
642
654
654
674
652
646
662
658
680
684
674
684
684
694
698
480
994
714
722
710
716
692
702
700
598
642
514
524
522
418
380
380
360
742
750
550
948
770
798
656
692
524
524
356
476
704
424
454
678
696
706
694
290
1102
694
690
688
686
688
668
458
856
652
660
670
650
646
652
466
830
654
802
522
626
478
822
666
662
674
470
872
674
512
850
678
516
862
688
580
814
464
664
564
430
646
518
840
698
672
682
530
768
504
612
376
644
512
456
462
704
514
992
756
740
528
944
736
738
780
742
620
506
1122
726
782
708
752
694
750
694
514
1066
526
930
778
708
710
730
590
836
732
722
692
726
706
702
706
548
856
696
706
712
706
688
678
686
500
816
670
670
698
656
688
672
426
914
686
702
734
716
710
720
766
766
790
788
804
780
686
928
806
808
810
780
756
740
732
716
716
508
940
740
562
924
746
738
728
604
784
596
988
758
730
744
488
992
626
840
742
738
712
726
708
708
550
892
726
550
900
726
514
900
706
710
698
698
714
730
736
480
992
724
720
742
722
704
728
700
710
726
716
720
678
712
720
576
846
722
722
736
718
564
448
476
542
480
456
704
666
756
790
772
676
920
802
488
562
614
712
764
770
734
744
756
632
608
464
586
772
582
720
578
494
492
938
696
784
774
716
750
726
534
870
708
726
738
546
458
1088
696
708
692
680
694
684
550
834
690
538
530
574
494
642
520
834
666
506
848
670
670
682
650
410
336
616
674
672
664
694
674
692
684
704
698
710
712
658
770
712
714
710
712
696
488
944
716
714
550
880
552
850
714
696
678
712
682
672
700
654
684
696
684
698
526
854
686
682
708
680
678
672
680
674
686
544
862
710
698
732
430
948
740
706
734
688
712
726
730
738
748
622
890
820
518
904
738
728
730
718
710
736
590
852
730
752
764
740
754
574
996
772
780
732
740
508
948
748
650
818
734
732
704
732
540
904
740
720
736
706
710
716
700
782
732
732
722
724
722
714
718
644
486
656
1032
728
688
672
702
682
676
680
682
680
696
708
720
724
740
764
578
934
598
890
754
734
496
900
708
706
732
710
716
722
710
754
520
948
758
744
768
748
734
754
750
746
726
746
724
618
910
766
764
806
780
600
620
1094
656
858
714
536
924
680
1188
846
752
756
726
978
898
854
690
786
756
948
878
580
718
786
664
706
684
752
792
732
754
974
816
846
654
1166
802
634
976
740
782
736
754
744
410
1026
714
532
1006
610
686
688
670
686
692
686
694
686
692
688
692
690
686
538
828
586
762
680
684
674
674
670
668
664
666
664
492
818
678
674
698
680
496
852
574
810
700
682
706
698
694
704
698
688
694
726
734
734
736
732
740
564
892
714
734
756
736
738
734
744
738
498
948
740
718
754
704
714
708
700
710
726
726
724
718
734
706
710
716
692
738
738
738
506
986
740
562
894
722
736
626
858
740
736
760
720
614
878
754
508
990
760
734
732
750
742
728
770
764
774
770
776
620
892
766
754
782
736
742
748
740
744
744
712
744
730
734
730
690
706
702
562
856
714
702
726
696
676
708
694
696
642
728
696
702
696
704
696
702
698
700
698
702
526
904
706
718
748
724
724
730
720
506
940
730
742
766
746
682
802
744
616
894
754
712
834
530
996
766
768
728
528
492
496
714
744
744
742
736
750
756
760
766
788
780
768
770
768
758
778
772
774
768
764
768
776
702
766
840
718
844
806
788
788
796
774
368
488
750
612
584
446
706
766
744
762
752
750
758
752
760
740
602
858
738
736
756
726
724
726
734
738
736
748
736
746
730
714
718
720
734
722
732
730
740
732
736
750
670
776
740
734
738
744
746
608
854
780
736
762
742
730
744
740
752
742
752
710
740
704
568
908
724
724
734
720
720
734
712
716
708
716
718
716
726
736
702
560
478
1126
726
756
728
734
744
