574
598
620
618
618
620
600
630
636
634
638
636
650
640
644
648
652
644
644
644
652
648
634
636
630
628
636
628
634
630
638
632
634
626
630
626
630
638
640
632
630
636
628
616
632
628
632
618
616
626
552
676
622
616
650
608
600
604
602
604
608
610
604
608
612
614
616
622
628
624
628
632
630
626
626
622
588
606
632
640
636
580
700
636
638
646
634
642
638
638
632
636
642
646
648
644
646
638
670
654
662
662
652
664
660
662
660
666
668
670
678
656
658
664
664
656
658
662
662
656
646
644
648
652
670
650
664
676
660
658
658
668
648
578
734
694
670
670
662
652
636
652
650
648
588
722
602
718
658
664
662
662
660
670
496
840
664
674
660
668
660
662
664
670
654
660
662
662
650
656
598
708
646
656
646
662
642
648
648
638
646
654
652
650
644
644
646
638
642
644
644
634
640
636
622
630
626
630
628
632
622
630
622
616
632
504
670
594
702
632
616
616
762
590
812
930
736
608
632
466
600
610
626
606
602
614
608
598
602
608
600
604
616
614
600
606
610
606
612
598
616
616
614
610
620
616
610
612
618
612
604
618
616
604
608
616
610
598
608
616
612
610
618
584
630
622
622
618
616
624
632
622
630
632
634
630
624
634
620
622
632
626
618
630
624
630
630
614
628
618
628
622
630
632
630
646
644
632
642
644
638
642
644
652
642
650
646
646
598
680
650
632
638
640
630
624
628
628
620
624
628
624
624
630
618
626
628
620
626
626
618
620
636
624
620
638
612
624
622
618
616
614
614
614
618
616
604
618
606
602
610
608
600
610
608
614
610
608
612
612
608
608
616
602
612
626
614
606
610
616
608
606
616
610
606
604
606
598
596
600
596
602
600
604
608
602
616
616
608
612
614
614
614
618
626
628
628
630
632
632
624
634
630
630
642
616
642
636
634
636
630
628
628
644
636
642
652
644
642
650
656
648
652
654
660
656
650
650
662
648
648
650
648
640
644
652
642
636
644
640
646
648
642
648
640
652
642
646
638
644
652
650
654
644
640
646
644
636
634
654
638
630
630
640
626
628
632
626
624
632
632
622
622
634
618
632
620
624
622
604
616
622
626
616
630
638
626
628
640
634
630
640
644
638
642
650
638
630
640
652
648
640
642
650
638
658
650
648
636
678
658
654
642
654
650
650
644
644
648
644
630
656
642
648
632
632
632
630
636
632
640
638
628
634
632
630
632
638
636
630
632
634
626
626
630
626
626
618
614
622
626
606
622
628
612
620
622
618
614
636
640
616
582
626
620
618
620
626
622
630
634
626
636
640
630
632
632
640
628
638
642
642
648
644
648
638
642
650
656
646
650
646
652
646
646
654
658
646
656
658
658
664
652
662
650
658
652
642
646
654
646
660
640
640
642
652
642
636
634
638
636
638
634
630
632
640
638
636
638
644
632
638
650
616
636
616
600
614
478
852
482
594
516
670
584
586
618
586
586
588
550
574
578
600
570
588
580
602
586
588
592
598
582
598
578
554
640
592
586
578
586
580
588
582
586
580
576
562
592
574
584
582
568
578
582
588
574
582
572
592
580
584
582
574
570
464
708
578
570
578
564
588
576
572
574
574
562
564
568
558
568
566
568
562
564
560
572
572
572
574
580
578
578
578
598
590
590
588
618
588
606
596
606
592
604
600
602
604
608
616
610
608
618
614
614
618
616
620
624
618
614
624
628
626
628
622
642
624
644
634
618
622
640
620
626
630
624
614
628
620
612
616
628
624
620
626
620
624
618
604
608
614
606
608
612
612
606
608
610
606
606
606
622
606
610
614
608
604
614
612
592
602
608
594
600
604
598
604
606
606
610
612
606
612
614
624
608
602
616
612
600
604
610
606
612
622
616
610
626
632
616
622
634
628
618
634
636
620
632
650
638
634
638
644
636
640
654
646
636
648
644
634
632
636
644
630
636
644
642
630
630
638
630
630
632
638
622
634
634
634
628
630
640
624
634
634
634
630
642
634
622
626
636
626
610
622
614
614
616
616
586
604
590
596
598
590
584
588
594
584
592
588
580
592
590
584
596
592
580
598
598
584
588
594
590
586
592
582
588
592
598
594
582
594
538
646
588
594
594
594
596
602
600
606
594
600
606
608
602
612
610
620
610
622
612
622
626
616
624
616
634
622
622
618
630
624
628
626
640
628
628
640
634
638
636
622
620
620
620
622
618
624
610
622
626
614
612
624
608
626
618
622
610
604
610
614
600
606
606
600
596
608
594
602
598
604
608
590
602
592
592
596
606
596
590
608
604
606
614
612
610
618
618
612
616
630
618
626
630
622
638
644
638
630
634
628
628
634
632
628
638
644
638
636
640
650
630
648
644
650
636
640
636
650
632
642
646
638
640
648
652
650
648
656
644
636
650
648
650
634
632
654
632
630
642
642
626
640
636
634
624
628
634
618
624
624
620
610
616
626
626
628
614
608
626
626
622
622
626
608
616
632
614
602
622
610
602
606
598
606
610
616
598
596
602
606
592
602
612
586
604
604
598
600
602
598
604
606
604
604
608
618
604
614
606
610
598
624
610
622
614
628
628
624
630
634
630
636
642
642
642
652
652
654
656
654
646
644
650
644
618
636
632
638
628
638
640
636
624
638
632
644
620
630
626
632
626
624
616
624
616
628
622
608
612
612
606
620
608
620
614
610
626
616
612
624
620
612
616
624
614
622
622
626
618
628
628
628
624
632
628
630
642
630
640
642
626
642
636
628
640
632
642
642
634
634
632
642
626
638
636
650
634
630
636
640
630
642
646
646
634
650
644
644
658
650
648
656
652
658
662
662
662
664
648
652
654
646
642
642
642
630
622
630
632
636
624
638
634
638
626
640
634
632
632
638
624
634
628
634
618
618
618
612
602
620
606
608
600
620
604
608
610
610
472
746
606
600
604
608
604
602
612
596
604
608
608
606
610
608
612
624
602
620
612
606
606
606
610
602
606
610
606
604
614
606
606
618
614
598
608
614
618
624
616
634
628
640
634
636
646
640
632
630
630
636
622
632
630
618
630
628
624
612
626
624
626
626
618
632
624
622
632
618
622
638
624
632
618
624
626
618
626
630
622
688
590
616
608
608
610
606
598
598
562
604
598
598
594
600
592
410
334
460
602
608
608
598
610
606
624
596
366
366
520
564
626
614
598
616
590
602
622
626
606
602
608
618
624
618
628
610
614
636
630
628
634
626
636
640
628
652
640
614
688
658
656
650
638
624
626
638
640
644
638
648
646
642
652
654
646
650
672
660
664
650
666
654
662
672
656
654
670
662
662
658
664
652
664
672
668
670
668
660
600
500
496
472
514
650
640
640
636
654
632
628
518
726
632
626
632
622
632
632
604
622
606
612
594
610
614
608
614
610
598
598
620
540
642
600
696
686
416
598
600
576
602
594
588
598
588
602
596
858
928
590
598
636
552
588
596
598
602
598
586
594
606
600
592
602
604
592
602
600
604
600
596
416
264
328
344
286
424
430
776
450
496
592
606
588
596
586
552
632
602
588
594
588
588
570
594
584
580
578
588
588
576
606
596
582
590
594
588
590
588
588
588
588
580
540
562
676
602
626
584
550
434
370
416
542
584
600
586
588
594
584
584
584
590
560
594
618
582
586
572
542
574
588
580
576
574
586
580
574
576
576
582
578
576
592
582
580
582
588
586
584
582
590
590
588
588
594
596
594
600
596
590
598
596
590
604
590
606
616
604
602
614
612
610
612
612
608
616
612
612
610
606
606
614
604
606
614
614
616
620
612
614
612
618
616
604
616
614
606
610
608
606
606
610
606
606
604
592
600
606
602
588
600
600
616
594
608
606
616
610
630
624
636
618
640
648
644
634
642
656
644
654
658
644
654
652
660
640
656
652
652
644
660
670
650
662
658
662
654
672
668
654
670
672
670
666
668
678
660
664
662
650
662
658
656
630
648
652
638
638
636
626
626
626
624
620
612
620
608
612
610
606
580
642
612
608
610
618
608
608
602
604
602
596
602
602
588
604
590
598
598
592
608
610
606
612
606
608
604
614
618
608
620
626
634
628
628
638
632
640
650
634
650
640
634
630
640
640
650
632
638
636
640
634
634
640
638
632
644
632
622
636
628
636
628
632
640
640
644
648
644
648
630
638
642
634
634
636
632
642
640
640
640
656
640
644
650
646
642
644
648
638
636
644
642
632
640
646
640
632
634
638
620
624
628
624
622
622
626
616
620
620
618
620
616
618
632
622
620
624
624
618
626
600
652
628
626
630
624
620
612
626
626
628
622
614
616
626
632
632
644
638
632
638
644
638
640
646
634
632
630
634
638
640
648
654
652
658
656
656
664
660
660
658
662
646
656
656
650
664
672
666
666
670
678
674
688
694
682
690
694
694
688
684
690
700
690
670
686
674
678
660
666
668
648
658
666
648
638
648
648
636
634
636
636
630
620
626
640
640
636
634
642
646
636
636
636
652
642
644
638
648
640
632
634
638
634
636
642
650
644
644
662
654
650
658
660
642
664
666
674
652
662
656
660
654
666
644
662
664
636
654
658
662
650
662
658
650
646
652
666
662
672
674
680
670
688
692
694
690
708
700
690
682
682
678
664
668
666
626
674
654
658
662
648
660
674
652
664
666
682
656
672
680
664
674
674
682
666
678
676
658
664
670
654
662
664
658
642
652
664
644
668
658
672
676
668
688
678
682
660
668
676
664
678
680
682
684
658
662
672
666
644
694
672
682
648
672
670
658
674
666
646
676
684
686
684
674
696
710
688
700
632
810
600
700
710
688
702
718
720
716
730
740
706
714
714
722
698
716
710
694
710
700
718
688
710
722
694
698
714
706
696
678
698
694
704
696
714
714
710
712
722
724
704
702
720
724
650
764
698
680
706
710
686
696
702
696
692
696
702
672
694
700
702
686
702
708
704
704
712
714
706
702
718
722
714
704
720
712
712
724
712
714
724
722
688
706
720
678
708
706
728
688
708
708
716
686
716
720
732
704
728
740
716
704
718
728
706
732
746
724
698
708
710
710
684
712
720
700
684
698
718
696
686
694
694
710
674
698
692
704
680
704
706
680
682
688
668
664
666
664
662
644
662
664
640
666
662
668
648
670
672
684
658
674
676
690
688
702
706
694
682
692
702
688
682
688
686
686
686
690
682
672
688
688
650
672
672
678
656
682
680
674
662
670
680
660
660
690
672
662
672
678
652
714
644
670
654
692
660
668
672
654
668
672
648
664
680
656
670
686
658
672
682
670
680
686
676
692
686
678
698
700
696
694
690
702
684
702
700
700
708
712
716
698
716
718
712
690
680
690
682
682
686
678
666
674
668
662
680
670
678
672
680
674
678
668
676
664
662
674
660
662
664
664
638
704
672
672
670
676
668
674
674
664
658
658
664
664
656
660
660
668
646
678
660
662
660
664
666
660
644
498
828
658
646
656
664
658
656
662
670
656
672
686
676
662
678
690
676
686
706
688
676
690
680
674
688
690
676
676
682
688
684
682
692
690
674
694
684
678
698
692
704
720
728
730
714
746
738
706
730
760
720
738
750
764
752
758
788
740
736
752
742
708
742
754
708
716
720
672
702
704
686
672
688
680
658
666
692
670
658
676
686
654
670
686
666
542
750
696
666
706
688
674
662
670
684
640
660
672
676
662
664
674
666
646
670
678
672
662
686
684
668
700
710
698
700
722
730
704
718
724
728
692
720
736
726
706
738
742
734
716
714
708
678
696
702
700
692
702
712
692
696
716
722
722
620
762
690
698
694
670
688
696
678
678
690
712
706
700
718
726
708
720
738
736
708
736
734
724
712
718
738
702
718
724
710
704
718
732
716
734
740
730
702
698
730
716
708
740
748
716
736
760
740
716
740
744
708
732
752
694
746
728
738
724
724
740
712
706
732
718
684
708
734
704
694
708
712
686
714
726
694
708
738
692
698
712
694
672
702
706
666
696
698
662
676
688
670
664
688
710
682
684
694
690
682
702
690
676
666
656
658
658
670
658
652
648
662
660
648
676
666
664
682
688
664
692
708
686
700
716
708
696
706
716
694
704
708
706
690
708
724
676
694
694
686
688
702
700
708
696
706
710
692
696
692
734
694
706
722
694
712
726
698
688
702
716
686
690
694
712
682
700
658
738
692
720
718
690
710
618
780
694
718
696
688
710
726
704
712
738
716
702
716
734
712
702
712
720
690
708
726
720
696
714
718
688
688
692
694
690
682
696
672
688
684
684
696
716
702
696
708
708
694
706
704
692
686
702
716
702
688
694
714
692
694
708
712
692
698
708
706
682
710
730
708
682
696
706
694
682
694
698
686
684
700
642
738
676
706
716
700
692
706
720
708
728
702
698
728
708
698
706
708
680
696
700
698
678
690
682
678
684
684
670
680
708
682
700
738
716
718
732
728
706
728
742
718
712
734
730
698
724
732
710
712
724
694
690
698
716
688
702
710
716
704
708
718
730
714
726
720
718
712
732
728
694
724
726
720
692
714
724
698
712
722
702
696
714
702
688
704
724
692
702
720
690
722
686
688
678
668
672
662
696
666
692
712
698
684
696
710
682
706
706
718
694
692
704
710
686
692
716
712
676
688
694
668
672
676
664
658
652
668
658
652
658
672
658
646
662
666
652
660
672
662
656
668
670
670
666
676
680
662
674
686
666
674
682
670
664
680
676
666
674
692
678
670
686
688
674
688
696
688
688
698
702
684
700
720
710
690
700
720
692
694
706
696
682
662
664
668
664
652
634
638
640
660
660
644
662
684
660
684
704
676
692
714
682
692
718
692
678
686
694
676
684
700
684
686
710
708
680
698
704
686
696
722
718
718
738
746
724
744
736
712
738
766
738
748
766
754
740
742
750
746
742
744
766
732
716
744
772
764
758
752
778
786
800
750
778
814
766
750
762
742
630
502
518
576
680
730
950
690
780
928
752
764
768
732
720
708
654
676
798
728
704
770
754
618
788
720
722
744
728
748
726
732
708
718
726
696
724
726
710
710
696
718
704
724
738
714
720
734
710
706
720
716
696
714
726
692
702
708
690
694
700
696
682
698
702
688
702
702
688
700
706
684
692
706
682
700
684
670
662
678
644
644
640
628
640
642
630
640
640
632
630
638
658
640
646
658
654
648
658
660
666
652
664
658
648
654
654
656
654
656
652
650
658
664
654
638
664
652
658
648
660
652
650
658
658
650
664
662
650
664
678
656
666
674
676
660
674
662
670
654
668
674
658
656
680
664
666
662
674
662
650
658
648
648
652
660
654
590
694
656
664
658
652
660
672
668
674
684
676
672
686
686
682
680
702
686
682
696
712
696
696
720
722
708
722
734
722
706
712
690
684
680
686
678
672
678
674
680
668
676
650
662
700
648
660
648
660
658
644
652
648
650
644
650
652
656
654
644
652
642
642
646
648
632
644
642
624
642
650
664
666
664
676
684
692
684
702
710
718
710
728
726
746
754
744
770
744
712
750
730
722
712
730
716
728
726
736
726
716
734
736
742
720
730
738
722
748
732
720
744
734
736
614
838
718
736
718
738
762
738
754
746
770
770
752
782
824
798
790
778
810
822
830
828
802
796
814
924
1006
1000
920
918
886
980
940
996
688
748
768
728
712
708
714
700
690
706
738
716
742
744
724
736
720
710
728
728
686
746
734
720
716
730
732
728
738
740
726
758
742
728
734
728
728
704
710
710
720
708
734
730
710
738
724
718
734
742
722
736
736
732
730
738
732
724
732
720
720
724
724
704
710
712
716
702
712
716
700
710
700
706
706
706
704
704
700
710
708
708
698
720
716
716
712
726
726
730
720
732
738
736
736
740
740
738
732
736
742
728
738
732
730
718
722
736
738
702
730
738
730
714
676
776
714
692
670
686
678
680
674
692
690
694
668
698
698
682
682
688
694
668
696
706
680
708
710
704
696
708
700
686
706
716
686
700
702
696
698
696
706
692
702
706
716
702
722
722
694
660
800
716
730
742
740
708
736
742
718
742
750
726
714
754
772
732
736
760
750
728
748
764
728
750
744
752
740
762
790
734
766
752
718
726
722
730
624
754
692
716
714
716
694
722
736
692
718
742
712
730
736
734
712
734
726
690
666
772
696
720
698
700
702
684
680
692
692
680
694
688
680
690
690
682
694
690
680
698
692
670
686
696
676
692
692
690
682
712
700
696
712
712
676
710
702
700
692
698
698
682
694
686
680
694
694
690
702
716
702
718
720
718
708
716
722
710
728
728
716
742
740
728
736
748
760
768
768
800
754
776
820
770
768
776
752
778
768
764
746
752
756
728
740
760
736
746
752
732
760
768
720
762
768
776
766
754
756
732
754
752
722
748
726
724
734
708
720
730
712
726
730
732
706
724
742
736
738
750
756
708
718
718
740
720
716
710
706
706
692
714
712
672
726
722
710
730
762
732
766
792
746
792
824
788
810
842
804
814
832
824
810
838
868
832
836
838
824
798
840
830
788
830
846
826
798
814
846
838
826
836
828
794
786
822
784
798
814
744
726
734
498
958
736
760
816
758
728
766
768
744
786
820
798
792
810
750
790
770
750
768
758
750
756
748
738
752
732
728
752
752
720
732
730
724
726
732
730
708
736
734
732
740
722
746
756
776
750
772
808
784
560
882
896
828
848
774
792
802
764
800
776
786
802
836
806
826
828
830
784
808
838
824
808
828
778
720
866
802
782
844
802
798
828
776
804
838
784
790
812
806
806
782
796
798
804
784
794
790
788
782
792
788
764
776
818
800
794
784
784
790
792
784
782
792
790
774
790
776
764
760
726
756
748
738
748
746
738
724
768
752
748
752
736
768
754
742
772
754
752
766
760
756
752
756
770
744
778
786
744
766
766
760
770
764
776
748
774
772
740
758
746
762
734
746
776
756
772
744
738
744
722
712
746
704
706
718
712
704
760
728
756
770
750
752
744
762
736
768
760
722
748
750
728
748
698
734
730
732
722
714
722
716
718
722
710
732
738
696
730
758
726
740
704
708
710
682
694
712
682
710
714
706
714
684
700
712
718
700
630
750
706
724
714
686
704
696
698
704
682
676
686
674
688
688
676
676
670
672
652
648
668
678
676
686
698
672
676
674
686
676
662
692
700
696
702
698
702
706
686
706
700
686
700
694
692
692
690
684
674
678
690
694
680
688
694
704
716
714
724
722
716
726
720
714
718
726
724
728
732
734
710
706
708
722
718
712
712
716
710
730
716
758
796
746
758
736
762
746
754
746
740
746
744
728
760
738
730
716
706
720
708
698
704
698
686
686
688
682
676
672
752
646
682
692
680
680
678
672
676
660
668
662
662
664
654
652
654
664
652
664
662
654
674
676
684
692
692
660
696
690
696
708
714
716
694
708
714
730
704
716
724
698
708
696
712
704
696
698
714
704
648
746
716
734
724
720
746
740
746
730
720
726
720
694
702
714
704
688
704
700
704
702
696
700
716
730
712
728
756
762
758
746
762
750
748
752
738
720
718
722
710
716
712
706
704
720
686
696
700
708
712
714
708
692
700
696
702
698
692
698
704
680
700
684
680
686
684
684
676
690
672
682
688
686
682
686
672
666
680
672
672
680
676
688
690
700
696
568
812
708
696
742
708
700
578
758
690
686
706
684
668
674
684
676
688
686
664
690
704
716
714
718
726
718
722
722
726
724
738
734
732
732
728
718
704
702
696
706
708
716
722
730
744
724
716
720
712
716
704
694
694
694
698
694
724
732
716
724
720
718
720
712
718
734
638
818
722
744
758
740
754
776
766
772
782
754
780
774
746
764
786
766
758
764
766
728
730
738
718
720
714
708
686
702
696
696
696
692
692
686
686
688
694
682
684
648
490
790
740
694
674
712
664
666
672
674
668
678
672
668
678
672
670
670
652
676
676
688
678
672
680
684
672
680
682
682
668
676
676
668
670
672
684
674
690
690
700
700
710
708
714
704
714
718
706
710
714
714
712
712
736
720
728
750
734
716
724
736
746
754
754
770
776
780
782
784
774
772
766
746
736
724
720
726
728
734
742
704
700
700
692
684
698
698
710
708
696
710
720
694
706
722
686
718
692
698
714
718
730
706
712
694
712
716
710
702
714
716
694
706
702
684
692
702
676
686
706
678
686
688
686
678
684
664
676
662
682
670
670
658
672
690
692
672
680
684
688
700
690
704
696
712
708
686
720
720
722
712
720
734
720
746
748
644
816
786
744
726
768
732
722
736
716
742
754
758
726
752
758
736
760
786
768
740
768
772
740
752
750
724
740
714
706
706
716
708
692
706
696
706
704
724
722
714
740
720
728
718
710
708
710
706
696
712
708
708
740
730
710
736
742
712
742
748
724
756
754
754
724
728
732
622
812
724
738
736
750
760
740
810
798
790
784
778
798
784
794
806
784
806
820
796
816
818
820
844
802
780
776
782
782
752
778
770
764
774
786
766
772
786
630
766
892
760
800
722
728
738
730
750
744
754
768
714
770
762
750
768
764
746
766
750
752
748
748
734
746
724
732
742
662
790
724
744
762
736
734
730
736
702
724
738
734
716
722
734
716
712
714
700
696
690
702
684
678
704
702
682
614
766
702
720
714
708
706
708
708
702
712
708
694
706
684
718
702
698
714
682
684
680
686
700
672
712
702
720
716
704
734
716
722
718
720
730
706
726
720
716
698
714
722
704
690
682
686
686
670
676
668
668
670
660
680
698
698
690
708
720
714
742
746
742
740
750
754
750
762
764
750
780
774
744
784
798
766
764
782
788
764
784
826
786
800
814
774
784
768
760
756
768
764
746
750
740
732
738
740
736
748
752
730
740
746
734
734
734
728
750
742
736
750
740
734
730
726
726
710
710
702
710
694
714
710
710
718
708
702
706
710
704
704
706
716
702
712
704
700
702
698
686
696
688
684
684
682
680
676
676
670
668
672
674
662
670
668
658
668
674
666
668
676
680
664
672
674
662
664
666
662
662
670
654
648
650
642
640
642
640
644
648
640
644
646
644
648
654
648
650
660
662
660
666
668
666
672
678
666
676
684
676
674
678
676
674
674
674
660
706
688
680
684
692
682
694
694
686
698
704
684
688
690
686
676
678
680
674
676
666
668
660
650
654
654
648
664
672
656
668
680
674
690
696
692
684
698
700
686
700
706
698
712
698
702
716
708
706
724
724
722
732
730
724
732
754
738
760
778
766
774
784
778
792
806
778
800
794
764
796
804
766
786
790
774
784
804
782
782
784
794
784
660
880
876
828
820
808
798
800
790
766
776
808
782
784
780
770
790
798
766
794
806
780
772
788
784
762
800
666
872
916
846
816
804
798
794
774
794
798
792
768
808
766
798
804
800
776
766
758
764
826
774
806
812
802
782
776
762
788
780
774
734
746
738
732
738
728
734
746
740
736
748
748
736
744
750
746
728
750
738
744
742
742
752
758
778
768
774
778
754
746
724
738
736
734
744
734
734
742
710
742
734
736
738
734
724
724
712
718
714
710
726
714
714
710
708
704
690
708
702
698
706
712
722
710
706
708
700
704
694
694
686
708
718
744
730
744
762
718
726
736
734
702
716
722
730
708
706
562
904
718
708
720
710
724
708
710
674
700
714
704
704
710
702
708
712
714
706
712
702
718
708
706
698
684
702
690
688
694
700
694
702
714
654
770
706
728
720
716
724
714
710
716
718
698
710
720
714
724
724
726
712
710
706
702
702
718
718
734
734
736
756
670
790
744
726
738
724
718
734
718
722
734
710
724
734
714
718
728
722
722
738
718
722
740
720
722
730
710
722
738
720
728
734
722
736
742
706
732
732
720
736
732
712
730
736
710
710
716
712
728
708
726
748
720
744
748
734
754
740
736
750
748
746
758
762
734
764
742
732
738
726
750
762
740
766
772
746
764
770
736
758
768
732
756
728
762
750
732
734
726
730
732
706
740
726
718
732
708
730
732
710
734
720
706
720
714
710
704
696
706
716
712
728
730
714
746
756
726
752
740
730
740
756
740
770
780
744
776
646
642
314
732
738
782
840
844
816
804
792
774
804
818
780
814
830
778
804
818
800
834
840
782
828
780
768
758
770
746
740
750
740
746
740
730
758
788
754
758
784
794
786
778
776
766
796
768
758
798
738
760
774
762
746
720
748
752
706
720
740
662
802
742
758
726
760
766
726
770
770
732
774
756
744
766
734
740
778
734
736
750
722
738
752
722
758
780
722
752
732
732
748
726
750
778
736
742
742
720
728
742
714
742
734
724
730
730
718
746
718
730
752
730
732
734
722
710
728
730
748
744
764
782
740
760
774
744
746
756
766
736
754
744
716
742
748
758
720
764
784
730
762
790
730
772
794
744
754
762
724
726
744
728
716
720
744
716
732
726
712
678
690
688
712
710
708
728
716
692
720
732
704
740
794
734
770
814
794
762
722
892
798
778
822
836
632
980
810
822
824
818
842
824
802
822
828
824
814
826
846
810
790
760
776
732
746
762
768
794
764
780
798
786
754
780
734
854
788
790
806
788
794
746
788
802
762
732
782
730
736
712
710
700
784
802
784
800
810
784
734
736
752
738
740
830
792
766
780
760
748
760
774
714
674
530
484
476
796
916
688
898
338
694
834
824
818
818
828
806
764
788
780
772
778
804
796
776
814
816
762
794
812
806
804
820
772
814
818
784
794
802
776
770
764
732
748
720
740
712
720
716
702
712
698
712
724
706
780
772
770
792
804
806
804
824
828
816
820
832
812
814
806
784
792
782
770
794
768
762
784
790
790
756
744
768
734
716
736
722
746
746
748
718
684
466
576
334
686
852
764
744
718
722
724
718
736
698
710
704
696
710
678
702
712
698
708
712
710
712
706
718
712
710
724
712
688
706
726
722
732
716
710
718
730
736
768
756
766
724
816
796
790
756
640
856
856
798
