792
1012
870
854
864
874
854
860
866
876
864
864
870
848
858
872
858
874
870
860
852
854
854
830
850
856
842
854
846
820
816
820
794
816
826
816
868
838
824
836
820
812
852
812
822
814
790
806
828
784
800
852
808
822
846
810
808
832
786
806
858
808
810
850
816
816
842
830
822
848
836
828
834
842
800
840
862
850
860
860
860
850
860
874
852
860
856
854
844
852
852
848
856
862
866
858
880
886
860
884
886
872
876
888
874
866
866
866
834
850
816
818
798
814
856
792
814
848
820
808
864
814
796
850
866
826
844
824
796
838
800
776
800
792
780
792
802
802
838
812
848
816
804
846
854
844
830
848
816
792
840
844
796
844
830
778
830
848
802
816
816
800
820
832
816
858
842
850
840
838
828
860
830
844
868
850
840
838
850
826
844
828
826
820
856
834
826
846
856
834
846
858
846
844
848
862
832
852
848
834
838
840
850
830
850
858
848
854
870
878
858
868
884
866
862
864
872
840
852
880
838
836
870
854
842
858
854
830
820
810
880
820
852
876
832
846
856
854
836
850
854
846
842
854
826
826
832
854
832
820
864
838
844
858
850
824
852
836
826
834
826
814
840
826
842
820
826
810
852
810
806
854
808
806
846
798
786
830
798
796
852
808
784
820
796
788
802
800
774
778
792
788
772
804
784
770
718
866
796
844
850
828
808
830
832
822
832
834
820
824
808
846
814
824
834
830
796
824
794
770
788
792
792
834
816
806
812
842
842
874
872
876
854
862
876
852
850
856
858
838
860
868
858
862
870
874
860
872
880
864
874
888
872
752
852
1040
856
876
878
866
850
862
866
844
866
878
872
870
864
878
854
870
874
878
868
878
878
858
872
880
870
852
862
866
854
860
854
852
858
874
858
848
862
844
808
864
822
802
858
842
820
846
824
852
830
830
822
840
816
846
798
808
826
800
804
874
814
820
858
854
824
856
856
846
850
870
854
850
850
856
836
826
878
868
862
888
880
852
886
882
880
874
882
872
882
858
864
844
860
858
870
874
894
888
894
914
906
888
906
908
882
898
902
872
870
870
870
862
882
876
852
862
868
856
846
840
858
822
808
834
814
810
878
826
812
848
828
782
838
820
784
836
852
808
832
840
830
832
838
832
838
712
900
866
850
850
834
842
854
850
644
880
310
1258
880
868
856
832
852
858
808
874
824
804
832
830
838
896
884
890
856
872
884
876
890
892
882
888
884
890
876
898
908
892
890
890
898
880
894
906
886
896
916
892
884
900
898
868
892
884
874
874
886
888
872
880
872
868
874
884
864
864
872
858
848
852
864
844
842
862
836
820
860
836
826
870
854
840
860
852
810
860
832
840
822
838
834
820
814
858
808
814
856
816
830
862
828
832
878
848
838
844
836
808
864
842
820
858
840
822
856
854
848
842
852
852
848
874
874
860
872
868
866
866
870
880
854
868
882
868
878
894
898
868
892
900
892
874
634
1144
882
904
906
888
890
882
886
870
876
878
850
860
866
870
864
882
872
924
802
732
1012
862
876
836
820
880
838
816
852
826
804
870
848
816
840
836
846
818
826
818
844
820
796
816
796
816
864
830
828
842
838
844
844
818
826
850
824
830
868
836
846
862
854
840
868
860
842
874
876
866
850
890
872
874
872
878
854
864
870
868
862
874
882
864
874
878
882
876
884
890
870
886
692
1054
898
890
896
876
874
888
868
868
878
884
864
868
876
880
870
880
874
862
870
864
860
860
864
860
844
858
852
822
842
868
834
846
854
846
864
864
864
852
848
846
864
842
842
820
810
838
858
814
840
840
816
864
852
830
852
858
844
854
874
864
878
870
876
852
884
880
868
872
866
876
842
866
874
868
876
504
1228
862
880
892
876
876
896
888
868
884
886
884
874
882
884
858
874
880
886
892
892
894
874
886
896
880
886
882
882
862
874
882
858
866
874
868
858
874
874
838
882
872
856
862
884
856
860
882
870
862
868
858
844
868
864
852
864
862
846
842
864
852
848
860
870
840
868
874
860
864
862
864
852
874
850
846
862
876
848
870
872
874
878
894
876
864
880
876
860
870
886
868
872
882
864
864
876
892
866
878
878
856
854
866
860
854
874
874
856
860
878
872
878
880
880
860
880
878
868
874
868
866
850
852
854
834
858
860
840
862
866
860
678
1010
888
860
870
880
858
866
876
866
858
862
868
852
872
886
858
860
876
862
844
862
874
856
870
880
876
862
874
874
854
870
878
860
850
854
870
848
870
880
856
854
874
866
864
874
870
852
876
886
886
874
892
888
872
888
894
868
886
900
884
878
888
876
868
868
888
872
874
900
868
880
876
878
860
876
876
848
874
874
868
870
872
876
858
872
874
866
884
886
870
874
876
872
862
880
880
862
862
876
862
864
878
864
848
872
870
850
864
880
866
858
876
866
846
872
872
850
860
860
866
842
858
876
862
870
882
882
866
882
892
880
888
902
864
898
900
884
872
882
874
846
872
876
854
864
868
868
848
868
874
868
878
890
872
874
874
874
862
874
872
850
880
872
858
846
880
868
852
886
878
862
870
882
868
880
872
866
860
888
864
854
860
880
852
860
866
844
864
876
860
868
862
868
864
880
882
868
872
886
876
874
872
872
860
872
872
846
880
894
864
868
878
874
864
864
890
862
890
886
874
884
896
868
864
876
862
852
866
860
850
864
864
860
866
870
868
864
886
882
860
874
816
936
872
886
876
874
882
870
862
876
874
864
880
882
874
872
890
880
874
878
872
862
876
876
866
862
866
866
842
856
868
846
850
862
860
858
874
882
860
876
892
888
852
884
876
878
884
896
882
882
894
896
864
886
882
856
864
884
868
886
890
894
870
882
890
872
884
888
872
880
880
872
858
870
874
806
920
878
872
868
874
872
862
874
880
858
870
880
872
864
872
876
852
870
878
868
858
880
882
854
620
420
456
452
524
556
1300
884
882
884
880
864
886
896
868
876
874
856
866
874
874
870
878
870
862
878
876
872
876
894
862
856
888
858
864
872
862
850
872
850
854
878
856
860
864
878
846
870
882
866
866
876
860
856
882
870
846
890
874
846
884
704
810
1070
882
878
852
878
876
860
880
894
870
872
898
874
864
884
886
858
870
892
856
880
890
868
874
876
878
858
882
884
868
878
884
878
880
896
886
876
888
890
868
874
884
878
860
882
880
860
446
1300
900
882
878
880
860
886
888
868
878
886
874
868
876
876
860
890
882
864
876
874
874
864
878
880
872
864
874
876
864
880
880
862
874
878
864
870
874
872
866
886
880
864
886
894
876
896
890
872
886
898
854
880
882
860
724
990
894
872
874
880
868
860
888
774
974
872
876
844
802
960
868
870
874
878
868
866
878
858
874
876
866
862
882
876
862
894
894
876
892
898
886
880
898
888
882
886
878
856
870
884
854
874
888
868
878
882
884
874
888
896
870
884
878
470
850
446
918
836
868
878
894
872
666
1128
868
878
888
872
870
882
884
870
878
882
862
868
880
868
866
876
862
850
868
864
858
868
876
864
866
884
872
858
872
878
860
880
892
868
870
876
874
868
864
874
848
868
870
880
858
866
754
968
880
902
890
880
888
892
878
878
888
870
868
884
870
858
862
862
850
868
882
880
878
884
886
868
892
898
868
884
888
882
880
886
880
874
880
886
872
884
892
880
870
874
888
872
888
896
882
874
886
880
864
888
888
884
874
868
854
868
858
854
798
828
812
804
844
826
810
850
820
802
848
800
818
862
826
836
868
834
838
850
860
842
864
862
862
872
876
858
870
882
864
860
880
846
858
878
854
846
866
856
848
872
872
854
868
874
874
864
868
882
862
872
870
870
886
882
876
864
854
868
842
862
852
854
874
884
862
880
888
880
894
890
896
882
886
888
872
890
902
882
880
878
882
870
864
882
862
874
878
860
870
874
876
864
862
856
854
852
870
848
842
838
860
830
848
862
836
854
858
834
842
852
838
834
878
842
838
862
842
832
862
830
808
858
826
812
836
834
814
832
850
812
838
844
818
836
836
822
834
842
822
850
844
852
830
714
942
850
850
850
846
828
850
872
840
846
872
862
850
870
872
846
860
862
872
852
870
870
846
868
868
862
864
872
874
862
872
880
862
888
890
878
892
896
894
874
884
890
870
870
876
874
862
870
870
866
868
876
864
870
882
872
872
888
892
876
880
894
860
866
872
870
858
848
860
842
850
822
854
840
852
856
828
818
864
840
820
874
838
822
864
838
836
842
838
820
838
846
808
834
832
840
848
850
854
840
842
822
866
824
804
848
828
790
838
802
800
808
788
784
812
780
770
786
768
760
768
776
782
778
800
786
772
798
786
772
782
782
778
776
790
770
766
804
802
802
856
826
812
842
830
796
832
794
800
808
778
828
876
712
918
826
834
822
868
862
876
868
874
902
898
890
888
876
834
858
814
794
834
838
856
910
876
876
884
882
866
870
840
818
826
812
784
786
790
792
812
828
830
892
864
862
884
868
862
878
858
842
830
800
796
792
696
854
790
776
778
764
822
800
784
694
890
792
800
790
780
808
884
840
840
860
834
842
878
850
846
864
820
796
842
806
782
808
818
790
814
828
812
854
892
848
840
844
852
850
852
850
872
864
884
870
862
878
884
862
858
868
846
852
844
852
884
846
818
820
816
794
796
796
800
798
836
810
836
874
896
888
888
900
892
886
880
880
862
830
864
828
816
886
882
868
888
900
868
892
902
880
880
890
872
860
830
844
804
790
800
782
774
760
768
762
756
766
782
788
798
838
840
850
848
856
850
870
840
822
866
814
804
838
788
768
790
806
794
826
850
824
830
830
826
810
866
840
824
870
850
830
860
844
820
852
840
800
848
836
834
844
854
850
842
860
862
842
848
818
816
814
814
808
812
808
788
796
796
784
774
796
778
780
800
832
914
882
894
926
926
914
934
950
928
932
930
910
892
898
892
868
862
866
850
862
862
856
844
870
844
860
846
820
816
812
822
830
840
846
858
858
858
834
830
842
846
846
852
828
828
818
810
830
818
816
818
816
840
870
842
856
824
834
854
820
834
844
818
856
844
856
838
848
858
856
856
870
872
854
854
852
848
840
846
840
848
852
860
842
858
870
864
866
874
904
880
872
866
886
872
890
898
876
884
894
876
866
862
852
832
826
820
792
792
802
804
804
834
814
806
820
794
804
772
788
782
756
792
796
776
572
880
832
802
792
806
824
818
856
900
860
868
872
856
882
882
854
858
872
846
866
856
858
854
852
858
848
870
866
850
852
852
840
836
850
838
840
864
872
854
846
848
826
852
834
798
808
786
782
798
800
808
878
866
864
896
888
878
888
890
876
880
888
880
868
884
874
870
890
880
866
796
938
860
868
870
866
864
874
866
854
870
860
856
876
862
854
860
872
852
848
852
858
838
852
856
836
836
842
844
818
848
850
826
842
852
830
826
842
822
832
832
844
826
820
832
842
828
846
836
824
830
840
834
826
842
826
834
860
838
834
832
838
814
828
840
826
820
846
836
822
816
864
836
832
838
848
828
824
850
830
804
838
836
828
842
834
818
828
850
842
844
848
854
838
862
862
852
854
846
854
846
834
848
830
840
842
854
828
846
848
854
818
878
854
852
862
870
860
870
872
864
866
858
860
854
848
860
854
848
858
856
836
862
860
856
856
870
866
848
864
874
868
858
862
862
840
850
856
852
830
842
846
826
852
822
840
822
788
846
820
806
848
832
828
860
852
830
840
846
826
832
850
832
834
832
848
818
838
830
828
824
834
822
840
840
852
842
848
858
842
832
856
852
842
864
844
836
692
998
854
864
870
866
868
880
886
866
886
856
914
870
878
878
868
860
856
860
842
860
862
856
858
870
874
856
878
886
880
874
882
882
864
872
884
874
864
876
872
850
856
856
856
842
846
852
830
842
850
864
840
864
862
856
842
860
858
846
854
850
840
808
790
782
512
850
794
760
776
752
764
744
770
628
892
764
770
756
754
740
750
758
744
734
738
746
724
722
710
718
698
718
704
716
714
724
710
730
744
582
826
770
764
754
750
740
752
756
742
736
760
752
744
738
754
744
738
736
748
736
748
742
756
752
742
742
760
810
768
696
790
798
772
760
784
794
754
776
798
754
760
760
754
754
750
776
812
782
804
832
812
832
808
790
828
820
834
796
778
844
796
782
822
818
776
784
816
794
756
722
886
810
812
828
858
800
780
792
774
766
768
758
752
750
730
742
764
724
730
730
722
736
690
756
730
734
732
738
722
728
736
730
724
734
746
758
746
742
752
744
752
756
738
752
752
748
740
748
746
746
744
736
732
752
734
736
736
730
736
740
724
724
726
724
730
732
730
726
720
716
720
718
718
736
734
740
728
742
750
740
742
736
734
742
740
738
716
582
836
786
750
746
740
758
746
750
744
772
770
796
816
778
808
826
792
800
806
802
848
836
816
822
786
786
780
786
792
790
792
814
840
816
808
810
812
806
820
858
844
832
824
874
838
668
840
1036
840
828
822
818
812
826
806
816
822
840
864
860
840
662
1006
876
874
840
830
848
834
830
844
826
814
810
794
844
818
800
810
800
808
786
804
806
788
838
798
734
794
778
774
790
776
760
774
764
848
720
764
796
810
814
808
792
804
794
810
794
802
806
788
776
762
770
782
786
798
798
880
932
924
888
884
904
886
902
902
890
902
892
894
902
876
892
866
848
860
826
816
796
766
788
770
784
766
756
754
746
756
744
736
786
720
728
668
714
714
720
708
718
716
710
718
708
712
714
686
734
710
720
730
728
724
720
714
714
720
708
690
704
700
690
704
690
696
696
692
702
704
702
692
700
706
704
706
714
694
704
708
704
716
714
710
710
710
712
720
710
718
708
692
724
718
720
722
718
720
724
724
720
730
712
714
732
730
744
732
728
1000
498
746
750
754
764
764
764
764
756
772
792
820
832
874
832
816
768
680
686
696
920
820
796
770
758
764
780
778
794
810
852
882
852
862
872
860
878
862
870
858
844
852
830
654
776
1072
902
866
852
856
866
850
844
842
814
832
892
854
840
834
888
914
896
892
874
878
880
850
800
800
790
784
768
784
878
1002
958
890
862
872
878
862
842
836
842
888
892
892
888
882
884
882
914
878
888
900
872
872
876
874
880
866
850
850
824
808
812
790
776
760
738
756
744
744
752
744
762
756
760
746
746
750
752
750
756
778
822
830
834
882
836
810
794
806
698
912
792
832
858
810
778
788
774
776
766
776
786
776
786
796
792
782
788
776
778
774
756
744
756
746
734
758
736
754
766
772
778
780
796
768
756
742
734
734
724
730
742
758
764
770
780
808
864
816
774
784
760
764
750
748
756
956
882
736
804
1230
1030
870
840
832
854
862
864
878
876
874
890
878
890
890
874
876
874
884
858
844
822
804
782
778
782
830
718
788
830
882
814
820
824
794
822
832
884
842
866
846
848
866
886
850
888
884
874
874
878
872
880
786
946
870
872
856
866
856
858
826
794
778
762
790
762
766
774
806
790
786
790
788
786
772
802
804
830
844
798
804
786
782
766
786
784
786
788
804
806
788
800
800
782
796
836
960
666
298
1290
978
914
660
1096
868
908
882
868
874
868
862
842
812
786
802
768
760
746
772
760
782
794
834
854
834
856
846
866
866
862
854
858
832
806
838
820
790
810
812
784
988
952
854
864
868
874
888
874
900
896
890
888
896
898
908
898
908
896
900
894
880
860
776
838
788
776
764
772
774
754
772
764
756
752
748
758
742
744
760
756
754
752
760
756
756
746
758
748
732
736
754
760
752
770
796
780
710
852
650
996
784
812
830
784
776
792
774
788
784
790
788
782
808
816
786
800
796
792
786
820
808
798
832
856
834
840
808
850
852
842
838
836
836
812
860
834
840
848
854
852
872
860
866
872
874
870
876
864
874
876
868
858
854
844
842
832
814
804
812
802
790
778
798
778
770
768
768
772
764
748
758
760
754
730
752
736
726
754
732
744
734
736
738
752
758
750
752
762
770
764
766
772
778
780
780
798
788
786
794
814
796
802
806
784
786
788
786
778
754
778
776
758
742
722
802
784
842
884
866
860
854
868
884
874
882
894
888
894
918
928
920
946
914
982
960
966
970
944
952
938
828
1000
916
920
898
880
858
842
842
840
796
802
828
802
818
852
824
838
862
836
836
806
830
818
800
800
800
808
810
808
796
798
810
810
812
800
862
870
852
856
864
852
878
868
868
890
882
880
884
880
860
882
864
862
882
878
872
882
882
868
878
884
884
872
876
880
876
870
882
866
866
862
868
866
848
868
866
852
854
854
830
816
838
822
798
816
798
790
768
796
774
764
754
782
748
746
730
818
756
746
744
754
756
750
744
746
744
742
740
742
752
750
734
734
746
736
738
730
736
740
732
728
750
742
748
740
760
756
752
772
772
780
774
802
796
802
816
834
830
828
824
814
826
842
826
828
838
832
830
846
846
854
862
862
866
862
866
862
860
870
862
860
860
864
876
868
862
860
852
866
862
856
870
858
870
866
874
866
790
914
858
856
834
836
816
834
800
786
818
778
764
766
776
766
764
754
774
766
754
746
778
754
752
758
760
748
742
744
746
744
736
738
744
734
736
728
740
734
722
744
750
740
742
736
756
752
746
752
770
760
766
762
790
786
774
808
824
802
802
816
812
816
842
826
852
864
846
852
874
702
1296
1208
944
882
872
844
844
848
854
850
856
864
870
898
894
884
470
1280
880
916
914
894
876
892
676
1038
888
884
868
856
834
846
850
838
840
830
842
824
814
804
788
784
782
804
786
778
656
876
830
792
798
772
760
748
760
752
758
742
756
758
758
756
788
776
772
794
786
780
772
778
790
776
810
824
828
832
808
814
838
818
840
850
856
848
866
858
848
844
860
854
844
854
848
848
840
856
846
830
838
838
828
846
842
856
844
852
862
872
852
854
860
858
852
860
860
858
846
842
840
836
828
820
818
842
808
808
798
816
804
778
750
794
756
744
766
746
740
748
760
750
752
744
764
752
744
730
758
740
734
740
754
738
726
748
742
740
736
752
752
752
734
756
754
740
742
772
754
764
816
782
794
610
976
810
820
816
810
796
814
810
818
808
824
826
840
828
846
840
836
820
820
792
782
758
772
846
780
760
762
772
774
798
874
832
844
866
858
872
856
722
1020
850
886
868
858
852
866
866
870
858
864
868
668
1004
888
902
868
856
870
864
858
852
840
846
842
824
834
822
790
792
778
758
748
758
748
742
736
766
752
746
748
762
766
766
760
780
760
750
742
764
744
740
742
752
740
732
740
742
734
742
758
758
758
750
778
774
764
772
802
778
768
834
806
808
814
832
808
814
810
830
812
826
826
844
836
848
852
876
868
862
874
904
902
892
920
920
906
884
874
866
860
866
862
874
874
874
882
884
894
866
866
856
862
848
844
852
862
842
846
840
824
802
830
812
798
778
774
778
774
786
822
804
794
824
804
786
792
792
802
784
800
768
774
748
794
750
738
758
748
738
744
770
752
750
760
758
762
756
782
778
790
818
852
856
850
852
852
864
856
840
864
852
844
842
852
844
840
818
788
808
798
778
756
756
726
820
768
780
760
760
758
792
784
788
796
804
794
788
812
798
790
816
834
830
824
834
808
818
800
802
778
786
780
562
904
854
832
820
828
830
858
856
850
854
838
656
762
716
382
854
872
840
804
826
818
820
900
868
872
864
862
870
872
868
866
870
874
870
874
878
882
676
1070
916
918
898
896
892
760
1006
904
908
900
896
888
890
900
856
644
756
518
786
826
944
896
898
884
884
888
896
884
874
878
874
862
842
814
868
808
784
812
784
774
782
764
760
746
772
758
752
750
764
754
746
772
772
762
784
754
592
854
856
774
756
758
758
754
744
756
754
752
772
794
780
764
796
836
776
796
800
780
800
818
784
822
786
788
814
784
784
812
804
788
820
806
814
886
838
844
850
850
850
854
846
862
866
848
862
864
864
872
874
878
870
876
880
874
876
872
874
882
872
870
864
868
864
860
868
860
856
858
876
858
860
868
864
862
862
876
870
872
864
850
842
872
838
802
798
788
772
802
776
774
808
794
786
814
804
808
884
834
836
866
840
844
828
828
842
806
786
814
808
810
826
804
806
864
814
804
852
816
788
856
796
812
882
846
864
848
840
848
860
842
854
844
848
824
836
872
836
840
856
846
846
864
858
848
854
860
854
854
864
858
858
856
866
846
858
854
852
848
852
854
832
796
782
762
760
764
764
780
846
808
808
860
856
840
874
882
876
870
888
890
874
882
896
876
882
882
872
866
876
888
870
878
872
864
860
864
866
862
868
864
856
864
856
852
818
832
748
772
756
784
754
758
814
834
872
866
864
854
864
872
856
852
852
844
848
860
840
832
830
834
838
846
862
848
844
844
658
960
854
866
840
852
850
866
856
864
886
902
898
914
926
442
1118
358
994
1002
918
890
870
862
876
848
846
852
840
842
844
840
842
842
854
740
958
846
850
838
820
824
802
814
778
822
794
786
844
816
824
814
828
842
834
842
858
858
852
860
870
868
844
864
860
854
854
854
840
840
848
848
838
846
846
856
852
856
