778
970
1028
1010
1002
1032
1006
1020
1024
1026
1016
1032
1030
638
1310
1016
1006
1054
1042
1044
1274
1008
1266
1154
1074
1070
1072
1088
1080
1086
1086
1076
1062
1516
1270
1088
1054
1038
1052
1066
1042
1066
1116
1068
1116
1056
1140
1108
1096
1108
1054
1042
1038
1022
1002
1014
996
1002
980
1520
970
1204
1038
1032
654
1280
1032
1018
1020
1010
1026
1010
1020
1032
1028
1030
1128
1522
1124
1164
1090
1074
1064
1062
1060
1048
1074
1046
1056
1080
1062
1066
1082
1064
1138
1110
1116
1118
1148
1130
1126
1132
1100
1096
1010
1060
1094
1056
1074
1062
1008
1020
1010
1004
1024
1004
1016
1040
1324
1030
1214
1106
1060
1028
1006
1018
1018
990
1022
1030
1038
1022
1026
1538
1246
1150
1050
1082
1086
1078
1076
1088
1134
1632
1254
1162
1206
1120
1126
1110
1128
1112
1036
1086
1130
1086
1076
1064
1074
942
1164
1106
1080
1072
1054
1040
1046
1032
1016
1036
1012
1146
1360
1106
1054
1036
990
1034
1008
458
342
1022
1000
954
992
1306
1228
1122
1050
1010
1056
1038
1002
1424
1218
1164
1056
1070
1080
1068
1084
1070
1086
1598
1268
1132
1080
1074
1030
1060
1044
1076
1114
1120
1142
1138
1126
1124
1114
780
1144
1248
1070
1094
1084
1056
1026
1042
1064
1056
1068
1064
1032
1016
1032
1012
990
724
966
458
1334
1106
1024
1052
1052
1016
1018
1020
1062
1024
1074
1204
1540
1274
1114
1086
1088
1096
1102
1108
1088
1098
1102
1078
1130
1146
1124
1128
830
1312
1096
1076
1154
1094
1090
1104
1076
1098
1102
1086
1098
1080
1086
1094
1058
1026
1038
1028
1026
1014
1014
764
1182
1012
1004
1044
990
994
1024
1010
1016
1030
782
1260
1058
1456
1252
1136
1056
1054
1082
1088
1078
1090
1086
1612
1282
1206
1148
1094
1114
1118
1090
1082
1144
1134
1108
1154
1124
1078
486
306
1348
1108
1092
1138
1106
1056
1080
1048
1068
1056
1038
1034
1066
1030
1016
656
1266
980
1160
1384
1178
1038
1086
1056
1032
1078
1046
1026
1050
1034
1016
1038
1390
1258
1160
1046
1016
1042
1030
1032
1038
1044
1058
1048
1036
1062
1052
1104
1078
1082
1102
1102
1086
976
1162
1090
1080
1104
1074
1074
984
1150
1060
1080
1044
1052
1050
1038
1046
1044
1040
1046
1046
1038
1010
1034
1006
1000
1008
1016
1008
910
994
952
970
1362
1252
1120
1022
1006
1040
1002
1044
1048
1066
1056
1056
1064
1072
1024
1040
1032
1024
1026
1006
1038
1024
1030
1538
1194
1136
1056
1062
1070
1076
918
1154
1074
1056
1098
1062
1062
930
1082
1084
1060
1024
1018
1016
1004
998
998
1036
1352
1232
1178
980
1048
1048
1034
1042
1064
1054
1026
1034
1056
1050
1042
1040
1058
1028
1070
1488
1246
1148
1048
1078
1084
1078
1084
1080
1076
1094
1178
1110
1142
1148
1106
1108
1082
1100
1100
1100
1108
1110
1094
1022
1156
1074
1092
1114
1068
1082
1062
1052
976
1064
1044
1036
1032
1024
782
1268
1080
1396
1308
1190
1062
1094
1046
1050
1070
1044
1028
1056
1050
1006
1082
846
1084
1058
1082
1086
1086
1084
1070
1082
1174
824
1094
1032
1036
1122
1052
1074
1090
1080
1078
1084
1084
1098
1092
1006
1110
1118
1074
1092
1080
1054
956
1100
1042
1016
1052
1022
1010
1030
1016
998
1016
1028
1000
1002
980
902
1116
1026
914
1176
1240
1236
1136
1022
1056
1024
1012
1030
1022
1020
1006
1032
1044
1034
1034
1042
1058
1124
1102
1082
1044
1120
802
1334
1082
1092
1092
1090
1106
1074
1088
1072
1074
1080
1072
1018
1140
1082
1094
1106
1096
1096
1074
1058
1060
1028
1026
1026
1008
1012
1028
1046
1354
1240
1096
1054
1076
1014
1028
1042
1028
1030
1022
680
1138
1224
1004
1038
1038
1036
1040
1038
1440
1300
1208
1102
1086
1104
1100
1026
1130
1090
1060
1086
1090
1148
1030
1144
1128
1106
1106
1122
1114
1110
1108
1098
1096
1074
1070
1062
1044
1070
1054
1040
1042
1050
1018
1036
732
1464
742
1474
1270
1136
1000
998
1020
1004
1008
1020
722
1280
1016
812
1052
1138
1060
1086
1060
1066
1066
1070
1056
1062
1124
1226
1534
1214
1104
1072
1074
1104
1082
1092
1090
1070
1080
1072
1136
1112
1006
1162
1146
1088
1140
1112
1012
1076
1118
1074
1104
1094
1032
1012
1028
1016
1028
652
1234
1422
1236
962
1112
998
1020
1026
1010
1012
1084
1036
1020
1050
1058
1314
1318
1108
1032
1038
1018
1018
1026
1034
1032
1036
1032
1054
1048
1062
1060
1066
1072
1074
1018
1008
998
982
1006
1014
1014
998
1040
1040
1068
1060
1046
1044
782
1278
1016
1022
1114
1056
1050
1054
1040
1048
1038
1012
994
1014
1424
1234
1146
1034
1020
1050
1018
1024
1038
1022
1008
1044
718
1234
1024
1018
1040
1020
1036
1414
1252
1168
1144
1114
1098
1090
1022
1586
1246
1178
1112
1100
538
294
1326
1066
1088
1136
1108
1090
1102
1086
1078
1062
1076
1070
1074
1080
1064
1054
1044
1054
1056
1018
1648
1278
1058
1014
1036
1014
1010
1032
1014
1014
1032
1028
1016
1028
1030
1016
1016
1056
1012
1028
1092
1064
1042
1070
1066
1046
1054
1080
1072
1076
1076
1074
1080
1084
1118
1086
1356
1464
1204
1104
1016
998
1136
1046
1086
1128
1080
1070
1084
1064
1072
1068
1060
1052
1060
1052
1052
914
880
1226
1032
1034
998
1016
1022
1008
1002
1124
1360
1310
656
1244
1074
1018
1082
998
1034
1042
1006
1040
1012
1026
1048
1046
1050
1060
1056
1050
1342
1358
1116
1046
1054
1048
1044
1050
1046
1062
1078
1018
1150
1062
1078
1090
1080
1088
1090
1000
1134
1086
1054
1052
1048
1054
1048
1048
1036
1034
1038
1050
1034
1026
980
990
1014
1146
1054
1324
1112
978
1036
1026
1002
1038
1040
1016
1012
1028
1020
1032
1036
1024
1038
1048
1496
1280
1186
1066
1074
1078
1070
1084
954
1138
1084
1078
1108
1086
1092
1014
1132
1084
1074
1074
1068
1080
1092
1076
1072
1060
1052
1070
1054
1046
1048
1026
1024
1044
1046
1010
634
1290
1014
900
1074
1018
984
1024
1010
996
994
984
970
1004
982
1314
1100
896
1104
1052
1010
992
988
988
984
984
996
1002
1004
1010
1014
1006
1006
1006
1010
994
1038
1016
1030
1028
1036
1022
1028
1034
1030
1056
1046
1026
1008
1020
778
1182
1064
1020
1044
1000
1008
986
986
990
986
974
982
966
986
970
968
978
1006
1004
984
964
974
946
960
958
954
936
1002
988
998
1016
1010
1014
1020
1022
1028
1022
1016
1016
1012
1030
1024
1030
1018
1028
1034
1028
1058
1048
1042
1052
1062
1010
1074
1056
1044
1054
1052
1056
990
1126
1068
1046
1030
798
1182
1046
1016
1044
986
990
1010
962
982
984
958
958
970
976
980
958
968
1052
990
1010
1034
1000
1012
1016
1010
1026
1018
992
992
992
996
1000
1008
1006
1008
1008
1022
1038
1030
1050
1036
1048
1050
1046
1024
1022
1032
1030
1022
1024
1020
1010
1014
1022
478
1392
1090
1088
926
1070
1022
1048
1016
962
972
924
978
950
996
988
982
980
832
1056
964
994
984
980
992
980
988
982
998
994
998
996
1002
922
1014
994
1048
1020
1028
1042
1034
1020
1032
1038
1050
1040
1042
1036
1046
1034
1050
1056
1052
1052
1070
1046
1068
1056
1068
1042
916
1130
1322
1110
1058
1020
1028
1004
1008
1004
1020
1022
1016
1064
1018
1330
1248
1020
1148
1042
994
1044
1016
1000
1020
992
1020
434
1438
1086
1026
1402
1226
1118
1026
1060
1072
1054
1062
1084
1112
1130
1544
1220
1182
1096
1100
1102
1094
962
1124
1128
1112
1116
1128
1104
986
1158
1070
1112
1072
1060
1060
1060
1074
1068
1040
1052
1028
1024
1028
1012
976
638
1324
982
1016
1330
1230
1152
1008
1046
1046
1014
1048
1040
1040
1048
1034
1316
1298
1016
1138
1052
1026
1024
1028
1028
1026
534
1454
1026
1018
1062
1036
1044
1034
1024
868
1076
990
1064
1026
1020
1034
1016
1036
476
1460
1124
1038
1074
1032
1018
1010
1026
1014
994
1332
1222
1086
1058
1016
1006
1032
1038
1028
1008
1004
988
992
1008
1014
1004
804
1470
1232
1148
1034
1022
1022
1002
1016
1012
1020
1018
1006
1020
1002
1058
1012
1026
1042
1028
1014
1016
1010
1010
1010
960
1024
1020
1078
1032
1014
1036
1016
950
1054
1006
1070
1024
1008
1010
1008
998
1002
1010
984
1010
1000
1008
1096
1696
1138
932
1022
950
946
932
940
930
944
946
472
1314
1022
978
1042
1004
986
998
442
1376
1454
562
1118
1038
972
1044
1032
1022
1018
1024
1024
1030
1056
1056
1058
1056
1086
1074
1058
1034
1034
1028
1030
1048
1054
1060
1052
1058
1048
1050
1044
1054
1040
1046
1062
1042
1012
1010
980
968
986
964
980
964
970
972
990
980
976
1002
680
1234
1036
1006
1042
1006
1008
988
998
1002
1002
1008
1006
1020
1004
1014
1044
1046
1040
1052
1046
1050
1048
1026
1040
1026
1034
1028
1040
1046
1042
1044
1050
1056
1056
1054
1008
1032
1010
628
1278
1040
1000
1014
956
934
954
934
956
1008
982
988
960
982
990
976
964
980
938
966
954
970
976
982
966
998
1012
994
1018
1012
1024
1022
1034
1060
1042
1026
1022
1026
1018
1030
1026
1014
1004
1024
1026
1022
1036
1038
1032
1038
1042
1032
1008
998
1006
1002
1010
652
1254
1024
994
1012
972
994
988
978
966
974
972
978
980
990
460
1328
794
1218
1038
990
968
952
970
948
986
1026
1028
1026
1020
1030
1030
1026
1028
1030
1034
1032
1032
1042
1034
1024
1030
1008
1800
1220
1076
1044
1034
1016
1030
1022
1024
1018
954
1020
1044
1022
1042
1034
1026
1024
1034
1022
1016
1010
1024
1006
1012
1010
1000
978
998
986
814
1132
1004
982
1042
1006
446
1400
1046
1016
1016
1006
988
998
1006
994
1000
1000
1004
1002
998
1008
996
1002
1010
998
1088
1040
1042
1056
1038
1034
1032
1028
1030
1024
1020
1032
1034
1022
1022
1020
1006
1030
1020
1026
1020
1018
1016
1026
1020
1020
1008
1012
900
842
1178
1024
1016
986
1000
972
976
978
970
978
982
988
980
986
988
966
954
970
952
972
968
974
978
976
978
978
1010
1012
1024
1012
1046
1022
1026
1028
1008
998
1004
1010
1006
988
994
998
1000
1000
994
1010
1016
1018
1012
994
1002
1004
994
996
984
970
982
988
620
1128
1080
1000
1014
982
980
676
1240
986
1004
1030
1000
1000
1002
972
990
1002
976
1002
1010
1008
718
1268
1080
1026
1064
1008
1016
1018
1032
1024
1028
1016
1034
1024
1026
1044
1068
1052
1066
1052
1092
1072
1046
1046
936
996
1226
1232
1094
1036
874
1164
1056
1038
1020
1010
1018
1060
1022
1036
1034
1048
1036
1030
1014
990
982
954
664
1186
978
1268
1184
1134
836
1108
1046
978
956
954
972
970
968
986
1002
984
1000
1008
1016
1010
996
984
978
994
970
996
1000
1008
1034
1018
1018
1008
994
994
990
994
472
1362
1044
972
976
942
906
936
910
960
984
934
962
968
964
964
950
928
956
942
952
966
954
960
958
1002
992
1004
1014
1022
990
972
986
974
982
982
986
996
464
802
1560
1098
1056
1006
872
992
992
992
988
984
1000
998
1000
1004
998
1002
1020
1012
1006
1018
1010
1028
1006
1016
1010
1012
1022
1020
1618
1392
1104
962
926
954
942
912
924
912
928
1070
1076
1020
936
918
890
848
876
834
850
862
836
850
862
848
840
822
820
816
808
812
814
814
818
902
890
504
1350
984
976
1000
988
742
1144
1012
1046
1014
1026
1044
1132
1768
1222
1146
1108
1026
1004
1010
988
1004
1014
994
964
996
988
986
994
988
968
962
968
976
948
1016
992
980
1012
1010
998
1010
1016
1000
1016
994
1022
994
966
982
978
978
984
966
1000
982
1000
1010
1016
1032
1014
1028
1026
926
1006
1028
1036
1028
1008
1000
1008
1004
994
1006
978
972
948
958
928
890
894
904
898
634
1070
924
902
950
624
1162
968
964
1002
976
974
976
1036
1048
1050
1056
1050
1038
1046
1034
1028
1022
1028
1018
1028
1036
1028
1036
1036
1022
1028
1028
1034
1030
1030
1008
1022
1026
1020
1008
1002
1002
1750
1162
1014
954
946
952
948
938
954
950
954
950
946
940
684
1156
1662
1214
1034
964
954
954
956
936
950
952
962
954
958
948
948
956
958
952
954
962
958
966
956
980
984
982
974
994
1004
1000
978
974
970
962
970
980
972
964
960
960
958
970
972
976
976
972
968
986
988
1006
992
982
968
976
972
974
968
960
966
966
966
966
966
940
932
938
932
938
934
944
720
1148
944
952
992
960
966
972
972
964
994
988
982
974
1022
1004
996
1008
978
992
1002
988
992
996
992
996
992
994
1008
990
1018
1818
1176
1046
1008
984
976
952
962
968
970
970
962
966
704
1220
1022
1006
1012
964
954
962
942
936
938
938
924
918
930
932
944
942
930
944
936
944
930
700
1048
922
946
960
1014
1002
1028
1028
1044
1040
1060
1048
1046
1036
1048
1584
1788
1128
1060
1056
1088
1066
1102
1108
1060
1144
1104
1090
1080
1060
1064
1060
1042
1042
1060
1032
1028
1042
994
1008
1016
1010
968
952
954
962
948
918
898
914
930
934
1154
1102
1058
1046
1010
1012
1018
1012
1016
1024
1030
1028
1028
1036
1034
1036
1048
1038
1046
1036
1008
996
1006
1002
998
988
970
974
966
990
990
990
988
652
1264
1050
1040
1058
980
964
976
960
960
958
962
958
914
930
934
924
924
922
928
922
904
894
904
906
898
876
870
880
884
888
898
890
884
914
922
934
948
970
960
982
976
982
988
980
978
976
972
976
988
978
984
976
970
984
986
984
986
1002
1002
1000
1022
1012
1024
1000
982
998
678
1216
1062
992
972
950
972
956
968
970
930
966
964
964
970
970
972
972
938
948
952
944
944
730
1086
930
952
978
950
960
964
960
970
968
742
1258
1052
1004
1050
1020
994
1000
998
994
1006
1016
1012
998
542
1380
1198
1068
1076
992
1046
1040
1016
1040
1030
1018
1010
1010
970
1000
990
1006
1796
1120
1026
1008
982
858
1058
1012
980
1010
1008
998
976
960
622
1250
1004
984
1022
968
1702
1118
964
968
1670
1102
972
934
916
938
908
608
1122
912
884
948
912
876
906
880
890
890
886
870
876
870
846
862
864
860
870
856
860
872
888
904
928
948
958
992
996
996
1030
1026
1050
1002
1012
1008
1002
1010
1012
990
1008
1012
1012
1016
1018
1012
1016
1028
1024
1026
1026
1032
1030
1026
1026
1014
994
968
982
966
956
938
948
440
1262
956
924
898
884
860
848
852
854
850
778
438
1286
938
900
926
890
908
906
932
928
916
936
946
952
970
962
962
966
978
984
988
994
1000
994
1028
1014
1044
1032
1040
1042
1052
1042
1046
1036
1032
1020
1012
1016
1054
1014
1002
992
994
990
1000
998
998
1000
994
938
992
1000
988
992
970
928
926
896
862
878
854
852
862
870
860
868
908
906
916
938
940
852
1060
970
956
976
966
956
968
962
962
964
942
948
962
968
942
958
956
948
956
954
958
944
1010
968
1000
1006
1008
1018
1048
1032
1012
1032
1032
1612
532
1404
842
1394
1106
1074
480
282
1246
1012
912
982
1164
998
1076
1442
1046
1202
1104
1058
1040
1036
1046
1300
1226
1090
998
974
970
976
956
966
1264
1174
1076
982
962
964
964
970
968
978
978
970
972
972
976
974
978
980
980
982
980
1004
1002
1024
1018
1024
1022
1018
1012
996
1000
988
986
994
994
1000
992
1006
978
982
1012
1002
1002
1008
990
988
978
962
974
970
948
966
958
934
612
1180
956
948
958
922
900
908
904
906
902
912
932
916
920
912
894
904
904
910
920
928
982
1624
1436
1130
1048
1042
1020
1026
1036
1028
1034
1038
1044
1044
1034
1042
1034
1032
1030
1036
1044
1042
1040
1040
1034
1036
1044
1040
1020
1022
1010
1000
1002
994
980
996
1008
1002
988
1004
986
968
998
984
636
1214
992
964
996
964
944
672
1174
968
994
1000
980
980
1006
1030
1036
1090
1116
1098
1106
1046
1042
1014
1038
1036
1026
1032
1028
1032
1018
1088
1058
1056
1060
1062
1082
1070
1022
996
1010
1012
1018
1004
1000
992
1002
1002
1004
1006
982
982
646
1226
1018
992
1010
966
966
926
928
952
942
938
950
956
872
1040
992
978
1002
992
1022
1006
1002
988
970
966
988
974
986
986
982
978
982
984
982
908
1024
696
1208
1016
988
1030
974
964
966
972
960
964
784
1104
964
946
1010
988
982
992
974
982
980
972
988
988
968
968
960
948
946
940
728
958
858
840
886
846
800
818
804
784
802
796
820
842
846
836
862
866
872
872
882
900
894
824
952
938
914
940
940
944
968
972
1004
1018
1038
1056
1096
1086
1070
1036
994
1006
1022
992
900
1408
808
1292
1104
1058
1066
1078
1068
1064
1078
1080
930
1210
1068
1062
1030
1010
1006
1006
1010
1004
1256
1234
1098
1004
964
940
936
944
1026
988
984
778
974
898
890
912
908
894
896
914
914
912
926
924
922
926
940
934
972
958
952
960
960
942
982
994
1006
986
984
994
1010
1032
1020
1022
998
1008
984
1008
1008
1016
1012
1006
920
1034
1016
1028
1000
984
964
962
974
956
960
964
952
962
946
948
830
980
950
948
956
950
960
868
1068
966
988
1000
982
972
978
962
962
966
964
974
976
964
1032
990
1018
1038
1016
1020
1008
1016
1028
1018
1030
1018
1024
1026
1024
1028
1020
1018
1030
1032
956
1046
1032
1012
1034
1024
1022
1006
962
1034
938
988
1030
966
974
980
716
1250
1014
992
1014
964
940
910
890
890
838
870
678
898
806
812
800
798
798
740
798
828
824
834
850
850
872
880
884
916
922
956
962
966
984
546
1404
1096
1072
1054
1006
1008
1010
1022
1018
1004
1026
1052
1028
1016
1014
1004
996
998
970
980
960
960
968
966
972
980
960
1054
996
1030
948
1072
1014
1012
1020
1004
1022
1022
998
1002
1016
992
1004
980
1000
896
1022
1002
594
1286
1012
974
984
940
938
936
632
1176
932
948
936
938
914
674
1156
944
968
988
936
936
950
944
944
454
1338
1000
960
976
936
946
944
952
946
960
958
954
958
968
962
956
952
978
964
968
958
948
960
944
952
958
954
962
962
954
980
972
966
986
974
958
956
962
946
942
926
938
950
956
962
942
996
976
1000
998
998
990
994
994
994
1014
986
980
974
966
972
970
976
960
966
1102
374
1294
1020
960
1002
946
956
954
956
962
956
972
956
962
954
964
980
980
972
968
1006
990
1004
1004
996
968
976
982
958
964
956
938
958
950
946
964
952
954
942
920
926
926
922
938
930
972
984
984
992
986
992
994
990
1006
966
982
976
970
980
978
984
990
986
978
1004
986
992
994
994
980
986
1006
1000
1830
740
1336
738
1242
1048
1000
1000
950
986
992
980
998
1014
598
1340
1038
940
1048
982
932
930
948
730
1100
986
982
992
980
952
972
968
978
982
980
984
992
992
992
992
996
980
974
984
988
984
986
984
986
982
1472
1012
1322
1096
1016
988
984
960
1096
940
990
1650
1062
962
970
974
950
1322
1206
972
1090
1006
1006
948
998
984
936
932
938
954
960
510
312
1312
1160
1054
1042
992
956
988
974
458
1350
1048
996
1008
974
970
988
974
984
988
986
980
988
998
978
996
1016
1000
1002
1010
1006
936
1068
1002
1004
1034
1012
1008
926
994
998
986
988
994
982
984
938
1010
792
1232
1030
1024
1032
1004
1006
990
986
984
964
992
982
966
958
964
960
970
964
972
870
1008
988
974
996
974
970
950
952
768
1100
978
964
986
946
946
956
1732
1160
1008
978
962
966
984
976
974
974
988
1002
992
1006
1016
1008
980
982
988
988
980
948
988
1004
990
952
1076
1002
998
1026
1016
990
982
994
924
972
996
1000
1024
1010
912
1020
990
1028
994
996
982
898
996
728
1258
992
950
884
850
842
846
838
842
838
822
812
820
832
818
862
894
810
446
1334
986
934
968
952
956
968
976
1000
1072
1198
1088
1102
1058
1042
1058
1040
1030
1008
1026
1016
1010
1014
1024
1030
1016
1062
1058
1052
1086
1060
1066
1060
1066
1066
1044
1048
1052
1016
1018
1006
976
968
924
904
912
894
872
882
882
878
874
878
876
874
864
850
850
858
852
830
842
830
822
824
794
812
794
836
808
808
830
814
824
816
786
778
764
762
756
760
758
762
762
758
706
800
796
806
834
860
874
884
898
894
906
924
790
942
956
898
940
814
890
904
500
1238
926
934
924
918
924
926
838
876
1026
982
966
992
942
900
874
886
876
858
862
864
854
846
836
738
916
750
910
878
860
880
