270
656
656
642
656
664
658
660
656
656
666
664
664
654
660
662
670
654
662
646
648
656
656
654
650
644
678
664
662
646
644
644
644
648
654
658
662
652
660
672
646
678
662
662
666
662
656
664
652
658
658
656
664
520
792
658
652
656
648
652
646
638
648
644
642
648
648
652
656
648
654
642
638
646
640
664
644
634
650
622
634
624
628
632
628
626
622
620
628
624
622
616
606
606
634
614
616
614
606
610
606
602
608
602
596
604
600
602
610
614
616
616
608
616
612
618
616
614
616
616
610
628
626
616
622
602
636
644
624
624
626
614
636
624
628
626
630
622
628
628
636
630
648
638
640
642
502
668
716
656
638
636
620
658
620
648
634
626
644
638
640
642
640
638
640
642
642
638
638
640
632
636
636
640
636
630
638
656
640
640
636
626
638
638
640
640
642
636
642
640
640
642
652
650
648
506
446
364
622
650
644
642
644
642
646
616
664
640
654
648
636
648
466
768
682
640
700
634
628
636
626
612
628
622
620
628
620
612
618
622
618
624
642
614
624
628
642
630
632
642
636
646
652
644
662
654
654
656
654
658
648
648
646
668
660
668
656
642
374
330
596
652
638
668
652
656
660
658
660
664
654
608
642
698
680
674
608
578
584
588
582
592
592
596
600
606
600
606
602
588
600
604
600
594
594
592
598
590
590
598
600
596
594
580
586
590
588
594
584
590
584
586
586
592
600
604
590
590
590
494
690
604
602
424
756
594
590
588
578
588
594
594
588
576
586
582
572
580
586
586
582
582
422
746
572
466
724
580
464
700
574
584
584
580
582
612
592
586
586
604
598
594
592
582
418
750
582
498
682
596
596
602
584
594
590
600
594
600
588
594
596
596
594
590
594
592
596
594
614
616
608
606
610
602
590
610
602
610
610
612
604
604
608
608
618
588
624
604
604
594
582
600
628
608
614
590
608
568
578
602
454
758
600
590
598
600
612
614
616
596
598
590
594
614
600
602
606
592
592
594
598
606
594
594
586
590
606
602
492
706
588
590
480
682
602
598
510
682
592
592
534
664
602
596
594
618
594
590
588
596
596
608
596
600
602
598
600
602
618
616
602
612
600
606
604
596
590
600
604
606
604
602
592
598
596
614
604
598
594
598
592
586
576
600
602
600
596
600
592
594
602
606
598
594
594
572
588
596
612
568
620
594
590
580
598
590
594
588
590
590
586
590
596
594
598
596
598
596
594
598
484
718
594
534
630
606
600
590
610
604
598
600
600
600
592
590
602
594
596
592
596
588
592
592
610
600
594
600
588
508
654
586
620
594
586
582
570
572
574
598
538
654
586
586
584
586
594
592
590
592
586
582
588
590
592
602
598
594
590
596
590
580
590
598
548
616
586
588
532
676
602
598
590
584
586
586
582
596
590
588
592
590
592
570
594
590
582
380
760
570
562
580
588
576
562
566
556
568
572
576
564
584
548
564
572
572
568
556
532
606
536
598
524
624
586
602
594
572
554
572
568
578
576
574
560
554
582
572
560
560
558
572
558
566
566
570
568
546
558
556
560
568
560
582
556
562
556
558
572
566
552
574
538
546
562
582
566
570
566
558
556
554
566
568
552
550
548
550
470
554
564
548
564
558
548
546
548
544
556
554
568
562
550
556
554
552
560
570
560
564
562
554
558
558
566
568
566
566
550
550
568
570
572
566
556
548
556
568
574
562
560
554
562
558
576
570
574
572
566
564
566
578
570
572
572
560
578
588
574
574
576
558
578
560
566
568
572
570
578
576
568
562
566
566
576
568
566
556
560
562
578
594
564
576
560
566
568
578
508
566
638
572
572
572
582
584
570
576
578
568
572
574
566
570
570
576
556
572
574
584
564
562
560
562
566
568
572
568
560
564
554
560
558
550
554
562
572
570
458
672
566
564
556
554
554
554
492
632
560
566
556
552
554
572
560
564
556
548
548
552
554
560
558
498
572
594
554
562
566
552
540
570
526
578
554
556
566
560
550
556
546
552
564
574
568
568
570
560
554
502
638
578
578
564
562
562
564
560
576
570
568
568
562
570
566
550
564
582
526
604
580
568
564
566
562
572
574
562
562
566
562
576
590
574
574
582
570
568
564
554
498
630
590
578
576
564
566
568
548
572
574
532
558
556
578
530
572
584
576
574
556
568
578
570
574
570
410
710
638
588
596
560
582
552
620
586
582
564
590
580
578
570
558
602
596
584
574
574
574
562
580
564
576
572
574
568
558
568
568
584
570
574
570
560
570
570
582
568
572
560
576
572
564
568
558
570
578
562
560
558
550
558
556
564
568
562
556
558
554
548
552
562
570
552
560
562
552
540
554
554
572
572
556
548
544
536
558
564
548
558
568
520
548
558
564
554
558
554
556
558
566
570
568
550
566
540
558
568
562
558
560
550
552
538
472
662
548
550
568
558
556
536
588
564
562
520
574
514
612
550
554
550
554
546
536
550
570
476
670
568
556
552
556
552
568
560
548
560
570
556
550
574
564
564
566
552
566
558
560
554
558
564
560
556
556
554
568
564
560
554
560
560
412
596
510
656
638
462
670
562
570
566
556
494
476
500
750
598
596
528
578
572
562
564
584
590
574
582
588
548
546
546
444
702
564
564
554
554
556
572
562
572
570
552
564
556
560
564
556
570
564
570
562
562
556
568
568
562
554
556
556
562
580
574
582
570
570
558
564
558
572
562
568
542
558
566
554
560
562
560
526
554
546
544
562
558
564
564
568
564
530
596
554
542
552
550
560
558
552
552
552
548
500
598
496
560
606
564
560
560
560
558
536
552
552
558
550
546
482
598
550
566
562
556
542
552
544
546
532
542
548
558
560
536
552
546
542
568
558
564
550
542
552
548
568
556
556
572
526
536
546
542
486
614
518
590
528
588
524
576
580
562
564
486
610
554
552
570
556
568
554
552
552
552
550
548
570
566
554
554
554
546
546
536
550
556
564
554
564
522
546
550
546
552
506
600
540
554
558
544
538
544
548
556
552
542
552
550
544
550
556
550
548
550
548
550
550
556
554
558
548
548
552
548
550
544
544
546
544
544
548
544
538
546
570
566
562
560
554
546
554
568
562
556
564
562
560
566
556
562
560
586
572
562
570
570
556
538
552
554
564
558
552
542
550
556
548
552
538
548
550
554
560
556
556
554
544
546
548
560
552
554
488
610
554
550
556
552
488
616
568
578
574
570
468
626
572
558
544
560
472
616
570
558
522
612
534
594
502
622
498
622
518
608
550
584
492
642
486
636
488
620
518
606
526
580
514
604
504
618
594
558
496
638
570
560
486
628
570
552
452
618
576
552
492
590
566
556
570
558
468
616
550
540
472
584
572
544
468
602
478
582
492
592
586
556
496
628
558
558
478
610
486
630
564
558
478
628
566
556
480
638
576
558
470
618
564
556
560
562
494
612
508
604
502
610
526
592
502
590
488
626
506
596
474
660
550
586
510
596
486
614
564
560
478
646
520
612
576
570
498
618
504
438
676
548
588
534
586
508
588
566
548
504
608
560
556
482
598
564
576
504
602
554
554
486
612
556
562
512
606
512
602
552
570
516
598
564
592
548
610
544
574
534
584
546
588
490
618
510
610
536
596
534
584
512
596
486
608
558
552
470
640
494
596
508
602
518
600
518
590
494
602
560
552
488
630
578
550
482
604
572
552
494
616
558
560
504
594
530
588
580
550
528
564
518
644
552
552
484
598
546
546
494
612
548
558
526
566
558
542
554
566
570
568
562
556
522
580
546
614
562
570
488
600
564
558
552
558
518
602
530
604
538
578
552
566
568
568
566
562
562
468
662
554
556
580
570
580
568
568
570
578
568
560
564
558
522
588
542
560
564
558
560
560
564
566
562
558
578
558
562
554
558
496
596
556
538
556
544
488
600
554
548
476
624
568
550
482
606
552
546
550
548
486
616
488
610
506
598
508
588
472
624
482
670
520
600
496
610
566
558
514
602
520
578
474
620
566
570
496
622
574
564
504
606
574
560
540
562
550
556
492
596
550
544
580
560
494
602
564
552
564
560
552
542
550
518
522
530
544
542
486
588
550
550
554
550
552
536
540
544
554
564
476
600
548
546
544
540
472
616
558
554
486
442
708
538
550
552
550
554
496
584
546
578
492
624
558
546
508
590
520
598
496
600
496
602
494
600
544
574
518
572
484
598
582
544
506
590
524
570
534
548
474
520
646
538
476
608
562
558
530
566
468
572
598
542
482
578
574
566
482
618
492
630
574
556
472
644
458
680
508
620
518
600
550
558
464
650
512
614
516
600
558
566
490
636
516
614
508
1072
624
486
636
524
610
536
486
602
606
568
562
476
634
558
578
482
618
568
558
462
628
570
552
476
618
552
550
472
604
482
632
490
612
560
554
468
624
566
562
474
640
496
482
700
550
462
562
582
646
520
624
516
612
542
514
472
676
500
642
534
590
486
636
474
662
488
656
550
574
512
600
570
564
494
612
512
594
496
606
466
632
564
554
484
624
568
558
468
490
572
680
440
672
474
610
564
548
464
624
482
622
496
610
564
554
470
604
490
408
514
784
480
594
504
586
492
592
480
614
522
600
538
568
542
550
514
598
490
614
534
594
540
570
522
578
492
594
560
554
504
618
518
618
522
600
492
622
446
676
532
622
534
476
704
564
482
632
486
632
478
636
526
632
550
612
526
630
508
640
480
642
586
570
514
630
510
640
576
578
508
628
496
656
572
564
518
480
590
552
432
836
566
560
498
612
570
538
502
626
578
568
494
622
560
568
490
610
512
616
506
646
578
578
480
646
578
580
488
630
554
522
446
642
580
584
580
570
486
666
588
580
532
602
486
662
492
658
496
648
530
624
538
628
572
558
468
666
514
628
514
626
574
570
478
646
530
644
540
622
514
616
592
570
562
576
570
444
700
566
472
644
576
564
484
620
474
638
574
544
444
642
488
604
564
552
472
610
580
552
490
608
564
554
470
646
512
606
592
590
496
616
526
622
544
596
578
576
494
678
588
588
592
590
602
492
614
660
582
584
584
600
598
594
588
592
580
574
582
572
582
596
586
596
594
590
592
594
586
594
592
588
592
594
592
584
580
584
596
602
584
584
596
618
590
588
584
576
584
572
570
586
574
574
566
582
586
590
584
598
584
566
596
586
594
586
586
568
588
608
608
602
586
542
560
598
602
594
580
596
598
600
598
598
606
480
700
594
592
580
594
594
590
596
580
574
572
606
592
584
592
582
572
588
590
596
594
594
582
602
592
598
602
600
606
600
496
692
590
510
676
604
590
588
574
574
592
584
586
588
578
578
582
578
574
586
580
588
594
588
586
582
584
586
586
586
598
596
586
588
614
634
598
598
584
592
590
578
592
588
588
596
596
596
600
596
602
604
588
482
668
618
594
594
600
604
604
590
592
598
602
598
586
572
602
604
594
602
594
584
586
592
596
614
592
590
588
594
584
582
586
584
590
580
600
596
580
588
588
592
582
584
584
582
582
582
592
586
592
592
590
598
592
592
548
640
600
592
572
552
576
584
494
730
594
594
604
588
594
586
590
602
596
592
584
596
590
586
592
586
588
576
582
608
594
586
594
586
586
582
570
582
582
574
576
576
586
578
580
600
586
594
596
592
590
588
582
590
600
590
580
580
586
596
588
590
590
588
598
600
588
590
588
578
594
594
590
588
590
600
594
596
590
582
586
592
578
602
586
544
600
598
590
612
602
608
602
584
574
582
584
576
508
652
614
604
602
584
596
592
570
580
592
592
580
590
586
584
590
580
456
656
650
592
594
598
594
602
612
602
590
600
598
598
598
588
612
606
606
610
608
626
586
590
602
598
634
606
602
600
596
598
596
596
596
600
614
604
590
556
580
588
604
610
598
590
602
606
600
600
604
606
604
600
592
598
590
602
596
592
586
590
598
592
590
600
598
592
600
604
602
598
588
592
598
602
584
548
650
606
606
602
598
594
598
600
610
608
616
614
600
610
610
614
612
616
610
600
608
604
596
600
598
592
594
584
592
600
602
604
588
588
584
574
590
594
588
590
586
586
592
602
606
598
606
606
614
608
598
590
594
598
638
604
604
602
596
598
590
590
600
600
608
602
454
742
598
598
620
602
596
594
596
602
600
602
614
602
600
606
604
614
608
602
602
608
618
622
616
618
592
620
606
606
614
610
602
600
598
600
606
598
598
588
600
622
586
588
572
586
592
598
572
554
564
588
586
590
586
598
600
628
590
602
596
596
600
596
606
596
598
600
618
602
606
514
696
606
610
608
612
596
596
608
600
610
608
604
616
608
600
596
596
610
606
600
604
604
590
608
600
598
600
588
590
604
604
598
600
590
596
600
594
586
598
594
592
604
592
578
600
596
598
598
592
586
586
588
592
594
590
592
592
594
592
596
586
588
462
718
600
600
602
594
592
600
608
616
598
604
596
620
618
606
604
604
588
604
606
606
612
610
608
622
608
610
594
600
608
604
598
602
596
596
612
608
608
602
592
598
602
596
598
594
606
604
618
620
602
594
606
606
604
604
612
606
606
610
606
606
596
596
590
606
622
596
566
568
514
642
430
774
604
602
610
598
608
598
600
482
734
602
604
614
606
608
622
618
604
616
618
628
618
606
616
592
606
618
612
608
596
604
618
600
606
606
590
582
594
608
610
600
600
608
604
600
616
606
596
582
606
598
602
604
612
622
616
606
608
610
610
614
616
594
608
600
614
608
606
610
608
594
604
602
602
600
600
608
604
616
598
610
608
604
608
608
606
608
610
616
614
612
604
610
612
614
604
602
616
644
610
608
602
594
600
600
600
442
756
600
600
622
614
614
618
618
610
604
606
596
604
606
614
614
624
618
612
616
620
612
462
740
604
634
622
604
612
612
606
612
612
612
612
608
610
602
580
594
594
588
604
604
600
604
588
604
608
604
604
608
598
592
608
512
678
632
502
714
606
592
612
604
600
606
600
606
586
596
596
588
466
734
592
596
592
588
600
592
592
594
602
594
590
594
592
594
598
598
596
596
604
608
598
600
606
602
602
592
596
594
594
600
608
602
604
602
600
608
606
604
606
592
598
598
598
456
772
598
584
588
600
594
596
582
608
596
584
530
664
596
600
508
682
596
602
522
684
608
504
524
792
600
604
516
698
600
608
560
698
608
610
552
648
600
608
554
672
610
602
502
722
612
614
588
634
612
606
610
608
598
614
618
610
600
602
610
622
612
614
598
608
628
628
620
602
618
588
596
608
620
604
578
600
606
622
614
608
600
608
622
606
588
602
610
602
604
604
606
604
604
606
618
620
614
620
630
622
610
614
614
596
620
626
502
740
606
616
610
606
606
586
602
604
596
614
606
604
608
608
600
610
602
604
604
602
602
606
612
598
610
606
420
790
640
602
600
604
602
602
600
604
610
604
600
600
600
598
608
602
594
600
598
602
606
604
602
604
598
600
606
610
604
614
608
612
604
600
604
608
612
620
614
602
614
534
710
630
628
616
610
616
616
608
632
642
622
614
620
604
622
622
594
616
606
622
616
606
608
610
614
610
614
612
612
612
622
626
618
604
612
618
608
612
612
614
612
602
602
604
620
614
618
534
646
666
620
614
622
622
640
624
614
612
638
542
710
620
622
628
632
628
640
624
626
632
628
632
656
632
632
640
638
620
628
612
618
618
612
612
604
590
614
614
604
588
608
596
604
608
592
594
604
608
606
606
608
610
610
608
608
608
606
598
608
612
636
618
608
600
610
606
604
606
604
616
612
602
622
608
612
614
610
614
612
612
614
618
618
612
620
612
602
614
490
694
624
596
610
612
608
610
600
610
616
612
612
614
608
618
604
598
606
602
606
606
608
596
614
602
604
594
596
584
608
592
600
594
602
592
588
602
606
602
612
608
614
610
610
610
606
600
604
620
618
610
616
612
604
592
616
622
606
626
622
620
606
614
608
618
612
626
606
616
606
618
612
610
598
606
604
620
624
606
614
600
610
602
602
590
598
586
590
604
604
602
612
612
606
616
610
606
602
606
602
608
604
600
604
602
592
596
608
596
598
600
604
596
594
600
602
604
606
606
602
598
602
600
614
612
598
610
614
634
612
610
602
604
614
596
612
602
610
612
606
608
602
528
672
600
496
704
592
596
594
596
600
614
596
602
520
678
602
592
590
596
596
586
622
602
608
612
608
616
612
612
614
606
620
612
608
602
604
610
590
630
632
616
624
618
602
608
602
610
608
548
670
618
616
622
624
638
632
552
692
628
548
678
604
612
622
610
608
606
606
606
600
596
590
602
606
616
616
600
606
606
602
592
602
596
498
712
612
612
498
704
598
600
494
716
606
612
510
702
606
610
530
686
606
604
526
684
610
612
542
684
610
616
496
718
602
600
534
648
628
600
612
588
598
598
604
594
598
614
604
606
614
614
622
622
602
616
604
596
604
610
608
600
606
606
642
614
602
600
594
602
600
598
604
592
606
600
602
600
600
596
598
598
602
600
600
604
602
610
608
606
596
604
614
604
614
598
602
618
604
608
610
616
614
624
620
614
620
480
538
792
624
622
614
602
612
608
630
632
600
610
614
608
614
606
596
602
604
590
538
662
610
614
624
606
602
596
604
604
608
610
612
602
602
612
608
606
514
678
602
602
600
620
612
610
618
616
610
574
630
610
608
600
610
604
614
622
610
620
620
626
622
616
606
602
610
602
614
614
606
622
616
616
620
614
592
646
616
618
622
610
616
598
608
612
606
598
606
604
602
606
582
592
596
598
604
598
600
606
608
604
616
610
606
606
590
610
608
606
610
610
610
644
618
618
620
612
604
610
612
608
610
608
608
620
470
550
692
736
628
620
616
620
606
618
616
612
618
608
612
620
624
614
600
608
626
650
628
632
614
620
622
616
614
614
612
612
618
622
612
608
600
604
628
624
612
608
612
604
594
594
598
604
618
616
610
612
610
618
624
518
712
616
630
624
616
622
634
624
628
616
624
612
610
616
612
612
614
620
612
640
618
626
614
612
582
630
608
606
606
604
604
602
612
606
622
614
608
612
608
600
598
586
608
608
606
600
606
596
584
612
610
610
602
604
614
616
612
608
602
608
604
594
604
612
616
620
612
608
612
616
624
634
618
632
628
622
626
630
482
770
620
622
634
528
542
778
646
644
620
608
618
606
620
614
620
622
618
620
620
608
616
614
610
612
614
612
614
600
620
632
628
626
630
600
628
618
616
620
616
620
632
640
632
634
640
626
626
630
620
634
630
640
642
620
632
624
552
732
646
644
624
628
622
628
636
630
608
628
630
630
622
628
624
644
652
636
624
630
624
626
620
620
618
606
616
626
622
602
626
622
612
620
606
624
610
622
602
608
614
630
622
616
622
620
626
598
612
624
652
634
618
606
624
618
620
622
622
624
624
620
616
614
616
610
634
618
620
616
602
614
616
554
686
604
524
686
616
606
496
702
606
610
616
612
604
608
602
604
596
600
596
596
594
594
594
592
596
594
590
574
598
594
590
590
586
580
584
580
580
582
580
580
584
590
586
584
582
586
578
580
580
592
596
592
594
602
598
602
598
592
596
606
602
600
612
604
610
612
606
602
610
610
618
612
612
608
612
600
616
606
596
604
598
620
482
720
610
606
606
598
600
602
596
604
600
600
612
604
608
614
620
612
614
618
620
616
618
608
610
612
600
610
622
612
618
612
616
616
620
620
616
616
610
608
612
616
616
614
616
616
620
624
624
614
608
632
638
620
614
600
588
628
614
620
620
480
738
614
608
602
600
610
602
600
602
594
594
596
592
586
584
584
586
590
592
578
582
592
586
586
582
586
592
592
590
590
592
590
590
584
592
588
590
596
596
594
584
586
600
606
600
596
590
450
614
728
596
508
690
596
482
738
598
508
700
604
514
706
602
512
694
612
562
660
602
594
614
600
610
608
614
612
614
614
612
508
696
608
512
702
616
608
610
600
608
616
612
614
512
694
606
620
614
608
606
598
614
618
598
620
614
616
604
620
624
598
648
628
612
606
624
616
616
618
614
610
618
608
606
612
608
602
606
580
628
604
592
596
602
606
598
602
592
598
514
672
592
598
600
528
426
800
586
604
602
588
592
584
578
600
566
584
584
572
586
584
582
566
602
584
600
498
680
592
586
536
634
584
598
474
710
592
598
474
732
512
674
612
616
624
606
608
608
612
608
612
612
616
632
622
626
622
612
616
614
608
628
616
608
606
612
604
610
610
618
610
604
606
608
610
610
608
624
616
616
614
620
598
610
614
620
612
612
618
620
626
624
622
624
628
610
618
620
622
618
616
614
618
628
622
618
612
610
606
614
610
612
612
632
620
622
602
604
602
604
610
616
612
614
610
618
618
612
586
614
606
602
606
602
594
592
594
592
602
590
584
598
590
590
586
578
586
592
592
586
582
574
584
584
582
600
588
596
600
594
588
596
592
592
602
594
616
602
604
608
600
604
606
606
604
612
608
610
606
608
578
648
612
628
608
614
490
722
610
610
622
618
608
618
616
614
612
612
606
606
616
618
612
614
612
616
602
608
558
670
606
612
608
610
614
612
612
596
618
610
600
606
606
604
600
608
606
612
608
608
612
620
618
612
616
614
610
616
612
608
616
626
618
610
604
600
614
616
604
608
588
604
600
602
604
602
600
606
602
602
596
598
596
594
594
592
592
582
588
580
590
594
588
592
590
586
584
586
586
580
574
584
598
590
588
590
588
598
606
598
600
608
600
604
610
604
608
608
606
606
606
608
606
606
608
604
608
606
608
610
608
606
612
610
618
622
612
612
614
616
622
464
716
640
636
614
620
612
604
610
612
624
614
610
596
614
608
614
612
612
612
614
598
508
698
610
624
618
608
578
630
620
618
612
616
612
612
612
614
614
618
604
626
624
622
632
618
606
496
722
612
610
596
604
612
624
616
608
600
606
590
596
588
586
590
600
590
592
594
594
602
598
596
598
590
592
592
590
594
592
546
624
588
586
598
578
584
586
582
590
586
586
586
602
592
592
580
590
434
764
602
608
598
604
606
602
596
594
616
622
628
620
622
610
616
614
612
616
614
612
614
614
632
624
622
614
618
618
622
614
618
620
618
614
608
608
612
448
780
610
604
612
606
610
610
618
612
614
614
610
612
606
592
606
602
618
614
604
606
600
614
594
630
606
594
600
602
458
742
596
604
594
602
600
596
590
598
600
598
606
602
596
598
598
584
586
596
598
604
606
598
538
656
590
594
598
592
594
596
596
602
598
606
602
596
586
586
590
604
594
596
592
598
608
594
590
592
598
590
592
592
598
594
594
584
594
468
756
600
604
600
600
602
612
620
610
618
614
612
614
602
600
620
616
612
606
620
618
620
620
614
616
614
612
612
622
616
610
610
616
614
614
614
606
612
628
626
618
606
618
606
606
598
602
602
608
606
606
614
608
606
614
596
604
582
608
598
584
596
580
594
594
596
566
606
590
576
574
582
584
580
592
582
584
578
430
710
604
580
586
588
590
586
586
592
484
696
602
536
658
604
602
596
598
590
590
594
594
598
598
592
614
602
604
600
594
598
612
610
600
594
592
608
602
596
602
608
612
614
608
604
606
600
596
610
606
602
594
610
604
602
576
602
592
518
686
608
498
700
598
580
410
854
572
630
600
618
576
598
612
614
620
610
614
620
620
610
618
616
622
612
618
616
604
612
604
606
608
462
760
608
524
676
596
526
664
594
594
592
592
598
600
594
592
592
584
590
592
582
586
586
586
578
576
570
616
586
580
582
568
576
568
586
582
588
582
586
590
588
586
578
600
602
592
592
584
580
590
596
598
608
596
600
484
722
600
602
602
608
602
590
628
602
602
508
708
610
614
620
612
608
612
610
604
622
618
610
632
622
616
604
616
598
606
624
618
616
612
614
616
612
608
594
610
614
540
660
610
604
616
614
604
546
672
610
610
608
604
610
598
606
608
620
612
616
610
614
610
596
606
604
612
596
598
596
594
596
590
594
598
600
592
586
586
586
582
584
590
590
590
590
588
594
596
592
592
592
586
594
598
592
592
584
594
596
588
590
582
600
594
592
586
582
582
582
588
590
594
594
602
594
594
596
596
598
602
604
602
586
620
598
602
610
626
612
604
608
618
610
618
626
618
620
624
618
624
604
622
618
622
622
624
618
630
608
618
618
622
612
622
610
634
604
618
612
610
600
622
622
616
620
620
628
618
612
620
620
620
608
612
612
622
608
604
620
636
616
598
452
746
584
594
606
598
604
602
600
606
598
596
600
594
594
598
594
608
594
590
596
600
600
604
596
598
596
596
594
586
592
580
600
606
550
626
600
598
602
600
594
590
594
584
590
530
604
622
594
598
604
600
590
600
592
592
590
590
582
594
608
594
600
592
596
596
598
602
506
670
624
604
606
610
596
600
588
604
596
598
598
598
602
612
604
608
612
616
604
612
610
600
608
496
710
606
612
618
626
616
614
608
614
614
628
616
610
604
604
606
618
610
616
610
612
612
610
462
762
604
608
620
610
600
604
596
606
604
598
594
586
596
592
584
576
586
584
586
594
588
588
588
588
586
586
588
562
596
584
590
588
586
584
588
582
592
588
590
592
582
474
688
470
692
506
674
586
582
594
580
596
600
596
604
602
602
600
602
602
608
602
604
610
606
534
692
612
610
616
612
610
624
598
616
602
618
604
610
604
608
604
598
596
480
748
606
500
708
612
616
608
606
610
600
606
610
614
628
614
550
690
618
592
660
622
630
636
624
630
628
624
626
610
628
622
616
624
622
614
618
598
608
626
610
608
614
618
600
610
606
608
606
602
606
600
604
604
528
660
608
620
606
600
592
596
586
586
586
532
632
586
588
596
594
590
592
584
580
584
590
586
584
586
460
710
584
584
442
744
604
596
578
602
600
606
524
584
718
608
606
608
604
604
598
614
614
612
560
662
614
606
602
600
612
608
608
600
606
602
602
608
612
604
602
596
610
614
602
610
610
608
602
606
614
604
606
616
614
612
608
610
608
616
614
612
602
610
614
628
606
618
612
616
612
614
612
386
472
688
584
582
604
596
480
716
588
492
686
596
588
590
574
582
576
582
590
580
584
590
578
564
566
578
582
570
578
570
566
562
566
560
568
562
564
576
566
574
568
560
562
562
572
570
556
546
568
564
574
570
570
578
578
456
738
668
668
496
714
596
594
590
588
468
754
586
834
494
874
518
866
472
1000
586
782
716
748
552
812
736
740
582
746
670
672
680
692
654
742
522
842
700
748
584
762
698
690
748
704
710
690
692
722
708
688
696
676
726
706
686
676
676
676
674
676
684
544
810
694
698
716
676
632
718
676
690
682
696
628
750
602
758
538
808
668
658
654
582
776
678
618
744
678
682
678
666
654
684
684
696
688
666
678
668
678
664
670
692
694
608
718
694
668
682
704
694
696
696
692
696
682
682
666
668
686
678
676
676
702
698
682
686
674
686
680
700
690
696
700
694
694
696
706
706
700
692
694
678
702
702
734
632
774
702
686
698
680
696
712
698
696
680
694
698
692
630
730
676
670
690
678
676
684
660
648
654
646
678
458
902
672
612
700
672
682
660
604
710
478
486
970
578
696
674
660
710
470
620
976
680
672
652
672
678
708
694
664
688
676
682
678
526
698
834
552
838
636
812
518
564
468
1086
634
840
494
590
592
292
818
598
744
696
696
690
734
706
688
696
730
680
706
682
684
696
706
500
922
698
492
842
658
600
780
692
618
806
706
712
702
694
688
700
474
868
574
848
594
712
748
700
686
578
790
698
682
700
478
850
680
660
670
676
682
692
590
764
670
654
664
670
676
672
680
684
660
694
682
678
654
692
672
670
680
660
668
666
662
654
662
660
658
660
650
636
668
676
680
666
688
710
678
682
676
664
674
690
694
704
602
776
694
728
706
696
686
684
668
696
682
682
678
698
702
722
698
704
610
768
466
966
596
768
694
714
700
704
624
738
736
676
716
724
668
700
676
668
680
678
570
772
698
682
652
674
666
656
664
666
658
662
668
660
660
672
656
652
630
646
666
666
666
664
672
642
686
666
666
678
680
674
674
666
670
674
676
678
676
686
684
690
696
684
686
672
614
746
676
710
696
662
690
678
532
866
682
632
748
676
674
704
704
672
684
662
666
676
426
608
768
696
710
690
688
682
690
686
448
554
782
700
460
958
724
702
702
700
696
716
704
710
716
724
728
716
728
726
730
728
722
686
746
724
724
662
772
704
716
702
706
692
692
618
664
768
684
674
674
672
680
672
672
678
656
468
794
496
848
700
676
652
666
660
658
462
858
666
662
660
656
504
804
670
660
658
664
666
662
666
664
676
676
674
674
700
694
704
696
692
702
714
698
612
764
692
690
698
700
696
692
608
764
728
694
688
694
674
720
696
468
688
848
734
696
704
698
696
684
692
698
610
814
706
686
700
698
694
698
678
682
720
696
688
694
694
694
696
696
688
696
684
690
690
684
700
692
692
694
698
698
696
692
690
694
690
668
666
674
670
668
688
674
696
688
676
664
662
662
662
680
662
664
662
652
686
656
656
690
654
664
648
644
642
660
656
660
658
658
666
674
632
572
808
476
874
706
698
690
680
674
680
678
694
684
688
680
684
686
696
692
690
700
710
628
780
706
696
708
690
696
688
690
688
748
706
