750
1056
1114
1056
1082
1100
1100
962
1072
1024
996
1068
1118
1068
1076
1072
1084
1084
1072
1168
1090
1114
1036
1042
928
1084
1174
1132
1108
1134
1132
1088
1070
1072
1074
1088
1096
1062
1124
1150
1062
1110
1086
1028
1112
1130
1080
1092
1072
1078
982
1072
1050
1082
1142
1134
1036
1106
1018
1060
966
1012
1054
1104
1074
1096
1112
1086
966
934
1114
1166
700
1520
1156
1146
978
1062
1064
1122
1098
620
1436
1056
954
900
1038
1150
1132
1058
1096
1054
1024
1070
1036
1060
944
900
1014
1098
1074
1094
1000
858
1038
1120
1108
1090
1088
1068
972
948
612
1264
1184
1088
1158
1144
1130
1146
1082
1102
1078
1084
1114
1088
1066
1074
1060
1002
632
1240
1170
1130
1102
1106
1078
1074
1104
1110
1046
1056
974
1028
946
896
544
1230
1154
1054
1076
1082
1036
1006
970
1002
604
1382
994
694
1000
1046
1098
1048
1052
1086
1084
1032
1070
992
1014
926
932
984
1032
972
1034
986
1016
1002
1032
994
1062
1018
1050
986
940
858
940
1042
1072
1062
1078
1076
1066
1062
1054
1032
978
1022
938
926
606
1226
1146
1084
1124
1070
1064
1052
1038
1024
1038
1046
1014
1060
1034
1072
1064
1034
952
924
944
1136
778
1416
1090
1088
1008
1030
970
1014
946
900
592
1212
1120
1058
1086
1064
1034
1076
1072
1026
1054
1042
1066
1012
1050
1040
1042
1050
1044
686
1380
1050
952
1120
1090
1130
1098
1134
1120
1126
1120
1132
1088
1106
788
1254
1050
1412
1690
1122
1044
1010
1032
1044
1038
1084
1082
686
1196
982
1042
1154
1084
1096
1086
1064
1034
1040
1024
1018
1030
924
1542
1302
1198
1146
1090
1066
1080
1090
1078
1006
1062
1010
1034
992
952
968
1054
1134
1070
1092
1092
596
1378
1006
968
964
870
1750
1150
1056
1014
1032
1032
1050
1032
1048
1056
1054
1066
1062
1072
960
1644
1262
1114
1070
1062
1046
1046
1036
1042
752
1236
1022
1592
1188
1110
1080
994
1020
994
1020
976
1024
1018
1016
1020
1020
1014
1008
1020
1040
1012
1010
1040
904
1602
1338
1122
1022
1030
1040
1036
914
1064
1044
1056
1090
930
1012
996
638
1236
1174
1112
1136
1078
1050
1042
1046
1010
662
1258
1118
1036
648
1386
1002
886
1670
1200
944
1772
1194
1074
1026
1048
1044
1034
1046
1052
1040
1056
1022
1056
1014
1030
998
1018
1006
898
1044
1094
1086
1066
1082
974
1008
1020
1026
964
1006
976
1008
982
1076
1026
1036
1050
1042
980
1012
990
1016
1080
1002
862
1064
978
902
1098
994
918
744
1206
1030
968
842
1058
988
888
858
850
1202
942
842
828
826
842
826
894
942
980
948
996
1052
1056
1038
1086
1088
932
1220
1176
1142
1158
1142
1164
1112
1138
1148
1132
1120
1122
1150
1132
1148
1140
1148
1122
1026
1160
1120
1088
656
1484
1060
1086
1086
986
1010
1034
1026
1018
1042
1040
1030
962
590
1204
1068
1102
1106
1052
922
1016
972
1056
1044
1030
1046
1036
1036
1044
1106
1082
1080
1096
1108
1098
1108
1110
1090
1076
1110
1112
1114
1092
1070
1064
1082
1052
1078
1048
1050
1010
1010
1024
998
1030
1028
902
1032
1110
1080
1086
1082
1104
1068
1076
1022
1058
1034
1062
1044
1034
1030
1032
1022
1092
1052
1064
1040
1118
1092
1076
1100
1118
1122
1118
1034
1112
1078
1092
1088
1104
1138
1110
1050
1046
1048
1028
1042
1146
1134
1106
1126
1130
1116
1104
1082
984
554
1388
1242
1142
1138
1132
1008
986
894
1072
1128
1104
1100
1104
1114
1124
1098
1086
1034
1074
1010
1008
1024
1030
1024
1028
1054
1036
1734
1274
1164
1114
1110
1108
1088
1102
1092
1090
1036
1094
1020
1036
566
1342
1194
1132
1148
1118
1032
1074
1010
980
1092
1150
1102
1102
1124
1112
1086
1068
1066
1106
1060
1102
1092
1066
1088
1072
1018
1050
1030
996
912
1020
1098
1082
1080
1094
1088
1054
976
1030
970
1024
1058
1032
1038
1036
1022
1034
1042
1048
1012
1010
980
976
996
960
956
956
1090
1066
1134
1128
1060
1070
966
930
894
1008
1106
1080
740
1390
1088
1088
978
1122
1012
880
936
1022
1108
1080
1058
1094
1080
1052
1060
1076
1018
888
1024
1108
1088
1062
1100
1060
1044
992
1022
1008
1076
1082
1064
1058
1074
1062
1058
1068
1114
1066
1104
1100
1050
1016
1022
1008
994
938
1032
1126
1086
1108
1096
1094
1114
1118
1074
1066
1108
1090
1056
1096
1064
1064
1062
1082
1064
1068
1058
1034
620
1386
1018
980
894
974
1136
1034
1084
1082
1060
1070
1072
1042
1070
1074
1072
1054
1066
1042
1032
1096
1098
1066
1084
1074
1030
1044
978
1006
890
1054
1068
1106
1090
1098
1096
1090
1100
1098
1074
1066
1074
1008
1060
970
940
922
584
1268
1188
1092
1114
1096
616
1424
1078
1022
1040
1060
970
538
1432
996
1158
744
1086
1056
1042
1050
1062
1030
1054
1058
1034
1002
1056
992
912
1078
1016
1038
1028
1046
920
992
976
1046
596
1348
992
968
1008
994
998
994
954
986
910
942
610
1416
1038
1020
996
1044
960
1000
966
888
860
842
1008
1068
1080
1050
1070
1066
1056
1076
1078
1050
1080
1094
1064
1132
1126
1098
1106
1036
1030
1054
1038
1054
1048
1074
990
982
940
898
964
1042
1128
1096
1088
1100
1108
1116
1026
1034
970
1028
1020
1014
1036
1042
1064
1108
1082
1078
1042
1084
1056
1078
1064
1076
1096
1102
1000
990
682
1220
1104
1054
1140
1070
1060
1094
1064
1066
998
1044
1006
1002
1050
1058
1066
1038
1052
992
478
1298
1194
1100
1114
1128
1020
1092
978
972
846
1028
1046
1086
1062
1072
1064
1014
1004
1026
1010
1022
992
988
1032
978
872
1800
1208
1134
1040
1042
962
1020
944
974
946
900
870
810
816
944
982
914
894
754
718
784
934
868
936
916
856
752
728
738
802
1042
1030
1036
1030
1074
1104
1096
1094
1100
1104
1088
1098
1114
1078
1068
1028
1060
1110
1132
1088
1102
1132
1112
1070
1080
1126
1108
1060
1070
1064
1090
1140
1132
1146
1134
1064
1080
1076
1032
994
1020
1132
1064
1082
1074
1058
1074
992
1052
1040
1082
1086
1060
1090
1056
1074
1078
1082
1064
1134
1082
1074
1112
1042
1068
1062
1092
1050
1120
1074
984
906
1046
1130
1154
1142
1144
1062
1110
1118
1076
1118
1090
1036
1104
1024
1062
994
998
1572
1252
1212
1068
1112
1108
1100
1118
1132
1100
1052
1076
1060
1066
1066
1130
1094
1118
1128
1106
992
928
1094
1134
1126
1144
1146
1134
1136
1138
1122
1118
1074
1080
1132
1122
1120
1138
1038
1082
1076
558
1288
1178
1146
686
1346
1150
1044
1082
1096
1034
1058
1062
1052
1090
1084
1068
1054
1042
1100
578
1478
998
898
1116
1084
1096
1132
768
1416
1124
1050
1006
1054
1044
1028
988
1004
1032
1024
1026
1034
538
1398
974
1008
998
1008
1032
1070
1026
1058
1006
1026
1056
1076
1578
1100
1060
734
1058
1028
978
1018
922
828
750
904
926
934
844
786
686
680
868
886
892
878
884
896
884
748
1052
992
972
1022
1012
992
1018
1056
1082
1048
1076
1054
1084
1060
1122
1096
1106
1110
1104
1076
1122
1106
1070
1102
1032
1060
1064
1108
1088
1110
1090
1108
1100
1058
1060
1080
1106
872
1316
696
1244
1176
938
904
1010
1080
1066
766
1284
1086
1042
1094
1088
1032
1054
1044
1030
1060
1036
1064
1052
994
1028
1010
1034
1006
980
892
1064
1110
1096
1090
1090
1100
1074
1078
1070
1060
1086
1046
1070
1056
1086
1040
1054
1018
1012
1032
1032
1040
1038
1040
1024
1018
1052
1042
1100
1080
1090
1122
1076
1068
1102
1106
1072
1464
616
1064
1012
902
1074
1108
1036
1096
1152
1096
1098
1100
1122
1082
1096
1086
1108
1092
1054
1064
1072
1088
1084
1092
1096
1090
1070
1086
1088
1038
1062
1070
1040
988
1006
992
906
1062
1084
572
1344
1152
1042
1086
1028
980
1032
1026
1028
1034
1030
1022
1050
1012
1040
1004
1024
922
910
990
1102
1086
1050
1064
1074
1072
1062
1082
1084
1040
1064
1088
1058
1024
1080
1056
1038
1042
1030
950
1020
996
972
1028
992
1010
1064
1062
1052
1026
920
538
1310
1108
1052
1110
1066
1030
1038
1020
1006
970
908
892
994
1092
1076
1088
1094
1028
1032
976
1032
1022
1022
974
1018
982
1020
1028
1020
1032
1044
992
998
984
978
890
924
970
1022
1024
1064
1032
1056
1052
992
996
968
950
918
1762
1196
1066
1064
1034
1020
1030
1012
958
1012
1006
1014
918
972
956
934
936
1024
970
1010
996
926
876
922
1002
1054
1062
1048
1078
1040
1040
998
930
954
884
934
1012
1092
1062
1062
1060
1086
1042
1064
1018
1060
1004
1024
946
1002
920
922
1098
1050
1010
1098
1086
1058
1080
1040
982
1052
1036
1008
1006
994
980
1018
1048
1008
1024
1014
980
1618
1198
1142
1064
1044
1060
1040
1014
972
892
852
870
1122
694
1442
1064
1050
1004
1020
1024
1028
1054
1040
1078
1080
1054
1074
1074
1078
1050
928
1072
1110
1080
1082
1100
1082
1098
1086
1042
1070
976
1016
956
558
1258
666
1452
1130
1074
1026
1038
962
972
886
944
1022
1066
1040
1068
1076
1072
1080
1080
1098
1082
1040
1044
1042
1018
1018
976
920
976
804
1560
1102
866
1008
968
848
848
772
708
696
796
666
1018
950
918
930
922
932
898
838
852
812
780
960
1008
988
1002
990
976
1010
1010
992
1034
1014
1024
1072
1066
1032
1052
1072
1044
1058
1032
1074
1042
1042
1036
1028
1040
1048
1044
1062
1030
1114
1054
1076
1090
1000
1026
1044
1028
1048
962
910
1084
1130
1094
1110
1098
1118
1094
1090
1044
1086
1020
1054
946
970
918
1752
1228
1136
1032
1048
1054
1012
1042
964
996
1028
1010
984
1024
998
1046
1048
1038
934
1014
990
950
980
1066
996
1036
1034
948
912
934
1024
1126
1082
1080
1086
1070
1042
1082
994
1014
1038
998
1006
994
1008
1050
1024
1052
1034
1060
1014
984
936
878
1000
1108
1088
1060
1072
1070
1072
1058
1082
1000
1068
954
980
1014
1034
1008
1100
1088
1058
1082
558
1278
1118
708
1550
1124
1064
964
1038
932
912
972
1076
1140
1114
1094
1118
1108
1034
972
1020
1316
1314
946
1306
1080
886
622
1314
1138
1040
1030
978
1228
656
1144
1116
1102
1126
1104
1122
1106
1066
1048
546
1448
1026
1062
1140
1084
1086
1084
1070
1030
1062
1038
1034
1080
1052
1046
1026
1002
962
980
996
1092
1088
1096
1038
1078
1008
1014
984
990
938
942
1058
1132
1080
1116
1110
1114
1114
1084
1066
1072
1074
1008
1042
998
1032
1046
1024
1030
1038
1060
1032
1032
1028
916
1044
1128
1102
1104
1124
734
1404
1108
1028
928
880
1104
1084
1096
1094
1082
1086
1076
1084
1104
1074
1004
1050
976
1094
1080
1082
1052
1060
986
934
1030
1134
1050
1100
1156
1098
712
1428
1068
1042
1070
634
1376
1020
934
1096
1078
1126
1118
1132
1104
646
1398
1064
1018
1038
1082
1116
1078
1084
1102
1066
994
932
1024
1080
1096
1102
1098
1070
1050
980
1034
964
898
1048
1070
1100
1102
1092
1086
1086
1092
1046
974
1028
938
994
1046
1004
1008
1026
1018
976
1180
1126
1072
1102
1100
990
1024
978
898
956
1044
1074
1116
1108
1110
1112
1108
1004
1066
960
1050
1148
1128
1114
1110
708
1306
994
874
1018
1058
1054
1050
1060
1092
1072
1068
1090
1090
1102
1070
1094
1060
1092
1102
998
942
910
1048
1144
1132
1112
1108
1092
1022
1060
954
1010
1046
1094
1100
1078
1122
1126
1134
1058
1074
1050
1036
1076
938
1012
1006
1014
1130
1102
1136
1126
1020
1084
1104
998
1060
950
1002
1092
1122
1130
1136
1124
1060
1088
996
950
1074
1106
1068
1080
1076
1076
976
932
972
1056
1130
1090
1026
1068
1104
1092
1088
1116
1052
1060
1046
992
1034
984
1004
952
920
972
710
1342
1164
1058
1032
942
1168
1166
780
716
872
872
964
914
904
900
802
710
1468
1008
834
916
894
792
736
680
676
798
932
934
950
1000
532
1374
1074
1044
1072
1064
1030
1040
1112
1084
1052
1086
1088
1064
1082
1088
1058
1044
1032
1056
1044
1056
1026
1044
938
976
984
946
1032
1108
1076
586
1488
1034
594
1300
472
1338
1124
988
1234
714
1010
994
1024
1060
1046
1064
1058
1046
1054
1080
1096
1088
1090
1104
1068
1006
1080
1054
1022
1064
1026
1064
1042
1018
574
1370
1084
966
1076
1024
1102
1046
980
938
1058
1128
1094
1112
1112
1114
1046
1084
990
1004
996
928
850
972
1110
1082
1070
1072
1092
1046
1040
1056
1050
1050
952
908
954
1036
1104
1114
1100
1106
1104
1106
1026
1094
1050
1062
1026
1034
956
1004
1084
1028
1012
1050
670
1452
1032
1066
1018
1018
1048
674
1414
1036
1030
1032
1016
1024
1036
1026
938
880
1046
1106
1090
1090
1088
1110
1082
1108
1062
1084
1080
1040
1082
1044
1060
1066
1110
1086
1052
1088
1056
1052
1080
1034
1020
1042
1084
1062
1070
1078
1094
1062
1080
1020
1034
1034
1030
1064
1030
1022
1036
944
962
994
1148
1110
1100
1114
1118
1084
1030
1074
1042
1078
1024
884
1042
1076
1112
1108
1032
1076
972
874
1018
1110
1076
1056
1048
994
1006
1042
942
880
904
1042
1094
1082
1090
1094
996
1076
1034
998
1054
1052
1028
1044
1024
1044
1046
1036
436
1416
1074
1100
1008
976
846
1010
1094
1066
1092
628
1486
1108
1078
1098
1048
1070
1064
1056
990
1006
934
956
1106
1068
628
1374
1042
966
938
858
1002
1070
1054
1038
1066
1060
1054
1034
1056
1042
1036
940
1022
998
1008
1014
1042
1054
1028
1124
1112
1082
1082
1028
1050
962
870
1080
1140
1080
1108
1120
1116
1020
1086
1088
1012
1062
1026
1026
1034
1034
1024
968
908
972
1054
1054
1100
1110
1100
1086
1086
998
1038
928
910
1026
1102
1104
1106
1136
1092
1068
978
878
1076
1124
1082
628
1430
1078
942
1066
1054
1062
1090
1090
1106
980
924
990
1140
1124
696
1172
1188
1102
1058
936
854
1012
1090
1050
1090
1074
1020
1068
1062
528
1352
928
1104
1140
1040
1068
916
868
656
1498
1106
1072
1090
1094
1042
1058
1064
1064
1040
1074
954
1654
1244
1108
1066
1088
1094
956
1078
1094
1086
670
1262
966
1032
1078
1068
1080
1074
1040
1082
1070
1076
1032
1036
1026
956
1018
964
902
1008
1116
1110
1042
1034
992
1002
910
850
1000
698
1476
1156
1112
892
1074
1050
1016
890
874
964
1090
1078
1108
1098
1078
1100
1092
1048
1084
1016
1010
930
878
1034
1138
1108
1120
1120
1044
1088
1082
976
1062
1006
1004
950
898
1060
1098
1094
1082
1068
1060
1016
1062
952
1004
1000
1022
1022
1030
970
1044
1104
1140
1138
1130
1112
1096
1082
1078
1106
1044
1072
1022
1052
1058
1038
1114
558
1460
622
1472
1200
1032
1090
978
1032
1018
1000
948
1162
752
556
1594
1158
1022
1028
964
1018
1020
1004
1010
1040
1030
658
1128
1128
964
1124
1136
1070
1020
1070
980
948
854
1044
1118
1054
1090
1074
966
1028
1046
966
1000
922
882
1030
1086
1098
1088
1050
1022
970
892
1026
1120
1110
1076
1094
1060
1022
1074
1050
1004
948
992
1096
1010
1018
1018
880
1000
1100
1086
1082
1058
918
1024
1094
1068
1104
1092
1100
1096
1052
1058
938
898
858
1058
1106
1090
1068
940
1026
896
1026
1058
1066
1076
1070
1042
952
862
984
1084
1094
1084
1024
1046
1052
992
984
1036
1116
1058
1090
1050
1038
948
870
1042
1110
1070
1092
1104
1096
524
1446
996
1064
1142
496
1380
1124
1040
1044
852
906
1024
1088
1060
1100
1096
1084
1122
1070
1108
1102
1058
1030
950
874
1078
1104
1076
1086
1072
1084
1088
1032
1006
890
1044
1140
1088
1086
1108
1066
1092
1094
1038
1056
966
882
1052
1112
1096
1082
1048
1110
1102
1110
1062
1080
1038
1022
960
924
894
1026
1086
1100
1080
1102
1094
1102
1108
1106
1096
1080
1058
1102
1018
1042
956
876
1016
1114
1094
1212
890
1098
854
914
1012
926
832
758
796
904
944
968
886
728
702
776
880
894
862
878
880
858
908
932
948
970
1030
1048
1050
1054
1048
1080
1086
1060
1092
1066
1020
1058
978
922
1086
1130
1084
1104
1108
1104
1114
1122
1066
1070
1050
1038
1028
1058
1052
1012
956
1036
986
1006
1272
1188
1170
1066
1098
1126
1072
1106
994
1038
1070
1010
1026
628
1428
988
1080
1146
1128
1134
1118
1092
1068
1076
990
1026
940
852
988
1100
1084
1072
1100
1076
1094
1106
1024
1070
1044
1024
1034
1038
1030
1040
1038
1068
1030
1126
1132
1094
1108
1106
1036
1060
1074
988
1024
1006
912
988
1214
1158
1116
1166
1138
1100
1124
1108
1076
1108
1108
1016
1078
1086
948
956
1052
1094
1122
1124
1136
1130
1118
1082
1004
1072
984
1040
960
930
974
1114
1158
1134
1160
1128
992
1110
1004
1052
1034
1006
1018
1056
1030
1074
1070
1062
1058
1108
1070
1066
1066
940
910
948
1092
1152
1138
1140
1130
1142
1148
1130
1088
612
1516
1058
1074
1010
1000
892
1046
1110
1100
1118
1128
1114
1110
1136
1116
1128
1126
1066
994
1072
1036
1030
1038
1044
1020
1090
1038
1024
992
912
1104
1140
1096
1110
1088
1070
1098
1174
1128
1038
1092
948
904
1074
1150
1122
1138
1142
1116
1112
1096
1058
1112
1112
1064
1088
1092
992
1064
1070
1052
1058
1074
1078
1066
1012
924
1074
1150
1138
1134
1122
1112
1064
1052
1074
1054
1056
1084
1070
1030
1068
1060
1018
998
944
918
1006
1134
1114
1146
1148
1138
1146
1138
1104
1096
1134
1118
1024
1072
1012
1046
1036
1048
1056
1062
940
924
1058
1144
1092
1134
1116
1108
1132
1130
1108
1102
1102
1004
1038
926
920
1060
1160
1122
1114
1126
1114
1098
1056
1080
1062
1048
1046
1086
1100
582
1202
1160
1140
1142
1098
1050
1058
1050
1026
924
978
960
998
1054
1064
1044
1070
1056
1054
1064
1062
1000
1046
1070
1060
1044
1090
1078
1074
1080
1048
1034
1036
1034
1062
1010
882
1074
1106
600
1538
1120
1088
1068
1100
1100
1002
1074
622
1348
1026
980
878
822
1090
1166
1120
1128
1132
1124
1124
1128
1136
1098
1034
1006
888
1086
1074
1072
1088
1088
1098
1096
1086
1058
1078
1076
1076
1064
1064
1114
1080
1084
1086
1076
1068
1036
990
1032
1110
1122
1070
1058
1032
1056
952
1026
1176
1122
1110
1110
1062
1108
1102
1064
1092
1092
1068
1158
1110
1060
974
910
1110
1128
1128
1130
1144
1130
1068
1050
980
918
1100
1128
1140
1128
1150
1098
1088
1048
1060
1082
1060
1034
1060
1064
1008
1034
904
1048
1088
1094
1096
1100
1098
1202
584
1484
1056
684
1194
892
1058
1084
1058
1066
1080
1044
1048
1044
1052
1006
1024
1010
1074
1018
1084
1066
1060
1088
1050
1044
1130
1114
1112
1070
1100
1018
1038
1058
1034
946
952
916
1046
1142
1118
1088
1122
1170
1130
1130
1052
1052
1022
1100
600
1378
1072
950
930
1082
1110
1166
1096
1076
1038
1012
1014
1038
1092
1064
1032
1042
930
896
880
1044
1120
1082
1098
1090
1110
1136
1112
1042
1122
1048
1022
1038
1100
1064
1076
1066
1064
1032
1074
1012
1046
1044
1046
1042
1048
1016
884
1064
1124
1116
1128
1128
1140
1122
1052
1218
1272
1074
1420
1120
654
1394
1106
1054
1036
962
1034
1006
1022
1038
1060
1062
1040
1104
1070
1084
1076
1054
1126
1126
1076
1108
578
1324
976
1116
1154
1116
1136
1082
1010
1072
1006
912
950
1046
1114
1108
1088
1112
1096
1114
1104
982
1058
958
904
1062
1098
1098
1090
1104
1080
1082
1048
1010
1038
1048
1010
1066
558
1278
1194
1130
1120
1136
1084
1026
1046
990
1028
1022
1014
1038
1048
1048
1062
1094
1088
1062
1084
1006
1044
1130
1094
1104
1100
1106
1678
814
1608
1016
1156
1122
1054
1048
1074
1056
1028
1058
1114
1072
1084
1088
1014
1052
1052
1060
1080
1044
1026
930
1132
1180
1100
1166
1174
992
1084
1034
1014
906
1068
1136
1066
1084
1162
1082
1108
1012
1070
1024
1020
1044
1020
1044
1040
1042
1068
1028
612
1412
994
1104
714
1488
1144
1132
1048
1076
1060
1034
510
1520
1020
1050
988
910
1056
1128
1096
1108
1080
502
1646
1416
684
1140
1050
1038
1000
1002
970
870
1032
1078
1134
646
1536
1110
1060
926
928
982
1058
1072
1102
1102
1098
1110
1108
1048
1054
1046
1054
1022
1030
1030
926
956
1100
1130
1140
1134
1140
1136
1116
968
1096
964
906
1074
1144
1124
1118
1118
1120
1048
1072
1078
1034
1068
1036
1036
918
904
1050
632
1566
1160
1104
1094
1072
1032
1042
1074
1066
1048
636
1288
956
1090
1112
1064
1066
1090
1020
1060
920
882
1038
1080
1090
1082
1094
580
1566
1092
1094
1046
1054
952
1032
1084
1042
1060
1072
1026
1046
998
1048
948
892
1054
1126
1088
1118
