944
808
818
828
776
804
804
784
808
802
796
812
810
814
792
820
810
790
786
796
794
778
812
810
804
824
820
834
792
826
820
798
826
814
794
798
812
836
814
854
854
838
814
854
834
806
832
832
832
804
832
828
822
834
846
848
800
818
818
788
810
806
820
794
828
816
804
808
818
800
794
794
796
776
800
798
798
764
802
788
778
764
782
794
780
808
810
798
804
808
798
798
806
804
788
786
794
804
774
802
798
792
782
786
772
772
758
792
806
798
822
826
826
796
840
838
818
834
834
812
788
816
836
808
834
840
832
854
840
820
818
820
820
784
808
804
804
794
804
790
796
808
794
784
806
812
792
806
802
796
790
810
822
800
812
804
796
770
800
788
776
790
798
802
804
812
814
796
806
806
790
814
810
794
796
806
814
794
832
824
804
820
806
804
802
802
806
812
812
804
818
816
810
802
814
800
778
784
782
772
764
774
772
766
788
788
802
784
780
792
784
768
772
772
758
766
772
764
792
776
770
762
774
768
754
756
754
740
732
750
742
738
742
744
730
732
730
730
720
726
734
724
740
736
738
738
750
736
734
748
738
740
730
736
732
722
732
730
718
716
722
710
716
732
742
746
760
760
758
764
762
740
756
740
738
738
734
724
722
740
720
734
738
742
738
744
734
734
720
726
730
732
726
726
726
712
718
706
714
714
696
708
706
718
704
710
710
706
710
716
716
708
724
716
718
720
742
728
720
750
730
728
738
732
722
732
736
726
720
728
724
712
710
712
716
694
702
704
700
704
712
716
712
732
736
732
728
726
742
736
732
726
740
760
738
750
752
732
748
746
744
734
754
750
742
754
750
738
746
742
732
754
730
716
736
728
714
726
736
722
734
730
722
720
730
724
722
742
720
726
740
728
718
738
730
728
720
726
722
712
724
720
724
716
730
716
706
728
720
724
712
732
706
716
722
714
708
706
716
704
706
716
712
702
714
718
714
746
724
706
724
722
718
726
726
734
734
718
742
730
724
702
710
712
718
722
710
714
714
708
704
736
722
726
728
734
736
722
736
724
712
712
722
708
710
712
700
704
710
714
708
716
728
722
716
714
724
718
720
712
710
716
706
692
696
692
672
682
682
678
682
686
680
660
674
670
684
678
674
676
680
682
668
678
686
678
680
678
698
690
692
682
692
690
684
690
702
690
682
684
686
688
692
700
708
706
706
718
710
714
696
706
698
692
690
698
692
684
686
690
686
686
682
692
688
700
692
698
710
700
710
712
732
722
724
730
728
720
712
726
722
716
720
730
736
734
744
738
734
726
750
730
712
716
730
722
724
728
730
744
730
724
742
744
738
762
758
758
760
764
730
750
740
716
720
720
720
692
716
706
704
732
724
728
724
732
730
760
724
722
726
726
710
708
716
706
722
706
712
724
730
724
740
730
724
712
730
724
718
716
718
720
714
724
720
720
718
728
728
714
728
720
710
706
722
714
696
712
718
718
716
736
730
728
726
710
722
718
710
712
728
728
722
728
738
728
716
726
720
722
706
730
714
716
718
724
728
722
724
720
736
730
728
730
742
746
738
746
762
758
752
752
750
760
750
754
746
750
742
732
744
738
734
760
766
744
758
752
742
744
760
750
754
782
764
760
768
780
766
750
760
774
770
762
774
768
756
756
758
756
756
774
756
760
764
764
766
774
746
758
754
748
750
754
756
746
760
754
748
752
746
734
770
754
760
776
764
756
776
756
746
758
748
736
730
738
734
732
726
738
736
730
750
742
740
762
746
752
760
768
770
768
764
750
764
760
750
760
754
746
740
748
744
730
734
724
722
728
714
720
732
722
726
736
730
732
718
720
728
710
708
722
726
710
714
718
714
716
718
722
726
720
726
730
734
740
742
732
740
742
748
734
744
742
734
732
736
736
726
750
736
734
728
744
736
734
720
726
738
728
730
738
738
726
752
740
740
756
748
742
740
744
738
734
740
738
730
744
742
738
738
736
736
732
724
734
732
722
728
744
740
726
734
732
730
726
732
740
746
730
752
742
728
748
722
726
706
730
732
730
738
750
750
742
740
744
728
732
736
732
726
724
730
726
716
732
726
724
714
724
726
736
744
734
732
728
738
740
750
766
762
768
774
762
750
764
758
748
756
790
792
800
794
802
774
772
776
768
778
756
754
764
754
752
758
762
756
762
770
768
758
770
770
762
766
764
768
752
760
766
748
766
768
764
764
772
774
766
760
764
760
766
738
754
752
768
754
752
744
752
740
742
752
778
762
790
772
774
782
784
774
780
782
780
772
788
780
776
772
780
804
772
784
788
788
770
794
768
758
774
758
742
754
740
752
742
748
758
762
748
742
754
754
756
762
748
744
762
752
752
754
758
756
750
738
748
744
726
726
740
740
738
742
742
752
744
748
752
756
752
754
766
768
758
760
762
756
752
758
754
750
730
742
738
736
742
746
742
740
738
740
732
746
730
754
742
740
744
742
744
728
738
740
738
730
722
732
732
728
730
740
746
738
750
758
752
748
754
750
750
748
752
762
740
748
750
746
750
756
754
744
762
742
742
748
754
752
774
762
764
750
766
756
742
754
750
740
736
752
742
732
728
744
740
744
744
748
744
742
746
750
762
748
746
752
754
748
748
752
748
744
728
748
744
726
732
744
730
712
724
734
716
712
730
722
730
718
734
720
726
732
750
744
746
748
756
746
742
720
726
726
722
718
730
736
708
712
724
720
724
722
738
744
748
750
734
746
752
744
768
768
760
750
760
748
732
728
734
732
712
730
724
712
720
738
752
738
752
748
770
752
756
756
764
760
766
770
780
770
762
758
744
756
740
748
744
750
742
752
742
746
748
760
738
760
756
758
752
764
766
762
754
760
762
756
750
746
738
736
752
734
734
726
742
738
734
742
740
750
766
754
752
766
756
758
750
752
766
766
750
762
760
748
756
750
742
724
744
736
740
748
760
750
758
760
758
756
758
764
758
742
750
744
726
724
738
742
754
746
740
744
718
724
732
726
722
732
730
720
740
734
736
732
732
726
706
710
696
690
702
698
698
712
716
716
714
716
734
726
724
730
740
732
732
734
736
730
730
732
732
730
750
730
734
720
720
714
710
700
708
696
680
680
690
690
690
708
710
712
698
700
688
674
686
686
692
688
692
698
696
682
690
688
702
694
706
702
702
696
720
706
710
726
722
720
734
724
718
730
722
716
706
734
730
738
738
716
738
724
720
728
724
716
698
718
710
702
716
724
728
738
718
736
720
718
702
728
722
716
718
720
716
716
718
714
722
730
732
732
732
732
716
728
734
726
760
742
738
746
740
728
726
736
744
736
732
740
736
730
728
734
732
730
726
744
734
728
732
734
726
728
728
726
720
726
726
748
740
746
744
736
720
740
728
718
718
728
720
724
730
718
718
716
710
720
724
724
724
740
734
722
716
728
724
714
722
722
706
722
718
726
728
712
740
726
732
744
734
710
742
724
734
732
730
716
726
720
704
716
724
720
712
726
714
702
714
710
708
694
716
708
698
694
696
692
698
694
706
710
706
702
718
704
694
698
704
702
700
716
696
696
682
696
698
694
688
694
700
684
702
690
684
698
692
702
690
700
698
702
696
708
706
706
706
706
708
710
696
696
702
720
696
698
702
700
706
700
696
694
734
710
730
728
752
726
736
742
756
740
748
748
762
738
732
728
738
728
726
738
746
750
730
726
726
726
734
714
698
710
704
692
670
686
674
668
654
666
674
688
686
688
702
696
690
700
700
696
684
648
654
664
664
660
664
642
646
662
664
674
664
678
700
724
786
764
750
778
788
804
802
768
770
772
770
784
758
760
760
782
762
752
746
746
746
774
746
730
710
712
662
674
666
670
696
704
710
702
736
758
794
766
772
794
818
822
798
818
812
820
802
770
810
806
822
784
800
796
830
788
786
782
806
822
794
790
808
820
838
804
804
800
814
818
802
824
824
838
814
814
820
820
794
798
804
818
800
782
802
814
818
802
808
818
810
788
796
794
808
782
786
792
820
804
788
776
790
784
798
770
772
770
802
800
790
772
786
796
796
792
776
788
806
816
800
794
802
808
810
784
802
796
822
808
770
780
786
786
790
778
792
786
798
782
788
802
824
824
802
776
798
790
802
786
794
796
824
802
784
798
800
816
832
788
826
818
822
798
798
812
824
810
798
804
812
832
816
830
842
836
814
798
810
812
826
800
814
808
808
782
788
794
814
802
788
776
780
780
792
768
780
788
796
800
780
806
834
858
830
834
838
828
800
808
808
806
788
778
786
790
782
758
788
792
790
766
778
764
782
764
770
762
786
778
774
754
764
764
776
774
754
740
756
756
766
760
754
782
788
800
784
782
788
812
800
794
806
818
808
782
804
816
814
790
784
806
796
778
764
790
798
784
756
798
772
804
762
776
814
800
774
774
716
706
692
664
658
666
662
656
628
650
608
634
630
614
598
604
608
596
606
566
572
566
576
570
566
564
556
568
560
554
560
556
554
562
564
570
582
580
578
576
578
574
570
564
572
556
562
566
568
564
574
580
572
572
576
580
588
614
632
630
624
628
620
624
622
606
614
608
598
586
588
590
580
566
584
598
626
624
634
626
628
634
646
630
640
628
624
626
612
616
602
584
598
590
580
574
582
582
580
582
592
580
586
594
588
572
574
572
566
568
564
574
548
552
546
544
548
546
550
562
570
560
558
578
596
580
606
628
624
626
628
630
626
618
622
618
616
606
610
584
590
586
586
558
578
572
562
560
562
560
560
560
562
564
568
572
570
570
578
576
574
582
592
584
586
592
600
592
586
602
604
598
602
610
608
604
604
604
600
596
598
600
598
596
598
614
608
612
608
612
608
602
602
590
592
586
574
564
564
562
554
546
548
544
544
544
546
544
544
550
552
548
550
550
552
554
564
558
558
560
564
560
562
564
572
566
568
568
568
568
568
572
562
566
568
560
558
568
568
596
582
596
604
602
596
606
604
614
610
598
590
596
600
594
578
590
586
582
580
582
588
580
582
580
586
578
588
582
582
592
586
598
592
594
584
588
578
592
592
590
596
602
606
614
608
608
604
606
594
602
616
620
612
616
618
614
614
604
608
596
602
594
592
586
592
590
586
584
588
586
580
584
586
582
602
608
602
618
642
640
644
642
660
660
658
652
638
628
630
630
622
620
628
642
636
642
640
654
644
646
664
652
654
656
646
644
646
680
672
678
684
722
734
706
718
710
700
686
686
692
690
688
708
736
746
740
718
734
742
722
736
728
742
718
722
728
726
716
690
694
686
688
680
702
716
758
742
772
780
772
726
736
734
720
728
776
738
710
698
702
682
676
660
654
646
636
630
624
618
598
612
608
606
614
624
622
622
634
644
638
636
648
648
664
652
664
660
660
670
668
674
680
686
680
662
668
662
654
660
648
642
632
646
668
678
702
712
714
708
720
720
714
712
714
708
664
692
672
662
654
628
646
640
632
636
606
632
638
652
642
660
696
682
680
704
694
688
690
700
716
700
698
700
710
700
708
710
708
694
680
680
678
680
686
662
668
666
658
654
656
648
658
668
680
710
686
694
718
744
732
720
742
760
782
750
762
770
800
770
758
778
804
810
822
800
818
832
836
822
808
826
850
824
786
784
798
768
752
764
748
738
740
758
776
782
768
788
832
826
838
796
804
808
826
830
814
806
850
874
874
856
892
898
898
864
844
880
894
898
874
884
894
898
882
872
898
898
890
854
884
896
898
886
860
890
878
872
840
852
854
872
858
858
898
918
928
886
862
878
884
866
844
846
868
866
856
832
850
870
868
864
844
880
880
888
856
846
876
894
890
862
854
868
870
878
872
844
872
880
880
856
850
862
852
836
804
780
798
810
826
820
792
818
816
826
886
840
778
778
772
740
712
704
686
688
678
682
682
686
720
724
744
740
744
776
796
822
810
790
798
802
814
830
814
794
808
812
840
846
832
812
816
826
842
824
814
798
816
832
840
828
806
818
826
838
842
822
816
830
850
862
842
822
834
844
854
846
816
832
826
856
832
824
834
840
860
836
822
836
818
826
832
822
816
828
840
846
822
826
842
844
840
822
836
832
832
832
810
826
836
834
808
808
822
842
844
826
836
848
852
846
830
832
844
848
838
816
826
832
828
834
814
816
826
840
872
840
830
852
856
858
832
832
836
856
856
830
816
822
834
830
836
810
820
834
836
828
808
832
836
836
834
814
834
836
828
832
824
824
834
832
822
828
832
832
826
816
816
822
824
818
810
828
836
834
832
802
822
820
824
830
802
814
812
832
818
820
824
832
816
800
780
770
744
754
736
746
746
736
724
726
738
752
780
794
816
798
802
804
806
806
786
804
824
838
836
834
826
834
822
828
832
834
854
840
832
854
846
860
838
834
840
838
830
824
824
826
836
830
832
810
834
834
846
828
848
854
856
878
862
888
884
884
870
852
868
868
888
866
844
864
866
874
866
874
878
866
864
842
842
848
854
852
842
848
846
856
868
848
866
854
854
842
836
852
852
868
852
846
858
852
852
842
848
854
848
840
844
832
850
836
834
834
836
834
814
824
826
838
828
830
846
850
850
836
834
844
838
838
826
850
850
860
858
864
878
894
868
880
892
880
866
848
868
864
870
848
870
870
862
844
864
860
858
842
836
850
924
912
882
894
898
924
888
852
840
814
814
786
756
732
748
728
722
712
728
760
782
772
788
824
856
866
868
864
882
880
914
876
872
876
888
892
872
878
888
894
886
868
878
880
894
932
892
900
928
938
914
884
908
902
894
900
904
900
898
886
866
880
884
894
884
878
876
880
878
878
898
880
868
888
890
884
868
878
872
868
866
858
848
842
854
854
860
858
950
950
918
904
914
910
892
872
878
884
872
858
878
874
870
864
880
870
866
878
890
920
888
912
906
890
902
898
898
898
898
924
886
892
892
878
858
878
876
864
870
874
852
864
874
872
866
884
874
858
862
866
870
856
870
868
872
836
836
838
838
840
858
852
854
872
876
864
878
888
876
880
880
894
860
878
876
870
884
876
892
862
872
862
854
846
852
846
868
866
888
898
898
922
886
890
876
848
866
862
866
854
868
874
916
886
898
902
878
892
892
894
890
898
888
890
890
878
868
856
878
858
864
856
856
844
846
858
894
862
874
876
870
850
852
866
880
864
870
868
880
858
848
844
850
862
850
842
842
848
846
838
862
866
874
816
820
830
832
862
868
862
858
866
866
866
884
874
894
870
892
898
922
898
890
894
896
864
886
872
856
874
894
874
878
876
852
856
856
836
844
860
872
842
872
864
864
846
890
884
880
898
922
882
902
902
868
886
884
884
868
884
898
860
878
886
898
870
884
898
914
874
894
894
874
868
872
864
844
866
858
836
860
862
864
872
856
864
864
876
880
874
884
888
912
872
876
888
834
854
834
820
818
834
822
840
846
830
860
860
850
858
884
866
872
886
890
850
876
886
854
878
866
842
854
864
880
882
868
874
874
848
862
854
852
864
882
866
870
890
898
876
888
888
846
856
850
846
846
850
868
844
872
886
852
872
870
878
852
866
866
844
870
898
898
886
894
872
872
898
898
878
872
878
878
858
876
860
866
872
878
864
886
890
872
866
882
898
838
852
862
840
856
872
886
864
898
890
884
864
862
850
852
854
880
848
878
880
882
864
884
890
878
914
898
876
896
888
852
882
868
846
868
854
844
854
876
892
846
866
866
832
854
852
858
856
862
862
834
854
856
858
856
870
870
858
894
898
866
886
898
864
894
892
858
866
868
838
856
854
844
858
862
880
846
868
870
874
870
884
868
840
852
850
874
826
858
862
862
850
862
850
882
880
866
876
876
884
848
868
868
864
848
852
842
828
842
868
868
882
898
898
874
850
858
862
844
856
866
850
882
890
864
886
890
866
860
876
880
846
868
884
866
856
868
880
866
884
898
880
890
898
882
884
898
878
878
874
856
880
886
888
872
862
874
860
840
854
862
884
848
864
868
874
846
886
884
862
874
872
844
854
878
880
878
898
880
856
890
898
880
880
898
874
886
886
890
878
880
876
830
854
872
860
846
858
876
838
874
880
878
884
920
898
888
898
898
872
894
892
870
838
846
864
830
856
866
852
864
866
876
850
876
884
852
864
870
842
858
890
864
866
872
874
848
860
836
848
846
848
858
882
874
878
896
898
872
868
872
840
854
840
832
842
846
844
844
858
866
852
862
882
852
858
864
864
848
858
862
836
852
866
874
846
880
876
862
864
878
884
856
882
888
862
864
876
860
864
884
884
842
868
874
860
850
872
876
844
856
872
864
864
874
876
862
862
850
856
832
860
872
856
860
894
860
874
876
868
844
854
850
824
850
856
850
862
860
844
826
842
848
858
840
834
836
842
842
860
866
874
872
888
884
882
898
898
892
886
882
866
866
882
860
860
866
840
854
852
836
854
848
836
838
852
842
860
864
874
856
856
862
858
852
872
874
858
864
860
854
832
860
854
842
856
858
838
860
862
848
860
852
850
842
880
898
878
886
894
882
868
878
868
870
916
898
886
870
868
848
854
850
854
836
860
884
854
892
898
880
896
874
852
874
866
856
850
852
826
836
834
834
836
854
852
880
864
846
866
878
872
884
868
848
868
864
860
862
878
866
864
888
850
884
880
866
876
874
864
868
880
872
874
876
870
836
850
860
846
852
846
834
822
848
852
854
878
882
846
868
884
870
880
924
892
898
898
886
896
894
890
872
866
854
840
842
844
836
848
856
846
838
854
876
862
890
880
868
872
880
888
872
898
898
870
874
864
854
868
876
866
868
848
856
846
874
878
868
850
858
860
850
858
866
854
844
858
848
842
852
862
846
852
842
826
844
842
834
842
864
858
856
882
878
872
892
872
858
866
850
860
882
870
870
876
862
872
870
870
864
870
864
856
870
870
864
864
874
848
860
862
852
860
870
870
866
874
882
870
884
892
878
882
882
880
852
892
888
854
878
874
862
880
898
898
892
898
894
876
888
894
888
890
896
890
876
888
914
894
896
880
856
864
874
876
868
890
880
870
872
886
876
888
882
882
878
850
850
858
876
868
888
898
892
876
898
898
870
876
860
846
844
840
842
850
862
852
852
858
852
852
862
864
858
870
878
862
880
888
862
870
856
864
844
864
850
860
894
868
870
882
868
872
898
878
864
884
886
864
888
884
870
870
874
886
862
880
882
872
870
878
872
864
864
856
856
850
844
844
832
838
844
838
858
866
854
862
866
850
854
858
832
840
848
846
850
868
860
852
854
866
858
876
874
866
870
854
848
832
850
852
842
854
854
856
854
866
876
846
860
860
836
848
854
854
852
866
854
856
860
850
850
864
864
852
854
842
846
850
848
844
856
836
840
844
852
842
848
846
836
836
834
826
822
842
836
828
834
846
836
842
838
830
826
832
852
838
846
852
848
862
846
828
838
834
838
838
838
820
818
818
806
806
802
792
798
814
806
808
828
836
840
844
850
844
840
842
850
834
836
848
828
858
856
844
848
832
830
840
828
828
824
848
862
846
856
868
856
864
880
862
866
872
856
846
844
836
838
840
854
840
844
860
836
856
864
852
852
856
852
844
852
854
832
836
842
832
816
832
824
818
830
824
822
818
826
834
826
822
836
824
834
834
840
856
878
874
858
850
852
828
850
860
846
854
870
868
854
870
864
850
872
876
856
864
874
864
884
870
844
860
854
836
850
866
854
856
870
856
840
856
872
852
848
848
844
842
846
844
844
858
842
838
834
824
828
824
832
822
836
824
826
832
842
832
854
842
846
846
852
830
840
842
824
828
830
822
814
828
828
826
844
854
846
852
840
846
838
846
846
850
850
870
868
880
886
876
896
886
878
864
872
876
876
872
882
884
874
886
890
878
872
874
866
870
898
880
884
882
884
870
876
876
890
868
880
864
852
862
858
842
834
844
828
836
836
840
846
842
854
860
850
866
868
850
850
852
850
858
862
864
860
848
850
852
846
852
852
846
842
848
836
836
836
836
836
832
840
846
846
852
898
870
844
842
854
844
846
854
872
860
870
878
890
876
886
884
880
884
870
866
868
878
890
888
874
870
878
868
872
878
894
882
874
862
842
858
860
856
862
872
880
864
870
882
862
874
860
862
842
842
858
860
860
858
858
858
846
836
852
854
864
880
884
880
890
898
898
894
884
874
858
876
870
856
868
868
872
866
878
864
868
876
876
866
868
878
870
874
874
888
876
874
884
882
882
876
862
872
866
850
876
890
876
876
886
884
870
864
868
878
862
872
890
898
876
868
856
846
860
846
836
854
876
882
896
912
928
936
968
998
954
968
974
940
954
944
910
926
898
882
870
866
854
874
874
866
864
878
870
868
874
866
874
874
872
886
892
880
890
886
886
888
870
838
756
706
334
352
340
334
348
326
416
384
360
848
778
788
790
798
830
820
840
840
836
854
858
850
852
862
860
866
870
870
868
874
862
856
850
838
828
818
810
808
796
804
820
826
828
848
846
842
854
846
854
870
852
864
868
872
886
898
898
894
916
898
896
902
896
884
882
878
890
868
884
898
874
886
898
876
890
898
884
890
898
888
892
896
890
886
884
866
892
852
874
886
876
882
892
884
862
884
876
866
878
882
896
898
914
878
896
878
864
850
850
840
848
858
866
878
886
870
864
874
840
850
860
840
848
862
868
866
876
864
854
848
858
846
862
878
862
854
868
860
868
874
866
870
872
856
846
858
864
848
858
852
850
856
854
844
860
866
858
854
870
864
872
870
864
854
862
860
860
848
852
848
836
848
854
836
846
850
844
860
850
852
854
852
846
846
848
864
860
856
876
860
862
870
866
866
892
874
866
870
856
856
860
860
846
860
860
846
852
846
842
848
856
854
850
864
872
860
864
882
876
856
860
852
850
846
850
870
846
856
856
856
856
860
860
856
862
892
864
868
870
858
876
886
876
878
880
872
862
870
870
870
862
872
852
864
862
850
850
846
848
848
862
860
850
842
852
844
850
850
854
854
858
864
852
834
828
832
826
826
816
818
820
828
832
838
828
834
832
846
846
846
848
842
838
848
836
846
840
842
840
836
862
862
840
810
826
780
784
752
736
742
738
766
782
798
810
834
834
834
852
842
824
832
832
812
812
818
820
792
814
828
842
828
866
892
890
894
894
892
872
888
884
870
864
876
860
852
856
856
850
838
836
832
830
