844
394
880
890
848
882
870
868
820
836
834
826
832
832
830
800
742
746
738
728
730
706
558
862
710
748
760
700
672
848
754
856
846
876
882
896
852
796
806
790
760
902
926
836
804
778
752
748
726
702
714
714
710
724
742
744
784
806
830
856
814
800
748
952
820
836
800
744
718
940
818
842
830
640
1004
842
826
812
796
790
768
768
816
830
848
854
830
862
836
912
882
862
856
848
828
830
808
810
820
834
846
856
814
880
834
852
832
832
834
612
940
846
882
812
790
834
822
888
888
844
842
872
852
828
852
844
628
1088
838
832
834
824
808
808
792
770
750
752
758
780
792
796
884
880
910
918
958
1038
1008
1020
944
782
894
890
878
864
662
1020
786
790
794
784
792
784
824
860
794
946
886
818
860
850
908
912
920
884
840
954
922
866
914
874
788
912
860
852
830
830
852
880
880
570
1058
812
808
776
792
800
794
786
744
820
782
844
850
836
834
768
704
760
748
1002
876
868
858
894
864
638
1072
800
840
832
836
792
886
748
914
880
854
858
780
800
1050
900
948
894
808
866
828
826
760
838
758
790
788
758
788
844
852
824
886
856
758
946
820
820
804
854
794
870
818
756
806
836
830
744
800
774
778
774
728
830
758
772
772
746
756
770
792
814
798
784
818
842
822
812
794
766
786
760
518
1054
770
752
754
758
742
772
758
766
794
788
774
818
796
762
864
816
822
812
792
818
796
802
806
814
760
924
796
856
844
836
814
792
794
788
802
770
800
694
960
770
800
750
726
926
832
842
790
756
774
866
772
764
766
806
818
824
774
868
810
618
1020
798
772
792
792
784
790
784
790
790
768
810
772
894
658
1016
876
748
738
734
818
542
996
732
756
760
782
800
828
820
828
744
942
846
876
830
852
762
918
738
858
812
804
768
784
810
846
844
854
802
790
820
828
830
788
816
820
812
772
804
806
818
802
794
782
762
756
764
752
740
718
676
692
724
736
746
746
524
1046
716
770
850
738
764
800
830
846
838
846
834
818
800
770
904
818
804
802
798
820
844
868
862
822
772
756
806
774
734
806
786
714
878
786
770
848
838
858
862
862
836
786
782
780
974
820
872
842
840
912
878
876
836
750
854
820
816
680
950
792
776
732
724
810
798
854
858
800
784
802
782
796
776
756
736
750
734
730
736
734
734
726
702
762
732
722
708
528
858
704
676
670
678
648
668
642
668
660
660
658
650
650
658
512
898
686
682
690
624
652
764
706
678
694
706
778
728
726
720
684
674
808
726
730
608
728
760
716
698
706
688
674
678
646
668
660
658
650
642
698
668
688
688
708
698
700
674
682
666
646
658
624
640
636
632
636
622
598
618
614
590
626
644
654
650
692
678
702
694
696
686
688
632
732
688
674
688
662
680
670
668
666
692
678
734
708
712
712
718
684
710
652
672
792
748
702
698
670
768
710
710
680
698
664
656
668
656
652
722
690
606
704
674
676
662
748
710
722
704
648
656
656
782
672
642
670
688
822
648
818
740
652
620
634
644
644
644
790
642
668
684
752
712
690
710
700
682
794
746
706
642
684
694
680
720
732
710
720
706
726
720
716
858
794
814
768
780
776
478
1002
724
706
696
696
684
576
830
674
680
666
690
686
680
672
680
684
680
696
684
680
690
678
684
682
662
674
658
670
662
664
664
680
630
628
626
620
632
626
616
518
714
622
614
616
612
592
592
594
590
584
592
590
582
580
580
572
568
576
574
572
574
578
570
572
568
566
570
570
566
562
572
570
560
566
564
554
552
560
556
548
552
558
554
546
550
548
554
548
546
540
540
544
546
542
554
548
540
550
550
538
548
550
542
548
556
544
544
554
554
540
536
544
546
538
534
544
542
540
540
542
546
548
548
550
544
550
554
554
554
560
560
562
560
554
562
550
548
544
554
556
566
570
560
572
572
548
584
570
568
562
520
632
574
570
572
566
548
558
560
560
562
570
580
568
580
580
576
582
584
582
572
594
590
588
592
592
594
598
600
604
516
712
610
608
610
604
584
592
606
606
614
618
622
620
630
636
646
640
636
636
638
644
636
636
634
612
618
614
612
614
604
594
592
584
590
576
582
460
718
592
586
600
598
598
618
622
626
628
646
528
788
634
654
642
634
494
806
634
616
636
648
654
644
678
688
692
688
734
736
746
734
718
712
688
846
734
738
776
712
726
718
714
726
722
714
718
718
714
692
708
700
686
690
694
688
702
702
696
692
698
694
680
672
670
668
664
674
690
696
712
742
762
756
738
730
718
910
770
764
710
724
718
486
930
664
680
674
684
656
684
690
716
730
752
740
694
742
748
732
678
726
696
678
696
710
710
740
866
660
822
756
760
730
738
744
764
756
758
756
718
766
730
518
998
722
692
702
712
702
672
686
680
866
744
760
788
664
700
686
674
686
688
682
718
722
706
724
742
752
772
776
756
762
758
744
734
710
712
700
722
708
696
698
670
652
662
684
690
702
694
624
804
634
668
654
648
642
664
644
636
620
724
662
676
534
824
666
664
664
654
692
708
718
694
736
738
714
738
794
736
766
768
720
720
736
756
730
800
752
758
770
772
798
772
664
888
774
768
766
748
758
730
836
678
838
772
776
802
772
780
1022
622
1020
736
744
730
760
848
662
1004
644
936
848
986
748
836
856
790
832
856
860
814
968
664
1012
748
1064
998
706
884
894
794
810
864
642
1090
804
838
858
804
810
846
570
1132
806
838
842
802
824
848
840
834
870
864
820
830
858
648
1038
792
826
800
784
804
816
794
792
832
842
812
832
870
636
1060
822
1022
712
830
832
842
810
818
864
888
834
796
834
850
570
1104
814
826
630
994
788
808
800
798
826
834
832
826
856
878
870
840
848
868
864
830
842
856
846
822
830
848
856
836
846
864
850
782
764
794
778
764
772
764
776
762
774
794
802
576
1034
802
814
796
800
824
834
818
1112
894
656
990
794
532
1064
752
782
510
1058
722
774
824
794
810
850
838
836
870
882
840
854
1158
946
772
864
848
806
794
842
818
806
824
872
1094
756
894
884
648
1034
826
632
1002
772
794
540
1070
732
1098
914
736
782
788
812
866
786
848
942
874
838
848
858
848
826
844
1094
968
722
890
846
802
802
784
764
768
518
1022
756
736
738
730
728
798
1118
862
930
802
872
846
830
982
876
848
832
860
660
1110
816
828
836
824
770
782
1082
874
902
782
826
796
688
1056
810
832
880
892
764
734
764
1108
866
818
948
748
818
796
802
814
514
1094
774
770
774
796
818
846
840
836
856
874
858
846
1122
970
752
794
812
642
1016
744
760
846
846
862
790
806
850
844
836
864
896
886
860
880
1198
1018
764
882
880
838
832
848
844
836
818
836
664
1052
794
806
644
1020
778
786
592
1016
760
780
790
782
782
788
662
988
774
812
1008
874
950
736
860
866
826
978
876
878
954
736
854
630
1038
806
810
806
786
790
864
798
788
810
832
834
826
1078
916
886
782
830
828
704
950
742
786
804
796
766
774
816
832
820
804
820
846
850
832
842
864
864
836
1116
864
816
792
770
864
832
828
798
826
804
816
794
798
1066
858
802
780
802
832
806
802
1036
794
980
966
958
746
802
754
590
1018
764
760
556
1022
778
798
882
740
820
812
822
704
1006
832
820
818
652
1052
806
788
1036
828
776
734
738
754
786
628
836
1000
744
848
812
914
848
798
814
816
810
794
936
654
1010
724
742
768
726
722
732
922
542
1044
916
824
678
956
754
788
776
762
766
792
670
1074
718
846
830
800
776
794
546
1092
768
784
800
780
792
958
862
918
672
842
464
1090
740
900
938
716
882
734
1028
886
756
790
784
760
780
820
816
790
790
912
946
758
924
882
732
770
772
798
820
784
806
818
824
822
804
808
826
844
812
808
824
830
808
804
808
826
818
804
812
824
820
808
816
830
840
822
812
828
834
676
978
794
808
794
788
802
808
804
794
806
828
828
814
822
834
854
836
830
836
666
1066
810
830
836
842
828
820
846
842
830
812
824
836
848
860
830
818
840
808
796
808
802
806
782
796
1010
890
690
746
760
764
760
760
780
852
786
770
1026
896
756
926
738
574
1180
940
758
756
744
740
756
690
930
718
768
1002
774
870
844
876
852
980
924
866
452
1070
802
738
918
674
750
782
634
1070
822
798
938
442
1114
858
742
872
752
794
808
822
830
808
824
850
848
840
838
864
874
848
856
582
1202
968
776
772
776
722
718
770
532
886
688
702
722
766
516
1064
768
774
800
816
834
824
1124
886
890
844
858
834
840
876
1090
890
854
964
814
646
1100
872
876
864
840
864
1062
898
778
872
608
1226
864
842
1016
812
796
818
850
874
876
856
1024
918
908
972
768
888
894
886
856
882
894
874
842
858
990
892
752
860
862
856
850
824
832
982
878
816
798
860
864
826
834
980
884
856
922
806
846
828
826
850
866
866
840
838
1034
876
832
896
876
884
848
868
876
672
1044
838
846
860
860
834
824
846
650
1080
798
798
768
774
804
862
1096
664
1154
786
788
940
428
1118
734
788
834
840
790
798
886
684
1100
890
772
694
1054
814
812
822
712
976
808
792
800
812
806
812
808
810
822
812
796
788
816
826
820
806
816
822
834
810
806
820
822
808
804
832
836
810
808
828
840
838
810
808
826
836
834
820
832
878
904
898
862
876
1090
914
762
836
872
872
874
852
856
1040
872
830
810
798
792
796
814
748
754
820
808
760
746
908
818
1014
954
710
920
724
888
824
1012
908
692
800
800
830
840
834
832
812
818
846
738
926
790
804
804
800
774
788
658
962
784
776
784
808
818
816
798
804
824
840
816
826
854
820
826
830
826
800
794
818
680
960
784
778
802
492
1100
764
766
782
794
794
788
792
822
824
818
806
796
782
778
756
772
790
786
788
778
772
786
798
792
780
782
816
666
982
786
782
802
812
818
800
802
594
1214
654
946
796
798
780
784
762
760
1030
908
882
976
722
852
864
854
886
770
844
844
818
804
818
838
832
824
802
814
914
828
752
838
816
546
1052
814
804
586
1058
786
768
776
530
1068
762
754
762
876
814
764
808
794
832
822
826
622
1030
820
830
968
696
968
834
812
816
780
770
788
792
794
760
970
888
840
808
750
750
856
794
808
756
754
854
1082
838
770
766
792
776
756
734
734
766
806
780
764
730
748
826
698
1030
912
910
898
872
848
734
1112
870
794
776
812
780
736
704
736
536
1072
674
712
716
756
758
788
870
816
1110
952
784
884
712
874
860
792
790
866
642
1026
716
722
914
666
952
770
784
780
778
770
776
828
816
852
850
832
850
676
1156
880
910
780
864
690
1078
832
826
840
838
842
828
828
1042
892
912
930
786
656
1160
886
922
794
878
628
1138
826
968
844
814
742
738
768
764
760
730
760
858
844
848
802
816
1062
866
1052
758
716
972
856
826
812
810
842
666
1056
820
822
840
840
832
806
814
838
838
824
808
818
844
842
856
830
828
858
860
860
824
834
870
886
890
676
1076
876
894
638
1168
874
654
1158
744
926
876
874
872
838
814
826
820
812
784
792
818
814
820
812
830
702
1020
816
800
808
826
834
842
820
820
872
886
884
862
918
952
964
918
926
1144
980
762
816
860
682
1000
674
692
782
794
778
756
764
792
826
838
810
1034
918
600
1240
854
844
1032
858
796
742
740
804
810
804
780
768
840
876
868
840
822
1050
864
938
920
718
1178
872
848
750
768
786
538
1040
730
760
734
812
802
808
800
766
798
860
832
774
776
788
856
868
830
972
910
928
920
888
866
1078
878
844
786
790
822
838
848
454
1128
774
816
842
808
764
778
838
858
888
800
790
870
850
1106
964
842
924
686
1154
862
1024
858
820
770
776
806
668
1056
1158
990
738
474
1118
734
768
748
746
796
820
848
788
816
824
842
824
836
878
892
882
862
888
926
1200
910
908
878
768
1106
824
898
860
858
856
840
828
842
870
868
870
850
858
892
902
896
862
856
890
678
1156
870
762
1106
854
812
848
906
892
864
846
858
860
854
840
858
880
872
880
854
864
902
910
914
884
886
918
914
752
1002
828
796
848
832
842
892
886
880
860
868
898
576
1216
832
850
878
874
872
842
850
882
880
686
1030
858
858
858
830
794
870
860
866
856
840
852
872
874
846
828
858
668
1076
820
810
830
840
842
830
830
870
884
894
860
874
754
1082
870
848
852
900
664
1152
844
838
872
670
1130
850
838
836
872
680
1088
736
908
844
700
1016
790
768
742
738
668
698
678
696
762
758
734
746
732
724
716
724
720
722
720
718
706
714
536
852
686
688
682
672
670
662
662
668
676
682
684
706
728
744
746
758
986
816
786
756
782
1034
756
960
996
744
966
712
776
784
1016
836
840
834
812
774
820
876
908
888
856
900
912
920
878
894
574
1300
910
816
894
882
868
846
1050
932
834
870
896
942
1102
962
830
1000
556
1272
878
1060
910
878
794
848
888
910
882
860
908
926
922
882
916
936
934
928
896
926
936
924
874
878
680
1152
898
860
896
894
886
852
750
1202
922
844
788
806
690
1238
736
894
834
858
862
698
958
864
914
904
812
958
918
924
916
730
1192
834
932
892
914
912
902
782
940
664
1202
882
842
882
670
1108
838
824
870
860
874
842
846
666
1138
864
832
862
860
850
854
842
848
662
1154
874
840
726
686
1220
850
838
944
794
890
866
760
1114
922
930
794
868
910
596
1248
800
930
888
848
830
864
876
866
736
946
904
912
912
846
904
928
918
922
882
882
664
1172
880
844
860
748
974
858
838
874
884
896
864
834
948
936
904
876
904
902
906
878
870
878
894
900
780
932
884
890
890
730
948
874
868
880
744
906
874
862
862
808
870
862
686
1038
818
846
646
1094
830
804
832
664
1056
820
812
914
782
858
834
824
880
882
878
848
880
666
1152
876
722
966
658
1210
860
818
828
678
998
808
796
808
822
686
1008
806
736
920
634
1054
798
822
674
1004
672
1012
836
786
748
718
728
806
816
856
826
814
888
654
1120
940
900
988
818
844
1016
894
804
888
774
976
904
904
892
824
932
914
906
882
762
988
920
902
868
754
1002
1086
824
826
900
898
828
918
908
904
922
874
764
582
830
640
778
890
878
854
846
804
804
752
914
902
864
876
678
1144
866
852
962
822
876
728
974
766
1036
868
836
864
858
862
834
830
876
894
896
848
886
922
908
890
800
966
930
918
868
878
900
836
938
864
900
912
900
872
888
762
1104
906
856
770
668
1258
880
836
842
660
1104
836
806
830
618
1086
810
800
832
538
1152
810
826
674
1022
820
812
902
794
860
874
844
882
644
1206
868
842
878
872
874
838
710
1016
884
856
834
758
722
1208
852
856
642
1092
818
802
836
578
1130
810
832
632
1070
812
824
924
772
854
834
852
902
676
1150
686
1036
998
768
838
858
870
662
1134
854
874
658
1160
874
846
882
740
1070
910
872
924
864
976
876
866
890
736
988
846
874
882
860
856
870
680
1134
856
834
868
864
868
836
680
1014
888
862
842
880
634
1162
854
826
846
854
852
846
832
900
734
1134
880
866
828
690
1162
852
852
658
1072
828
842
758
946
802
826
866
654
1124
840
868
674
1120
836
858
672
946
992
832
836
898
842
800
820
874
648
1132
832
838
930
636
1036
816
814
848
662
1060
812
826
830
830
822
796
766
872
832
816
792
850
658
1072
824
778
896
846
830
728
920
858
870
848
846
882
670
1112
830
840
856
854
850
828
846
798
948
880
852
864
766
1000
870
844
850
646
1074
854
816
808
712
658
1094
788
806
816
830
818
796
890
648
1124
838
856
750
1002
820
820
850
640
1092
822
814
910
774
746
884
834
866
868
838
852
886
884
876
846
874
644
1144
848
824
850
846
848
822
810
854
856
854
776
880
868
878
880
770
910
892
680
1144
890
836
820
838
822
816
780
770
784
470
1004
698
546
850
654
750
744
750
754
832
784
782
802
812
822
808
814
1006
646
1146
816
830
856
848
854
826
836
876
744
1068
848
874
958
838
854
864
912
690
1206
902
866
872
668
1100
830
828
838
626
1062
804
830
858
858
838
850
776
1004
858
862
938
592
1096
804
798
1046
874
774
790
714
968
664
1076
838
798
924
876
842
848
876
686
1116
834
728
958
876
852
828
758
972
864
840
872
648
1066
850
814
814
830
598
1068
786
790
800
804
806
788
780
800
760
898
796
732
882
644
1070
818
820
920
578
1056
824
804
820
732
948
798
784
798
796
798
796
780
810
828
826
826
816
832
848
858
802
840
848
668
1038
808
800
828
666
982
782
796
812
806
760
828
810
680
1016
832
816
828
716
990
802
812
848
842
838
770
878
676
1062
832
816
822
670
1030
800
796
826
818
834
730
896
858
728
1034
834
858
938
746
878
830
862
624
1154
858
824
856
864
864
854
812
884
878
878
854
842
872
596
1208
852
830
860
852
854
820
814
844
628
1078
806
800
820
816
812
810
830
692
1016
828
766
868
648
1058
804
794
810
664
1002
804
794
810
714
974
814
806
892
618
1096
856
828
848
660
1096
850
722
912
838
848
844
760
870
658
1082
848
786
822
834
838
838
812
830
850
856
856
826
814
894
708
1066
834
832
834
832
818
800
834
630
1058
812
814
684
996
814
810
812
832
622
1096
820
818
936
466
1124
810
812
840
722
990
816
828
838
846
842
824
824
854
750
934
706
944
862
856
842
834
870
736
1052
860
858
658
1084
822
834
720
986
844
698
906
834
682
1016
820
806
826
834
832
832
756
854
848
848
842
714
908
848
852
856
828
780
910
758
982
828
840
858
850
838
814
836
664
1004
834
808
810
738
904
830
810
826
860
878
878
882
860
826
784
810
814
814
818
820
818
812
828
830
834
842
844
704
1050
854
794
860
852
850
826
828
836
670
1006
798
822
658
988
800
794
774
774
790
796
790
784
818
824
840
816
842
870
818
892
842
884
670
1032
952
802
808
648
1266
858
844
838
822
820
798
812
594
1124
836
812
826
652
1050
832
818
818
654
1042
826
798
808
822
826
820
812
794
640
1124
822
834
658
1062
828
806
826
640
1050
816
800
826
814
806
788
804
830
834
816
814
848
670
1058
826
848
648
1072
830
818
820
686
1002
810
800
832
654
1060
814
830
732
990
836
814
902
594
1082
836
824
850
646
1068
816
832
694
1028
824
820
834
700
1032
828
804
832
822
718
856
806
810
812
802
786
802
790
776
620
950
766
758
774
812
764
770
754
818
812
816
810
804
828
620
1078
818
796
838
748
914
706
1018
828
844
810
820
840
858
864
766
908
876
892
884
794
938
652
1174
854
872
876
866
858
834
840
658
1052
794
806
818
902
892
870
844
852
696
1076
864
816
830
776
934
740
956
832
848
794
884
846
870
870
872
852
844
878
670
1078
822
856
636
1000
866
824
670
994
784
746
584
1096
806
788
804
716
916
756
896
808
830
844
840
824
824
854
864
840
838
736
974
846
820
854
850
846
834
832
844
734
948
798
816
822
762
830
810
664
990
796
784
802
662
952
770
774
794
564
1028
776
778
858
502
1036
772
780
914
708
814
794
802
828
688
1014
808
800
824
670
996
790
796
824
834
828
810
820
838
844
850
820
818
836
678
1002
796
812
820
820
802
798
838
662
1052
732
872
836
658
1002
776
788
800
766
814
782
806
668
1010
792
802
888
442
1156
790
808
830
788
890
820
854
662
1106
846
826
844
638
1066
830
810
824
664
1004
810
814
846
788
890
824
830
746
940
862
828
854
688
1026
804
814
824
822
772
832
584
1088
818
802
814
826
832
838
802
864
630
1104
814
808
832
648
1012
790
794
828
830
836
670
1028
848
870
942
788
836
880
656
1138
834
798
914
662
1068
692
940
812
794
856
814
820
666
1052
698
1108
876
880
690
1060
840
860
664
1050
816
816
828
822
834
814
816
564
1186
848
832
824
876
658
1090
834
856
682
1060
828
842
852
864
816
878
854
892
894
896
864
886
644
1008
1014
854
862
858
848
818
816
842
660
1082
834
818
844
650
1056
816
834
664
1082
832
830
940
570
1142
848
870
878
878
856
770
982
904
900
872
880
768
1072
868
850
884
880
888
854
868
594
1216
870
836
856
674
1078
838
856
726
1024
842
832
866
654
1144
864
834
860
658
1100
852
834
936
594
1106
832
830
820
886
850
826
824
850
852
786
874
868
692
1020
898
770
920
848
842
830
724
948
582
1146
820
828
844
840
686
918
846
856
870
790
900
896
900
828
926
892
684
1164
872
840
864
638
1100
818
828
840
830
746
732
932
852
838
818
824
764
960
716
924
720
828
462
962
392
812
810
818
822
800
814
846
726
994
826
854
870
866
846
818
918
698
1126
860
880
898
848
872
860
624
1148
850
826
846
678
1028
830
816
838
744
1004
836
860
874
884
836
894
896
652
1188
864
848
864
654
1102
822
820
842
842
816
814
854
704
1032
840
834
942
778
834
830
874
670
1116
840
860
594
1144
820
802
826
668
1020
806
812
822
820
820
820
852
672
1100
904
786
940
812
860
756
940
682
1110
856
694
946
660
1100
890
764
842
846
760
884
856
692
1082
846
862
940
824
854
780
952
900
908
872
760
1006
912
902
858
876
660
1148
850
830
862
662
1050
814
816
776
876
820
802
818
840
848
832
832
884
664
1144
852
844
938
626
1102
842
836
752
954
686
1050
926
792
846
820
816
856
686
1072
842
856
718
1046
830
844
712
1000
690
1008
854
850
842
812
822
852
726
1000
828
870
678
1076
826
838
932
776
820
826
860
748
1046
848
868
706
1096
860
848
872
646
1136
838
824
858
734
988
826
844
842
832
812
822
860
870
872
790
928
898
894
866
850
706
1078
652
1024
996
822
808
812
802
766
926
858
838
834
862
862
868
836
848
870
866
866
828
660
1052
892
876
848
852
860
850
824
816
852
676
1038
814
806
824
812
816
810
816
840
838
770
874
850
662
1066
818
836
702
984
808
794
822
634
1044
800
814
898
780
842
744
896
862
864
868
836
770
964
884
882
708
1058
872
864
834
666
1050
848
822
826
840
844
842
828
838
854
654
1076
836
860
660
1094
832
844
736
1010
860
834
850
642
1172
770
826
836
600
1112
814
804
972
864
770
800
810
836
674
1014
798
814
