980
964
994
1038
876
998
1176
1016
642
1322
954
988
930
930
930
932
946
518
1324
566
1248
1000
746
820
834
828
902
896
928
932
922
932
946
976
990
950
968
966
960
976
954
926
906
926
900
900
922
948
922
920
926
922
932
888
922
940
912
922
956
964
946
992
1012
976
1006
1012
978
990
998
954
984
958
954
950
906
866
898
840
852
762
920
854
852
870
882
892
944
980
952
1002
976
1006
1026
1000
1026
1030
1026
1022
1084
872
882
894
878
866
896
856
950
944
984
982
972
960
918
958
908
896
898
938
942
916
938
964
576
1338
562
650
728
824
892
914
924
966
958
998
1002
978
1006
1000
950
978
988
572
1316
962
464
1250
900
852
882
884
920
1002
1042
1022
1066
1042
988
958
976
954
980
894
926
932
890
890
880
950
924
904
910
900
890
858
822
858
852
872
868
860
866
890
906
926
940
956
922
940
970
952
984
1004
576
516
880
660
1338
572
540
858
652
1322
568
1346
1044
792
920
936
920
958
1008
1030
992
1000
956
966
960
944
946
950
948
946
966
910
942
944
944
938
904
890
918
912
894
924
882
890
884
884
924
930
922
678
1130
620
1170
970
724
828
828
820
922
956
942
1000
582
526
884
682
1212
654
1184
648
1086
676
954
802
818
732
806
692
764
764
740
748
762
730
726
724
696
710
704
710
696
694
548
406
520
644
714
728
528
982
498
1032
754
772
754
724
702
750
766
592
980
486
606
462
746
730
556
872
712
710
760
696
748
780
804
816
846
832
834
844
828
826
822
810
826
794
822
818
850
882
886
900
918
936
940
908
952
918
944
942
916
952
970
958
994
990
918
922
888
844
882
846
818
834
828
802
826
848
824
816
900
954
954
994
1050
1086
1080
1130
866
880
1006
1020
978
988
984
1004
950
920
920
910
986
568
318
1048
944
912
908
940
890
854
880
884
418
458
856
898
878
864
852
868
866
882
834
882
828
810
888
900
908
938
964
940
954
960
952
942
948
972
1002
996
1006
1020
1004
994
1014
1022
990
1016
1004
966
984
1006
974
1010
984
1020
974
998
968
986
970
960
964
524
1338
898
896
942
710
1152
942
942
930
936
940
952
462
1296
930
804
814
842
838
838
820
874
894
918
904
936
972
1006
1006
984
1024
1010
1058
1050
1048
1062
1068
1036
1030
1036
1016
1008
1020
1010
1070
1022
992
940
872
808
1106
1004
1028
1004
992
940
958
990
962
992
972
936
1004
516
520
870
930
944
950
972
1006
978
1014
1028
1022
1016
984
922
928
878
864
886
908
994
1038
1072
1108
1158
1214
1228
1208
1186
1168
1102
1134
1032
1012
964
966
976
1012
994
1002
1020
988
1000
1024
1032
1052
1058
1034
1038
1040
1036
1020
1048
998
1018
1012
1020
1006
1042
1024
1044
1034
1032
1034
1030
622
514
932
1026
1038
1048
1050
1040
1042
1036
972
976
942
940
914
894
894
892
902
880
930
932
958
944
562
1348
566
1278
968
894
918
926
940
938
936
952
964
962
952
948
950
960
930
936
918
948
956
952
946
962
968
946
960
970
978
964
964
984
970
996
1024
732
1334
1002
1016
986
1028
962
998
1040
1056
1042
1032
1036
1020
1046
1038
1036
982
958
890
914
552
1232
906
896
970
930
974
1068
1104
1152
1122
1126
1130
1132
1116
1074
1056
1066
1012
1050
1044
1020
1036
1056
1036
1072
536
644
984
566
622
986
1072
868
820
534
984
1070
880
1180
1036
1000
968
982
994
984
1038
1050
1054
1042
1050
972
996
1002
1006
1070
1026
632
532
942
1050
1050
1024
1026
1008
968
974
958
954
834
884
918
866
942
960
980
998
984
948
976
902
932
932
908
930
926
948
924
758
1122
952
920
928
950
944
1008
1016
1042
1080
1114
1114
1104
1076
1088
1062
1076
1022
1026
1054
1006
1000
1030
1042
1036
1042
1040
590
462
958
1036
402
802
994
1042
1174
1112
1114
1152
1066
1052
1016
1060
1064
1062
1070
1004
1042
1084
1100
1074
1102
774
1394
1072
994
980
952
990
972
972
962
956
964
960
962
936
946
918
926
914
928
938
948
924
942
954
930
944
958
926
952
950
946
968
988
1006
960
956
972
982
682
1188
920
944
874
908
876
886
908
890
922
928
974
1006
608
564
774
648
1324
518
544
888
628
1260
570
1274
954
868
678
1130
906
902
962
910
1002
1012
1014
1060
1078
1038
1070
1072
1058
976
992
960
938
938
998
954
996
1016
1008
994
1012
986
956
986
986
968
990
976
1020
1044
1042
986
954
946
858
800
842
836
800
836
812
808
882
912
922
932
978
1012
1058
1060
1064
1040
1070
1100
1136
1146
1160
1094
1086
1054
1036
1040
1090
882
1064
882
930
1008
1034
1022
1054
622
522
968
702
1344
678
1322
996
960
972
978
960
1034
1016
998
1006
1028
928
952
928
582
1232
896
560
434
774
822
782
782
792
764
772
788
762
762
790
810
814
818
844
860
862
886
894
888
922
950
942
970
970
952
970
972
962
970
914
900
846
776
824
810
850
852
862
900
952
984
1024
1042
1104
1166
1266
1332
1246
1358
1130
1120
1078
1072
996
846
950
948
868
1020
882
896
910
802
800
844
842
736
812
544
1036
802
784
778
770
768
760
758
746
766
702
724
476
486
404
332
454
708
700
708
542
556
536
420
678
434
730
806
634
502
758
572
640
618
594
602
590
600
608
604
610
606
612
616
624
626
634
644
642
646
652
656
648
654
514
800
452
508
1488
816
632
652
598
564
526
776
634
642
662
626
514
816
638
504
810
462
860
642
630
706
524
634
608
602
614
620
620
630
630
640
642
644
638
650
644
646
654
650
644
660
658
662
658
670
680
534
798
690
686
688
680
668
668
680
670
682
684
690
704
684
656
784
572
662
654
640
646
630
642
632
632
638
500
780
634
654
700
626
636
636
624
630
678
708
704
708
716
710
710
698
474
982
702
732
686
682
466
916
488
968
756
744
794
714
744
830
856
874
914
928
928
890
930
834
882
874
892
876
904
884
506
1296
862
662
1106
890
626
1134
918
672
1234
978
1004
1050
1010
1056
1010
1058
1004
1004
954
998
960
946
896
848
906
898
912
628
1172
848
606
1082
848
822
790
746
800
790
838
848
888
710
1082
878
622
640
1266
846
880
694
760
816
874
904
940
918
958
972
946
976
982
950
974
950
976
970
982
994
970
948
712
1214
506
532
838
932
486
542
878
1002
986
1026
1010
994
1004
958
950
986
946
964
894
944
960
970
980
1002
930
980
938
942
984
1036
1006
1036
1026
1036
1070
746
1294
1022
976
1146
904
974
996
994
1020
994
988
1002
1022
976
958
970
944
940
946
952
958
932
982
962
972
980
974
996
980
990
956
968
686
1206
946
754
1064
890
788
850
782
822
814
820
824
820
836
834
858
870
936
852
494
1246
864
680
1054
866
680
1104
890
876
856
876
888
896
476
1254
850
870
830
828
834
850
846
852
836
878
892
880
888
872
864
856
848
846
590
1118
562
1142
864
800
808
634
972
834
836
866
862
874
878
890
884
890
888
894
890
868
876
858
616
490
664
862
896
888
860
856
840
854
882
898
926
938
946
618
568
720
870
918
922
930
906
914
926
922
918
928
956
988
1014
990
988
1006
998
1000
922
944
884
864
902
602
1158
884
894
892
856
866
892
438
1264
850
760
972
840
772
938
848
832
846
828
820
866
894
934
920
922
928
874
886
864
866
834
850
838
836
832
838
788
808
814
820
832
844
852
842
836
798
820
520
1048
564
1018
772
688
848
782
692
972
576
1162
566
1158
854
778
780
792
618
434
634
812
842
854
874
478
1338
894
892
872
848
842
856
896
936
950
990
1010
990
1014
1000
996
978
594
1314
522
1306
920
680
1010
862
686
1082
902
676
1182
912
688
1116
892
704
1082
866
684
580
528
892
912
964
940
966
934
942
946
914
908
908
896
904
906
902
906
906
888
866
834
844
864
902
910
914
916
930
914
936
948
958
968
932
912
930
886
676
1186
920
922
974
826
834
890
892
894
898
894
886
878
868
856
848
836
848
826
840
856
858
886
876
886
888
894
954
758
858
856
842
850
856
618
1134
566
1138
844
790
770
524
1084
806
800
782
794
792
790
726
696
1004
816
814
798
766
784
734
782
746
746
728
732
720
722
832
632
730
626
850
740
748
774
706
750
746
716
676
876
750
768
750
722
742
758
720
758
508
946
532
814
886
712
716
706
740
678
712
788
428
428
828
836
856
852
842
528
1182
534
1116
814
790
726
766
770
784
780
806
790
838
824
816
820
816
814
818
816
824
842
862
866
888
902
904
906
892
900
900
896
906
888
472
486
838
908
912
890
898
860
840
832
816
836
846
862
866
528
430
836
864
878
908
932
914
944
956
966
906
934
958
978
998
480
556
930
1018
652
1436
552
522
944
1016
1004
1038
1060
1044
1054
1026
1036
1014
966
968
966
954
948
894
932
954
952
986
1016
1014
1030
1002
1008
1014
1014
1014
1020
646
1428
1014
1028
1044
1066
1104
1090
1050
1048
1056
1032
1030
1030
1038
1010
1020
1026
1012
502
542
976
1004
656
1382
570
1376
962
884
922
944
542
1372
562
1294
652
1108
864
828
814
816
848
862
626
416
734
868
880
898
902
902
918
936
930
944
964
956
964
978
980
974
972
968
946
964
626
1318
556
1286
888
816
836
846
904
918
966
1004
992
1022
1032
1002
954
956
888
898
850
858
860
850
850
850
846
858
852
858
848
562
1078
828
800
780
756
776
792
796
802
808
814
826
812
800
828
790
806
766
790
762
798
822
822
830
846
854
866
890
862
850
884
876
894
882
886
880
874
862
850
832
850
514
1230
862
844
838
844
538
1178
848
834
828
824
836
868
892
884
894
890
874
862
852
856
858
856
852
856
848
846
838
842
862
882
726
532
532
802
842
840
846
858
884
882
904
914
932
912
920
550
1308
584
1218
874
678
1048
860
684
1068
896
690
1162
930
964
978
966
966
1006
1028
1006
956
972
986
1004
1026
994
1024
1030
1016
1030
936
900
968
1008
1010
1006
596
520
944
964
966
956
980
924
868
904
910
930
948
970
980
1000
978
972
992
972
1022
986
978
954
970
980
970
952
964
968
994
1026
1000
1010
1034
1042
1066
1034
1054
1064
1058
1056
656
1422
1008
982
984
990
984
1000
1018
996
1028
1056
610
1386
1012
1010
1034
1006
980
1022
986
998
976
1006
1012
538
540
924
688
1318
968
600
1216
896
584
1160
872
692
1168
924
922
944
942
916
912
906
888
896
896
904
896
900
856
866
870
872
882
902
888
912
936
918
870
922
756
1162
970
956
978
560
1262
932
732
994
880
672
1116
898
722
1078
900
1104
784
624
1214
562
1254
936
888
890
898
962
954
988
976
1006
996
976
972
874
854
860
836
822
856
822
788
816
818
818
826
816
830
836
846
704
1056
856
892
940
890
870
708
1094
884
878
948
864
848
882
848
886
892
894
898
896
910
888
878
866
904
838
872
876
828
844
812
836
820
836
798
804
808
796
824
832
862
878
906
926
912
940
940
942
712
1132
886
622
1110
884
496
1318
560
1240
912
920
900
886
888
900
954
970
976
974
930
928
932
902
902
900
906
554
1240
866
754
1000
854
874
930
878
890
934
970
538
492
936
954
576
492
826
918
914
932
940
946
978
944
962
968
960
976
954
960
962
946
1000
982
994
974
1002
996
1016
1014
992
972
1006
944
980
1002
986
988
986
976
952
956
974
900
910
912
902
934
952
974
554
1360
900
866
906
906
880
980
998
608
1420
998
1010
932
936
954
940
536
1310
918
904
960
896
920
964
984
996
990
984
956
946
936
900
912
918
928
926
932
870
918
908
910
906
908
908
600
1244
486
1286
930
860
868
888
974
1018
1040
1058
1060
1044
1052
960
976
1004
980
974
990
976
932
898
904
898
896
888
888
872
884
884
874
880
902
922
902
914
930
822
860
868
872
866
874
872
862
880
822
828
816
810
804
810
810
798
806
812
828
846
870
862
876
882
890
882
890
906
934
928
936
950
940
938
926
888
884
564
1192
862
872
852
870
880
888
906
924
940
912
920
916
906
872
876
878
888
884
886
874
868
878
866
876
884
886
896
888
892
898
876
880
880
860
872
862
868
880
858
490
1240
490
1240
838
662
1002
832
868
926
546
1328
504
1332
576
1094
878
834
864
842
844
876
876
844
862
856
856
850
824
854
504
1120
546
1030
752
740
724
738
740
748
742
796
816
822
818
820
816
820
814
812
806
816
810
808
812
832
826
844
878
896
896
926
932
930
960
982
974
1002
1016
990
1004
986
960
966
722
1140
926
920
952
902
920
908
870
918
944
912
944
948
918
918
890
910
910
888
890
876
888
898
884
922
888
894
900
562
806
378
830
654
1046
838
832
852
870
874
924
904
934
936
928
900
918
918
932
928
936
944
958
966
974
976
972
970
960
994
1020
1020
1008
1000
1002
986
1000
1022
1014
982
986
956
900
914
480
1320
508
1256
846
656
964
806
690
940
828
786
746
798
826
844
860
894
918
908
936
936
930
904
920
918
922
910
510
1284
558
1168
690
938
782
798
478
1122
568
1004
760
776
766
786
806
830
542
472
668
798
802
790
784
782
782
778
772
778
784
814
830
866
872
912
960
1002
978
460
592
830
916
902
886
888
892
890
920
948
974
994
1036
570
498
984
1050
1040
1032
1038
994
980
956
960
974
952
954
926
910
896
880
890
884
862
880
876
882
876
898
926
536
458
888
950
642
1296
546
1340
1044
770
898
892
902
952
982
974
1020
1012
1008
1012
958
954
936
910
916
928
910
938
958
936
968
960
942
956
554
1340
910
866
850
840
810
816
840
852
866
842
612
1148
574
458
666
802
778
756
780
730
724
714
732
728
734
740
742
718
786
784
804
814
806
818
854
804
764
794
792
784
782
794
720
758
754
770
760
762
772
776
738
770
766
784
792
786
786
776
778
778
770
754
758
760
760
756
772
764
772
794
790
800
816
818
800
822
812
822
826
830
844
838
822
838
866
888
890
892
924
910
568
1338
542
1302
940
860
890
898
858
940
934
970
950
966
828
1096
920
894
910
840
858
864
824
840
814
704
500
1222
508
1174
834
790
840
844
784
800
838
850
872
852
838
864
844
842
826
818
828
834
824
826
826
824
818
824
818
824
810
806
796
790
814
734
774
774
770
768
760
766
758
764
762
786
824
868
892
874
878
870
872
858
844
822
814
804
812
802
806
798
810
808
808
806
810
810
814
812
810
800
788
610
952
564
1002
764
746
732
714
720
724
714
704
704
694
692
690
696
702
708
726
724
732
728
730
726
722
716
722
732
738
738
740
734
728
726
712
716
676
678
710
624
658
680
628
678
704
498
1144
562
1120
806
778
768
792
708
736
732
726
730
724
728
720
720
718
744
754
764
774
774
778
792
800
808
840
828
840
828
840
846
848
858
850
850
860
852
868
850
848
856
854
872
864
878
880
882
918
898
896
920
924
922
922
918
892
748
1020
894
802
834
838
834
852
844
854
504
1232
870
608
1014
814
820
836
826
820
854
846
904
934
922
974
966
488
484
880
850
850
844
842
844
864
888
908
920
928
928
938
936
946
940
894
882
892
890
908
898
918
936
956
942
954
952
962
980
986
988
984
964
956
876
800
864
886
930
896
918
928
950
656
1190
856
844
844
856
764
972
878
884
890
864
866
892
908
928
960
928
930
914
916
912
900
900
480
1296
886
670
954
848
750
850
740
746
782
754
770
756
774
768
780
784
794
802
714
904
664
748
724
724
740
740
754
746
762
756
762
768
774
882
398
656
414
472
1014
728
736
698
698
738
686
692
702
708
724
722
718
722
722
708
700
698
706
700
716
712
724
728
744
754
762
776
792
804
810
854
854
888
876
904
900
898
914
898
910
914
834
856
760
810
708
738
728
704
694
686
694
692
714
674
704
706
700
702
694
540
828
678
662
660
648
642
494
824
754
388
820
644
634
620
624
628
624
428
304
538
504
796
616
636
630
628
638
552
728
636
670
638
642
652
656
648
644
646
662
662
666
660
662
662
572
724
638
636
640
632
662
674
658
674
670
668
660
652
650
648
644
648
648
654
670
676
678
686
702
710
724
730
748
756
774
802
784
794
792
778
790
724
754
744
728
748
718
708
664
700
706
702
526
906
704
702
728
686
710
736
656
736
786
722
750
758
766
754
752
740
754
770
660
712
702
694
696
684
690
676
670
670
664
656
660
654
658
666
666
684
672
642
728
680
684
690
684
686
682
690
688
694
708
702
706
706
710
704
698
700
686
690
682
678
672
666
666
664
664
670
668
672
672
676
670
666
662
666
568
774
654
656
668
666
612
652
648
666
656
654
664
662
672
668
672
672
672
684
676
692
696
516
880
682
674
584
726
648
650
654
654
662
674
676
686
690
690
694
700
698
700
690
688
688
682
678
670
682
678
690
696
692
690
686
686
682
702
672
666
674
642
672
684
684
680
686
682
684
694
688
688
690
690
686
684
682
676
676
676
688
686
694
696
700
700
700
530
854
690
696
630
662
646
646
650
654
402
438
514
652
546
802
672
488
902
686
466
920
674
678
658
512
794
470
832
676
616
634
644
658
674
690
696
714
484
982
726
724
716
710
716
710
714
744
526
826
678
666
474
832
656
612
612
624
616
624
472
692
744
632
654
626
650
676
692
482
614
1172
758
754
766
696
714
706
698
718
660
558
796
664
662
664
656
660
664
660
676
674
676
678
690
686
688
698
690
686
688
698
704
718
728
728
738
752
760
756
766
770
878
488
890
770
734
832
596
712
700
708
712
722
732
742
742
768
770
772
630
936
770
776
764
748
758
938
534
746
742
746
746
750
748
544
958
762
712
758
598
814
714
726
706
708
710
718
712
742
742
760
752
810
762
770
786
764
768
766
778
748
714
744
756
764
774
780
786
768
758
770
776
788
792
798
798
822
828
848
874
864
884
868
874
878
864
880
532
1224
542
384
822
836
846
856
900
906
948
972
964
948
962
932
940
894
900
912
898
910
930
958
936
946
944
928
912
924
910
930
918
944
938
944
958
964
930
946
930
930
936
930
942
970
950
954
966
956
926
922
936
922
940
930
518
1344
546
1264
900
822
862
884
920
930
980
984
1006
980
988
942
892
886
886
886
886
882
890
896
900
926
910
924
602
1194
552
1196
852
840
854
868
880
916
894
582
1290
914
686
1096
864
676
1048
838
686
1068
866
908
902
944
936
954
942
946
930
926
910
924
912
916
916
922
928
914
852
1006
924
924
902
908
906
916
570
1270
574
666
618
816
842
666
854
438
634
620
706
386
826
646
1002
808
816
818
812
834
842
858
878
880
890
872
876
870
862
584
1136
840
664
948
598
1016
572
1070
870
742
844
834
814
906
906
948
940
966
936
936
914
940
896
888
882
878
876
888
846
898
902
902
900
886
896
894
858
880
888
902
896
904
892
898
886
896
888
576
1228
874
680
1048
840
690
1006
832
704
414
604
838
826
832
824
832
830
828
808
532
1084
632
942
796
536
982
768
760
816
732
768
776
742
796
794
570
1034
556
460
620
716
528
512
588
728
788
790
806
802
808
806
812
806
804
796
796
796
798
798
794
602
1006
570
1008
800
530
954
584
968
814
782
784
824
872
888
910
928
940
966
960
968
954
944
936
586
1300
578
1244
890
822
860
896
938
958
988
992
998
994
1010
986
1006
974
980
946
952
968
914
962
936
938
924
930
922
924
940
918
934
918
922
932
924
930
914
914
916
914
936
922
924
916
912
906
918
814
858
864
862
892
914
916
950
936
944
960
942
870
926
950
972
956
992
992
996
1010
980
982
956
954
970
994
1002
1038
1016
1032
1006
1016
1012
1002
1010
1000
1012
1026
1002
996
942
982
940
954
960
938
968
918
710
1152
918
940
990
964
994
1002
958
544
522
954
1028
1054
1016
1048
998
1012
914
958
966
936
962
940
994
972
984
1002
946
964
898
946
944
948
960
950
966
964
920
610
726
656
846
526
1238
544
1158
850
840
798
844
842
894
922
928
928
944
934
920
878
892
888
884
878
866
870
848
828
816
812
794
782
780
778
780
774
770
786
798
796
816
816
832
842
862
864
882
886
880
890
882
884
884
880
884
896
912
900
918
920
914
922
904
900
908
888
904
928
914
502
490
910
982
976
990
1000
980
990
1006
1050
1044
1102
1110
1118
1128
1088
1082
1094
1062
1078
1080
1048
1066
1088
1084
1062
1082
1078
1090
1122
1104
1118
1102
1084
1084
1034
1058
1064
1056
1100
1102
1086
514
646
984
1044
1086
1108
1072
1088
1042
1066
1078
1044
1062
1056
1010
1026
998
980
1000
640
1348
584
536
832
974
970
974
998
982
992
1008
966
986
996
972
990
1000
964
952
940
924
896
892
908
916
608
1276
578
1232
882
850
884
518
1168
558
896
812
402
704
812
772
828
784
784
778
772
774
764
778
772
776
780
774
778
780
774
784
784
798
808
816
824
822
836
830
846
836
824
550
1078
536
1082
598
1036
832
782
796
794
828
888
898
934
960
934
964
934
920
922
822
870
870
884
604
1284
938
926
926
928
908
914
924
936
956
936
952
950
966
980
1000
994
1010
1044
1008
1032
1000
1022
1002
974
962
962
968
966
968
958
938
942
924
932
938
958
960
940
964
954
518
534
894
944
954
944
956
964
926
946
918
928
920
924
940
942
960
968
992
1006
988
982
992
1004
1002
1024
1048
1024
1034
874
1128
922
934
944
972
1000
612
476
1006
1098
640
1452
1064
1066
1020
1058
1046
1068
506
628
976
1100
1066
1110
1074
1086
1074
1074
1058
1026
