688
674
722
722
716
714
690
708
700
694
694
694
708
744
800
722
738
740
738
738
734
728
722
710
702
700
700
708
726
720
728
742
730
752
766
782
774
800
680
732
722
712
710
690
704
700
698
694
698
708
744
800
868
722
738
734
728
718
712
700
700
700
712
726
720
728
742
730
752
766
782
774
800
680
732
722
712
710
690
704
700
698
694
698
708
744
800
868
898
910
910
894
918
872
710
810
792
798
790
770
758
744
746
738
748
750
748
742
758
752
762
766
770
782
796
778
758
754
744
752
758
768
796
818
816
812
824
822
808
790
788
766
762
746
746
744
750
772
768
778
780
780
788
776
780
784
792
778
776
770
778
762
752
724
712
706
720
732
746
752
758
752
740
732
748
780
806
814
828
840
836
818
802
806
798
786
788
792
810
818
808
826
832
832
826
826
816
828
810
778
790
792
782
792
784
792
816
824
812
800
796
790
790
792
802
806
822
814
802
796
806
802
794
798
804
812
812
790
756
886
750
744
748
746
738
732
736
750
762
764
770
784
766
754
746
756
752
756
760
772
788
786
780
758
756
764
776
770
766
766
774
780
764
772
786
798
788
790
792
770
772
762
768
754
736
724
720
704
704
720
590
938
774
804
796
806
824
830
816
836
834
814
808
826
834
810
812
814
814
808
820
838
824
818
826
826
822
804
822
812
810
806
810
818
800
848
872
866
826
834
794
780
778
770
776
760
772
778
782
776
758
774
766
756
772
766
756
776
790
804
790
756
758
766
764
768
734
738
710
712
700
708
720
716
744
766
772
762
756
768
786
770
768
762
760
726
714
708
712
718
718
726
712
700
700
686
684
676
678
678
682
694
708
728
716
720
702
698
698
690
684
664
676
678
708
708
726
738
750
746
744
728
736
740
752
750
748
732
692
690
684
688
692
714
728
712
718
714
702
686
684
690
710
724
730
724
756
752
748
748
734
718
740
746
746
748
750
764
784
778
780
780
784
774
762
776
784
812
798
790
806
806
790
800
836
852
824
802
808
808
788
776
790
782
774
776
790
814
802
824
846
824
788
808
812
792
786
784
786
806
824
880
902
888
896
868
846
824
804
810
804
804
778
774
796
798
818
844
860
862
862
870
860
672
968
806
802
784
798
812
818
844
818
846
854
822
828
816
792
772
778
798
822
844
834
814
798
776
774
774
776
558
1064
826
812
784
776
768
758
746
746
742
740
748
786
790
774
790
806
834
824
846
840
808
806
816
840
828
830
840
832
824
812
820
818
772
774
788
786
798
786
796
794
774
752
758
760
770
768
792
796
776
782
786
788
772
756
736
736
742
738
744
760
766
784
780
812
820
832
832
824
798
790
792
768
782
798
812
820
814
794
794
810
798
818
818
792
798
800
810
826
820
814
824
824
812
792
792
788
774
806
806
788
822
830
812
798
796
774
762
764
790
784
762
768
758
748
738
748
740
732
740
744
744
760
786
798
774
784
770
766
778
770
756
742
750
762
786
786
780
788
784
798
784
764
750
748
754
744
750
756
756
744
752
744
738
734
728
730
732
734
748
764
762
762
778
784
738
742
744
748
750
740
728
736
754
738
776
796
798
770
746
726
726
716
724
722
720
732
588
892
716
718
702
692
692
698
726
758
752
740
586
916
772
648
694
690
696
732
758
720
726
728
716
704
698
682
678
676
664
672
674
686
678
698
712
724
736
742
738
742
736
728
716
712
746
764
800
808
780
758
764
766
762
756
760
776
784
794
792
802
794
778
770
748
738
740
740
738
738
764
766
794
802
782
780
778
772
766
768
770
764
754
772
780
772
772
784
804
804
808
812
808
782
784
792
790
788
804
800
790
752
754
756
776
766
766
768
782
770
768
790
792
774
784
784
782
770
772
778
774
758
766
786
784
764
770
832
840
846
812
826
840
826
822
808
784
762
762
756
762
752
762
798
776
798
826
822
798
800
800
818
794
802
826
830
836
870
858
826
824
808
802
782
786
780
772
754
786
802
792
814
822
822
812
794
788
784
776
782
788
784
778
806
826
830
792
768
760
750
736
752
788
814
832
792
770
756
746
742
728
736
736
744
762
786
770
762
774
762
744
732
730
756
792
816
794
774
760
756
780
834
838
806
862
704
734
728
722
736
734
730
730
730
732
726
740
758
756
772
782
778
766
762
770
758
740
746
748
524
1032
754
756
776
772
784
804
826
822
828
840
846
588
992
768
754
764
766
752
754
770
766
766
764
748
766
758
754
774
774
748
786
786
780
782
784
782
766
772
776
776
784
778
756
778
804
826
828
820
818
802
756
732
730
736
756
760
792
798
786
782
780
782
766
778
790
796
796
780
784
782
776
760
756
750
754
768
774
768
794
802
786
794
788
764
766
770
766
762
744
742
756
764
758
728
738
736
750
784
778
774
794
788
796
774
764
774
790
798
792
786
802
812
816
798
790
806
796
766
736
728
718
714
712
722
734
744
732
746
758
760
782
796
790
786
756
758
744
734
750
770
764
778
812
814
824
818
842
740
790
796
776
800
814
816
802
774
784
790
784
768
750
576
914
752
740
738
748
770
540
1032
770
772
766
764
770
784
782
776
768
762
760
748
730
722
716
710
656
752
708
714
734
742
792
820
834
840
812
882
652
758
744
728
744
766
770
772
772
788
792
778
766
746
736
746
776
770
780
774
772
746
722
728
742
756
834
864
892
860
854
842
806
794
776
766
748
730
724
716
722
720
740
748
740
754
762
764
762
764
756
748
740
740
754
766
750
774
792
788
794
782
808
810
808
782
772
758
774
764
772
798
824
812
796
788
788
794
794
796
796
784
780
780
786
794
784
802
800
786
778
768
766
780
784
786
810
794
780
762
762
766
760
748
742
744
746
750
734
730
712
718
720
728
708
700
702
696
706
692
688
694
710
704
714
700
718
724
698
702
700
710
704
694
710
706
712
710
716
728
728
726
720
726
716
712
716
722
728
734
758
762
744
740
740
740
584
878
722
728
730
724
714
714
714
728
732
718
722
736
724
718
710
706
714
716
726
726
738
748
662
792
712
700
690
694
710
732
772
748
736
748
744
766
778
788
786
758
758
748
742
754
740
728
740
748
676
846
726
726
722
718
730
746
746
744
746
750
756
754
734
734
736
752
758
768
790
788
772
802
796
824
814
812
836
848
850
846
834
816
814
794
766
774
762
762
766
780
818
840
840
834
836
812
808
774
770
784
792
782
806
828
818
804
820
816
812
802
792
790
774
784
790
802
796
796
800
824
802
792
800
798
786
782
774
776
778
772
768
778
794
812
798
788
790
802
794
778
780
788
794
776
784
782
792
780
778
784
784
766
762
764
772
780
786
764
762
588
956
764
762
744
744
750
778
780
802
808
800
796
796
780
762
764
768
764
764
764
782
798
796
772
768
782
796
790
770
762
772
784
788
770
768
774
764
764
750
720
724
724
736
736
736
762
790
802
798
798
798
794
780
764
764
768
788
798
750
756
762
756
768
766
790
822
844
828
828
822
798
766
776
780
786
778
768
774
778
774
788
814
828
826
780
786
804
804
800
802
808
814
804
780
782
782
780
786
782
804
818
830
800
796
802
800
804
796
770
790
814
830
826
820
830
826
792
768
768
776
800
810
814
830
834
824
812
824
832
840
834
816
810
804
790
772
776
780
788
804
812
798
806
808
808
792
796
798
804
792
770
770
766
768
780
776
774
780
806
802
788
786
790
784
780
770
774
776
772
750
758
758
754
754
756
808
818
814
816
810
776
770
780
766
750
754
762
756
726
736
728
730
734
752
766
760
772
780
788
780
772
782
772
754
764
754
770
770
748
734
748
744
734
728
740
728
732
730
728
712
710
714
714
716
700
698
704
714
710
716
722
754
796
772
746
780
802
818
818
806
778
762
754
762
758
760
772
772
762
766
762
764
768
584
942
736
732
740
738
764
794
838
858
830
802
800
772
778
768
572
926
738
728
750
772
812
808
798
798
790
768
758
746
756
748
756
738
726
720
720
724
714
714
720
732
732
732
736
740
730
728
718
732
714
722
726
582
856
722
718
728
726
754
758
752
756
758
754
740
718
718
722
720
720
738
762
776
768
778
798
796
810
810
788
748
570
928
746
716
714
714
716
736
740
774
792
786
784
776
778
768
738
738
740
738
724
720
724
726
728
718
724
736
734
738
728
720
714
706
710
716
724
770
808
868
870
592
1060
796
776
762
778
764
768
758
768
780
790
796
792
800
790
792
780
794
788
780
776
760
760
758
760
786
782
784
784
780
750
728
718
628
800
714
712
726
738
746
780
824
830
812
800
788
770
762
764
766
760
786
782
772
746
738
578
934
760
782
786
776
772
782
776
758
732
736
724
722
722
734
742
748
748
738
730
706
700
704
712
728
580
1008
792
800
822
772
796
796
780
764
760
768
770
760
770
782
796
798
792
792
790
774
752
742
748
746
790
776
774
762
742
744
760
770
782
778
764
778
776
772
746
744
742
742
604
860
730
732
724
728
736
728
742
740
736
734
742
736
730
718
704
714
726
752
584
958
748
734
734
744
756
750
780
782
804
794
798
810
806
796
776
766
766
772
766
760
766
764
752
754
766
762
756
744
758
754
770
774
750
744
780
790
790
796
802
794
786
784
778
760
758
764
754
746
740
754
764
784
762
770
766
754
742
728
726
728
722
724
724
732
708
716
718
720
716
714
718
718
710
720
738
742
760
758
768
740
748
734
734
730
726
746
766
760
784
778
780
780
760
758
746
740
728
722
716
720
716
714
726
736
744
738
738
738
726
728
740
750
758
754
766
772
756
748
742
740
738
744
744
730
726
612
872
728
722
740
746
772
764
784
772
756
748
768
770
766
772
790
780
756
758
758
750
734
714
730
726
728
756
786
794
764
758
754
584
900
752
734
746
742
750
794
804
810
828
810
838
720
766
764
764
758
762
762
760
734
740
738
736
738
708
706
728
726
750
778
782
798
800
810
794
788
766
750
756
764
798
796
794
806
816
798
772
774
782
794
784
766
764
760
758
754
744
740
746
756
788
782
776
782
754
750
742
744
730
744
780
842
828
802
816
802
778
778
768
762
754
744
740
728
710
714
724
730
738
748
746
730
734
744
740
742
756
752
746
738
714
700
710
702
708
724
736
744
730
742
758
758
750
750
762
762
752
764
760
744
744
732
736
724
706
714
722
744
762
754
772
780
792
794
782
752
754
744
730
738
738
744
750
742
730
746
758
738
740
734
722
726
726
726
726
748
740
738
738
738
736
744
748
746
750
744
744
748
738
730
712
718
714
708
714
584
830
716
718
724
720
584
918
740
742
730
730
732
726
730
576
910
718
708
708
714
740
772
790
786
784
792
786
776
748
736
714
708
688
698
674
664
650
656
658
672
682
698
706
700
710
708
700
692
704
700
698
704
700
698
692
704
696
702
696
690
680
678
676
674
674
670
670
664
670
674
676
676
676
676
676
676
670
668
662
658
658
662
664
672
668
666
668
664
670
668
676
680
684
684
696
694
696
684
678
670
680
678
666
676
674
670
684
690
690
690
684
674
666
668
662
660
658
660
670
670
682
684
686
688
692
696
694
686
694
692
682
688
690
686
686
680
674
690
704
704
720
724
710
700
704
704
708
718
730
728
726
714
720
726
718
730
730
742
740
728
720
718
706
706
692
682
678
672
660
656
660
658
664
676
696
708
692
686
684
676
682
676
668
666
666
666
666
664
666
652
650
656
652
654
660
670
666
672
678
680
682
682
684
686
690
692
700
696
684
690
688
686
684
684
684
676
660
656
660
658
656
658
654
656
656
658
650
656
646
560
756
660
658
660
658
666
676
690
694
706
710
708
714
712
722
736
720
726
724
704
704
710
704
710
744
738
736
742
732
734
726
736
730
730
716
726
736
726
730
716
714
722
714
712
704
700
688
684
678
668
660
648
650
638
640
638
638
626
554
728
644
642
636
644
686
694
724
746
764
780
760
760
744
718
710
690
678
674
664
662
666
676
684
704
708
702
686
676
680
680
674
684
692
692
686
696
714
726
730
738
748
720
702
684
676
668
662
670
700
706
694
710
718
720
710
712
706
694
704
708
712
696
702
700
708
722
710
692
702
694
682
682
676
664
666
670
684
690
708
706
698
698
702
718
734
748
740
730
728
742
724
712
702
694
690
682
682
686
694
702
706
696
684
686
694
562
840
700
720
564
894
718
716
724
730
712
704
704
704
706
714
736
758
748
736
732
726
714
712
706
710
710
704
714
710
708
706
702
700
710
700
710
708
710
706
704
714
698
718
736
756
750
746
762
742
734
734
726
712
720
726
724
748
756
756
754
756
756
762
762
760
756
762
772
766
762
730
730
712
700
686
676
694
708
736
734
742
752
742
738
722
706
700
704
702
712
748
748
752
762
750
776
772
756
748
754
760
744
772
774
750
752
734
744
762
778
792
768
750
736
738
724
732
730
732
752
776
782
776
768
762
744
724
720
722
722
722
748
762
768
770
762
746
734
726
730
732
722
730
770
766
764
780
776
758
770
780
786
776
764
764
750
750
740
742
738
738
742
732
718
710
700
694
696
690
688
694
710
716
716
724
726
730
736
728
720
714
686
682
676
680
690
702
696
696
738
766
760
768
756
730
730
722
708
698
704
712
720
732
746
744
742
736
734
724
708
696
692
682
680
674
682
690
702
706
710
718
720
718
712
704
706
708
710
718
728
732
728
716
720
718
724
726
724
724
728
734
730
726
718
708
714
704
692
694
672
674
668
674
680
684
692
682
672
674
664
666
668
676
676
688
688
686
698
582
844
700
680
688
696
694
718
750
742
782
772
762
744
754
762
754
748
754
760
768
774
752
748
750
740
746
746
736
730
728
720
720
732
752
762
750
764
768
764
750
758
754
736
730
746
752
748
746
754
762
770
752
754
766
756
752
750
752
746
746
728
710
706
698
706
724
734
766
794
812
796
804
800
782
764
740
734
742
738
766
790
796
780
782
790
772
784
786
778
770
766
770
774
790
794
794
770
766
766
758
770
780
770
766
792
792
772
782
784
768
754
766
768
750
746
756
776
760
764
762
756
748
756
756
748
754
744
752
736
742
736
716
722
720
722
718
722
722
722
724
736
738
728
734
734
730
720
728
732
724
718
720
716
714
704
706
704
692
686
686
688
682
686
690
702
698
720
740
746
738
730
718
708
700
702
704
700
692
674
702
688
664
664
664
658
660
666
672
666
682
696
692
692
700
706
702
702
708
710
712
710
712
716
726
718
722
734
724
716
716
710
692
696
702
692
690
702
708
696
702
688
686
684
680
678
678
678
680
694
688
682
678
680
684
680
682
686
692
680
686
684
666
670
656
654
656
654
660
674
670
668
672
672
672
674
678
674
682
680
694
710
694
686
692
690
674
676
672
664
664
666
670
662
666
672
668
670
678
684
676
680
684
678
672
680
676
660
662
666
664
656
566
774
664
668
680
684
600
766
682
684
682
680
686
690
690
698
710
706
702
694
688
680
674
686
690
682
684
690
692
680
688
696
696
692
708
698
688
694
692
680
686
676
670
662
666
660
664
662
562
786
684
688
688
686
698
694
698
702
692
696
692
694
686
690
700
694
694
688
690
686
532
840
682
674
678
672
684
696
716
704
706
736
738
726
726
726
728
726
732
730
728
710
722
730
736
734
748
750
746
738
738
720
716
716
724
732
728
736
730
714
696
678
674
678
674
674
700
714
708
708
730
730
726
728
738
738
730
726
732
738
726
746
754
754
724
744
756
744
740
752
756
754
730
738
744
744
744
756
758
744
746
754
756
776
762
764
762
728
722
722
702
702
716
712
702
698
690
698
692
692
700
702
712
718
744
760
760
738
718
720
710
704
708
712
728
726
718
700
688
718
688
680
684
680
682
678
684
682
686
672
666
674
696
704
714
712
730
740
724
718
708
702
692
682
676
682
698
696
722
728
740
728
724
736
734
740
726
734
748
744
728
730
746
746
508
972
722
710
708
708
710
708
730
740
746
766
772
790
764
762
764
752
738
732
734
748
746
724
718
722
714
708
706
700
694
680
688
688
700
708
708
700
686
692
676
662
686
664
650
642
646
646
658
664
670
690
704
704
706
694
684
672
662
662
650
646
628
636
628
640
666
718
796
812
804
784
764
748
726
726
726
734
722
732
732
738
754
748
766
748
736
728
732
724
734
760
776
762
758
742
720
700
696
686
674
670
660
674
686
694
700
710
716
712
714
714
708
718
726
728
720
710
700
688
682
668
654
650
644
642
654
690
726
752
766
756
744
730
738
732
756
746
754
784
798
790
808
796
792
762
752
732
718
708
704
696
702
696
694
682
680
670
674
676
680
674
688
744
780
798
812
832
836
850
726
770
760
484
988
734
708
698
714
746
802
842
856
844
792
774
774
754
740
756
752
766
770
776
770
746
744
736
738
742
746
770
752
756
746
732
742
736
722
732
730
734
726
726
712
710
706
710
756
792
818
836
826
800
788
788
764
742
728
704
692
692
678
668
658
656
660
670
702
736
758
762
756
740
732
728
734
750
770
802
822
834
820
806
564
962
732
720
732
730
756
792
806
786
778
758
608
868
732
708
706
692
698
698
696
706
722
746
560
998
746
718
704
692
672
660
654
650
672
716
748
748
762
766
780
798
804
796
782
754
772
772
814
812
822
814
772
786
788
798
806
808
790
778
760
730
738
732
732
750
764
780
774
760
742
726
718
724
720
732
738
754
752
764
744
752
748
738
722
702
702
690
732
692
696
694
700
686
688
680
676
668
662
666
664
662
666
664
666
686
690
700
696
618
762
690
680
666
664
670
674
656
690
674
674
682
694
696
732
568
940
740
736
736
726
756
790
806
800
848
878
854
810
838
816
848
782
770
824
804
794
810
830
810
800
844
886
910
864
876
876
582
1098
808
812
798
798
788
802
812
800
844
870
840
850
872
884
860
860
896
890
856
868
876
592
1158
900
908
1018
842
930
978
1006
968
960
954
940
892
904
938
948
930
960
978
958
904
910
920
884
888
890
920
864
826
858
848
840
822
862
930
968
954
930
926
908
892
870
848
828
820
858
868
876
598
1136
862
806
842
846
860
876
598
1164
852
844
826
820
814
808
798
812
852
894
896
876
860
860
884
854
838
798
790
784
790
788
780
802
798
800
786
776
772
786
806
828
832
816
788
776
780
796
804
838
842
850
854
870
852
860
844
846
892
920
898
858
806
854
834
864
896
906
900
890
846
852
854
838
818
834
864
866
862
882
874
886
900
892
894
904
902
904
902
862
822
812
798
816
824
816
814
824
858
900
890
874
876
890
920
912
884
892
914
902
876
892
934
948
976
954
942
954
956
934
910
872
852
834
832
834
846
898
928
922
904
934
956
954
936
892
904
910
892
876
896
614
1210
892
854
830
808
796
834
902
914
908
916
934
944
912
886
896
898
908
898
904
912
898
872
890
884
876
884
914
930
918
950
974
966
950
942
922
890
912
918
910
926
934
898
866
848
856
868
872
866
890
874
866
882
864
860
818
792
816
848
914
932
956
962
952
930
912
900
900
876
888
880
888
876
880
906
918
904
900
904
926
924
890
888
886
868
882
902
902
894
932
948
924
910
916
910
920
888
886
894
910
902
862
856
876
884
884
900
910
892
878
896
916
920
926
900
874
892
898
894
866
878
900
886
888
874
902
936
930
908
914
906
908
878
868
884
880
882
866
856
876
890
876
872
882
888
870
846
848
864
894
892
878
858
870
866
848
848
862
894
908
612
1136
858
850
842
840
850
874
892
874
868
888
880
850
826
808
788
808
836
856
876
908
924
908
880
864
872
880
874
848
872
884
898
902
884
870
884
892
882
876
890
908
898
868
870
862
868
834
832
862
888
894
876
886
892
898
894
874
878
884
904
896
878
878
902
894
900
908
906
878
870
878
860
842
852
864
888
862
830
840
842
848
872
886
646
1134
870
872
866
862
874
896
902
890
854
880
884
874
874
874
898
898
900
914
922
918
886
852
868
880
902
910
908
886
898
906
922
910
876
864
874
578
1194
840
814
834
848
876
864
854
870
884
892
866
858
876
876
868
848
828
850
870
848
846
854
842
806
830
838
866
860
856
844
846
862
864
860
874
916
928
936
926
912
914
928
914
884
850
840
856
862
852
860
882
918
926
896
902
896
914
900
862
850
862
870
896
906
914
946
944
924
876
852
866
876
894
858
798
778
792
812
826
820
812
808
816
844
842
812
814
820
830
846
836
842
826
820
826
788
760
760
768
752
752
750
758
758
758
746
732
726
716
698
694
694
680
678
680
686
678
660
656
642
646
636
628
620
626
618
614
616
616
618
620
620
620
630
580
674
614
610
590
608
602
600
588
616
598
604
602
610
594
616
602
600
598
602
574
628
596
598
602
606
602
600
608
620
620
632
578
698
636
624
562
682
624
618
564
678
632
624
644
638
630
646
634
638
638
640
574
706
492
802
644
628
620
620
568
700
636
646
664
686
550
830
692
690
702
692
676
680
678
680
690
686
694
690
694
694
676
680
668
558
778
668
660
556
766
658
656
654
670
584
760
662
666
672
666
562
776
676
672
670
676
562
804
678
670
672
660
578
750
662
656
654
658
552
798
670
678
688
670
666
680
564
822
690
692
676
674
668
660
662
662
660
550
812
674
654
654
658
654
552
770
600
726
654
662
674
664
670
678
668
676
682
696
706
712
702
696
704
698
696
694
690
670
648
678
682
678
678
678
658
652
550
394
434
616
392
936
660
662
672
670
678
686
682
700
690
692
694
680
688
694
694
690
690
690
698
692
696
696
696
678
674
674
676
666
668
686
690
680
682
692
698
692
692
700
700
690
684
676
660
658
652
552
734
642
634
642
632
548
732
640
642
650
660
670
678
580
832
680
658
670
672
556
798
676
682
704
706
724
722
742
724
722
722
710
700
704
708
712
708
726
744
746
734
738
738
726
740
726
728
706
710
714
722
712
716
734
736
728
726
710
700
682
678
676
678
674
676
676
676
680
670
660
546
766
650
636
626
618
562
656
614
610
608
552
674
610
616
628
636
656
668
690
700
696
680
670
670
662
618
414
486
568
558
748
654
652
656
650
642
662
654
654
656
656
656
656
670
674
684
696
708
722
752
780
784
490
1046
740
740
726
726
734
764
760
784
814
848
844
832
824
800
498
1050
754
738
744
774
830
882
542
1150
810
792
788
786
790
780
762
774
792
814
820
824
848
592
1066
788
790
802
818
826
870
624
1130
822
814
912
772
840
830
838
854
854
850
818
834
834
842
840
836
844
824
806
810
822
842
894
556
1198
854
844
558
1036
772
744
790
834
890
576
1158
850
852
878
886
568
1228
890
876
996
782
902
900
884
640
1118
854
844
858
878
926
918
920
918
908
868
852
854
852
610
1104
838
830
844
848
852
850
862
876
886
874
878
862
838
830
820
850
864
854
870
888
880
874
854
862
864
862
564
1094
638
990
792
782
814
830
844
850
572
1112
826
810
808
824
854
856
578
1138
838
820
822
836
858
876
582
1124
834
828
608
1028
820
836
856
892
898
892
906
892
890
876
866
870
870
866
838
816
828
826
844
854
856
822
810
824
840
854
826
780
754
770
784
810
836
858
864
868
856
842
842
842
858
862
870
878
