832
800
794
772
754
738
768
758
740
730
758
730
730
726
586
714
704
744
712
740
736
732
722
730
750
748
732
732
736
750
748
738
758
740
724
746
792
778
770
794
608
770
780
762
756
768
780
750
734
736
734
728
752
714
682
678
614
616
694
696
694
672
724
700
720
650
694
714
694
700
696
672
690
688
662
656
664
672
688
696
704
700
698
714
718
704
742
722
718
750
720
746
726
676
694
692
704
662
710
580
694
692
690
692
670
680
672
656
664
674
668
654
682
694
684
676
702
696
638
698
672
638
700
682
670
692
688
720
718
722
776
748
752
752
740
750
758
720
710
742
718
728
736
750
736
742
740
730
748
756
746
730
730
734
740
746
756
756
764
748
758
754
732
782
770
784
724
694
690
596
630
680
658
686
694
678
726
760
740
752
764
674
838
760
752
808
792
742
762
748
752
774
748
776
770
748
778
762
760
728
734
758
776
518
882
732
740
770
676
704
728
678
706
772
774
766
784
780
788
772
788
798
788
786
782
786
794
784
790
782
764
774
760
766
772
782
788
794
726
736
700
724
724
696
708
708
712
688
750
742
730
734
786
770
760
766
766
748
764
748
750
746
758
752
756
754
758
762
754
792
752
774
766
744
746
762
752
752
746
744
734
742
730
732
746
736
730
742
728
714
736
748
744
748
774
784
784
782
800
750
744
730
736
740
730
726
728
734
718
728
734
736
730
732
732
730
750
728
724
726
716
716
720
714
624
714
732
724
706
756
744
778
754
778
766
762
762
768
744
758
754
744
740
744
754
730
740
732
722
730
752
748
762
756
744
740
746
752
736
750
748
738
752
748
740
732
748
738
734
748
736
744
754
754
746
748
744
744
752
748
746
760
746
740
724
732
750
744
732
750
756
734
746
746
756
748
750
756
594
810
710
752
764
736
764
746
762
752
750
738
742
770
798
776
788
806
766
752
756
736
732
748
708
716
730
708
712
738
730
712
724
728
710
726
722
732
798
748
760
784
748
756
760
764
748
756
758
748
742
754
752
746
752
744
732
750
750
738
752
760
756
734
752
764
712
766
744
784
762
770
782
778
760
772
760
766
754
768
764
762
762
764
766
762
762
768
762
766
764
762
766
772
758
774
768
756
796
790
776
738
736
732
730
730
724
726
728
724
722
594
708
694
712
720
742
730
736
754
726
776
734
754
760
744
746
754
758
762
758
738
746
732
746
746
730
744
748
734
754
754
738
740
786
742
744
742
780
770
702
714
728
712
714
716
708
710
722
712
722
738
740
712
750
758
756
762
754
762
768
770
772
778
788
772
782
774
780
786
770
778
766
744
764
766
752
784
742
828
748
736
738
744
738
746
644
758
754
700
776
756
660
706
710
730
724
726
776
774
740
790
766
770
768
770
772
784
762
784
790
802
788
790
790
784
778
774
764
768
772
780
756
778
778
772
762
762
774
758
756
766
776
776
786
798
796
790
788
768
802
784
772
788
782
780
792
774
794
786
848
834
774
798
786
772
758
788
756
774
756
776
774
770
782
770
762
752
766
768
772
776
764
748
780
786
758
770
756
748
496
694
990
754
798
852
636
716
718
688
702
702
690
698
750
740
744
750
804
778
782
772
768
778
776
780
778
776
788
782
578
842
752
772
788
784
768
770
724
758
714
704
692
714
694
690
708
722
694
798
728
792
774
766
766
752
756
754
758
756
746
744
746
760
762
756
770
778
784
786
760
748
726
722
734
732
706
718
714
734
718
720
738
722
724
730
736
742
742
772
754
762
766
750
736
768
772
764
742
780
770
766
748
726
694
724
614
694
686
694
704
716
718
706
736
724
712
742
734
748
736
722
742
718
728
742
750
726
754
704
696
676
662
692
658
536
666
668
680
674
658
674
650
698
686
682
678
694
692
680
712
716
704
720
734
724
716
796
768
754
786
772
754
748
714
762
544
804
730
700
702
688
694
732
672
646
588
694
670
726
722
730
744
740
720
714
746
746
670
726
702
750
712
746
738
776
750
756
776
730
742
730
720
708
570
706
688
712
714
704
698
698
688
676
652
694
666
666
666
626
696
604
656
654
642
638
660
662
652
662
656
676
706
656
674
680
698
642
662
644
666
658
714
674
726
736
730
706
722
714
596
718
700
722
718
698
726
660
690
570
702
672
706
684
642
702
684
700
676
672
684
536
650
680
692
668
688
684
668
742
750
734
738
750
716
698
698
716
694
668
710
680
714
676
704
636
676
654
702
690
662
678
686
696
688
702
680
708
660
656
688
686
672
704
690
586
690
652
694
670
690
682
668
668
674
672
668
672
648
678
678
712
664
688
658
670
694
604
688
664
610
622
690
620
640
696
658
622
638
638
632
650
610
674
654
622
656
646
582
584
624
622
620
626
624
638
556
718
630
632
678
680
524
622
616
632
628
638
622
608
656
606
638
634
638
660
646
592
654
650
650
618
562
658
600
662
654
612
660
576
618
680
630
650
646
668
654
582
632
654
634
638
628
638
664
632
694
644
638
646
534
660
644
646
652
650
648
640
652
636
666
660
676
664
686
670
660
662
664
660
674
686
680
664
658
676
656
678
686
662
674
656
648
648
632
518
820
654
684
722
716
558
654
666
684
682
668
508
836
702
718
746
630
678
690
692
740
692
728
668
578
674
644
712
686
706
708
724
630
696
674
676
704
690
670
694
712
710
700
690
704
700
690
718
740
660
668
646
640
658
634
692
692
684
684
636
650
628
726
666
686
602
660
664
682
676
630
658
680
684
650
692
692
706
694
682
612
648
718
662
678
704
638
678
672
648
610
686
642
650
660
668
598
672
640
628
648
658
672
664
678
606
660
646
672
668
584
664
670
632
656
714
660
684
704
660
692
674
684
700
694
692
690
696
706
706
718
724
720
718
714
716
726
712
676
674
660
656
666
658
666
568
692
638
674
674
664
670
658
716
688
608
782
712
702
718
716
718
708
718
702
706
712
706
684
686
680
698
690
696
722
710
698
646
574
680
722
734
730
728
726
714
704
714
668
714
732
744
662
636
746
686
698
734
618
694
758
684
726
722
726
730
686
708
654
688
640
660
634
642
632
566
636
646
600
672
644
616
676
646
658
646
582
670
598
674
642
644
658
626
660
628
706
674
644
672
674
586
648
648
646
662
658
638
704
692
548
658
644
630
640
646
676
664
660
682
658
654
652
650
522
652
628
690
666
552
642
670
636
660
652
640
574
648
644
704
682
616
676
690
686
680
690
694
690
692
714
754
776
752
750
722
702
690
658
574
678
692
732
744
728
718
752
760
712
700
610
698
792
762
758
746
764
746
748
758
776
758
756
768
750
744
758
734
722
752
750
734
774
762
650
716
916
746
814
822
734
736
762
738
738
750
732
712
696
712
686
714
692
680
696
688
716
700
698
698
722
762
744
764
746
746
748
750
760
764
756
772
776
772
780
780
774
766
774
762
766
770
736
752
774
746
740
744
712
698
572
728
736
726
746
774
760
758
790
780
758
760
764
764
762
744
762
748
686
704
696
698
702
674
718
720
746
726
802
760
768
786
788
784
784
798
772
776
776
770
772
780
778
766
760
756
766
780
784
772
772
768
772
800
560
886
768
734
804
754
750
768
752
764
766
766
774
766
774
772
750
778
752
790
746
812
794
766
828
800
814
814
810
790
792
796
766
782
790
778
794
800
784
782
784
782
790
790
780
788
788
778
786
780
776
784
786
782
652
810
852
784
800
776
548
824
766
740
776
758
722
732
718
740
732
718
728
714
724
724
738
750
734
728
746
726
736
726
730
736
726
728
736
740
724
740
726
732
750
740
748
758
760
762
762
768
770
756
756
762
736
750
752
730
764
732
736
728
724
710
730
734
754
722
744
796
780
778
780
738
756
732
750
738
738
724
752
720
738
732
740
724
728
732
726
754
820
748
770
776
770
760
806
792
790
808
740
770
760
740
734
722
736
740
726
748
718
722
740
716
734
720
736
738
734
724
734
748
724
734
746
744
736
752
734
738
734
734
732
722
730
730
722
700
726
708
644
700
662
706
704
716
712
710
710
712
692
694
722
708
700
692
716
702
710
710
696
708
696
694
704
704
704
710
712
712
714
712
716
708
712
712
708
716
704
714
706
716
764
656
714
704
706
712
704
732
722
710
700
760
700
728
698
684
694
688
698
668
706
674
696
714
712
716
758
742
758
624
720
726
714
754
756
744
704
716
700
712
710
600
716
714
712
750
748
726
768
730
714
700
704
684
702
592
620
724
652
724
690
606
662
682
648
662
668
684
660
672
596
678
732
696
712
634
708
710
706
714
704
698
718
726
578
724
690
668
696
700
700
702
702
734
718
744
712
690
670
694
664
676
564
770
676
676
700
708
696
688
696
708
702
704
710
704
704
710
714
712
710
726
712
724
728
714
696
762
742
728
736
746
732
704
698
702
684
692
688
680
676
662
698
686
676
684
680
686
704
694
692
688
686
664
658
678
666
660
686
484
774
634
666
716
718
600
640
678
666
696
694
680
688
708
708
488
750
714
664
696
614
698
676
654
650
600
658
628
660
660
664
664
658
674
662
662
674
674
702
690
682
708
702
632
684
674
650
680
686
670
678
674
674
674
672
672
630
656
650
652
636
690
662
760
716
730
742
752
740
738
730
720
692
732
708
716
720
726
718
742
712
708
688
700
698
690
568
708
672
632
662
664
700
664
688
682
678
666
674
682
718
698
600
664
686
704
702
704
692
722
684
542
596
790
634
662
710
718
646
604
628
506
620
658
586
624
630
642
636
566
630
614
614
614
614
598
598
632
600
558
598
568
572
548
464
604
528
554
566
560
566
562
620
596
588
616
578
576
564
556
592
558
564
464
578
566
606
578
568
592
540
578
574
574
590
520
610
568
572
570
592
578
564
670
566
578
576
568
492
568
574
574
594
586
582
588
546
550
622
572
578
594
580
526
582
578
580
576
574
614
596
596
564
588
608
586
542
592
590
574
590
592
586
608
572
630
636
612
628
616
650
606
596
624
660
638
654
656
630
536
628
590
558
610
608
618
622
618
616
658
638
682
624
612
630
526
694
654
652
672
630
668
684
610
696
520
742
636
674
654
668
650
620
648
666
600
742
684
750
744
716
738
714
712
716
670
682
646
648
624
646
624
556
618
590
664
634
632
646
670
632
606
650
630
636
638
518
666
584
626
624
628
636
622
634
644
584
626
604
610
642
626
638
540
600
608
602
618
596
616
606
608
608
616
600
612
604
608
600
636
568
636
628
624
530
604
508
708
594
590
608
600
586
632
606
540
584
592
582
624
602
542
594
628
610
586
602
544
600
600
596
598
596
636
602
548
600
596
594
590
588
602
628
562
590
592
632
544
624
596
536
620
598
586
588
574
548
596
584
604
514
660
596
594
630
624
596
520
584
594
596
612
624
490
644
592
634
618
620
510
620
574
554
582
582
618
598
530
578
588
586
578
580
588
608
550
614
596
598
568
534
620
584
582
512
606
550
618
490
622
614
538
574
564
612
578
578
526
608
590
540
576
594
602
598
604
624
616
592
566
608
592
500
552
586
624
594
572
546
620
552
618
592
570
598
616
606
582
570
580
576
454
610
550
570
628
532
578
566
574
596
572
580
606
598
518
570
582
608
530
614
582
582
580
592
494
600
572
534
604
582
552
588
548
578
586
524
572
608
544
610
596
526
582
576
582
580
582
584
610
546
612
592
582
576
588
502
614
572
548
608
592
568
598
592
620
472
584
568
606
588
598
608
518
590
596
584
572
542
574
602
592
602
510
588
572
584
582
582
618
590
558
604
512
630
592
596
502
614
582
582
498
610
572
586
574
586
588
592
580
596
580
608
516
580
580
554
486
674
608
542
612
600
490
606
586
554
582
610
576
606
568
570
542
484
598
540
610
576
516
602
534
612
528
602
582
590
500
602
528
574
566
568
552
570
550
560
608
606
598
544
574
564
556
566
564
564
432
594
528
594
578
548
578
546
586
584
588
564
556
562
564
568
440
560
604
518
550
560
550
552
584
520
550
550
552
558
554
552
558
604
570
570
626
582
574
450
606
536
560
608
586
570
580
574
610
572
508
572
556
552
564
572
560
570
568
558
576
586
584
584
572
602
560
628
598
604
586
618
650
634
632
582
622
586
512
668
596
602
646
646
494
618
592
562
616
588
584
612
596
548
588
598
590
594
596
606
602
580
642
610
606
630
614
614
612
624
610
632
630
624
644
608
666
622
646
654
640
634
646
644
640
650
644
600
694
664
650
678
680
654
680
680
670
680
714
688
678
734
676
542
674
642
648
670
724
696
700
706
660
714
704
716
688
738
686
666
578
670
626
698
662
688
652
660
638
710
654
592
824
668
690
714
636
692
668
674
728
732
696
642
678
668
676
668
682
684
692
674
670
680
624
700
654
702
678
668
720
704
704
700
698
654
754
716
718
720
734
738
744
742
760
730
722
720
712
708
702
678
702
592
682
654
720
728
710
732
710
696
694
700
710
684
706
704
792
590
674
668
678
680
666
654
556
766
672
700
706
690
710
650
652
648
656
584
648
676
670
690
716
708
672
700
686
710
698
746
700
676
582
692
714
682
698
722
700
728
664
660
640
662
518
630
634
626
632
622
624
626
626
620
636
628
634
628
638
632
666
642
630
688
552
630
628
620
614
642
646
648
648
692
666
664
678
606
682
668
662
666
694
670
680
604
666
666
654
646
672
648
670
658
678
634
636
668
712
646
708
694
596
664
678
686
674
686
578
758
688
660
610
684
708
686
698
678
728
694
628
688
690
696
640
644
644
642
640
646
560
652
618
648
652
658
656
658
660
676
656
648
658
632
670
660
650
676
654
670
658
648
664
648
634
636
648
658
648
662
668
554
718
694
680
708
680
592
696
688
698
702
696
734
712
722
722
716
712
712
708
692
660
716
658
654
680
672
708
640
686
688
708
648
524
676
608
638
636
632
622
630
616
508
746
618
668
658
654
630
572
676
648
650
648
660
674
674
600
646
650
640
632
638
670
650
592
636
650
640
638
674
606
672
646
672
546
640
666
604
634
632
640
634
632
650
628
660
646
678
656
678
670
652
642
688
636
624
646
628
534
588
660
590
650
634
626
636
646
552
610
592
564
602
598
588
604
634
612
608
578
564
630
596
616
510
580
578
610
596
550
532
600
566
584
568
478
548
550
534
550
572
572
564
476
530
532
494
526
522
530
562
488
524
558
512
534
500
510
480
544
528
460
550
520
492
510
508
502
508
538
984
594
504
524
508
504
514
492
434
518
510
516
488
522
516
562
528
524
482
558
518
530
526
516
536
538
522
500
526
534
568
532
542
482
536
528
528
562
554
578
478
558
470
560
552
478
538
532
538
528
532
538
522
536
532
536
530
536
532
530
540
534
530
538
542
522
544
576
548
542
530
554
484
518
540
536
544
566
536
530
542
538
556
526
542
546
538
552
564
560
534
562
476
546
558
588
576
448
652
524
638
564
530
592
572
568
490
582
602
570
584
582
574
602
586
564
568
574
592
532
584
584
448
534
618
594
584
572
494
558
570
562
558
584
568
568
594
610
600
590
568
606
496
614
584
590
580
580
574
580
578
582
648
586
586
536
634
586
674
628
652
590
616
608
660
640
560
640
624
580
660
596
628
676
630
612
618
638
652
606
658
636
638
630
620
646
648
642
640
600
650
650
618
640
642
620
642
636
634
650
660
668
648
658
656
642
656
654
638
518
806
644
662
694
574
510
732
614
626
670
686
500
626
640
624
626
636
630
634
652
678
666
664
646
610
642
686
666
648
660
654
648
630
642
634
626
664
636
672
672
618
682
614
678
654
622
674
588
692
670
672
702
686
664
676
666
644
656
648
644
656
658
642
666
662
644
666
640
632
628
632
618
636
628
636
622
642
644
656
676
638
634
650
630
640
622
630
632
642
624
670
584
630
658
624
658
646
592
606
642
660
662
646
620
656
576
626
648
608
696
640
662
672
620
666
664
638
664
668
696
620
662
688
640
696
672
646
690
678
662
688
680
618
666
650
626
690
632
712
694
686
662
668
692
670
668
654
620
680
676
686
656
638
544
640
688
606
662
656
696
658
698
682
638
550
706
654
664
684
660
594
628
666
532
766
640
638
656
678
674
668
670
668
674
650
672
676
664
624
686
682
746
706
706
718
690
710
690
696
670
674
702
682
680
670
678
710
690
608
762
698
698
730
606
732
692
722
688
698
694
686
576
804
704
698
752
738
726
694
676
670
676
674
678
686
698
706
704
708
718
722
722
734
730
732
732
730
720
736
712
722
772
714
776
750
762
760
746
750
700
728
726
716
720
730
708
770
726
746
744
732
718
700
720
706
688
676
684
680
688
688
716
682
702
778
726
748
718
730
672
658
658
670
670
664
662
676
582
668
680
648
712
672
682
702
692
684
696
706
686
688
688
666
688
686
672
694
702
682
694
662
534
804
688
656
704
700
694
732
714
726
700
684
680
692
686
676
668
682
686
676
678
686
686
674
680
684
682
626
646
694
634
678
700
680
688
690
690
704
690
688
716
528
732
668
682
678
686
656
682
684
678
666
684
666
708
688
726
688
688
698
696
694
696
712
712
716
702
722
722
718
706
684
710
726
710
718
634
678
692
680
678
654
680
648
714
668
674
676
690
688
720
668
658
664
674
648
688
670
656
656
666
668
526
676
610
634
630
654
628
632
638
690
652
662
660
674
652
682
718
676
732
706
750
732
740
720
786
780
766
776
776
802
770
798
750
756
730
708
712
694
694
722
720
706
708
702
684
702
702
706
704
602
726
684
656
690
656
684
732
664
722
692
698
696
734
706
652
686
734
708
692
696
694
692
694
690
704
698
706
702
702
704
706
700
714
720
718
720
720
708
692
710
694
670
676
660
706
712
686
692
710
708
688
726
694
674
706
586
692
696
666
698
686
718
700
700
708
718
712
708
686
686
674
692
686
676
672
676
542
516
890
642
656
746
720
678
662
568
682
680
640
726
692
688
728
720
710
626
696
704
736
710
714
738
692
694
680
592
708
740
690
722
746
692
716
700
732
716
722
716
710
740
734
716
734
756
744
732
746
720
716
728
738
726
714
698
720
722
686
710
702
682
706
696
682
702
688
580
694
664
712
698
684
710
696
648
702
672
666
722
678
712
722
706
646
720
696
662
690
748
700
690
732
720
740
716
726
720
724
706
722
726
716
730
726
722
722
706
710
720
718
718
694
712
712
716
706
684
716
736
732
778
754
756
728
724
702
724
712
688
696
656
548
764
708
698
744
736
662
672
654
672
690
672
684
676
590
628
696
684
692
698
694
678
672
676
674
686
678
676
694
682
694
702
698
690
708
712
704
720
712
700
730
720
710
740
728
716
730
750
730
750
738
720
756
752
750
698
702
706
718
672
714
698
694
676
690
698
678
698
594
654
724
678
712
740
678
720
720
692
716
720
694
678
692
670
666
654
668
662
556
670
664
682
672
662
700
712
714
726
704
722
722
738
704
730
728
710
698
754
734
726
738
724
708
712
700
700
688
712
724
748
746
766
744
746
754
734
766
720
764
754
750
758
748
730
760
750
770
750
760
728
706
596
714
698
730
720
712
748
734
716
762
740
732
734
770
754
740
764
760
730
778
742
738
776
810
708
766
762
748
756
748
730
756
754
750
708
712
728
720
710
740
730
708
720
594
702
688
704
712
690
720
730
716
712
720
722
720
740
722
732
748
724
716
746
728
704
782
746
732
738
730
758
782
736
754
744
712
730
700
734
742
700
740
726
736
740
734
740
742
734
736
710
726
720
734
696
726
710
606
708
720
724
734
742
738
744
778
760
736
764
748
744
736
736
750
744
732
720
744
736
710
736
724
706
718
716
706
694
732
684
722
722
690
738
724
716
718
740
736
726
728
712
732
716
704
718
686
706
696
714
686
720
690
678
762
764
746
754
756
728
738
696
784
736
756
776
750
764
760
734
730
694
732
708
690
612
718
706
750
720
718
730
714
726
722
710
724
724
714
722
722
696
726
714
696
726
716
700
718
716
694
720
704
702
730
712
756
740
770
750
734
750
724
726
732
708
724
746
742
710
740
704
752
736
712
708
724
710
726
738
718
734
752
740
738
748
740
760
744
730
734
710
718
700
714
742
728
740
746
736
732
748
736
790
752
780
744
742
716
744
742
726
750
734
726
736
730
748
752
746
758
760
768
768
764
734
738
752
748
734
766
752
750
744
742
720
728
724
720
714
702
722
716
728
598
710
702
724
742
720
742
734
716
732
726
716
732
720
704
702
708
712
688
694
682
702
706
742
700
690
678
692
734
726
724
726
708
702
692
704
712
726
708
726
702
724
602
594
788
776
706
774
740
758
700
716
706
706
594
714
702
690
712
718
696
708
722
712
726
710
700
734
722
702
738
714
724
744
728
716
646
768
728
732
756
730
658
742
656
706
698
700
738
720
708
732
720
738
724
720
722
726
710
748
742
712
740
756
742
754
760
716
720
704
716
714
692
702
700
690
576
740
670
700
692
736
718
722
696
688
692
652
656
688
708
702
668
680
678
666
682
546
670
686
670
674
698
696
690
706
712
662
712
708
690
718
696
694
710
704
690
742
752
616
678
682
668
688
682
690
692
700
706
694
694
708
700
682
716
718
702
740
728
712
732
706
696
710
700
708
712
696
730
724
716
746
758
586
700
714
706
734
742
734
768
768
740
796
760
774
754
748
760
750
750
760
768
764
748
754
756
738
738
762
748
742
732
738
720
720
728
708
702
734
724
714
736
704
692
720
680
732
696
716
704
712
708
702
732
746
728
702
732
706
710
716
710
722
728
576
720
710
694
744
716
716
734
698
738
720
720
722
698
764
710
726
754
736
764
758
734
760
746
744
750
724
702
698
684
704
720
718
726
702
726
724
722
728
716
742
720
748
730
728
722
738
742
712
754
764
722
734
700
716
702
670
742
742
744
756
746
744
738
720
722
726
710
686
768
772
740
750
802
774
780
760
750
746
772
726
722
712
698
714
590
696
724
718
760
740
746
790
742
804
774
786
784
786
798
798
794
782
786
782
784
780
778
776
784
774
770
776
776
762
768
764
762
768
762
772
762
776
760
768
758
746
778
740
718
716
734
706
600
688
776
744
750
732
742
716
610
708
704
734
732
718
730
738
754
754
750
754
750
748
740
748
740
728
740
744
732
740
728
756
740
742
724
730
740
718
732
738
742
750
756
748
756
760
784
742
758
744
736
750
728
734
744
740
738
744
744
750
736
732
738
740
744
750
744
748
742
746
754
742
744
752
744
744
732
746
720
718
722
730
722
742
692
688
676
704
606
688
728
726
728
730
770
724
760
742
784
766
770
772
770
748
742
740
726
730
726
720
716
778
758
766
772
752
636
720
1032
786
842
830
764
772
778
760
774
778
756
784
774
762
786
776
764
766
774
760
762
772
758
762
774
760
762
772
772
770
770
750
756
756
724
750
742
726
758
744
730
792
762
742
770
782
784
764
770
770
774
770
774
806
782
792
744
742
750
760
746
760
766
768
748
758
744
744
744
750
746
736
748
750
742
748
750
762
738
746
714
766
784
774
770
782
802
782
798
778
768
766
790
762
754
752
768
742
760
764
750
770
760
748
756
732
750
754
742
756
752
746
764
744
748
756
754
764
770
752
762
768
746
750
764
746
756
748
742
738
752
756
764
728
738
754
772
766
770
794
782
786
776
800
776
770
756
764
770
758
772
762
750
762
744
744
752
742
762
752
750
748
754
750
770
770
762
516
594
520
594
746
766
720
772
734
758
752
770
716
714
732
722
702
746
738
752
746
760
742
742
770
764
754
634
694
564
592
346
944
762
790
806
800
804
782
792
770
772
784
774
776
794
794
774
794
790
786
786
792
772
780
780
754
776
766
748
766
758
744
760
748
758
756
738
746
722
732
730
742
734
728
734
734
744
728
750
752
738
754
748
734
732
722
736
746
748
758
738
758
796
774
802
786
828
826
854
834
840
796
790
782
790
774
756
784
770
756
760
738
746
766
758
744
764
762
740
762
762
746
760
766
538
860
792
758
800
776
786
766
760
762
764
532
904
738
786
824
764
784
768
790
800
792
796
792
816
546
938
758
782
830
804
760
758
740
754
746
744
730
726
754
728
722
736
742
698
794
754
812
798
788
780
784
794
768
782
768
754
746
722
710
704
706
614
708
584
524
512
542
708
734
736
816
766
782
862
748
810
784
754
796
796
774
794
780
772
780
766
778
770
756
780
770
768
784
776
774
788
786
770
786
774
752
758
750
738
720
744
724
706
734
724
722
732
758
768
750
760
746
802
796
784
796
804
730
812
798
756
806
788
780
772
794
776
830
810
814
832
818
820
834
816
800
798
802
806
788
790
796
778
794
780
764
784
772
768
772
760
782
786
770
772
790
792
776
772
768
770
776
782
784
780
776
780
776
774
776
774
764
770
764
764
772
764
766
764
762
762
764
764
762
766
770
762
770
766
758
778
726
730
730
740
738
726
740
730
732
730
754
726
748
788
782
790
788
778
800
818
806
804
802
794
842
744
662
810
742
786
770
770
782
782
770
768
762
756
764
766
770
774
774
780
782
770
778
772
766
772
770
768
770
766
774
768
754
758
762
756
760
774
746
730
746
736
740
726
742
718
720
716
710
710
818
762
752
776
768
766
764
758
760
758
754
758
734
744
762
738
770
804
770
800
712
812
808
786
