658
652
654
654
650
644
656
624
636
634
634
630
642
628
634
640
638
636
624
640
646
638
644
646
640
640
644
640
646
642
642
640
640
642
636
646
638
638
626
636
628
636
630
636
630
640
634
640
636
634
640
636
636
636
638
632
640
640
636
646
618
460
620
674
652
666
646
618
632
628
630
628
634
636
620
634
644
636
468
500
620
518
686
582
624
586
628
676
666
678
670
670
666
684
646
634
634
628
630
622
632
626
626
614
618
616
616
616
620
616
618
624
636
630
632
640
636
644
644
642
642
638
636
638
526
460
604
516
676
568
640
592
624
594
622
612
626
602
624
600
632
578
630
586
620
668
618
690
672
654
670
666
672
670
652
618
604
612
602
614
612
606
602
618
622
618
626
618
614
618
578
608
616
612
624
612
614
610
604
600
602
598
598
598
592
590
592
590
446
728
590
584
614
600
586
574
582
590
588
584
588
576
592
600
600
612
604
612
614
610
612
608
606
600
604
604
586
594
600
598
592
598
584
544
578
604
598
604
604
598
604
606
604
616
608
614
606
612
612
606
604
596
598
596
424
544
676
536
634
580
572
590
596
592
568
562
566
560
562
560
558
558
558
564
558
552
562
562
570
570
568
568
560
582
576
574
592
586
564
566
584
566
580
616
594
594
598
592
592
602
598
610
602
602
618
610
630
626
632
628
630
650
622
584
612
572
620
670
616
634
674
674
662
674
676
642
554
622
540
622
676
676
672
686
522
638
620
670
670
670
652
620
624
618
626
610
618
612
604
592
598
586
588
586
594
596
592
580
604
606
616
612
610
614
612
622
600
606
612
600
624
596
618
624
438
628
622
466
348
568
658
646
624
658
636
618
622
630
620
614
604
616
610
614
344
532
700
526
644
672
436
586
344
576
616
618
620
616
622
620
630
632
638
564
462
628
664
676
664
666
672
652
630
624
624
620
620
624
622
624
612
624
470
620
674
672
672
662
662
668
652
668
650
622
620
618
628
440
606
672
580
690
672
668
666
672
538
610
674
674
656
678
666
520
624
672
666
652
666
644
612
614
614
618
616
518
442
420
600
656
574
676
572
618
660
662
670
660
664
678
650
626
632
628
624
534
604
670
600
646
664
662
664
662
658
646
664
540
600
662
666
664
684
644
634
642
606
632
624
624
620
626
624
626
624
610
604
602
600
594
596
600
464
592
652
642
618
630
614
558
586
652
660
650
656
652
654
640
664
630
612
612
612
614
604
616
612
618
612
628
620
640
538
598
652
602
664
656
652
670
666
664
674
520
616
666
582
688
674
668
676
676
682
692
694
646
486
612
676
672
668
672
668
686
692
636
466
608
670
672
676
682
666
588
630
568
626
678
676
668
680
502
626
672
684
668
642
616
620
498
594
662
602
636
662
650
638
610
610
600
600
596
600
580
592
600
592
592
592
588
592
602
610
606
606
616
610
614
618
628
626
632
508
574
590
550
668
660
644
654
656
644
632
658
644
648
648
652
608
608
596
606
560
604
572
600
648
648
628
654
618
592
592
590
588
588
586
592
586
590
604
610
608
612
620
620
618
634
620
628
626
630
560
638
660
640
628
630
632
632
632
642
630
626
626
620
632
592
622
670
636
630
660
642
624
608
622
612
616
612
616
616
610
616
612
610
618
614
610
614
388
554
642
522
672
560
610
652
664
668
660
676
646
626
612
614
622
620
622
622
618
608
632
628
626
624
442
578
660
664
656
658
654
656
660
642
634
662
652
516
626
614
654
654
660
654
676
640
636
616
624
604
612
396
630
662
642
650
636
612
624
620
494
594
650
652
646
648
658
652
664
658
666
654
662
660
660
662
644
684
662
642
614
646
608
618
632
320
578
652
650
662
646
648
650
650
650
656
530
628
608
652
658
654
656
656
652
658
656
654
650
652
532
626
610
650
654
648
652
646
654
646
650
650
652
652
646
658
652
654
658
652
658
652
654
652
648
650
652
648
638
632
630
632
556
596
652
656
644
644
658
634
610
610
618
616
616
604
452
582
644
496
592
652
578
672
504
456
602
504
670
642
656
646
502
456
602
650
484
526
618
486
576
602
668
624
608
538
594
648
628
672
638
650
646
644
652
652
638
628
632
628
484
580
650
564
672
642
642
640
652
646
636
664
624
608
608
610
616
614
588
628
618
614
626
406
578
640
638
646
644
642
648
646
642
656
646
644
648
642
646
646
660
670
624
648
574
610
576
610
570
612
652
654
662
652
666
658
668
660
664
668
662
664
666
662
664
660
660
668
660
662
660
662
664
674
666
672
656
666
658
658
668
664
662
666
660
660
662
656
650
660
654
652
654
660
654
654
652
650
648
646
662
516
592
658
648
656
656
658
652
648
654
654
652
652
640
642
642
632
642
636
650
634
642
636
642
642
642
632
630
626
636
626
642
636
638
638
638
652
644
656
652
652
660
660
662
658
654
656
644
658
642
656
650
532
630
618
664
658
658
652
780
694
606
448
592
658
498
600
650
570
544
604
570
626
580
600
598
604
584
602
602
610
598
606
582
600
588
602
638
656
646
652
648
650
642
652
654
654
660
658
658
662
652
666
660
518
626
608
598
632
660
654
662
662
662
656
508
592
458
624
664
654
660
658
666
664
656
658
662
654
444
594
622
650
648
652
650
650
654
656
662
660
662
650
670
634
612
610
610
618
606
624
626
630
628
632
632
640
638
644
644
652
644
644
638
632
638
638
642
632
622
616
612
624
502
580
650
628
676
504
484
614
550
624
660
650
644
632
662
644
624
504
594
658
650
656
654
660
672
636
620
604
602
612
604
600
600
608
606
592
604
580
612
614
582
590
646
658
630
628
656
648
606
622
622
610
612
628
630
586
416
816
660
632
668
650
626
626
628
632
632
630
622
620
626
628
626
632
400
806
650
632
680
648
622
622
622
584
602
618
632
614
624
630
628
634
588
612
664
684
664
676
650
636
544
618
672
650
640
640
634
586
622
676
676
666
676
648
626
620
556
446
542
408
498
688
528
640
678
660
640
670
652
514
608
666
668
628
648
674
672
674
664
666
678
652
636
634
630
630
698
658
660
668
660
466
404
592
664
666
640
658
646
624
622
568
626
496
608
586
640
676
644
658
662
670
636
612
632
622
620
628
614
620
618
620
620
618
630
640
634
632
634
644
640
652
646
658
612
632
610
628
684
658
674
672
654
680
666
636
636
590
636
554
618
538
650
652
618
660
682
642
614
616
620
618
620
624
618
602
638
640
640
638
648
634
638
632
626
624
616
630
628
632
602
640
632
664
664
658
620
632
630
648
686
694
688
692
690
692
682
678
684
562
642
592
638
680
682
676
686
676
676
728
700
678
668
696
638
698
696
614
734
550
556
626
556
688
596
656
564
426
624
636
664
630
646
650
638
664
632
662
668
664
674
528
642
628
668
662
494
612
668
664
672
492
458
608
668
666
672
664
672
752
690
684
664
786
716
720
604
638
598
510
566
544
588
692
650
654
642
618
618
636
624
534
584
672
634
618
624
618
616
636
656
692
690
690
618
710
602
332
588
562
402
552
844
606
644
626
636
574
594
604
572
606
608
616
606
694
722
638
766
676
654
578
636
614
502
592
652
588
678
628
646
558
608
582
614
630
620
612
608
626
610
428
576
654
556
672
648
644
620
604
598
600
602
606
592
608
560
604
614
614
612
600
656
626
622
604
620
608
618
608
628
622
614
568
606
622
616
614
620
624
636
624
620
618
626
614
616
622
618
622
616
620
618
616
626
620
614
626
620
632
624
630
626
634
548
618
676
676
674
678
650
628
630
640
636
582
632
684
698
694
704
700
700
698
704
702
704
742
706
716
698
696
696
710
706
758
572
662
646
684
696
674
654
710
686
684
684
680
676
688
682
688
688
690
652
624
634
628
558
666
628
532
352
600
608
714
670
632
664
628
628
628
628
624
628
628
618
580
634
654
634
638
638
650
646
650
642
644
652
648
638
642
616
640
696
694
658
504
628
686
620
670
694
708
698
718
670
644
640
654
648
622
658
616
654
564
658
702
664
730
710
502
648
708
508
450
660
710
736
690
712
684
662
668
588
680
708
682
674
678
676
688
670
682
690
614
692
726
736
722
726
744
620
714
466
670
628
652
726
742
730
742
742
640
706
742
680
704
760
748
722
792
742
742
758
724
714
704
700
542
676
734
726
728
730
732
728
724
630
702
738
734
734
746
728
594
678
604
654
650
690
586
660
616
642
714
656
672
732
670
710
678
680
670
682
682
680
672
690
694
696
700
702
702
712
710
702
692
704
690
704
698
702
700
702
702
706
708
704
706
700
700
700
704
692
704
704
704
708
712
712
708
702
706
710
708
708
704
708
708
702
706
702
710
696
702
700
712
700
702
710
704
710
716
698
704
702
706
706
710
706
706
708
706
704
712
708
710
710
714
714
714
714
714
708
710
712
706
706
708
706
698
702
696
700
694
696
698
694
696
704
696
688
684
686
686
690
684
690
682
690
692
686
686
692
686
680
686
700
690
702
696
696
696
698
696
696
700
690
694
690
690
690
686
688
684
696
692
704
704
702
710
700
704
700
700
700
694
700
698
712
700
706
698
694
692
702
688
688
688
688
692
442
604
696
578
696
582
692
652
646
632
688
732
672
702
738
732
734
732
730
736
724
736
712
726
718
724
734
724
736
724
724
710
704
710
710
712
716
528
674
612
678
724
680
490
678
624
502
660
722
716
726
720
720
722
730
736
730
722
726
730
730
734
726
740
728
738
730
516
488
674
606
754
594
696
610
670
672
700
634
684
638
500
666
724
646
744
734
728
744
732
738
734
742
738
730
730
732
728
734
726
716
740
706
696
678
682
676
670
680
690
690
688
692
694
698
704
624
712
732
652
688
730
730
736
736
740
740
724
702
698
698
706
700
692
718
714
718
716
726
726
732
728
730
736
736
732
730
732
402
680
752
738
740
554
1008
742
722
724
728
722
722
718
724
728
736
728
724
746
732
498
670
730
732
728
734
726
734
726
728
732
730
912
782
576
724
640
692
644
690
642
686
688
720
680
694
654
688
692
722
670
702
682
696
694
704
644
684
652
682
678
716
674
682
700
716
716
726
694
728
720
706
734
750
750
764
756
750
732
508
676
740
658
752
734
732
728
726
732
570
674
734
660
532
694
608
696
654
682
676
728
654
694
672
692
708
758
716
750
734
732
722
728
724
728
736
726
744
736
738
744
734
732
740
728
736
742
732
740
736
736
742
734
724
730
726
718
736
724
724
734
728
730
738
724
734
734
724
746
734
736
746
740
742
746
738
742
740
736
740
748
730
736
734
734
736
730
732
736
730
726
740
736
734
748
736
732
742
732
738
732
734
736
732
736
732
726
734
728
726
736
730
734
736
736
732
740
722
740
742
730
746
746
734
754
734
734
740
516
668
734
722
714
732
526
658
638
742
700
700
578
672
654
710
624
674
668
672
662
720
634
686
658
680
656
720
646
678
686
706
678
696
688
684
692
772
674
706
666
690
674
768
704
710
698
696
742
736
734
742
736
736
742
734
732
730
730
718
734
720
730
730
728
544
688
694
638
560
688
612
684
612
684
670
696
656
694
638
678
662
698
658
712
696
724
690
708
740
662
490
670
744
732
734
746
732
742
742
744
744
740
740
736
746
734
732
742
738
726
736
734
730
720
738
724
732
728
740
730
744
742
746
728
744
744
726
750
748
736
740
750
738
734
736
724
726
742
728
730
734
730
736
734
746
732
738
750
732
734
746
732
732
738
734
732
732
740
726
726
734
726
728
724
736
720
748
728
736
736
732
740
746
734
738
746
740
734
744
738
728
742
736
732
734
730
720
726
732
532
662
732
650
702
732
732
562
518
682
574
744
664
538
674
734
686
774
736
738
744
724
736
738
726
730
736
728
720
740
730
724
740
728
728
738
736
736
538
680
728
528
678
594
686
642
682
628
680
668
532
664
732
678
760
730
734
736
726
736
732
728
740
740
730
742
740
736
520
676
620
676
642
664
624
688
638
756
678
710
708
762
740
528
670
734
740
748
738
736
742
736
732
742
728
746
728
718
736
728
724
736
720
730
728
722
738
730
726
742
732
730
738
742
730
736
742
746
752
748
756
754
754
750
764
748
750
742
752
740
750
734
740
748
750
744
754
754
746
748
764
750
758
758
750
764
762
752
762
750
754
762
752
750
752
750
740
754
750
744
746
744
756
752
752
754
748
750
740
746
746
744
736
750
742
738
740
734
734
742
730
734
746
730
740
738
740
742
748
740
744
744
738
738
746
730
750
744
732
744
746
562
680
740
724
726
738
730
734
746
572
498
686
664
760
718
770
756
756
746
742
752
748
734
730
742
738
878
786
580
734
676
700
716
732
730
710
742
718
728
740
734
728
740
734
730
478
680
718
616
588
682
628
684
662
590
674
742
730
724
736
504
670
726
738
736
734
734
738
738
736
750
744
744
744
742
742
748
530
674
738
646
704
742
728
744
738
736
752
742
736
744
740
740
748
754
744
742
750
516
678
750
748
706
732
704
704
722
718
734
572
522
704
610
718
668
722
680
692
698
764
732
758
744
744
756
748
746
738
750
512
684
744
742
734
746
686
718
726
718
742
734
748
750
738
738
742
536
502
688
666
774
702
718
734
742
732
736
724
796
754
750
594
684
738
722
510
474
678
612
750
700
782
732
728
756
732
748
750
746
742
536
470
690
610
762
694
722
712
782
752
730
744
752
742
746
752
750
742
756
540
694
746
644
780
746
744
744
508
572
704
698
776
740
728
560
672
740
730
750
742
738
748
740
738
748
750
744
740
764
742
746
750
750
784
766
748
742
734
742
728
846
780
606
732
686
708
698
726
726
764
738
750
738
746
742
752
742
746
908
782
652
738
638
680
696
764
722
714
734
734
734
738
744
742
736
538
678
738
738
748
740
736
738
742
738
790
508
672
718
728
728
720
722
726
726
776
522
684
680
614
682
664
652
674
678
518
680
624
682
520
670
726
736
734
722
726
732
664
698
716
624
610
468
692
642
776
652
716
710
744
690
708
698
792
738
740
746
698
722
730
718
746
744
754
742
734
750
746
744
746
762
754
522
690
754
748
726
746
694
716
718
786
750
802
748
744
740
746
734
750
738
754
752
746
748
760
748
746
752
754
752
754
760
762
472
694
760
750
746
748
754
532
680
746
658
724
726
748
748
738
736
748
738
748
742
754
742
798
744
742
738
738
732
734
466
680
746
686
772
742
746
772
760
742
740
746
750
450
678
748
736
744
528
550
702
590
772
678
740
686
700
702
736
706
708
696
780
738
724
744
762
732
760
752
756
750
746
764
764
750
760
764
760
756
754
768
752
748
752
754
742
748
746
740
736
744
742
740
746
738
756
554
688
748
752
748
742
758
746
746
670
712
744
740
744
736
738
734
748
736
736
596
900
744
732
790
758
456
684
752
746
752
524
692
758
754
754
754
756
754
752
754
750
750
534
686
748
746
754
742
758
752
750
754
764
746
536
692
764
744
728
734
706
714
714
728
740
736
742
792
742
736
684
716
740
742
748
506
684
740
756
740
748
756
756
760
740
756
756
788
762
674
754
734
736
736
746
738
742
744
752
744
746
750
748
748
752
750
748
750
754
748
750
752
750
750
738
746
750
746
754
750
614
726
692
748
728
734
740
746
740
748
742
748
742
746
748
786
760
748
632
698
740
744
736
734
750
736
508
686
748
740
746
734
738
754
738
738
750
750
520
674
736
648
714
548
336
638
750
654
762
738
742
728
738
746
732
746
746
746
794
774
756
672
754
742
738
748
750
746
760
746
758
612
694
504
680
748
526
584
700
656
772
694
728
724
778
748
762
752
754
762
748
750
756
768
758
748
754
766
498
684
742
670
764
748
734
754
748
744
744
752
744
756
760
764
758
752
764
758
762
752
760
766
762
754
770
750
756
756
474
640
554
712
638
788
744
788
1106
820
754
752
482
990
756
548
754
706
662
782
754
532
482
698
600
724
668
778
746
790
760
774
774
506
702
764
772
512
1032
780
764
808
776
758
770
760
760
762
770
758
756
764
762
758
760
446
692
766
760
590
824
712
672
552
714
624
716
674
722
682
704
680
724
684
722
704
746
740
774
752
762
766
752
750
790
750
764
766
740
742
740
742
780
738
746
700
746
716
752
756
758
762
768
774
782
776
774
774
766
772
762
768
768
770
766
770
562
682
758
746
740
752
740
542
482
696
568
754
652
740
640
708
698
740
696
710
700
788
726
756
740
800
784
788
782
776
758
540
906
780
754
780
690
750
746
716
734
562
868
784
732
780
636
702
708
728
692
708
716
710
506
686
752
542
668
746
656
760
742
740
508
516
696
562
752
634
706
672
704
668
710
710
752
700
710
734
748
722
722
750
748
742
750
742
756
748
766
676
404
692
766
518
512
702
620
768
678
546
704
472
716
768
516
596
706
674
784
740
732
728
714
724
744
724
716
726
792
738
758
764
746
752
754
750
732
752
772
758
756
760
760
750
752
754
756
744
754
754
740
746
758
746
752
742
754
756
758
654
884
762
768
814
770
752
768
762
762
766
756
764
752
758
756
750
754
750
752
752
760
762
756
758
762
764
756
758
758
756
754
770
488
684
756
660
714
736
740
516
556
428
672
694
776
748
744
744
746
744
756
698
818
758
750
764
742
740
752
756
744
752
754
534
682
750
648
784
752
752
762
756
754
758
766
760
756
774
536
698
764
746
732
748
730
698
724
728
762
764
754
758
776
756
768
778
768
768
788
764
774
780
778
522
710
668
738
768
770
770
770
758
766
766
760
760
552
1002
772
764
784
766
496
958
760
586
932
750
754
798
766
744
746
744
758
754
764
762
758
758
760
756
742
636
718
752
746
756
758
764
932
812
634
784
660
738
710
744
738
752
732
796
754
568
930
738
758
738
716
754
722
548
698
758
760
772
768
758
774
780
770
528
696
778
764
760
766
726
734
420
664
654
454
708
760
764
758
758
736
662
728
764
778
774
772
764
776
764
768
768
776
760
768
766
772
758
762
766
766
758
762
766
766
804
762
780
612
708
774
760
760
766
766
766
518
704
780
592
528
692
618
558
688
686
786
766
762
762
776
754
756
758
774
766
536
700
772
678
740
674
592
672
758
686
796
772
782
764
546
712
768
514
602
736
726
796
776
778
772
768
768
778
784
764
762
776
770
760
764
762
522
686
754
758
750
750
768
758
750
512
698
756
540
622
728
730
806
760
662
630
748
782
780
788
796
776
604
724
778
776
766
778
784
760
770
782
772
782
518
722
792
782
796
800
784
790
796
802
794
562
728
792
782
786
792
788
808
790
852
674
766
754
790
780
802
762
778
666
740
724
712
696
684
678
674
664
666
666
656
656
672
678
680
678
678
678
672
676
678
680
686
694
696
696
694
692
698
688
676
678
682
678
678
668
684
678
684
680
680
682
676
684
690
698
702
716
706
718
716
712
708
704
700
708
702
704
708
704
708
706
718
710
720
714
722
718
714
708
716
710
716
718
716
710
504
672
774
662
750
786
516
720
788
782
770
744
708
698
712
492
700
752
762
742
746
716
444
670
746
750
744
752
730
712
718
716
722
718
720
706
714
700
704
694
692
660
732
576
712
754
760
758
752
758
772
758
760
766
670
392
680
744
658
774
528
526
698
598
706
742
722
738
734
732
738
734
738
738
548
670
744
662
714
734
736
734
720
728
668
660
666
656
558
668
648
650
648
636
648
638
646
630
640
640
630
632
630
602
648
634
612
636
628
582
636
642
630
654
650
624
626
628
624
430
470
654
678
632
658
634
618
626
622
586
610
634
636
646
646
656
630
682
654
654
648
642
652
638
642
656
650
644
652
662
646
682
674
666
674
682
688
682
700
690
678
684
680
674
672
680
560
722
714
704
702
702
700
702
700
692
708
456
758
800
720
728
736
526
556
602
798
768
730
776
732
726
558
694
790
672
784
770
722
574
942
754
618
610
600
604
394
646
726
592
586
380
588
734
562
652
604
606
676
676
670
760
718
720
748
726
706
634
698
582
320
676
776
742
806
780
748
722
704
720
552
742
780
720
736
674
730
772
730
728
656
732
788
734
760
728
712
506
730
790
668
392
678
470
714
670
788
718
740
714
668
716
548
730
680
778
782
736
748
562
716
750
680
716
696
660
672
658
670
592
706
698
704
704
682
718
708
696
702
698
708
694
700
738
696
670
684
544
702
686
676
674
698
686
652
666
516
714
610
718
708
690
684
676
678
678
682
684
606
742
756
684
740
600
730
796
734
750
720
698
700
698
706
698
698
392
750
818
744
746
714
694
700
702
698
700
706
692
700
712
706
710
706
710
706
710
714
710
710
710
718
712
718
702
712
710
716
702
698
686
688
684
676
682
674
696
668
712
712
724
714
714
700
700
710
698
708
698
708
712
722
716
714
718
724
716
720
724
724
722
724
722
718
726
726
730
726
722
734
718
722
714
724
722
718
722
658
776
720
708
740
726
700
696
698
700
690
692
400
722
796
760
752
512
714
782
564
722
790
666
762
798
520
736
614
728
782
522
732
790
530
462
738
784
796
764
772
750
670
716
602
746
770
552
498
726
776
786
748
764
742
598
740
774
704
748
756
740
710
704
698
694
688
686
680
678
684
672
658
704
716
712
712
562
840
706
698
462
732
784
662
746
760
708
736
728
712
710
716
712
720
718
716
708
718
712
706
710
712
706
708
712
706
700
712
704
710
720
718
718
720
722
712
718
712
714
712
712
708
706
706
706
710
706
706
700
702
702
700
698
702
700
700
708
710
716
710
702
706
706
704
704
706
704
704
700
702
708
692
684
678
674
670
674
670
668
680
688
696
700
694
696
694
690
692
692
696
682
690
694
686
700
700
694
696
704
698
700
702
700
694
422
700
766
788
756
768
696
700
694
704
704
696
708
700
702
702
688
696
688
680
686
680
688
686
676
694
704
706
700
702
710
710
716
712
710
712
716
712
720
716
726
728
730
728
726
718
718
716
722
714
720
718
424
758
800
796
776
748
730
728
728
736
730
736
732
730
726
730
710
696
708
692
694
692
700
688
690
702
710
716
710
712
712
712
712
714
712
710
710
708
712
718
712
720
710
714
716
708
712
708
714
710
714
706
716
710
704
706
706
700
706
704
702
694
694
696
704
708
712
710
712
716
710
702
406
726
620
780
770
748
746
698
656
668
662
608
664
674
664
664
666
658
648
660
652
648
650
654
644
650
626
670
656
650
652
648
572
508
584
768
748
698
744
716
692
662
796
554
706
764
716
740
708
678
698
698
692
702
664
432
684
650
772
748
718
724
698
668
662
654
662
654
530
360
630
740
600
758
692
668
706
680
664
510
668
732
710
710
690
490
666
730
718
708
670
518
658
728
618
724
702
588
672
684
660
686
674
644
642
644
636
636
624
636
478
642
712
652
680
662
578
636
642
614
678
656
624
666
710
678
674
678
676
686
682
700
706
710
732
726
738
724
718
728
722
486
646
710
618
740
712
718
718
714
734
670
654
584
650
654
650
648
666
666
664
668
664
662
654
648
646
646
632
504
666
678
688
662
630
666
678
656
686
674
640
490
652
718
616
730
712
688
702
714
548
664
722
724
710
708
716
688
660
618
650
482
656
488
682
712
504
656
702
626
694
710
506
652
716
620
754
696
694
670
646
648
504
656
722
666
662
694
674
656
666
660
660
654
658
660
664
660
664
660
650
666
640
676
680
678
678
678
674
438
686
726
550
652
726
636
690
732
726
718
720
702
704
676
664
658
654
656
648
646
658
650
652
652
654
648
644
650
628
634
618
642
650
654
638
654
662
666
668
680
674
674
676
658
664
662
670
652
658
660
664
658
680
678
680
690
686
690
692
694
692
680
676
674
666
656
662
566
608
646
614
436
558
632
662
662
662
676
670
668
664
668
656
664
716
524
654
724
700
702
678
506
652
716
712
700
686
752
526
648
732
658
770
396
980
764
600
704
676
730
702
706
680
676
666
684
682
680
668
686
664
670
718
604
700
560
392
636
502
858
758
562
708
690
656
656
632
416
678
668
632
674
640
622
622
624
624
614
634
644
520
648
720
710
646
698
724
728
720
696
680
676
666
668
670
662
674
668
660
664
672
668
662
662
662
668
656
658
484
312
616
752
572
700
724
738
734
738
702
690
678
686
684
678
512
646
726
712
720
720
712
714
718
682
714
458
648
620
680
724
716
718
448
608
604
524
654
718
728
690
640
706
674
700
708
664
560
642
716
710
712
708
816
596
686
574
662
704
714
704
726
682
670
664
516
340
616
708
684
668
660
636
654
590
672
638
648
644
652
646
546
542
716
578
676
634
650
648
640
714
692
590
656
678
652
622
834
718
704
670
628
634
636
630
628
558
678
484
626
700
672
672
652
624
634
636
634
586
620
628
616
670
646
642
634
640
642
636
640
646
640
636
636
638
636
578
642
708
664
678
644
620
620
622
616
612
624
602
646
650
662
668
680
668
552
662
706
714
706
708
710
632
698
516
640
710
688
678
648
626
636
634
540
642
562
654
708
712
710
730
670
646
646
650
642
646
646
640
512
650
722
716
716
718
698
636
656
656
642
650
520
648
716
722
732
712
716
684
668
668
688
648
496
644
546
684
958
868
774
730
668
658
648
632
646
648
650
652
642
656
612
652
610
668
690
670
660
652
700
658
662
668
650
654
644
584
672
552
646
710
702
674
694
664
646
648
652
656
612
644
584
510
638
748
724
718
728
730
700
680
674
664
672
618
650
548
664
728
726
722
702
722
786
706
900
690
762
706
710
732
710
720
760
588
766
712
550
682
556
650
690
698
694
698
694
654
670
710
712
686
690
686
688
684
644
704
578
670
720
718
710
724
718
628
474
648
594
734
724
634
718
554
672
722
714
720
706
702
598
668
582
644
750
674
706
660
634
634
638
642
590
630
640
622
676
662
666
660
652
660
650
664
656
664
660
670
674
666
668
672
680
494
628
706
