744
814
786
838
836
810
808
810
800
774
782
756
770
776
728
730
782
800
792
872
842
816
808
818
826
786
798
780
776
786
776
802
844
828
834
804
828
870
614
884
834
820
816
816
804
828
820
826
774
814
812
720
686
742
724
676
692
666
656
650
642
638
658
672
680
686
688
708
714
702
704
712
708
714
752
760
746
780
784
776
756
780
756
748
758
800
784
774
794
794
766
788
802
768
784
816
806
794
844
834
834
844
846
800
778
780
784
760
762
828
794
850
904
880
844
862
830
812
798
804
782
776
786
790
786
854
834
816
846
850
808
822
864
814
846
920
892
892
850
860
840
800
800
802
794
874
924
858
886
840
800
816
822
826
836
910
878
854
906
886
824
856
840
808
824
838
828
840
838
868
840
868
868
868
856
838
832
824
840
830
796
834
808
780
782
738
728
742
722
730
786
766
784
802
798
794
806
794
786
800
814
788
838
888
854
884
886
862
820
832
812
806
804
836
834
860
806
848
798
816
826
802
790
810
862
830
838
830
836
798
820
812
800
818
860
822
846
846
822
820
820
790
810
862
822
822
870
832
810
834
854
840
822
840
796
830
844
892
852
856
878
872
868
860
858
810
810
840
842
820
878
872
842
828
882
828
840
862
838
836
878
876
860
854
844
856
870
902
880
846
888
872
860
876
850
858
856
850
858
840
854
834
886
850
858
894
860
814
836
808
828
856
916
860
926
928
878
884
854
812
822
828
828
864
936
890
902
898
850
798
834
850
824
856
888
882
864
878
868
874
828
854
860
844
864
866
824
826
838
882
852
868
868
864
866
872
866
850
882
864
858
912
894
850
884
868
838
824
844
832
820
886
886
872
888
878
868
848
866
828
838
886
874
840
864
892
858
852
872
852
826
852
842
852
854
814
810
812
772
776
796
788
850
864
840
800
828
888
896
848
852
910
860
886
940
868
856
890
856
854
806
812
844
808
794
802
708
722
680
710
650
654
1286
690
584
726
460
590
588
584
580
584
596
598
608
616
630
646
684
696
678
686
646
646
664
674
694
694
728
732
736
768
848
780
764
764
758
740
750
748
730
732
752
742
750
796
770
780
790
784
738
758
726
736
750
728
744
784
786
758
772
756
770
766
762
780
720
730
680
686
666
686
670
698
734
810
876
854
908
834
856
812
796
798
726
784
764
774
792
794
784
774
774
762
778
774
768
848
958
898
898
798
730
686
682
690
698
766
776
784
774
780
758
782
748
604
712
730
720
720
732
670
706
700
750
772
756
860
992
1130
1134
1122
774
870
854
812
830
774
796
838
828
880
942
880
900
914
898
846
846
848
800
814
830
798
818
832
842
846
906
874
892
932
900
896
964
896
900
928
958
940
948
946
990
962
892
922
928
944
886
922
946
1002
992
982
882
868
880
742
730
804
814
772
762
716
730
768
800
786
790
748
766
796
790
864
856
830
840
890
876
856
824
824
830
892
1284
994
940
886
832
850
828
900
878
982
1146
1158
1124
1128
826
958
966
966
1030
958
972
908
886
784
894
944
932
892
834
732
852
682
750
816
620
638
676
696
690
694
688
668
690
700
690
712
688
708
762
918
952
890
988
852
846
818
888
880
862
824
744
822
776
714
744
746
720
750
772
776
774
766
728
732
752
764
754
760
746
856
886
872
816
780
826
798
824
812
766
838
846
862
858
830
810
758
792
844
898
834
808
858
878
894
880
846
848
844
846
832
826
918
870
850
872
770
866
884
884
874
880
802
820
814
880
960
882
882
898
870
976
880
902
906
998
1240
1218
1184
916
1086
844
1144
1182
1098
1020
930
1026
1102
958
902
992
928
940
896
922
928
978
930
928
938
916
900
934
1010
948
948
874
946
1088
976
1002
972
862
922
902
886
902
926
892
918
976
924
954
934
948
918
844
822
722
752
718
808
796
794
782
768
718
706
730
698
710
748
772
786
794
776
854
638
848
744
832
834
778
760
846
826
826
834
830
848
820
844
844
822
842
888
836
856
828
790
796
722
920
578
748
742
784
762
880
806
810
840
796
748
786
784
834
876
842
892
864
888
896
1018
898
932
844
842
788
882
818
850
936
1196
954
1074
980
962
986
954
968
862
900
910
938
1020
1002
982
856
830
722
794
752
754
758
742
744
780
874
968
1052
1058
1058
1038
990
964
944
936
848
830
850
960
952
1072
1078
1044
978
838
776
810
804
806
798
912
930
908
910
850
826
808
760
720
712
736
856
946
994
972
976
928
952
908
930
932
944
858
1024
988
1044
984
1020
1020
1000
1058
1056
1058
990
952
802
936
1052
1042
940
930
868
992
1058
1038
1032
1014
942
960
928
910
806
812
874
822
1046
1028
1058
1072
1054
840
888
714
810
858
942
908
936
950
1044
1066
896
890
924
918
942
932
890
870
860
776
752
776
930
1022
1106
1124
1136
1102
984
914
878
876
880
866
876
872
1040
1058
988
1024
966
988
950
892
892
914
1042
1042
990
962
826
784
752
794
844
862
936
968
932
950
906
914
918
864
958
1036
984
1100
958
938
946
968
956
906
846
832
852
926
952
934
852
828
864
942
920
918
888
858
862
858
880
848
812
830
920
948
910
872
890
870
798
796
748
742
840
882
900
834
818
864
868
896
866
852
858
872
900
970
998
952
856
858
894
772
890
936
984
930
910
906
910
934
920
884
866
802
810
812
920
1036
972
1034
1054
998
1034
1016
944
958
936
868
932
942
982
974
1022
1082
1010
964
932
960
870
930
968
894
878
898
888
900
846
882
864
876
986
980
908
882
962
794
954
918
910
986
990
954
984
914
948
882
888
840
828
746
744
782
798
850
848
920
888
876
872
872
882
834
804
790
782
756
754
738
750
718
740
824
802
824
838
848
824
788
820
880
840
860
912
866
852
876
862
856
864
920
872
876
892
814
862
874
838
880
868
872
866
890
866
882
912
884
908
946
894
916
928
878
910
930
908
958
930
928
952
948
882
924
902
878
816
872
850
840
902
872
888
982
1000
924
950
916
978
930
896
826
840
848
936
918
916
924
926
936
950
932
964
948
902
900
890
898
944
922
944
918
898
920
890
870
904
916
890
956
946
908
924
906
844
884
874
866
878
934
894
910
906
890
852
878
864
854
856
868
832
872
874
844
854
882
854
864
896
884
880
856
862
862
810
854
848
836
864
864
834
852
886
858
846
862
846
840
836
852
806
832
826
800
810
752
774
790
780
796
854
816
842
848
846
796
836
834
834
830
832
804
830
862
818
856
874
834
840
876
830
840
872
878
860
870
884
856
858
902
846
872
888
864
864
896
878
882
862
858
844
848
832
826
822
772
816
806
828
864
876
830
848
830
780
830
934
880
994
908
866
964
838
872
796
660
766
744
728
726
688
710
704
742
744
740
758
744
736
740
752
742
738
746
792
794
792
812
828
806
786
756
788
752
812
766
836
856
836
842
866
852
822
812
828
820
796
802
794
816
850
800
808
804
786
802
812
780
736
780
874
902
932
912
890
886
884
878
870
876
870
872
800
820
840
826
874
934
888
1256
1024
1072
842
902
936
908
928
954
948
904
846
838
814
840
836
826
890
934
894
890
896
842
868
866
814
860
872
858
896
958
896
922
928
888
884
880
842
884
936
894
908
894
892
932
916
886
890
886
872
864
868
852
920
954
884
856
832
852
848
854
842
880
840
870
914
906
906
918
968
728
654
710
692
674
748
744
766
778
790
780
748
762
772
768
742
770
770
798
774
790
804
810
808
806
808
806
804
818
800
800
828
820
836
844
828
820
826
802
804
810
792
794
828
810
814
826
824
806
822
840
808
820
830
766
776
802
830
816
864
908
852
848
846
810
826
824
810
758
778
782
784
792
784
818
832
820
884
932
906
886
836
774
830
830
888
830
844
916
862
872
864
814
846
910
934
960
968
984
1132
1152
1136
860
1016
820
940
1120
946
966
1048
1078
990
806
834
864
1060
1198
1060
1078
1040
1040
930
894
912
848
874
902
878
932
996
1006
986
992
964
884
836
882
940
960
926
936
974
992
960
948
866
868
844
808
792
786
812
834
776
796
782
774
784
788
752
754
770
748
766
792
820
814
812
800
784
788
772
768
784
772
786
858
834
846
880
860
872
846
810
834
840
788
826
844
856
836
840
850
834
828
858
878
854
848
856
852
884
872
864
890
862
870
838
868
858
866
870
800
846
834
834
820
824
882
906
1016
1020
1006
964
994
898
894
828
890
890
888
870
814
792
770
706
768
764
882
842
918
858
942
932
984
930
982
820
800
902
866
830
852
930
864
790
862
892
934
896
902
906
876
818
830
890
922
910
868
886
916
900
890
880
848
878
860
876
950
918
890
936
888
868
852
840
828
846
848
904
888
890
904
870
844
852
818
830
842
834
828
838
872
870
820
832
834
840
824
822
818
858
842
852
884
856
846
832
828
790
786
798
810
826
888
892
812
806
824
822
802
788
810
804
796
846
838
800
824
840
822
826
814
830
780
798
806
792
850
876
818
864
866
802
824
832
816
804
828
786
790
792
738
720
754
732
734
742
764
758
754
798
828
796
774
798
786
790
800
796
794
802
814
836
804
828
832
814
804
804
774
794
846
792
836
876
862
824
844
840
824
842
826
814
820
844
848
816
860
872
814
822
844
798
810
818
824
848
874
844
850
808
908
910
840
842
852
932
926
904
836
798
834
828
816
824
862
830
888
932
996
1024
928
738
866
750
890
1118
976
1002
1054
826
932
834
934
998
914
948
968
922
860
912
932
960
928
880
882
892
888
928
934
914
914
910
902
890
912
968
924
896
888
902
878
870
876
926
894
898
954
1004
994
878
914
910
852
914
1048
1038
1012
892
1010
984
916
906
918
972
988
952
952
914
938
992
936
922
920
928
910
878
896
898
828
860
870
864
906
854
872
890
884
800
812
834
766
736
770
842
846
854
846
864
846
822
850
852
830
842
842
922
872
868
874
888
862
836
854
846
852
862
888
860
846
848
828
868
868
850
906
892
886
874
820
830
832
838
806
822
824
790
794
800
864
836
860
876
888
842
846
862
854
820
854
934
916
892
892
906
892
856
854
810
790
786
756
834
806
872
972
886
916
924
918
856
858
870
842
846
934
980
890
920
916
866
880
864
850
862
844
830
850
842
786
822
828
824
820
812
860
820
834
852
824
826
822
866
840
832
826
842
816
884
918
854
892
846
836
812
840
832
796
816
858
824
846
840
802
852
828
816
818
822
788
816
820
786
808
802
792
792
820
818
798
826
832
810
814
812
792
782
800
794
814
818
808
794
792
792
764
758
744
702
700
742
842
864
828
860
888
934
858
874
882
852
912
842
920
742
840
928
936
868
920
912
850
880
914
888
860
882
900
758
818
852
818
860
898
856
832
834
824
768
788
836
866
816
888
872
894
862
842
842
850
808
786
760
818
846
798
848
894
894
854
838
844
816
826
822
826
818
846
816
874
902
834
862
896
850
834
836
804
806
802
826
826
872
898
866
880
868
888
870
862
876
864
840
848
876
856
862
914
916
846
882
892
892
860
908
936
878
874
908
866
880
928
940
920
926
934
910
916
896
860
890
924
874
884
886
874
880
888
858
808
830
794
728
700
760
804
770
780
814
820
800
802
796
808
796
802
794
774
788
778
808
764
834
1018
1010
1016
984
978
954
956
936
932
922
1028
914
996
934
868
760
956
978
874
930
922
950
912
738
892
778
822
808
836
838
834
822
822
842
822
802
790
796
812
824
822
824
804
842
844
838
840
838
864
828
864
884
834
866
814
804
830
834
832
898
976
952
964
930
850
818
780
782
758
776
858
888
852
904
906
878
906
864
822
810
806
790
814
848
926
920
904
904
902
898
902
854
872
876
874
862
872
852
840
848
888
832
862
866
864
856
812
840
876
850
852
796
822
812
808
850
856
816
828
864
850
858
858
850
844
812
812
810
842
816
836
838
808
808
788
792
840
818
804
822
782
792
788
788
778
842
842
828
864
902
832
868
882
854
828
842
796
752
768
814
842
820
826
858
832
810
826
838
824
814
842
828
864
902
942
900
914
962
912
880
904
886
890
836
866
884
904
872
876
888
830
828
858
848
848
848
886
838
852
842
794
772
772
770
744
772
790
848
818
814
814
806
832
822
794
818
862
848
824
846
862
814
806
788
754
756
726
692
684
686
698
676
694
688
676
676
674
684
652
650
618
654
668
660
666
672
678
666
664
666
668
662
664
670
636
664
654
678
726
774
754
802
794
776
796
754
732
718
712
702
692
696
704
706
698
706
706
712
686
680
656
700
678
646
640
642
646
632
664
684
700
694
698
692
706
644
666
666
676
700
690
716
762
690
718
726
706
736
740
742
734
730
708
726
720
728
726
782
812
804
780
810
758
720
732
724
734
696
698
686
692
680
706
696
708
702
692
716
692
712
716
706
700
702
700
682
688
686
680
698
724
748
754
782
766
788
764
770
768
748
738
762
716
680
762
790
806
854
802
806
744
736
732
704
670
690
778
790
802
862
878
858
744
786
736
714
696
696
714
724
758
750
778
772
764
776
770
776
756
746
762
760
760
758
766
790
806
814
704
702
704
674
666
650
678
674
680
710
718
726
732
736
746
742
730
730
752
744
740
776
754
784
766
756
772
754
750
748
764
756
784
782
762
796
822
790
784
792
750
738
722
704
732
722
770
782
756
768
756
762
748
754
730
718
736
734
784
774
808
814
830
804
786
828
858
816
894
1056
1040
1138
1014
882
980
780
888
1048
878
932
924
894
928
958
926
932
896
940
860
904
852
864
956
994
932
956
950
910
1006
1066
1036
1020
1128
1018
1078
1066
1044
1000
1004
986
926
1026
960
1002
1018
986
1022
1022
1022
1002
902
874
840
828
874
894
854
866
896
842
846
878
864
840
828
838
828
822
872
858
854
856
874
870
878
862
832
830
852
882
852
868
910
886
878
876
846
830
850
852
796
830
810
794
826
858
838
874
962
940
894
876
862
852
818
840
828
882
848
850
878
862
842
854
854
814
844
836
836
816
810
774
740
786
800
778
782
772
816
850
820
836
824
816
780
754
820
830
796
818
834
906
902
900
906
884
870
836
820
888
868
876
918
880
862
838
854
816
844
906
852
862
878
928
900
924
910
874
808
798
834
872
850
876
950
908
910
864
778
758
750
778
882
902
936
896
832
788
824
800
804
844
824
780
776
800
840
908
896
914
910
870
802
792
820
854
888
840
820
798
818
914
1230
1108
1080
1140
764
856
882
926
912
994
1142
1164
844
884
900
874
896
892
926
1070
1064
954
936
930
940
1100
1178
1064
1034
1006
978
996
956
932
936
944
936
964
984
1134
1182
1086
1032
1034
982
950
1026
952
1000
1092
1088
988
970
966
900
906
1012
1080
1046
1036
1102
1056
964
994
990
972
956
954
1006
968
1058
1046
942
948
930
844
904
902
866
864
958
958
938
914
938
834
870
822
844
796
792
786
746
774
778
764
764
754
748
756
758
814
808
798
824
884
840
860
842
812
796
730
746
742
800
812
856
828
806
834
792
764
796
772
762
776
776
784
790
760
740
788
820
802
842
882
854
788
784
834
858
884
902
922
890
812
772
798
796
798
794
786
806
806
794
812
812
870
826
824
1262
986
990
894
876
910
994
940
1036
1106
952
900
896
870
874
876
944
886
930
910
912
922
932
908
908
918
854
904
1006
926
936
962
848
810
934
1046
1094
1010
1026
1040
962
1076
1080
976
1036
1052
1024
962
950
834
942
1010
1026
1212
1122
1024
938
966
882
912
930
888
928
958
928
924
918
856
892
894
930
896
914
924
920
916
1004
940
962
970
946
926
938
868
916
888
856
902
968
910
938
946
888
930
926
848
798
856
928
894
908
960
954
918
930
940
842
866
866
848
876
928
922
880
900
900
856
854
894
870
878
900
874
864
870
890
850
854
866
812
816
824
816
844
864
854
810
834
872
890
858
878
868
860
860
872
856
850
876
912
874
870
872
846
790
850
858
838
876
876
870
866
860
908
856
864
884
848
848
866
782
846
836
904
934
892
878
862
836
800
830
888
842
896
938
868
874
934
884
864
890
832
874
876
864
886
890
882
884
858
826
846
878
850
868
898
860
870
824
812
866
868
860
838
828
792
826
910
836
924
904
870
872
838
820
840
854
818
840
900
858
876
902
888
838
898
896
864
874
864
856
854
932
870
864
890
886
880
870
880
814
838
864
860
866
842
852
784
774
754
836
920
838
918
930
890
946
684
882
730
802
828
814
858
832
824
834
818
826
814
852
822
838
844
834
860
866
898
874
836
862
832
822
826
800
778
818
848
812
792
832
810
794
808
792
714
718
764
762
740
752
704
664
650
644
634
636
610
622
618
614
612
624
612
612
608
610
618
622
626
684
652
668
678
636
740
670
722
788
714
720
740
710
706
724
726
712
692
684
686
684
670
674
644
646
620
586
606
560
598
644
732
720
700
834
758
778
792
780
794
688
624
696
676
672
672
672
710
702
728
750
774
792
876
916
862
938
912
914
788
810
770
778
768
726
730
744
770
792
796
778
748
732
756
688
736
714
712
706
698
726
706
710
704
698
706
718
700
676
704
726
704
726
740
734
736
722
730
736
724
742
734
740
800
832
792
808
822
816
796
780
804
842
872
834
878
932
964
934
934
936
918
778
796
794
794
786
826
806
800
742
810
678
724
726
700
714
716
692
700
728
736
776
794
760
748
742
714
712
714
708
758
616
690
714
740
718
726
730
728
738
708
702
706
706
684
662
668
610
614
632
612
624
660
702
690
712
760
724
756
734
718
732
726
750
762
748
788
770
778
784
744
744
746
746
742
738
752
746
782
754
702
692
698
698
686
696
722
816
778
794
822
832
802
820
808
790
810
886
828
814
784
746
776
738
762
730
748
746
696
744
750
784
684
706
744
738
738
738
730
728
700
738
760
798
704
734
724
774
794
754
778
778
764
770
788
776
788
788
798
810
794
802
768
778
744
770
770
744
780
762
780
810
790
794
714
726
792
688
758
694
742
784
752
740
764
746
752
794
818
768
796
788
822
820
794
778
818
892
850
938
1014
952
1030
908
750
832
852
968
992
922
984
1006
1000
898
882
864
892
888
938
978
958
822
888
872
820
824
830
854
840
810
816
758
872
954
852
826
856
790
744
760
742
738
712
824
870
832
814
790
814
864
854
852
878
860
886
876
852
804
802
884
1158
1118
1054
808
986
990
920
872
986
1054
1036
966
892
978
822
948
1078
1144
1162
1150
878
878
940
968
958
966
828
868
904
968
886
920
976
976
938
904
876
844
822
850
852
1004
1122
1084
962
906
922
918
932
928
880
862
852
864
864
780
808
818
972
974
900
936
932
928
938
922
940
866
740
802
782
822
946
890
890
960
994
978
886
852
860
860
850
832
814
818
808
798
802
812
858
898
860
852
844
902
956
944
920
836
808
738
744
752
842
874
836
946
888
880
952
942
928
866
822
794
742
748
726
690
718
678
712
698
692
708
724
704
722
722
768
640
756
562
638
656
654
642
642
638
634
648
656
654
662
674
680
700
708
684
684
702
684
692
758
702
594
690
700
744
666
696
704
730
790
668
698
738
782
660
714
706
704
712
698
708
716
716
740
740
724
750
736
724
732
730
732
734
736
738
684
690
708
744
780
762
786
782
762
822
700
802
640
712
720
708
706
638
682
640
654
632
652
650
654
654
656
616
584
664
558
582
598
556
580
576
710
440
568
562
564
570
632
530
532
568
564
616
524
566
556
530
548
548
542
544
522
538
602
474
534
556
510
522
524
522
516
518
516
516
520
520
530
532
536
536
538
546
554
546
550
550
574
590
594
506
516
530
542
614
556
548
542
506
520
546
580
558
506
530
520
524
540
500
524
520
518
530
536
528
548
558
548
552
552
544
604
512
532
518
540
542
540
540
538
598
500
536
542
548
494
536
550
526
524
528
500
506
500
524
514
528
524
430
422
390
384
398
396
410
408
412
402
394
410
566
932
514
406
380
392
396
394
394
396
394
396
394
398
398
404
396
394
394
402
396
388
390
396
392
394
388
392
390
394
386
390
388
386
382
386
384
766
384
376
372
378
390
378
386
388
390
388
388
392
390
386
384
386
390
388
382
386
390
388
388
388
392
388
390
388
390
386
386
382
384
384
382
378
384
384
388
384
384
384
386
384
386
382
384
386
380
382
384
378
380
380
386
384
386
384
392
386
390
390
394
390
390
390
390
394
392
394
398
394
396
392
400
398
396
394
404
404
402
400
400
406
406
404
404
402
412
402
406
402
410
406
412
408
416
412
404
404
412
422
418
410
676
416
398
388
1116
398
400
380
946
404
404
384
394
1016
400
412
388
396
402
408
406
416
412
424
418
418
416
422
422
424
424
424
420
434
758
996
424
394
1188
402
438
390
1142
402
444
398
1214
404
444
398
1116
412
1232
696
698
416
1046
744
742
412
252
1156
940
950
916
788
1212
1116
1202
1220
1184
938
1066
1176
1216
1132
1088
924
796
1116
1110
1098
1138
1162
1136
1148
1158
1136
1054
930
1160
1138
1156
958
942
1132
894
788
808
744
734
834
1238
1216
1094
916
894
814
752
810
1298
1226
1164
1074
896
1028
958
906
836
818
782
874
1260
1234
1108
854
854
796
766
866
1264
1216
1172
976
978
954
854
872
830
814
848
1300
1182
1138
950
820
874
774
788
842
1298
1204
1176
946
852
864
736
742
784
780
776
866
1300
1220
1058
764
756
768
820
858
804
872
948
1264
1282
1152
910
764
782
756
840
1300
1228
1178
938
904
888
860
870
776
796
846
908
860
804
782
810
796
784
786
762
736
752
768
760
762
762
774
754
750
760
754
736
734
722
726
712
724
786
732
714
744
712
706
694
674
718
704
526
654
666
654
668
618
654
646
646
664
652
720
638
636
674
698
688
668
682
690
676
684
650
676
664
650
680
664
668
664
692
698
672
712
704
692
698
648
684
696
668
670
690
660
658
654
670
666
670
698
692
692
704
694
668
686
694
680
688
688
714
714
774
748
738
758
738
720
740
724
728
732
748
732
744
746
732
722
468
758
740
720
740
724
728
732
746
732
746
746
732
