566
750
618
598
580
572
692
606
600
598
598
704
630
624
606
622
684
630
650
610
676
648
626
638
622
680
636
628
598
706
632
606
604
606
612
610
602
610
726
654
606
624
702
672
640
618
706
646
642
612
614
704
636
638
616
706
654
650
620
692
658
652
618
616
700
652
606
616
682
636
634
602
598
678
634
612
612
614
704
646
604
636
642
676
650
600
610
598
688
638
638
594
600
692
620
634
596
592
650
614
600
612
610
692
656
642
604
624
696
648
630
612
658
662
644
610
610
680
628
634
600
680
632
636
612
616
678
632
626
608
660
676
650
624
608
700
642
596
610
606
700
650
598
604
616
670
624
626
588
602
684
632
594
608
618
686
632
626
600
614
692
622
626
586
604
674
626
598
608
606
692
642
598
608
626
668
624
624
598
616
636
612
616
598
614
662
644
634
610
634
638
636
644
626
628
730
664
626
610
618
710
654
612
622
702
648
642
618
632
724
654
652
650
686
658
632
636
692
646
634
626
680
644
646
618
660
660
630
628
676
632
656
604
624
682
644
602
640
678
628
638
610
682
646
648
606
622
642
630
624
608
700
654
602
610
668
624
618
606
642
642
636
606
614
650
620
628
594
606
614
638
616
622
586
666
650
628
616
636
638
640
644
622
714
656
636
620
688
650
624
620
684
646
610
602
616
670
636
588
594
606
618
604
602
598
596
710
640
598
614
626
644
636
638
622
692
662
640
638
660
650
658
626
662
668
654
610
674
666
638
646
690
646
638
638
696
666
610
630
682
660
640
610
618
684
628
634
622
644
646
632
588
614
654
646
646
594
604
702
632
634
614
648
668
638
594
618
690
628
638
598
594
664
636
620
646
710
654
652
644
708
666
648
634
700
670
646
654
732
672
644
622
708
654
652
632
688
646
646
610
662
658
646
606
624
642
616
624
616
628
738
650
650
626
656
638
614
612
622
372
784
652
604
638
684
648
626
618
682
642
416
724
644
718
690
612
638
692
644
648
622
692
680
646
634
622
696
660
638
628
678
654
646
620
684
654
638
622
662
640
632
636
686
650
642
620
626
706
650
604
662
692
658
606
616
672
650
620
624
658
626
614
584
596
626
606
610
572
592
658
602
624
610
638
658
636
602
624
656
628
588
606
662
626
574
572
650
610
614
576
604
658
624
616
642
696
652
646
642
706
676
644
592
632
620
622
616
608
630
732
648
634
636
692
666
612
610
694
628
630
604
630
674
648
624
632
692
642
630
622
684
638
634
610
638
616
608
622
602
606
732
656
612
618
670
662
634
600
626
680
622
644
618
684
402
784
614
592
592
680
634
636
624
692
640
650
652
672
668
606
638
638
618
626
614
684
632
630
594
672
660
652
614
624
704
672
662
626
608
612
622
618
628
614
636
640
638
648
640
638
630
614
612
608
600
608
442
718
602
594
636
598
700
654
414
704
626
716
666
614
616
634
614
646
628
618
642
712
668
654
638
690
662
644
616
612
682
628
620
610
602
684
624
628
604
692
648
592
602
608
676
618
624
622
674
630
614
622
654
636
600
458
692
710
618
622
584
602
644
610
626
624
710
656
640
666
658
676
644
626
692
648
646
638
694
656
606
602
696
642
612
604
628
626
624
632
626
722
650
622
596
676
634
610
592
620
622
606
628
598
686
640
598
604
644
674
642
626
652
658
644
594
618
654
646
620
598
612
692
624
616
602
672
640
616
578
666
624
630
600
648
642
636
624
696
666
642
630
694
642
634
630
664
650
632
622
708
652
614
624
696
642
628
624
686
648
638
640
666
646
640
594
618
638
616
636
608
624
658
622
640
642
688
646
652
638
648
674
648
620
694
656
640
612
684
412
770
634
600
692
636
634
598
614
658
624
632
598
630
678
632
606
628
688
646
626
616
692
646
642
602
606
682
622
626
632
680
654
640
620
688
654
642
644
702
668
624
626
704
650
642
612
626
650
620
624
614
686
652
604
598
606
670
624
636
642
378
824
674
636
628
706
652
610
608
618
694
628
634
628
700
656
608
624
710
656
618
394
754
746
658
638
626
688
648
608
614
614
684
632
646
624
638
700
658
628
628
712
650
646
620
712
662
624
616
654
674
654
630
646
702
658
660
636
632
724
654
644
660
684
692
672
636
640
706
672
626
616
642
722
668
622
638
716
664
630
624
628
700
640
644
636
632
682
642
646
620
640
692
658
612
616
618
738
648
638
624
700
656
622
610
628
726
660
628
632
618
684
636
646
630
620
736
664
624
634
622
720
670
622
626
622
726
664
636
634
670
686
658
628
636
670
666
662
630
646
666
656
656
622
638
710
664
632
634
722
662
652
634
684
684
654
616
638
640
630
624
616
620
624
628
740
654
618
616
626
674
644
640
628
688
680
668
616
638
706
662
646
620
698
648
624
616
662
640
640
600
628
662
638
610
624
698
644
636
626
712
664
646
622
692
650
640
604
628
690
652
612
620
700
656
612
630
686
656
636
634
698
646
640
362
736
672
684
648
620
638
668
632
654
632
722
660
628
640
720
662
610
640
708
640
644
630
692
658
620
644
674
650
644
648
710
658
634
650
694
650
604
632
702
656
622
648
686
644
642
668
668
648
650
650
702
666
676
652
728
672
622
652
702
656
620
644
734
662
626
646
708
658
646
638
696
660
624
634
720
664
610
632
686
654
604
612
680
626
636
596
614
620
618
624
574
602
654
620
614
630
730
672
642
634
702
650
642
618
696
654
606
616
620
622
656
624
626
616
688
652
616
606
602
680
638
618
618
618
710
640
626
624
704
648
610
612
694
632
622
610
656
644
634
616
636
626
624
622
614
708
656
622
620
674
684
646
642
710
668
642
608
618
692
648
616
606
686
658
632
610
628
638
634
644
624
702
660
614
608
628
632
614
628
604
658
642
606
598
592
680
624
638
618
712
662
630
626
624
658
642
630
628
614
740
648
620
638
654
636
620
602
606
610
704
648
622
618
710
660
604
614
604
618
624
624
614
620
696
630
640
610
618
704
652
614
610
632
644
624
638
626
612
690
652
604
612
682
644
602
594
612
634
628
628
608
622
630
628
636
620
624
704
646
614
616
670
624
624
596
610
706
634
642
602
610
708
650
622
608
620
644
642
638
610
622
728
654
612
606
616
358
822
656
604
634
628
634
644
616
358
744
656
682
650
456
720
618
736
646
612
614
684
634
640
608
618
692
644
610
616
652
664
640
598
618
696
632
634
602
680
650
630
598
676
644
608
592
590
654
610
614
604
360
768
672
608
668
674
642
626
656
650
612
600
626
608
600
614
590
664
640
616
604
688
636
598
614
670
616
632
612
680
638
596
598
672
610
624
618
678
634
630
580
612
614
604
620
618
688
632
632
612
676
644
592
612
686
624
606
616
700
646
600
624
694
650
600
612
698
628
626
610
374
774
654
602
630
622
630
616
616
616
686
638
640
650
674
666
610
622
676
360
788
632
618
710
640
594
614
684
642
604
608
616
682
632
644
626
612
708
652
610
620
698
654
656
620
630
664
636
630
630
628
712
644
604
624
716
658
644
614
694
642
642
606
638
642
642
634
612
642
670
398
732
606
596
702
630
586
598
674
626
628
602
622
698
652
646
694
670
652
632
682
660
610
598
616
646
614
632
608
614
740
664
622
624
716
662
604
640
706
648
628
622
700
644
648
628
632
670
652
610
624
688
636
602
594
654
624
612
586
598
688
614
626
638
690
656
614
624
622
712
660
628
606
620
628
616
614
608
604
612
640
660
784
688
682
648
658
668
670
796
702
638
634
658
752
676
616
626
630
716
656
618
640
726
672
654
616
740
674
618
604
620
642
630
626
614
668
650
636
630
618
704
662
646
620
690
662
640
598
634
702
650
628
618
452
804
634
636
640
624
720
652
622
616
620
710
654
638
636
712
682
664
642
698
672
676
634
702
660
674
660
738
692
636
654
724
682
642
608
622
628
628
624
620
602
610
716
654
618
622
710
654
626
608
612
690
628
626
630
724
662
626
620
644
678
658
624
628
646
730
662
646
666
674
652
624
608
622
650
630
624
594
388
810
648
606
386
718
626
750
636
604
622
704
646
646
614
718
648
650
632
716
676
666
626
642
702
660
616
634
668
672
668
620
614
708
648
628
616
636
660
632
638
630
716
648
648
610
704
654
624
618
684
654
654
614
690
656
640
620
648
674
644
610
624
688
652
616
630
710
414
772
628
636
728
676
602
618
684
642
642
618
670
632
638
618
634
398
800
642
602
636
694
632
614
618
666
676
632
628
698
660
648
612
736
668
612
630
694
648
644
600
688
644
630
628
678
640
642
614
676
640
632
622
694
656
642
608
708
648
640
616
626
650
632
626
622
682
658
646
598
612
624
634
624
622
700
656
640
608
634
674
636
646
640
716
678
618
628
714
640
642
610
680
658
632
618
620
696
652
606
614
630
674
642
632
616
696
642
638
618
632
706
660
602
614
374
768
644
598
614
606
688
640
600
618
688
660
646
650
694
654
658
680
682
676
652
626
720
654
626
644
372
824
654
626
660
700
668
608
620
718
656
652
658
712
680
608
632
702
642
644
618
698
656
612
622
636
634
634
384
734
626
736
668
614
630
726
662
614
646
380
798
690
624
652
648
692
658
618
652
654
648
604
646
676
648
624
636
690
654
664
718
720
674
694
702
686
662
704
684
658
664
680
644
618
630
722
666
606
642
696
638
632
632
656
638
648
646
716
674
630
678
670
628
630
648
708
670
620
626
704
648
636
628
700
642
648
622
682
652
634
602
630
656
626
644
618
664
684
640
628
638
708
652
628
618
692
656
600
594
676
626
618
590
614
676
630
616
640
708
654
650
650
728
688
630
628
734
670
628
634
712
666
616
630
718
654
646
646
714
678
628
640
720
668
620
630
710
652
624
622
704
654
612
634
704
642
638
618
690
646
616
608
612
680
638
638
648
706
672
630
626
718
666
610
612
620
700
654
600
634
714
642
648
652
724
674
632
656
714
658
654
648
708
682
632
624
708
666
650
652
712
672
614
626
688
632
634
604
618
712
642
610
636
714
646
648
634
720
678
364
742
650
764
690
612
616
624
678
426
766
628
610
716
644
636
622
732
664
656
638
726
688
658
636
682
704
670
636
664
716
670
654
650
728
672
628
642
722
666
624
612
614
622
608
616
626
710
676
658
612
648
654
630
654
608
642
638
620
594
624
670
620
618
590
640
610
610
572
608
598
600
552
586
654
592
602
616
676
622
628
672
692
668
640
670
706
672
642
678
688
678
650
632
690
664
626
636
706
668
648
634
716
674
624
638
694
402
756
608
618
736
646
640
632
718
668
632
654
718
680
638
646
724
674
628
634
724
670
616
646
694
666
648
630
716
658
660
634
712
664
612
642
718
672
642
646
706
656
646
640
698
656
644
652
690
654
644
642
716
650
632
650
708
660
624
672
648
652
614
648
704
660
638
652
706
676
624
622
694
640
642
644
710
664
610
636
720
652
612
628
720
662
612
642
364
814
664
616
622
618
714
646
620
628
714
652
646
638
700
652
646
624
698
662
610
636
694
652
636
624
712
660
620
634
708
666
614
644
702
640
642
630
704
668
612
616
686
654
650
626
700
650
606
626
672
634
640
616
708
660
628
648
738
682
660
658
660
710
666
634
732
674
616
618
632
660
632
620
634
704
652
644
616
624
714
640
656
620
720
672
630
630
716
662
656
616
664
684
654
620
630
734
646
622
626
714
660
608
614
710
640
650
608
630
370
814
674
666
710
692
650
608
652
690
652
654
648
680
662
668
646
724
680
622
628
688
646
608
626
704
658
614
636
700
658
610
614
698
360
790
612
640
710
648
602
630
636
630
642
630
728
662
654
658
660
696
676
656
712
662
634
658
654
652
628
630
682
672
360
810
636
686
702
616
614
632
712
664
618
642
726
666
682
668
752
694
680
666
750
704
646
652
668
696
662
654
726
680
620
630
712
664
652
630
662
684
644
614
688
654
642
612
670
672
644
652
690
680
632
642
690
660
636
626
716
670
616
628
700
656
640
620
712
662
618
618
696
682
642
622
688
662
606
596
614
670
628
632
648
710
668
620
642
724
662
618
640
366
810
384
816
636
620
708
658
600
610
688
636
632
650
706
670
662
650
722
674
666
650
728
680
614
644
714
660
648
646
700
658
620
630
664
650
620
550
638
646
610
622
592
614
626
614
612
592
628
630
614
624
590
616
600
720
654
610
604
628
384
816
744
640
644
602
610
600
612
612
614
612
624
606
624
638
636
642
646
648
648
650
648
646
660
648
782
682
654
650
748
680
658
642
662
676
666
674
642
750
690
634
642
720
684
658
640
660
672
646
644
642
722
658
638
632
720
676
678
674
750
700
642
646
746
678
624
640
726
656
652
632
734
678
636
634
726
660
654
654
718
680
652
644
724
672
664
624
726
664
656
626
636
692
658
624
636
720
676
648
620
626
710
648
640
620
630
682
648
640
632
646
686
646
646
628
728
664
628
620
632
664
638
632
618
694
638
636
612
696
640
636
612
622
632
634
624
632
618
680
638
636
650
644
722
678
636
628
724
668
628
634
636
360
820
658
614
642
614
398
814
642
618
666
706
672
672
652
672
740
692
700
744
706
698
374
778
686
784
674
618
630
678
632
634
592
618
626
618
606
608
600
714
638
632
632
708
652
644
614
708
650
634
610
620
628
618
386
722
592
610
708
638
596
606
660
636
634
610
628
690
676
656
620
634
730
668
610
604
680
650
646
606
606
688
646
616
596
612
652
620
622
596
614
678
634
594
612
608
686
636
628
610
634
644
636
632
592
598
614
394
792
624
592
610
616
648
624
584
612
378
778
654
612
630
704
648
656
624
696
666
638
626
710
652
640
598
622
650
624
622
630
632
714
656
614
656
652
650
596
612
694
630
616
628
696
652
612
626
688
654
654
612
612
608
656
664
624
620
616
606
598
598
598
626
680
628
624
382
684
596
594
700
634
610
584
578
584
580
580
690
638
646
612
608
612
710
634
642
604
610
698
636
604
618
680
644
634
614
628
662
624
626
612
608
680
632
638
616
610
616
714
654
620
600
592
610
712
632
408
760
606
614
728
650
610
608
626
668
628
646
648
720
660
632
634
730
668
618
596
604
694
622
638
596
610
624
706
644
612
640
696
640
636
612
716
656
608
628
684
650
614
636
688
650
610
628
696
656
600
620
704
642
634
606
612
698
630
632
604
598
594
590
586
580
706
642
622
586
600
600
684
656
622
612
594
596
598
740
634
642
612
624
686
638
628
610
610
606
608
610
604
750
648
596
598
614
596
648
624
612
626
606
592
694
626
630
606
620
708
660
646
620
710
656
668
616
714
668
616
616
638
672
640
634
638
700
650
656
612
634
686
634
642
616
690
668
384
766
630
682
684
630
610
636
708
660
654
678
726
686
378
814
772
716
682
676
710
672
648
684
690
680
642
670
688
678
642
678
694
662
626
692
686
648
618
616
666
642
616
616
628
654
644
628
636
634
738
670
638
624
626
718
662
616
616
628
694
638
638
594
604
620
684
634
624
588
582
580
568
570
692
644
618
582
594
580
364
734
650
616
620
602
604
678
646
624
618
640
694
644
654
610
608
614
644
686
656
608
622
628
714
658
608
608
622
732
668
642
618
648
668
656
598
616
658
668
648
616
644
676
654
620
618
644
682
640
598
594
600
596
608
732
646
608
614
616
676
622
630
600
602
592
602
610
586
604
610
670
644
636
636
608
630
614
628
612
612
604
660
690
658
630
602
618
606
624
726
642
626
604
594
598
646
672
650
620
596
370
720
618
644
722
662
630
610
696
652
610
618
672
652
638
648
652
636
646
630
706
664
614
622
684
642
632
630
642
642
602
610
684
644
622
660
640
634
634
642
676
652
612
674
674
644
624
682
656
620
626
692
650
636
634
688
656
624
594
624
730
660
636
608
598
622
610
728
646
644
618
688
664
636
620
634
678
634
630
624
718
664
618
622
640
656
646
614
624
624
684
638
624
622
692
658
616
594
602
604
716
644
638
606
604
616
616
688
658
636
418
690
614
608
636
614
644
620
608
594
608
604
734
678
638
610
714
666
604
618
690
634
622
600
632
682
644
604
636
694
650
604
632
692
652
642
620
692
662
624
610
638
634
636
584
592
670
614
616
590
610
612
614
624
602
632
672
630
610
604
654
662
642
604
594
624
684
646
652
610
718
670
628
628
704
646
626
648
692
646
650
666
678
676
628
706
678
626
638
686
654
632
646
676
656
622
662
682
654
624
662
678
658
608
630
698
654
592
608
680
654
640
594
608
634
616
624
616
642
678
646
616
660
698
656
630
694
686
640
624
696
656
640
626
684
664
620
608
678
452
744
622
588
644
636
386
754
612
642
672
652
604
638
688
652
630
672
700
662
646
698
660
610
636
696
646
634
644
698
660
622
634
692
654
650
620
618
720
666
640
614
632
714
660
654
632
708
666
628
646
682
644
618
598
682
632
634
598
610
646
692
648
624
622
636
686
738
680
648
720
698
670
680
732
666
620
662
702
648
636
646
706
666
622
620
718
664
644
652
702
664
642
618
684
664
648
614
678
686
660
666
702
682
668
680
706
686
628
646
722
652
644
638
684
660
610
608
702
644
606
598
654
640
638
586
626
398
786
634
602
658
690
644
594
600
360
792
628
602
620
608
686
628
636
636
686
658
628
608
706
658
644
388
752
726
670
634
614
702
648
606
624
668
666
632
618
622
642
636
360
764
614
696
680
638
628
638
676
644
608
630
682
644
640
618
686
642
634
616
646
702
648
614
644
670
628
592
608
672
648
624
602
634
684
640
596
606
686
642
618
616
686
650
632
620
674
668
630
600
604
676
634
632
592
596
684
632
626
612
654
682
638
602
606
604
694
660
640
600
686
656
642
612
664
644
634
588
630
626
626
598
604
652
646
624
592
620
620
604
624
624
688
672
634
654
670
662
612
624
664
626
636
622
696
634
590
630
684
644
582
624
668
636
620
618
670
640
606
626
662
648
622
596
602
594
592
600
606
616
718
670
638
626
372
726
628
650
654
694
656
610
594
598
596
606
712
648
618
620
650
696
650
610
616
592
606
676
676
660
624
662
702
650
640
634
690
656
636
610
634
660
642
644
610
630
672
638
644
608
638
654
636
602
592
596
700
630
622
602
654
652
640
596
604
714
640
630
630
694
646
640
620
694
656
640
632
674
676
642
642
686
656
642
650
706
668
620
710
666
656
646
700
660
638
638
702
650
618
642
668
648
598
650
684
634
630
626
680
634
630
610
656
654
648
622
678
638
638
610
718
644
660
626
728
670
648
630
708
656
638
618
704
652
636
630
678
658
632
608
678
650
642
624
650
658
638
610
642
372
810
664
618
698
706
410
756
634
722
694
602
622
682
634
646
622
662
720
668
636
670
440
822
656
710
396
844
674
642
670
680
664
610
652
702
666
610
650
700
652
642
670
702
668
652
648
710
682
620
640
702
660
650
614
710
654
662
640
664
656
644
624
638
674
646
640
642
718
668
626
654
700
666
626
654
694
662
626
640
702
652
642
644
690
652
620
626
712
660
618
624
684
634
632
614
632
658
628
642
632
664
638
614
648
696
660
600
642
702
648
606
644
690
636
628
590
624
698
648
638
608
608
624
696
638
638
606
606
654
724
662
654
644
708
658
652
638
702
676
632
674
696
658
650
666
724
652
624
632
722
652
612
598
612
694
640
596
596
632
656
616
634
596
660
634
640
606
650
672
630
640
644
672
642
656
656
728
666
622
662
650
618
626
652
710
670
614
666
666
652
630
650
644
644
642
646
690
664
626
632
654
630
632
626
734
676
620
638
694
652
602
622
704
634
640
634
704
670
626
634
696
642
638
620
704
648
652
630
706
670
604
644
698
650
638
632
698
648
606
628
358
802
650
606
640
686
656
600
616
670
622
634
592
626
630
622
620
626
610
610
626
604
630
624
616
630
654
646
642
656
628
642
630
362
798
622
622
626
612
604
606
612
680
652
652
650
654
752
670
634
636
766
674
652
636
720
664
658
642
696
662
644
618
688
656
614
622
664
630
644
612
618
692
646
656
650
724
672
622
652
714
658
640
644
698
650
638
634
684
660
634
602
698
658
650
604
622
706
652
610
622
696
650
638
618
686
650
660
616
628
700
650
614
636
694
640
632
618
640
638
632
632
608
634
648
630
640
638
698
664
610
616
626
676
650
612
614
606
604
642
730
654
612
628
686
632
642
618
708
658
604
630
688
650
596
584
610
642
616
630
618
688
642
644
616
634
660
634
630
650
720
666
608
614
616
680
648
600
616
698
634
642
608
640
624
636
628
606
630
686
636
632
610
614
618
602
666
630
622
608
606
622
706
652
606
626
682
634
628
616
704
654
606
618
674
630
620
598
664
632
624
590
364
808
608
620
624
614
694
638
636
628
686
646
652
630
728
670
628
636
652
660
648
626
634
632
658
642
644
634
710
658
624
618
642
646
640
632
628
708
666
642
610
648
644
632
642
612
682
634
640
628
694
662
620
618
642
656
644
614
616
676
642
642
620
624
644
638
630
632
438
818
638
626
654
664
656
614
626
706
646
648
622
692
666
624
614
640
632
622
632
630
720
638
612
606
668
628
622
580
610
646
610
624
620
660
642
620
608
692
646
626
620
662
632
638
620
700
662
616
628
694
648
638
594
692
644
640
628
372
800
648
626
726
676
614
622
698
656
616
618
704
664
650
656
696
676
644
642
710
662
612
650
688
652
610
610
664
664
636
608
610
622
680
630
636
640
602
616
594
600
610
718
654
660
622
606
618
630
618
628
624
628
620
638
630
634
640
610
628
360
794
646
626
624
610
614
604
600
706
642
640
604
600
714
640
642
632
654
686
666
642
402
766
370
838
658
618
664
690
652
616
636
676
652
664
646
694
674
666
726
708
666
642
714
682
662
634
672
698
678
634
670
680
654
646
630
674
644
648
650
706
682
650
610
642
656
632
638
626
710
666
662
634
690
672
656
614
744
670
662
628
736
674
634
642
674
646
644
638
638
726
666
626
624
734
688
686
636
718
678
650
648
680
658
652
622
710
664
654
628
726
690
682
640
718
692
656
674
680
676
658
738
682
640
672
734
684
634
668
728
682
658
736
684
672
670
694
682
648
734
688
634
660
740
660
616
660
724
676
628
646
720
658
656
664
718
668
682
650
704
676
626
648
688
644
634
652
704
672
624
648
654
642
630
648
704
662
642
640
694
664
610
622
666
650
638
624
672
634
634
622
708
650
650
622
724
668
642
694
678
648
644
382
820
662
620
676
644
652
612
636
662
634
636
684
680
670
682
736
698
684
714
702
638
690
686
666
644
692
674
646
652
694
658
634
680
694
664
678
706
686
642
686
690
664
640
682
686
656
638
734
686
628
646
712
676
652
674
672
658
624
648
692
652
656
652
724
678
626
656
710
670
632
652
718
656
642
676
686
662
624
664
668
664
624
612
694
658
642
662
678
698
674
386
740
748
712
664
688
730
676
660
720
680
662
676
724
696
634
694
676
628
638
718
656
656
656
710
664
682
704
694
642
676
708
368
834
644
716
692
616
638
700
664
650
656
704
676
652
680
716
674
644
688
684
678
646
732
698
684
686
742
688
658
694
670
658
618
626
724
664
646
602
632
726
642
642
652
724
662
626
646
714
670
612
666
708
660
654
644
690
660
626
652
704
664
626
676
656
654
632
646
730
658
624
668
700
672
632
660
722
664
642
646
678
660
642
654
706
674
642
634
372
828
666
616
694
704
672
636
666
708
664
654
654
732
688
680
654
688
672
626
674
742
422
804
648
688
746
682
648
690
668
626
608
624
752
686
676
680
726
666
368
758
626
676
406
800
446
726
728
670
670
648
714
686
690
710
768
698
700
764
732
648
406
808
774
698
662
716
696
644
646
722
730
684
694
372
864
702
646
700
718
666
632
628
708
670
646
634
692
688
674
688
708
660
680
752
714
662
700
726
698
634
640
726
686
662
658
736
688
666
732
698
654
670
720
670
654
656
700
666
622
660
710
660
678
660
708
680
678
680
714
692
650
686
678
668
628
646
732
652
628
674
682
656
636
660
724
680
648
666
728
684
662
692
768
710
642
656
754
684
682
658
740
692
664
664
718
692
654
660
752
688
660
738
700
660
676
738
692
654
646
734
686
656
636
726
710
664
630
726
694
672
642
768
684
674
648
762
702
638
642
754
672
672
652
700
670
652
656
726
686
636
614
628
430
792
626
624
626
622
678
646
624
634
714
650
624
616
700
650
610
602
610
646
620
620
628
726
640
622
626
708
662
636
666
374
824
644
622
746
680
628
646
708
680
646
674
700
666
644
708
684
658
660
686
672
668
672
716
674
656
674
388
860
674
630
640
756
678
638
648
740
684
648
638
734
684
658
620
694
666
668
650
658
664
646
668
616
636
694
640
660
658
722
692
634
656
690
674
646
622
674
694
654
624
656
676
656
628
632
714
662
612
622
684
648
644
628
638
678
656
628
626
622
704
658
616
626
640
690
664
674
626
630
642
634
630
638
626
636
638
640
580
360
746
426
452
592
628
642
640
644
624
642
614
622
636
634
642
758
690
658
648
760
700
642
626
694
674
666
644
642
720
678
644
634
734
676
652
644
710
678
672
638
666
658
646
620
614
714
654
638
626
678
660
650
642
718
668
624
612
718
658
600
620
682
646
644
608
706
652
626
610
620
648
664
642
620
700
662
630
622
370
818
670
622
658
710
684
640
648
710
662
680
646
682
680
656
360
840
792
666
640
738
668
634
616
742
664
664
640
696
672
666
716
718
684
640
768
692
642
634
684
664
640
616
646
708
646
632
616
706
662
614
628
662
672
662
634
658
650
646
652
624
752
670
656
654
720
672
630
650
728
666
620
630
680
650
662
624
644
730
672
630
634
740
672
628
650
754
670
654
652
736
676
644
648
720
666
676
644
732
666
634
624
666
660
640
624
648
660
640
618
626
702
390
760
616
632
722
660
616
628
714
652
646
622
718
656
648
626
630
716
648
632
614
632
702
660
618
624
720
650
652
594
646
720
660
616
632
736
668
660
652
716
684
632
602
676
660
654
624
626
728
668
624
638
728
672
626
720
662
644
642
706
660
638
636
700
656
616
596
654
674
638
608
634
640
646
404
764
654
722
694
630
616
634
690
644
618
632
650
674
642
622
630
690
638
622
608
626
638
630
640
608
592
684
636
606
604
610
596
676
618
626
602
596
586
590
708
630
590
606
674
632
620
570
624
660
628
600
604
684
630
630
600
644
628
618
618
626
598
610
724
646
670
620
624
628
758
682
632
600
626
714
648
650
632
684
678
670
632
638
666
688
676
636
654
758
678
642
674
668
668
622
630
730
668
632
606
642
720
646
650
616
620
640
730
666
666
638
634
642
644
752
686
630
648
726
668
660
622
646
698
654
648
626
646
678
646
660
618
616
634
610
630
756
656
664
622
628
632
688
666
646
620
616
620
626
618
612
616
622
672
682
656
592
622
616
596
594
602
724
638
636
614
698
648
664
630
636
702
662
638
644
670
654
640
628
642
702
664
614
620
662
658
652
616
632
728
668
630
