540
964
968
950
968
950
960
942
986
1016
1012
1010
998
932
938
956
948
942
936
958
974
990
1014
1018
996
952
936
920
934
964
950
934
926
920
934
972
920
848
956
964
934
870
900
880
838
838
834
804
826
828
796
834
824
830
828
846
856
862
878
868
864
872
888
870
880
890
884
884
894
898
892
902
898
896
870
882
856
856
864
870
882
870
906
980
942
932
944
924
914
902
890
902
908
900
916
896
894
898
896
906
900
898
902
888
896
896
902
902
904
910
932
916
886
892
920
912
908
912
914
910
904
906
900
918
918
916
944
938
942
938
910
912
914
886
876
888
872
870
874
868
888
902
912
920
904
912
908
920
908
908
916
888
888
904
896
906
906
910
902
896
836
854
866
820
846
878
910
920
952
948
942
938
932
946
924
902
922
914
950
942
934
946
912
930
932
924
930
920
894
896
882
874
860
842
854
854
852
876
874
878
908
904
898
866
880
866
864
850
832
832
786
860
852
840
874
880
902
894
894
890
880
872
890
880
894
894
890
896
890
894
898
908
908
904
900
902
900
902
888
866
854
832
850
832
852
844
836
854
882
856
912
928
928
894
908
894
882
908
928
934
930
932
940
928
918
928
932
934
928
944
942
934
940
930
932
910
924
942
940
924
934
904
892
906
922
912
936
968
986
976
994
984
984
972
944
952
994
950
958
932
948
958
954
972
984
974
1032
976
1014
1006
1032
1052
1012
1026
1018
996
1020
976
1004
994
962
1002
962
940
922
820
926
928
936
926
924
1002
1036
1056
1050
1074
1070
1068
998
1034
1058
1056
1022
1008
952
966
958
916
956
526
1176
1024
956
970
1002
1028
1040
1044
1004
990
1102
1064
1038
1080
1022
1070
1074
1106
1024
1052
1010
966
958
974
978
1004
1008
1010
1008
980
998
1044
1046
1040
1010
1034
992
1024
1034
1016
984
1004
966
980
970
998
996
978
984
958
972
1022
1034
1014
1010
970
970
938
928
994
1038
994
964
994
982
960
1034
1074
1032
996
986
958
964
954
932
906
940
1002
1000
1006
968
964
978
956
954
942
922
920
908
938
1032
1028
970
990
998
1072
1028
1020
1012
982
938
936
916
914
954
916
936
930
924
922
926
928
958
948
1004
1016
980
1008
1062
1014
1016
1026
1016
994
1026
1016
996
1048
1036
988
966
992
1026
1016
942
952
902
934
928
936
972
1012
974
1014
1016
976
974
1018
1040
1054
1040
1028
1044
1066
1046
1010
1038
982
1012
990
1036
986
1022
1028
1030
1002
992
1012
974
1012
1010
1048
1006
980
990
1016
1040
978
1030
1022
988
1022
1038
1012
1036
1002
1050
1034
1012
964
1008
1020
1002
1000
940
968
958
930
956
954
946
954
962
954
956
958
982
1002
988
994
1018
980
992
994
1016
980
980
986
950
950
990
1024
1024
1000
1062
1022
1004
982
1008
1002
1012
1010
984
960
922
928
954
956
920
926
964
982
1000
980
982
1020
1014
998
994
988
1002
988
994
994
962
982
970
982
984
970
966
972
938
960
942
964
988
966
982
994
1014
1024
994
1026
964
962
940
930
952
940
930
958
970
946
964
960
938
944
860
914
920
928
910
900
928
914
934
944
934
972
952
950
944
960
968
1054
1078
1022
1052
1106
1030
1082
1058
1036
978
1030
1002
1008
1042
1070
1090
1102
1064
1016
1014
1022
1032
976
1034
1004
1006
1040
1030
1060
1082
1044
1058
1056
1014
1074
1014
1014
1054
1076
1022
962
756
858
902
942
958
950
978
980
980
994
962
998
1004
1018
1036
1020
956
944
966
956
970
966
934
916
912
916
914
936
936
932
920
956
958
948
964
952
980
962
1018
1044
1058
1036
1004
946
966
976
934
958
970
956
930
948
984
986
966
978
980
976
952
944
902
874
904
878
902
938
958
976
958
966
968
984
996
982
974
966
976
940
956
956
944
906
900
904
858
882
846
886
868
882
900
910
970
956
1022
1036
1016
1046
1056
1010
1028
974
990
1006
970
982
918
920
896
908
912
918
944
998
994
1020
996
972
954
952
940
882
920
936
906
932
924
928
940
934
946
936
930
938
942
974
1008
984
998
978
978
1002
974
1000
992
992
994
978
956
926
918
918
920
928
922
924
962
952
992
1024
978
972
930
938
902
902
896
892
914
904
916
894
904
900
920
914
938
906
938
892
928
934
912
906
920
942
944
968
942
978
960
968
946
942
904
924
904
894
914
924
918
970
1008
1022
1000
944
974
960
936
946
966
1010
1006
996
986
960
938
906
894
876
894
910
894
912
894
900
906
938
932
946
894
944
938
958
946
938
950
932
900
940
962
994
958
926
936
914
932
892
920
926
934
950
936
948
956
950
936
942
916
938
944
918
932
924
926
930
922
938
946
918
932
942
932
906
922
898
906
894
894
886
892
886
906
878
890
886
900
914
904
918
886
906
884
914
902
902
882
884
860
880
886
880
896
882
886
864
854
850
836
854
876
882
898
888
902
936
932
926
928
934
936
940
978
958
938
946
934
940
940
936
902
880
880
862
878
868
870
874
870
870
854
862
838
882
880
858
906
870
880
884
890
882
884
880
878
890
894
902
910
906
904
882
906
896
902
880
894
886
886
912
954
930
978
950
946
956
964
946
958
972
942
958
924
946
964
950
960
936
966
966
946
954
886
912
890
906
910
902
918
932
924
924
928
952
934
964
954
958
950
906
926
922
930
932
904
934
988
974
958
920
944
964
992
946
940
936
994
1070
994
916
924
866
956
940
896
856
840
828
810
802
822
838
844
852
870
866
892
892
896
900
890
892
886
888
908
914
908
912
884
870
852
850
832
834
870
894
892
924
980
974
934
956
936
916
928
932
926
940
936
934
944
930
926
908
896
886
876
878
886
886
890
920
938
932
918
936
922
940
936
932
938
934
914
926
936
924
914
922
920
940
922
922
940
910
898
854
868
868
872
908
930
942
916
918
912
900
928
930
924
940
930
946
946
956
946
932
940
930
958
944
930
938
936
938
924
934
932
944
960
946
968
978
994
1006
940
936
968
944
904
936
928
934
958
990
988
980
1010
1006
1006
1000
1008
972
980
962
980
1006
984
1028
1014
1006
1016
1012
1016
1012
984
1006
984
970
1000
978
962
950
968
958
934
920
912
934
912
926
962
954
986
1000
990
1004
1026
966
998
996
958
954
952
950
934
942
936
910
926
916
898
914
930
932
966
954
948
966
976
958
968
960
954
958
952
952
960
940
944
956
938
944
940
938
942
952
932
954
924
884
900
868
876
874
874
876
882
934
922
930
976
962
962
976
954
970
978
952
962
948
958
932
940
942
958
946
966
960
944
968
1000
970
990
1008
974
996
974
970
964
986
972
966
910
924
894
936
924
940
950
958
990
1006
1008
996
994
988
968
964
930
924
942
958
956
944
932
940
950
940
940
920
950
966
964
950
982
962
978
1022
986
958
952
936
924
880
906
916
964
970
1012
956
972
976
968
960
964
974
962
968
956
962
986
948
982
956
968
952
918
934
934
910
898
940
974
978
954
954
982
960
938
946
928
966
974
1004
962
988
1002
968
970
944
952
922
918
924
948
938
972
972
944
974
956
928
952
942
942
988
964
916
960
964
946
942
950
968
962
964
926
988
1010
948
928
918
902
900
930
958
998
1012
1078
1064
1076
1056
1016
1034
1046
1000
1020
1018
962
974
976
924
950
956
958
956
930
954
946
934
936
968
946
1040
1042
1072
1032
1024
1014
1004
954
946
962
994
978
938
932
948
986
998
998
1046
998
1024
1048
1000
1030
1016
990
1004
1024
996
954
992
966
988
998
982
980
994
1032
1050
1078
1064
1016
1050
998
1040
1036
996
1036
998
984
1006
996
978
970
978
952
932
902
922
932
992
986
964
950
966
960
944
958
988
956
956
966
994
988
982
974
926
930
924
918
882
900
914
1000
990
962
966
974
946
944
926
914
922
962
940
986
974
988
1010
956
976
972
962
988
946
954
948
940
920
920
920
948
904
910
886
868
866
852
870
886
872
910
952
986
1000
982
962
980
986
976
942
928
892
918
910
906
930
938
966
984
986
984
972
996
1008
1036
992
994
992
988
990
986
990
988
978
976
1004
942
962
992
976
988
954
918
952
964
944
902
914
946
980
1004
1004
1002
986
940
936
954
996
1014
978
982
960
972
964
950
956
940
944
938
942
918
900
900
916
892
902
956
956
914
980
972
990
1016
1018
998
982
942
928
898
896
920
904
928
906
922
898
882
944
966
992
988
1002
1000
1012
1044
1026
1022
1008
990
952
950
920
920
894
900
906
894
904
912
916
932
966
982
960
970
960
932
928
930
932
884
892
878
878
888
912
912
924
906
888
886
868
876
836
876
884
866
896
858
890
912
898
920
914
908
916
912
910
918
908
922
946
950
944
968
922
946
920
928
908
900
876
898
928
888
930
932
958
960
974
978
1006
982
1014
1024
960
968
964
976
958
916
900
924
934
904
942
944
968
934
940
942
936
934
918
904
932
924
932
942
938
954
964
1030
1018
934
946
938
928
920
932
976
1086
1188
1160
1102
1074
1072
984
998
998
1052
988
960
1018
1090
1106
1108
1140
1080
1060
1024
1074
1018
1006
1068
956
988
992
980
928
972
946
904
944
962
1004
974
958
976
1006
1054
1044
996
960
926
912
884
896
894
914
916
938
930
944
978
992
948
988
984
982
952
916
934
908
888
896
890
902
906
902
918
926
930
958
914
928
902
934
920
912
932
930
934
960
946
966
928
924
938
918
930
914
926
958
932
938
934
970
970
936
944
906
906
900
898
900
890
914
898
904
916
952
948
940
924
914
910
922
976
936
996
1008
992
980
1016
982
972
994
968
1010
992
986
968
942
916
916
880
872
886
870
886
898
902
878
902
902
924
918
898
898
922
896
892
886
898
876
876
878
854
876
888
890
862
868
882
886
900
914
914
904
876
888
884
854
836
896
910
902
932
942
946
986
980
974
988
1006
992
1000
974
982
942
934
900
902
884
858
872
864
874
890
880
890
886
906
900
918
930
922
920
922
892
910
884
904
872
882
874
870
872
894
880
902
910
902
922
908
928
914
940
944
932
954
938
928
910
918
900
906
936
946
938
984
988
966
942
940
922
940
886
896
866
882
856
878
906
904
930
928
960
976
928
956
920
912
900
882
910
870
874
858
872
884
922
916
904
976
956
1004
1014
984
1030
1036
994
994
1068
1044
1044
1024
1092
1050
1048
1010
1008
1010
996
1036
1008
996
1010
990
1000
1022
1058
1038
1078
1024
1014
1028
980
1038
1016
980
1026
1022
972
974
948
960
960
930
954
942
942
916
958
950
942
962
934
982
1002
950
924
940
920
952
986
962
960
924
968
950
960
956
968
976
942
986
982
978
976
960
928
950
948
930
952
952
944
954
960
984
950
966
960
960
998
1026
1056
1034
1030
1004
964
990
982
1006
1014
970
992
996
996
992
970
964
1002
978
946
978
942
948
964
960
958
960
964
960
938
954
950
946
930
940
954
936
948
946
908
916
918
900
866
892
908
896
908
902
894
902
900
924
916
954
922
932
936
908
906
922
912
884
906
924
922
934
926
974
966
1018
1050
1012
1032
1040
1002
1002
990
958
952
966
950
972
1002
988
994
1036
1008
1002
1010
988
948
946
1056
988
936
930
936
954
1004
992
1012
994
1004
1012
994
1002
962
994
996
970
1012
1012
970
1010
1012
1024
1044
1030
1016
1020
990
974
978
944
908
918
936
968
964
940
978
974
966
948
926
928
906
920
900
922
944
950
948
918
934
912
918
904
896
928
938
934
1000
962
1004
988
938
954
956
946
928
938
912
846
890
862
896
914
896
938
932
946
914
956
994
1002
970
930
978
1028
1036
1050
1038
1046
1002
1048
1066
1044
986
968
1002
1004
992
1006
1012
1024
1014
1028
1040
1006
1032
1026
1030
990
976
1004
1036
1030
1014
1016
1034
998
974
1016
1036
1054
1038
1034
1056
1000
1002
956
984
1000
972
1008
1014
992
966
978
962
968
968
946
936
956
948
976
990
1010
1008
1016
1036
1012
956
950
942
966
1018
1008
1006
950
972
966
972
928
924
940
952
1002
978
970
990
958
926
958
950
888
916
922
922
924
948
920
964
1004
982
978
1018
968
1018
976
936
1008
1018
1028
1042
1022
1018
948
1058
1102
1116
1120
1026
1002
998
1018
1030
1034
1006
992
964
990
1026
1018
1010
970
996
942
1012
1046
1046
1020
962
980
998
974
998
1014
984
958
936
986
1030
1040
1032
982
1014
1104
1094
980
974
1002
954
1018
1014
1018
976
1060
1004
1014
1056
1054
994
988
990
996
982
988
980
980
1004
994
964
968
944
956
966
940
960
966
960
956
908
932
926
922
922
906
900
898
894
958
976
1020
996
1014
1022
1030
1038
968
962
1008
952
942
938
952
994
1012
974
992
1018
1004
966
988
998
960
942
964
998
982
988
956
938
956
980
966
952
990
982
986
990
964
916
944
968
924
954
992
988
980
938
984
994
1030
964
996
990
1000
960
964
966
966
952
930
894
924
926
950
906
888
956
1002
994
1002
1012
998
996
974
974
924
952
952
916
960
958
986
1034
1012
1008
974
952
1006
1002
924
946
966
952
1010
990
998
962
1010
962
1020
988
1048
984
998
1010
1002
1060
1032
1046
1092
1060
1068
964
1006
1052
994
1046
974
1006
1016
1030
994
964
926
934
956
928
936
990
990
976
976
976
958
926
974
994
950
1010
992
962
1004
966
934
928
926
938
932
932
918
942
962
944
960
996
938
970
970
984
920
892
906
932
970
982
982
980
922
958
994
950
994
1012
1010
1022
954
982
968
974
982
940
918
938
932
970
962
968
982
986
988
992
990
986
968
950
910
924
918
956
1022
1066
1088
1030
1062
1024
1036
1036
1060
1032
1028
1034
998
978
1032
1052
1038
1042
994
1008
1060
1088
1002
960
956
1008
1018
988
1054
1084
1044
1030
1020
1020
1034
1066
1006
1058
1018
1026
994
996
1006
994
1028
1034
982
1022
1040
992
1034
1054
1006
1032
1024
1028
952
1002
1014
974
1018
1038
1046
976
1020
1032
1056
1062
1042
1020
1040
968
994
1012
1032
990
996
1036
1068
1044
1042
1070
1056
1058
1066
1054
1002
972
1008
1016
1000
990
1042
1054
1040
1036
1042
1062
1046
1050
1068
1022
990
1012
1028
996
1000
1024
988
994
1000
996
988
980
964
916
950
970
962
1028
1020
1000
1024
1036
1042
1020
1030
1006
970
1006
1010
1016
1032
1020
1040
1052
1006
1042
988
1014
994
982
980
1004
1020
1064
1022
1040
1004
1022
1014
1006
956
992
974
996
1044
1026
1022
1000
1034
1052
1000
1028
1030
984
994
976
934
964
970
932
990
944
954
998
996
1008
1004
998
960
1006
982
974
984
924
950
948
942
1026
996
994
1010
1028
1086
1070
1030
1044
1100
1090
1030
1064
1034
1054
1058
1044
1030
948
988
996
1012
1038
1020
978
976
988
954
998
1038
1032
1044
1026
1064
1072
1084
1072
994
994
1012
964
1010
980
1030
1042
1012
1064
1034
1048
1022
1088
1024
1030
1064
1016
1036
1034
1054
1044
1020
1058
1072
1070
1058
1070
1092
1068
1046
1016
1002
978
926
966
978
954
984
1062
1006
1028
1076
1110
1068
1090
1080
1074
1048
990
976
1156
1128
1056
1040
1036
1042
1050
1016
1064
1070
1062
1042
1032
1026
996
974
972
980
964
968
1010
980
1026
1028
996
1016
1028
996
1046
1022
1034
1062
1000
1026
1004
994
986
948
964
932
978
1004
990
992
956
946
978
980
1002
1044
970
1018
962
984
1002
1072
1062
1006
964
934
954
986
926
890
908
890
898
890
892
878
884
882
858
878
886
924
894
892
904
886
894
880
880
908
950
976
962
954
926
946
930
930
902
904
894
910
934
912
928
930
900
918
928
966
972
946
952
950
930
920
906
902
930
950
914
882
886
894
888
876
868
872
872
880
880
902
878
886
888
894
888
884
914
896
910
886
914
888
898
898
874
884
870
876
874
880
872
880
878
894
884
894
904
896
912
894
904
920
944
948
914
940
978
942
942
926
890
908
898
898
874
876
886
886
890
874
886
860
840
858
824
842
848
854
850
860
868
856
874
862
884
872
894
896
892
896
868
868
882
888
884
872
852
866
882
900
894
910
912
904
868
872
876
862
846
850
846
824
840
860
900
912
930
932
946
930
946
944
922
896
916
902
912
906
886
898
884
910
894
928
918
948
920
928
972
952
950
908
930
936
988
950
980
972
966
940
928
890
916
968
976
996
956
924
918
948
956
940
982
942
960
982
946
976
962
940
940
932
944
984
976
938
950
968
948
926
912
908
904
884
892
928
936
912
970
944
956
954
940
930
962
934
942
910
928
922
920
928
920
894
912
916
902
900
898
904
910
900
914
936
906
948
940
936
968
952
952
962
936
952
956
922
948
914
904
878
866
884
884
898
944
926
966
1042
970
966
950
922
948
916
904
942
940
940
958
926
970
950
950
952
946
988
962
924
924
892
878
890
846
844
862
938
944
916
970
988
958
966
970
968
962
980
948
998
958
942
962
916
932
908
908
920
928
922
922
952
962
944
1010
1000
966
996
968
980
992
964
974
968
960
958
944
962
962
940
948
954
928
962
948
932
946
936
928
942
922
924
914
918
952
910
884
902
924
916
978
972
942
984
942
962
962
932
908
914
922
926
906
920
960
930
946
978
972
956
940
892
906
906
866
888
908
940
918
972
1008
970
994
1022
1022
980
972
970
932
960
954
974
980
972
968
966
940
888
926
930
994
940
950
984
1008
1016
976
1000
1016
954
990
990
1012
966
968
984
1000
972
976
952
952
952
954
954
998
1002
972
968
974
992
984
956
1002
990
998
996
954
924
938
954
986
978
980
984
934
924
920
906
928
928
924
984
952
976
984
944
958
982
944
948
956
922
956
964
974
948
984
962
938
914
926
890
944
956
976
1040
1042
1036
1064
1046
1026
1000
1020
1032
982
986
976
978
1006
1018
1002
970
1002
974
988
980
996
984
968
946
934
948
948
942
950
868
796
862
886
932
942
976
988
1008
1014
1026
1008
1038
1048
1034
1068
1052
1048
1026
958
960
950
912
888
894
884
902
936
948
932
956
948
980
944
954
912
906
942
974
982
966
954
962
940
936
968
962
958
954
922
922
944
978
938
950
952
920
906
926
960
958
948
956
960
954
958
940
950
926
906
888
886
874
886
914
918
996
962
964
970
948
932
926
888
892
962
964
1002
988
1014
1000
984
948
856
908
908
930
962
924
924
916
920
926
880
922
912
962
998
1006
1054
1018
1066
1058
1046
1058
1056
1010
986
1000
1018
982
948
918
940
916
950
936
948
944
954
948
950
922
966
946
938
948
970
964
898
920
950
972
990
980
968
974
972
954
950
898
936
928
912
902
898
884
932
988
952
978
982
1018
1038
1048
1022
966
960
968
972
978
940
948
916
954
1014
1022
1016
1016
976
998
1004
992
976
1018
992
960
956
894
892
898
904
958
966
906
960
994
996
970
1004
996
978
1024
1002
988
980
954
944
908
868
878
884
882
880
918
966
998
1038
994
984
992
994
962
1012
954
966
1000
992
1000
986
1018
1026
958
972
948
930
934
898
924
910
914
918
912
936
928
950
930
968
1006
956
994
976
982
1026
970
966
956
932
958
936
972
1036
1030
996
968
972
966
950
946
946
994
962
930
906
940
940
934
930
942
952
920
958
958
972
1024
994
988
1034
1054
1050
990
1038
1034
1014
996
998
958
952
938
902
882
840
858
844
878
878
948
920
950
992
990
956
958
950
948
908
946
984
996
984
990
952
928
906
922
920
912
916
938
956
950
940
940
944
936
960
974
946
974
1018
950
1008
1000
974
1016
994
994
996
982
968
962
968
970
950
944
976
940
920
944
912
920
886
932
910
954
988
994
966
980
996
1002
960
910
910
914
898
912
924
912
924
920
952
952
992
958
966
974
1004
1002
