526
910
802
836
900
874
878
874
832
838
844
846
828
818
818
824
822
814
828
826
848
848
834
858
864
888
872
850
864
878
858
872
852
858
876
868
846
824
852
846
832
838
834
822
898
836
860
870
856
872
810
858
848
846
812
832
868
862
864
824
862
860
860
858
848
858
862
852
866
862
854
858
870
874
822
866
848
834
844
838
840
846
828
840
848
842
846
860
846
848
860
854
844
854
830
916
858
874
862
864
814
852
836
848
840
850
860
864
854
856
846
850
864
836
800
820
850
846
842
838
848
834
840
830
828
860
870
852
858
860
854
854
858
850
854
854
848
856
844
854
848
856
832
846
834
830
848
830
854
862
828
876
844
866
846
916
884
850
856
864
864
844
832
856
842
852
828
840
844
848
842
826
846
856
844
826
826
842
822
802
802
816
808
840
822
842
842
872
858
864
846
844
862
840
828
838
824
830
848
826
836
846
876
862
862
852
838
846
856
828
826
844
846
834
836
846
842
846
862
846
868
872
858
876
856
874
876
844
848
874
836
876
862
858
870
868
860
874
860
860
858
844
810
830
834
838
848
830
828
850
856
850
854
856
852
858
834
852
880
848
858
880
870
868
862
880
852
866
866
858
842
830
848
854
836
852
840
852
846
842
822
844
854
856
820
822
836
818
842
824
812
918
842
858
860
820
834
818
908
856
860
852
858
860
828
856
842
824
908
842
862
856
854
840
826
856
838
838
816
810
828
836
820
828
846
830
842
832
832
846
820
908
860
860
850
860
866
844
840
856
830
860
840
856
862
862
854
868
858
860
864
856
848
864
866
864
854
846
846
836
824
806
826
810
842
810
836
820
818
810
846
852
880
878
868
880
872
870
874
870
888
866
858
856
832
840
856
854
836
798
830
832
814
780
764
750
740
718
714
714
730
734
740
732
738
736
732
738
766
752
804
888
864
866
896
896
892
898
894
896
904
892
862
882
882
878
886
866
854
870
860
854
878
844
840
844
816
828
834
814
836
834
836
848
858
864
854
860
860
854
868
846
860
872
848
858
874
878
852
900
872
934
900
920
874
852
864
870
874
858
856
860
858
848
866
860
872
870
850
850
864
848
864
872
874
882
864
866
862
864
866
862
872
872
844
852
852
818
848
850
854
842
854
846
854
858
858
864
860
870
882
864
872
862
852
868
850
864
860
852
852
858
848
840
830
846
846
852
840
842
848
854
850
854
860
880
872
868
888
854
850
848
834
838
836
832
834
840
844
846
842
842
858
856
862
852
866
868
864
886
852
870
882
854
870
864
876
878
876
858
872
872
880
860
878
866
876
874
868
848
852
854
868
852
842
862
860
842
852
850
866
868
854
852
836
832
840
832
830
832
880
912
888
864
872
868
850
862
866
862
844
836
840
836
874
854
846
870
872
878
856
834
808
760
732
722
718
714
710
720
720
718
720
722
728
786
756
858
850
874
866
878
872
874
870
884
842
828
840
842
852
820
806
804
802
796
794
778
846
874
876
860
874
878
884
874
866
872
862
848
878
842
856
844
842
810
816
802
802
800
792
790
794
842
848
834
838
872
874
886
874
876
862
866
878
848
814
814
812
796
782
796
798
788
790
786
780
750
742
716
728
716
722
782
738
806
828
844
870
920
866
860
892
884
864
864
858
864
868
862
834
832
860
844
860
852
870
842
848
860
830
830
844
824
842
836
846
854
854
868
860
868
846
854
870
850
856
858
852
850
870
854
838
856
858
844
854
848
838
826
842
848
822
836
836
852
864
868
868
862
864
868
860
838
838
840
822
834
816
828
838
826
820
818
842
858
794
768
778
780
772
766
778
782
788
780
800
802
802
790
796
796
794
822
812
806
814
822
822
814
818
832
846
828
836
842
850
848
848
844
864
826
836
850
838
830
818
796
780
800
792
838
822
832
852
854
846
846
856
850
838
826
814
824
802
846
834
822
834
838
844
846
842
846
858
860
854
862
812
802
794
770
754
770
782
766
768
774
756
794
788
792
798
798
796
796
762
738
722
718
718
704
688
702
692
682
684
674
670
674
670
670
678
684
682
700
702
714
748
730
764
752
780
750
756
774
766
750
774
760
764
752
774
782
774
800
812
806
822
818
812
814
808
796
816
816
798
812
800
796
804
778
764
776
750
770
776
776
784
776
766
766
816
814
792
804
800
814
792
800
814
788
792
784
814
822
838
838
784
778
778
776
782
784
788
780
854
804
856
850
836
850
864
854
848
852
844
834
824
832
814
830
826
824
830
828
836
826
824
862
846
848
852
856
850
852
868
868
858
838
862
848
828
856
840
840
840
836
828
816
818
842
870
856
858
852
858
864
844
862
868
856
854
842
840
832
852
852
860
826
810
774
782
790
794
796
802
792
824
812
806
814
810
818
818
828
832
836
826
816
842
854
844
858
870
882
882
888
884
884
880
880
860
834
840
790
802
780
806
804
810
796
824
864
842
850
866
858
874
870
854
836
846
846
840
852
850
848
856
858
850
856
850
866
882
878
822
832
830
826
830
840
844
842
836
846
810
810
798
790
786
800
788
782
796
792
788
822
772
884
826
792
796
784
800
806
786
816
820
852
868
870
866
866
868
870
864
862
868
860
858
860
864
868
892
880
878
878
862
846
850
846
842
840
842
842
858
842
848
850
828
848
824
830
818
812
822
840
820
852
846
858
842
856
844
848
828
816
830
832
838
838
832
844
856
850
858
832
854
854
850
842
818
850
846
846
854
830
840
848
846
840
814
832
836
840
838
834
836
808
810
768
804
802
770
782
770
812
792
810
824
842
860
850
850
836
840
832
830
830
838
846
842
844
836
854
886
858
886
862
878
866
876
864
864
878
880
862
858
870
870
854
852
814
828
832
832
822
830
824
858
878
854
864
858
914
878
842
866
860
852
842
832
842
832
828
836
838
848
864
846
864
862
856
860
844
820
848
830
854
836
828
836
880
840
858
852
854
866
870
854
842
848
854
838
844
844
848
850
844
856
872
878
862
836
856
850
844
796
828
822
798
800
816
802
806
808
814
794
824
822
876
844
886
870
862
866
864
866
860
870
876
872
870
878
868
878
874
874
878
862
870
868
876
812
868
836
826
840
832
854
836
858
858
842
850
858
816
762
804
794
778
820
836
842
870
874
846
870
874
892
874
880
870
868
868
862
866
874
876
886
876
878
864
840
856
858
842
848
814
838
830
822
834
838
848
866
846
844
850
848
838
852
848
842
848
816
838
832
832
848
852
840
852
850
862
848
832
850
844
844
846
838
842
840
842
856
882
872
836
862
848
838
832
846
836
838
784
822
794
786
754
786
780
780
774
774
786
844
850
836
838
858
874
868
866
866
864
858
852
858
830
832
852
844
842
824
846
840
824
808
820
826
826
820
820
808
814
814
808
822
816
838
824
830
838
838
838
846
838
834
842
834
832
830
846
844
840
810
832
832
822
820
816
812
814
812
840
812
824
826
846
826
826
822
846
846
852
838
842
854
842
816
832
828
824
820
814
830
836
846
830
874
856
868
876
860
872
870
870
866
878
870
866
858
844
838
852
844
804
842
834
830
814
828
838
822
828
824
830
860
836
840
844
850
856
846
862
858
856
864
852
878
854
852
858
868
890
870
882
858
870
844
854
858
846
862
860
850
832
848
858
842
864
850
848
856
854
840
840
840
838
820
832
830
832
834
832
850
832
856
846
842
830
824
828
812
824
836
828
828
840
824
830
832
826
828
824
810
826
830
818
826
826
826
828
794
818
812
806
804
814
810
810
804
838
816
818
822
816
820
818
816
814
810
832
832
828
830
840
826
830
820
816
836
830
804
820
822
810
796
822
810
810
798
814
796
804
806
802
770
802
792
794
796
816
816
812
818
824
820
806
832
818
804
816
826
814
818
820
816
852
824
806
822
824
806
808
812
812
802
822
798
820
800
782
776
782
782
764
784
788
810
788
800
794
778
796
812
798
790
780
786
768
814
808
810
822
840
832
804
796
806
802
808
816
816
808
804
806
816
802
804
810
784
794
770
796
798
774
772
756
744
746
754
756
766
756
780
824
808
814
816
812
818
812
824
824
824
824
832
832
826
836
830
828
802
826
822
812
778
684
846
798
778
794
798
794
800
792
800
796
798
796
826
804
834
814
830
826
828
832
824
832
830
830
856
838
844
840
834
836
854
842
828
822
806
834
810
824
818
820
818
814
820
818
816
838
826
820
816
816
812
818
786
802
802
832
818
816
822
826
798
808
818
802
800
810
800
828
844
830
832
856
830
834
840
834
824
800
800
818
804
810
826
810
810
812
794
806
784
792
810
798
764
784
782
784
776
788
776
808
792
792
784
800
794
806
814
808
780
764
780
772
776
760
816
824
822
830
868
840
848
842
846
832
816
832
824
826
828
832
868
840
844
854
854
852
854
850
850
830
820
804
806
798
804
818
808
812
816
840
818
842
838
868
856
826
824
838
834
832
836
846
832
812
822
832
814
810
820
840
834
832
822
830
838
826
820
822
828
822
804
812
826
804
804
804
808
804
814
816
808
786
804
792
796
808
808
838
840
836
828
820
830
812
786
812
804
796
814
802
810
808
806
808
806
802
794
788
790
800
788
780
804
772
808
810
800
810
812
804
800
810
790
760
746
758
764
802
800
820
806
808
818
814
828
822
824
820
836
826
840
836
834
816
806
816
818
810
802
824
806
808
784
798
808
792
802
800
802
816
796
812
806
792
810
798
792
798
774
786
782
772
766
786
776
774
762
756
780
724
720
708
696
706
702
680
696
698
724
758
794
770
804
806
794
808
800
806
800
808
792
782
778
796
784
782
778
772
772
772
778
772
782
780
780
790
782
792
790
776
772
786
794
784
808
788
788
810
794
818
830
814
826
820
826
826
824
814
828
832
826
806
830
816
816
820
830
824
822
828
814
824
824
816
830
818
822
856
832
824
836
830
820
826
840
798
820
826
810
814
816
818
824
804
808
838
818
832
834
838
834
820
816
808
818
812
828
818
826
818
804
808
824
818
792
804
818
786
890
828
856
862
822
838
840
836
816
832
832
824
810
820
838
824
834
840
824
846
840
844
852
844
832
800
820
796
796
820
820
846
820
824
812
820
814
814
814
806
812
808
808
808
806
818
808
802
820
830
830
834
834
830
838
820
830
840
838
842
824
832
828
836
820
830
834
832
826
828
824
830
834
822
832
840
832
834
822
804
792
796
774
766
768
770
776
778
766
790
812
796
814
810
800
820
760
766
764
778
782
780
798
790
798
826
814
836
842
816
832
826
840
840
820
836
848
824
812
830
812
814
816
798
806
806
806
814
814
812
802
806
818
810
798
810
816
814
810
824
814
812
816
816
816
820
824
826
826
822
832
858
854
846
854
838
842
836
816
810
818
820
802
792
798
804
798
786
790
788
786
768
776
782
780
780
778
782
780
782
784
782
786
788
794
810
804
812
842
822
822
860
838
834
846
842
850
852
850
804
830
854
820
830
844
840
842
824
824
828
816
822
818
812
820
842
808
836
832
832
826
838
836
834
838
828
848
840
838
858
854
850
852
844
846
840
804
832
824
810
812
810
808
840
836
836
836
832
828
830
830
832
838
838
840
840
860
846
846
854
814
834
822
810
844
836
874
848
866
854
876
898
878
880
884
858
832
818
830
814
812
818
794
744
736
724
704
692
682
680
674
676
668
678
672
698
766
768
810
838
840
854
842
844
874
852
856
866
854
870
856
834
854
832
846
838
836
832
836
816
824
828
874
848
866
856
886
898
880
852
860
878
870
872
862
868
868
868
864
862
874
864
872
864
868
856
872
844
866
862
828
828
826
820
820
816
824
828
818
812
816
822
836
828
832
834
840
816
806
778
790
788
812
790
792
796
800
796
792
788
788
794
790
794
786
780
794
798
790
788
794
794
792
772
760
786
794
788
834
832
852
836
854
842
846
842
848
870
864
858
860
866
834
828
838
816
824
802
764
746
742
718
740
738
740
754
776
804
804
820
856
838
838
840
836
820
812
798
794
788
808
790
786
790
758
770
786
796
796
792
814
816
808
810
822
808
814
810
802
802
772
798
792
770
780
782
774
772
772
766
774
776
766
800
792
812
832
840
844
800
816
828
840
830
844
840
834
834
832
836
840
836
844
832
840
834
840
842
824
832
838
828
820
818
834
832
822
844
798
780
778
752
770
776
754
806
850
816
862
842
838
854
858
854
850
836
842
842
792
792
786
790
788
796
796
790
822
814
800
818
810
800
818
808
822
816
852
828
782
790
780
780
740
748
730
728
696
692
688
682
680
682
668
672
678
688
736
770
792
798
832
814
824
820
842
846
832
832
832
844
846
826
834
842
830
814
810
816
828
822
830
828
824
844
846
832
842
846
842
846
826
826
828
824
806
802
810
820
820
800
810
800
826
814
828
818
838
840
834
832
826
826
830
854
840
850
852
848
848
848
824
834
844
818
834
836
820
830
820
836
824
820
814
802
784
786
780
756
772
770
766
814
820
848
858
866
852
862
854
862
858
874
846
856
838
854
842
812
822
820
818
826
806
814
824
808
818
820
830
818
820
834
840
812
822
802
810
814
804
808
776
798
812
798
810
808
798
806
826
796
816
796
806
810
804
804
808
802
796
812
816
834
814
820
824
824
820
828
814
790
818
814
814
810
806
806
814
800
800
806
822
822
816
814
814
830
816
840
836
862
864
832
850
838
852
844
846
846
848
838
872
858
858
838
846
850
844
826
822
838
838
818
834
828
836
822
838
836
816
830
836
836
814
822
828
818
828
820
822
814
782
814
798
750
748
710
712
718
712
744
726
750
780
826
812
816
852
844
874
850
858
850
856
832
838
818
810
828
830
832
828
824
810
822
812
822
822
808
816
810
804
848
816
822
826
838
828
822
826
822
808
804
806
810
808
814
832
828
850
838
838
810
820
830
814
828
836
856
842
838
838
830
838
832
794
820
806
802
810
804
802
794
780
796
790
796
814
796
812
840
812
794
784
784
770
748
754
746
738
712
700
698
696
702
688
724
734
748
788
818
852
830
866
850
860
888
868
884
856
866
846
836
842
846
846
838
830
832
838
842
826
816
826
838
828
822
814
824
820
820
776
790
780
770
778
764
766
820
836
814
828
842
852
844
852
856
854
862
840
848
848
838
852
834
838
836
832
818
792
778
758
760
772
774
754
822
790
814
812
832
818
826
864
822
842
838
804
814
780
776
748
742
728
710
690
702
682
726
650
678
674
676
668
664
676
704
668
744
736
722
704
692
674
686
684
688
702
692
698
730
740
722
744
760
694
714
712
710
696
690
696
700
700
694
708
694
692
738
774
750
758
746
768
756
754
776
768
762
804
776
784
792
782
786
782
780
802
798
804
796
772
790
772
782
784
776
776
780
780
778
764
768
770
760
764
784
782
814
810
804
822
826
826
832
836
838
834
838
832
830
826
826
806
826
828
816
832
818
850
850
836
832
838
822
814
820
828
830
840
854
844
852
856
862
866
854
826
850
826
836
848
874
848
854
854
852
840
820
832
830
792
818
814
814
814
814
780
768
752
754
750
732
742
742
736
724
724
708
714
706
692
694
690
684
694
690
702
710
712
740
764
758
772
816
788
800
798
802
818
824
812
812
826
824
848
830
842
840
828
856
842
848
830
828
834
840
838
832
826
834
868
856
844
860
864
850
826
824
822
824
828
816
844
826
816
824
828
838
822
816
822
818
816
808
856
854
902
870
872
852
862
844
826
822
818
816
816
814
814
814
802
808
816
824
804
844
848
840
828
838
848
860
848
836
852
846
832
814
820
828
836
828
836
824
790
818
810
812
804
804
778
886
838
810
814
826
812
804
812
804
802
792
786
770
776
774
782
758
800
786
776
810
788
788
788
780
800
800
804
800
804
816
814
798
804
800
796
816
802
800
798
774
782
770
784
792
772
792
780
802
774
820
818
806
816
892
846
834
822
830
832
848
820
828
836
820
822
824
826
814
818
834
830
816
824
840
822
822
818
820
838
820
808
828
818
814
812
782
792
784
782
794
796
790
794
798
806
782
760
780
776
770
776
778
774
776
766
754
774
760
756
776
772
810
760
820
866
844
844
812
814
768
756
756
760
774
742
882
806
816
840
790
802
794
810
798
808
814
790
810
810
798
820
814
816
832
818
822
808
818
828
820
836
826
832
832
798
820
822
810
816
844
842
850
856
842
842
834
858
838
818
834
832
826
832
832
832
836
830
830
836
846
844
848
856
848
838
840
840
832
842
836
836
836
836
830
814
804
820
824
808
796
818
798
828
822
832
830
830
824
822
834
834
830
824
816
826
828
836
816
814
832
832
826
800
798
790
798
786
786
790
794
792
800
800
808
794
846
874
856
850
834
830
834
832
838
832
816
824
822
824
816
836
804
832
854
840
858
820
836
842
830
834
834
832
832
834
830
832
834
816
814
854
842
838
822
850
816
808
806
810
828
822
826
826
842
832
828
822
832
832
828
844
834
828
850
862
852
842
844
844
846
858
830
822
822
826
824
822
830
834
822
832
832
832
832
840
834
828
804
840
832
832
838
844
832
886
864
848
864
828
834
832
816
818
814
788
812
804
808
802
842
828
806
844
916
848
872
834
834
828
834
830
834
834
836
830
842
848
838
836
834
838
836
848
842
824
832
836
836
844
842
846
826
834
826
822
822
822
836
828
820
838
826
828
852
846
834
834
840
844
846
836
840
854
852
842
848
844
846
836
844
806
828
822
818
832
824
830
838
836
846
822
836
820
808
814
806
824
822
818
806
814
812
846
832
834
840
838
816
852
846
918
880
850
838
848
852
872
868
848
856
854
844
828
840
842
826
838
818
820
838
820
842
826
836
802
808
780
794
800
802
800
806
806
804
802
808
780
844
826
846
928
880
856
850
860
852
832
836
842
850
824
838
824
846
838
824
838
828
828
820
826
824
840
828
832
846
830
832
836
824
820
838
836
834
852
862
842
850
840
838
834
830
834
834
828
818
832
828
846
868
836
846
832
836
834
822
842
838
834
802
808
780
766
754
728
736
714
708
694
708
698
702
696
706
682
690
696
674
672
670
666
668
694
650
804
732
718
852
800
812
840
844
854
856
880
880
902
888
884
874
854
876
860
880
886
884
904
892
892
918
904
896
902
896
876
866
868
872
876
858
878
854
874
886
896
902
888
882
892
874
868
870
864
848
856
844
858
868
848
880
860
870
850
858
838
824
840
830
850
830
846
848
858
868
862
848
864
864
858
886
874
882
878
874
870
882
886
880
884
876
876
884
868
870
870
872
872
856
860
858
834
816
806
786
750
752
754
764
772
798
766
794
840
842
842
862
870
950
898
898
892
888
890
898
906
918
912
908
896
904
900
882
878
868
870
870
854
834
862
852
840
796
844
784
820
790
774
764
736
744
752
762
772
728
816
838
842
846
830
848
870
882
964
894
912
938
884
896
902
882
858
872
864
870
880
868
880
868
884
896
868
890
900
892
892
858
878
882
886
858
872
878
868
868
878
882
880
882
868
868
874
870
872
850
870
874
862
844
862
848
878
858
854
844
854
824
812
832
820
800
824
882
888
868
890
976
888
914
920
862
878
870
884
896
886
894
890
886
878
874
872
860
868
842
848
850
844
852
856
838
864
872
842
856
828
856
944
898
876
856
874
894
896
888
868
878
866
890
902
896
894
892
900
880
902
890
900
880
898
894
870
884
878
886
892
890
874
858
880
862
884
886
886
888
902
876
892
890
882
888
912
886
870
876
832
856
862
866
870
874
880
880
912
892
894
900
898
900
890
884
896
884
870
862
868
872
874
866
862
852
854
822
872
866
920
860
862
860
872
862
872
874
866
868
872
868
870
886
754
948
884
866
830
822
812
810
816
838
844
826
860
810
882
880
948
890
898
896
890
888
880
916
896
860
868
870
868
864
862
884
882
868
886
892
886
886
890
876
870
888
870
818
810
786
784
774
780
756
768
734
752
746
746
736
720
812
834
906
870
876
866
868
860
866
864
876
872
866
890
872
890
866
878
862
836
822
808
782
784
768
790
786
784
812
764
834
828
836
832
898
836
846
862
878
878
876
870
840
904
904
906
978
924
932
922
908
898
908
902
896
866
884
894
882
844
856
864
856
874
870
860
884
870
838
876
884
890
896
966
914
902
896
898
900
896
904
908
890
902
906
924
924
916
932
906
914
904
862
862
836
810
802
804
820
816
812
952
842
916
906
868
906
884
804
810
834
820
796
816
806
808
794
818
808
846
852
862
854
888
890
856
870
854
852
864
846
858
868
866
852
834
842
860
846
872
854
868
862
852
892
876
888
896
886
892
890
898
888
886
866
876
874
878
878
866
870
866
870
842
852
858
858
852
856
858
884
890
884
892
908
906
890
896
892
896
894
880
876
886
868
840
880
872
884
860
870
870
868
864
844
870
848
862
856
872
872
888
908
876
874
890
858
858
856
854
854
854
850
874
876
898
886
902
890
886
880
878
900
878
862
864
860
864
876
858
878
880
868
870
874
862
866
834
786
792
750
740
752
742
758
744
890
772
916
854
816
882
892
902
984
934
884
896
904
896
894
872
876
866
868
882
860
872
874
870
860
850
854
830
840
840
836
846
836
868
854
868
892
888
882
870
870
882
890
898
890
