360
646
656
666
670
670
698
706
712
726
716
726
726
704
692
668
674
656
666
654
678
672
698
706
692
692
702
694
690
700
684
676
684
678
676
664
662
650
644
652
652
642
654
650
660
664
670
664
678
684
692
698
686
686
676
668
660
648
646
646
656
656
660
666
676
676
692
694
702
716
728
712
700
696
684
706
712
710
726
732
728
746
756
756
744
756
758
768
756
742
716
736
730
720
708
700
690
688
700
704
726
722
728
734
726
740
732
732
748
746
754
754
742
736
732
734
714
710
712
704
716
716
692
704
680
674
690
676
654
680
680
690
700
688
698
698
708
712
728
730
744
738
746
726
728
736
728
710
696
710
714
710
710
724
732
732
746
760
740
724
720
728
726
710
700
704
718
724
734
748
770
786
810
810
828
838
832
818
830
830
808
820
818
822
776
774
784
788
796
794
818
830
832
844
842
820
828
832
830
816
832
836
840
812
836
828
780
824
828
832
796
824
826
824
856
874
882
850
874
872
842
850
862
872
850
864
876
872
844
894
902
884
870
908
906
858
880
900
904
868
896
890
890
858
886
892
870
878
900
894
854
884
882
884
826
864
852
834
824
836
866
874
866
858
886
888
854
882
878
874
850
894
896
862
854
872
882
854
892
876
846
870
866
862
844
882
890
874
870
888
892
862
884
896
904
896
940
942
894
944
946
950
930
906
932
934
932
904
936
928
864
938
918
926
882
922
912
904
864
890
874
854
850
874
876
862
888
894
864
876
882
886
848
884
880
868
850
878
886
878
858
900
900
894
880
906
908
890
886
882
858
868
868
864
842
860
860
846
860
866
848
868
880
870
888
880
872
882
884
876
866
876
880
878
862
886
888
900
870
898
904
890
632
946
950
1130
838
906
904
896
870
888
884
864
870
872
876
850
866
870
868
848
878
882
866
872
886
884
874
884
880
858
836
870
844
834
846
818
858
860
842
830
848
852
840
826
846
858
840
848
848
840
838
840
834
830
844
866
860
878
896
898
890
888
890
860
834
800
828
814
818
810
818
814
838
842
844
844
834
830
836
854
836
848
856
842
854
844
858
856
884
892
882
886
888
866
864
826
852
848
842
828
834
812
782
792
804
800
786
798
782
804
818
816
812
812
818
814
810
804
808
808
804
812
810
822
832
814
828
842
838
828
836
842
822
816
820
820
798
810
808
808
786
810
806
792
806
810
808
808
824
822
820
806
826
820
814
836
836
830
798
820
818
800
784
802
796
768
788
768
774
786
782
798
790
796
802
804
804
804
804
802
804
800
804
796
762
776
780
770
772
780
788
778
768
784
770
782
800
790
786
784
774
778
782
778
778
772
786
780
806
814
800
816
824
816
800
798
800
800
796
810
822
816
866
838
842
840
806
836
826
792
784
808
792
804
792
786
800
804
818
824
844
834
842
838
832
866
884
872
882
846
860
856
860
882
896
894
886
888
886
880
850
872
876
868
844
880
862
840
806
838
832
832
850
842
856
854
844
822
844
834
840
828
838
842
846
828
856
874
862
846
860
866
862
890
886
888
882
892
866
908
896
908
904
904
904
900
864
888
898
890
866
884
898
882
872
888
892
872
888
900
898
872
884
886
846
870
876
884
856
876
884
860
886
878
860
880
880
848
862
860
828
870
870
836
860
840
818
858
836
864
844
856
868
828
816
844
840
860
844
866
876
870
874
888
892
890
882
882
892
902
912
908
888
930
920
888
864
876
862
840
838
854
844
842
870
888
868
872
880
858
866
868
866
864
866
870
864
880
876
888
884
880
892
884
880
876
866
844
856
854
870
888
870
864
884
872
850
870
868
888
862
888
896
872
884
892
888
874
882
886
852
880
884
876
864
886
886
864
876
872
866
862
872
880
862
882
892
874
886
900
880
890
874
880
858
884
872
834
866
880
872
866
882
894
876
888
890
880
848
878
878
842
852
866
864
860
834
860
854
854
830
864
872
890
890
906
906
914
916
924
934
926
916
890
910
924
920
870
900
886
860
854
884
872
868
890
882
866
858
862
866
840
874
856
856
862
866
894
896
906
884
896
906
898
882
904
916
902
904
906
898
872
906
906
894
872
870
878
848
878
880
840
872
866
860
858
876
876
858
892
906
886
890
894
872
890
888
886
850
880
888
880
862
884
886
884
860
886
892
866
864
874
862
844
862
856
850
840
854
850
824
818
850
842
860
850
876
874
880
904
894
876
878
872
880
878
882
884
874
862
882
888
866
894
904
888
858
884
882
864
834
872
866
876
868
872
882
890
870
882
876
878
858
852
864
882
864
880
904
866
894
896
886
858
868
870
838
846
882
860
868
864
886
876
876
876
878
868
876
894
876
872
894
882
872
884
896
890
884
908
900
880
888
888
884
864
902
898
886
860
878
838
868
876
862
850
858
870
848
872
874
866
876
886
878
856
872
892
866
876
880
880
878
884
890
852
882
892
846
864
864
862
864
886
888
872
884
896
888
888
896
886
888
866
890
908
890
892
908
902
890
910
910
866
898
896
880
888
876
894
870
892
904
888
878
908
916
906
910
922
936
924
898
918
922
898
912
914
900
886
898
896
900
878
884
908
906
890
908
924
918
896
914
908
906
898
878
900
880
870
888
874
874
860
870
888
864
880
902
906
876
898
890
898
870
892
884
852
856
854
856
836
866
894
886
872
910
888
864
902
866
894
820
860
814
852
850
848
844
856
864
844
864
852
860
844
850
856
862
838
844
860
862
842
892
888
908
882
896
898
884
860
868
870
872
856
832
806
846
856
874
896
904
930
928
934
932
944
938
936
916
892
882
898
878
882
894
880
892
872
832
864
898
858
900
876
880
862
878
880
856
856
856
858
830
846
856
822
340
578
782
826
862
858
842
832
838
852
834
810
808
794
812
818
816
812
820
840
848
836
842
848
822
838
836
836
826
832
856
838
814
818
830
816
824
828
842
840
834
822
834
832
804
822
796
780
780
790
798
792
804
824
818
816
818
830
820
804
792
758
708
666
680
668
642
662
664
670
698
702
716
736
752
752
774
784
788
804
820
808
810
808
784
784
790
750
764
718
746
746
732
722
744
744
732
738
754
768
756
766
772
772
758
772
794
802
784
770
780
776
774
772
802
800
816
830
834
826
838
842
810
830
840
822
810
820
826
802
820
834
814
812
824
806
794
818
832
822
814
822
824
800
814
824
826
816
818
832
824
848
862
848
860
874
854
866
868
872
838
812
810
834
808
820
788
800
780
774
800
810
800
802
790
794
798
816
846
856
846
848
838
836
824
826
844
834
842
840
848
750
786
790
776
796
820
822
818
810
810
804
806
798
800
808
800
806
808
798
800
800
790
778
784
790
766
794
784
782
756
764
770
768
774
780
772
766
752
730
746
742
748
726
742
760
768
766
764
766
758
760
756
748
738
764
772
784
768
788
774
766
758
738
744
744
736
732
730
726
716
708
676
704
668
698
702
718
708
718
734
730
726
730
734
752
756
756
748
766
774
754
750
742
746
760
770
754
760
756
764
770
764
750
770
788
788
790
790
796
806
812
808
788
808
816
822
814
810
834
840
836
810
828
822
820
796
816
828
846
838
812
836
832
836
826
830
840
846
830
830
834
822
830
846
856
874
876
888
886
878
876
872
868
842
850
850
846
836
820
846
856
840
826
844
868
866
830
856
854
858
818
804
816
812
804
810
794
816
816
826
832
834
820
800
810
792
814
816
788
806
830
836
820
862
884
884
860
888
898
906
884
848
870
870
866
832
868
880
870
868
876
888
860
888
906
920
868
900
904
876
876
884
882
858
894
864
874
842
860
876
858
870
884
878
878
874
830
874
874
882
866
874
896
892
870
890
896
894
890
864
874
884
896
864
884
894
878
888
902
892
872
888
898
904
872
896
910
892
854
866
858
854
822
840
838
842
828
852
866
854
838
852
856
852
826
850
858
854
854
832
864
862
870
878
878
902
906
882
864
884
892
868
864
880
894
892
860
880
890
878
882
896
880
826
852
824
828
834
846
828
830
816
832
810
812
822
830
830
830
848
836
846
852
838
838
844
828
856
862
872
856
858
860
842
830
842
840
856
822
844
830
834
826
820
832
804
816
790
812
818
810
802
818
824
838
832
826
826
828
836
830
830
832
836
840
850
824
846
840
844
848
844
844
850
838
816
830
828
840
828
844
844
838
814
832
826
842
816
822
820
816
800
816
816
810
816
824
838
818
832
828
836
846
814
818
822
800
800
794
766
788
788
804
798
804
828
834
820
828
840
822
808
816
804
802
784
814
788
794
794
812
814
792
806
818
810
818
802
828
844
856
840
844
838
842
814
810
804
806
800
804
796
812
794
824
828
822
802
824
832
822
796
822
830
804
812
818
812
806
824
832
848
840
848
860
846
842
840
844
846
808
830
836
840
832
848
868
840
860
856
858
860
850
862
880
896
894
904
900
880
874
886
872
872
820
854
852
852
836
816
842
848
852
848
850
854
854
852
864
872
870
882
848
858
846
854
842
642
828
906
900
904
884
872
868
876
870
856
840
852
846
816
836
836
832
820
838
842
846
832
844
856
850
836
830
838
848
824
834
842
832
828
840
838
846
834
848
852
856
846
854
858
850
832
854
848
838
838
842
842
838
850
860
872
852
856
862
858
838
856
852
844
816
846
836
830
818
838
848
842
846
852
866
858
866
876
878
886
898
892
882
858
878
874
876
846
852
866
878
852
880
892
880
852
872
882
880
854
878
876
866
838
862
866
862
872
894
892
864
890
844
850
826
854
858
830
828
872
858
868
846
856
842
844
842
844
842
840
838
840
842
842
858
850
852
830
852
850
844
848
868
856
848
856
860
862
842
852
854
856
842
834
844
840
830
824
840
844
848
840
844
852
838
824
840
850
840
834
854
860
828
842
838
838
824
840
860
876
872
874
920
928
924
902
914
914
890
894
894
890
866
860
864
866
870
866
880
878
878
864
874
866
860
850
864
876
854
842
862
858
844
844
864
868
862
866
882
880
898
884
876
878
862
864
862
904
894
868
884
888
866
882
888
868
848
862
860
844
850
866
878
884
888
898
898
878
888
896
904
892
898
890
886
872
854
870
854
876
856
854
830
840
838
820
832
796
794
820
824
822
806
830
836
850
842
868
884
888
884
928
930
922
926
926
926
918
914
920
918
894
916
922
900
874
896
890
854
840
876
894
878
872
898
916
900
922
926
908
890
902
906
884
882
882
866
854
874
890
874
876
876
878
870
862
884
892
878
888
890
904
884
892
900
898
876
890
864
864
828
850
846
858
864
882
908
900
900
952
940
930
930
932
930
894
908
898
888
872
902
888
890
924
920
904
916
924
902
892
902
900
888
896
906
902
894
902
902
884
886
894
894
874
888
886
898
888
884
916
904
894
908
896
874
876
886
874
874
890
910
940
932
954
954
926
928
912
908
898
896
898
898
878
894
896
892
878
876
900
888
868
884
902
908
886
896
912
900
886
896
896
892
894
928
944
936
926
932
904
892
860
878
876
884
864
870
882
868
850
870
880
892
872
880
886
886
872
894
906
890
930
932
916
904
908
912
936
912
930
934
920
880
894
898
890
882
892
904
902
856
874
864
852
834
862
884
886
876
904
906
910
892
918
908
898
896
906
896
890
894
886
864
870
886
902
900
894
940
954
938
930
924
912
886
894
894
880
864
906
920
920
944
956
958
940
924
922
910
908
904
896
882
850
864
864
884
882
906
938
930
940
946
928
920
930
922
908
918
922
920
918
930
936
904
902
894
896
882
900
924
926
916
930
944
930
930
936
902
866
874
876
858
880
902
918
906
920
932
952
944
934
936
926
904
896
904
900
896
892
910
950
940
934
946
954
944
926
946
940
930
890
890
912
904
894
876
904
918
898
878
906
918
902
882
900
900
894
882
878
902
908
896
870
882
888
864
850
874
876
860
870
892
902
916
952
958
948
938
934
948
948
930
934
928
922
900
916
934
946
932
916
928
930
932
918
942
946
934
912
928
950
948
928
938
940
936
938
930
934
906
906
916
922
922
902
920
918
912
902
902
920
918
902
890
926
920
910
880
894
910
924
912
910
926
944
950
918
932
934
938
938
932
946
946
932
938
948
958
958
958
970
954
906
914
910
924
898
914
930
936
926
924
928
902
898
908
916
886
894
920
924
910
906
930
936
916
934
940
940
912
882
862
848
814
804
800
762
752
788
778
772
766
788
790
778
770
776
764
774
730
734
772
730
748
758
752
762
770
768
766
762
766
736
738
730
732
714
714
714
720
718
568
878
720
708
706
712
702
708
714
716
714
724
730
730
740
750
752
736
748
728
704
714
718
702
698
714
734
738
728
728
724
724
724
724
726
736
758
744
758
766
758
758
740
718
724
712
740
734
738
752
774
780
816
800
828
846
856
842
840
864
880
880
864
876
880
876
858
872
864
858
810
830
832
832
832
826
838
840
826
806
828
864
870
842
870
872
884
868
820
856
840
840
816
830
856
864
852
850
870
892
868
868
898
898
888
872
884
880
878
856
876
882
888
874
864
888
890
898
888
892
890
866
858
882
892
890
866
892
896
864
824
832
822
824
808
848
862
844
846
880
882
846
848
852
828
802
812
814
780
800
798
798
792
796
828
840
816
784
802
792
814
790
786
782
806
828
852
846
826
850
866
862
826
832
848
854
846
830
844
864
844
814
842
846
864
850
874
892
912
902
906
914
906
882
902
900
864
836
864
858
858
824
820
842
860
862
840
846
852
872
850
858
882
912
886
876
890
882
860
836
850
850
828
800
828
830
816
796
814
822
786
802
810
798
776
790
784
778
772
784
786
746
730
732
736
724
710
730
746
750
766
764
784
770
762
762
754
758
762
766
774
782
764
792
782
800
796
784
790
786
778
784
808
810
794
800
802
804
800
822
834
844
830
838
836
802
804
792
770
764
766
768
766
784
784
780
772
782
788
778
778
782
776
774
780
784
766
770
772
776
778
794
784
796
776
800
792
758
744
740
722
730
710
728
754
758
756
776
788
792
804
828
814
812
818
786
742
756
760
738
740
756
776
758
752
748
738
716
724
696
706
722
716
720
718
738
740
746
744
760
766
754
748
734
726
702
684
688
686
710
710
706
718
720
738
730
756
762
762
764
762
774
780
754
770
782
756
754
746
746
734
720
726
730
732
726
734
754
754
738
750
748
714
714
714
710
724
714
706
716
728
728
736
732
730
732
746
744
748
730
738
744
756
742
738
744
748
756
732
760
736
728
728
734
742
738
746
764
756
750
756
766
786
768
792
812
816
796
808
778
786
784
802
830
794
804
796
780
786
786
784
804
798
792
798
764
748
726
744
734
750
754
758
754
766
792
806
810
822
826
830
814
822
838
842
850
850
864
854
870
850
858
822
802
784
800
800
800
794
814
816
786
792
778
756
746
750
754
746
752
764
766
760
774
792
796
776
794
794
786
770
784
804
778
796
798
790
766
774
754
760
774
788
770
784
766
772
752
762
766
720
716
730
628
678
672
654
672
650
650
644
638
640
650
658
656
656
668
674
670
678
682
678
702
718
740
764
760
772
790
780
764
758
764
734
746
746
750
734
742
742
752
738
742
748
752
736
746
756
766
746
756
764
776
778
748
768
764
742
738
740
742
736
726
730
714
696
696
702
706
714
730
740
744
756
752
754
762
778
776
780
776
766
764
766
732
750
736
720
698
706
710
718
714
756
770
746
750
758
752
756
758
734
734
742
724
716
704
712
688
674
674
696
704
700
698
712
714
728
728
728
736
740
736
736
746
756
732
724
694
722
694
710
692
720
728
714
718
714
714
710
708
740
746
736
740
752
710
698
700
684
666
658
674
666
668
648
624
642
624
622
608
618
584
600
582
594
592
580
586
584
582
580
582
580
584
582
588
584
588
586
588
586
590
592
606
598
610
618
616
620
612
618
610
608
618
602
608
598
592
594
590
592
594
592
594
606
598
606
604
598
588
596
596
596
584
588
588
586
580
572
574
578
582
596
592
596
604
604
612
614
610
608
598
594
592
592
592
592
582
570
560
562
570
564
566
564
564
562
560
564
560
560
560
566
562
558
560
562
576
566
572
556
566
560
554
554
558
552
540
550
548
548
538
536
536
538
536
538
540
538
536
538
544
538
540
540
538
538
534
536
536
534
532
540
524
534
522
522
516
510
512
514
508
516
514
514
508
508
514
508
506
516
372
648
502
506
508
508
506
498
512
510
508
510
504
510
512
510
500
506
506
504
504
504
494
508
504
504
504
506
504
506
502
504
500
502
502
502
492
498
502
504
506
506
502
496
488
498
500
494
500
498
508
496
494
500
496
500
496
496
496
496
498
496
498
500
494
490
494
492
490
488
484
486
486
490
490
492
492
494
500
496
496
484
492
494
500
504
500
498
510
500
502
504
502
502
502
486
488
488
482
482
492
484
486
488
482
484
470
478
476
474
480
474
462
482
472
472
478
480
490
484
484
486
488
492
490
494
498
484
488
490
494
490
484
486
486
490
488
482
484
484
480
480
478
474
468
474
466
472
476
472
474
480
476
476
476
468
476
472
476
480
476
484
482
482
484
480
480
476
484
486
482
482
480
480
492
482
482
488
486
494
486
484
490
494
496
494
494
504
502
504
500
498
496
492
494
490
492
492
496
492
494
502
508
500
498
504
500
506
498
500
498
500
506
496
500
500
504
500
492
498
496
496
496
494
494
504
504
504
500
510
506
506
498
490
500
500
498
496
496
500
500
506
512
500
506
510
512
510
506
510
498
518
516
510
512
512
518
514
510
508
514
516
512
516
508
522
514
514
516
514
516
520
516
518
520
522
530
528
532
532
544
542
540
540
538
546
552
548
534
538
540
544
540
532
538
544
540
546
542
538
542
544
554
538
538
554
554
550
552
552
544
532
532
530
530
528
528
526
530
530
532
530
524
530
530
526
520
516
520
520
518
516
518
516
520
518
512
512
512
512
518
514
518
512
514
518
524
522
524
532
528
524
530
522
524
526
532
530
532
532
532
542
528
528
530
528
522
524
526
506
522
524
520
520
504
512
510
516
520
514
524
522
526
522
526
526
520
522
514
516
514
510
514
514
516
514
516
512
510
512
510
504
508
502
508
500
498
504
500
508
502
500
504
504
508
504
504
506
506
500
504
502
502
506
496
496
504
496
496
492
498
494
490
502
490
464
484
478
482
484
482
486
482
486
484
490
494
492
496
494
502
502
496
500
502
502
506
500
500
506
502
512
504
506
506
504
516
510
508
512
520
514
512
516
510
514
514
512
516
514
518
516
518
512
516
514
520
520
522
520
534
528
524
518
518
518
518
510
506
512
514
514
520
510
516
518
514
510
506
506
506
512
508
510
504
502
504
510
506
508
502
504
504
504
502
498
500
502
500
504
502
502
504
502
504
502
506
504
504
504
502
502
486
494
494
496
494
494
490
490
490
494
488
494
500
496
502
500
498
496
488
494
492
496
498
494
506
500
502
496
500
504
510
512
512
502
508
510
512
510
506
506
510
510
510
510
510
512
512
504
508
508
498
500
498
498
498
502
492
498
506
496
500
502
500
506
506
506
516
510
528
518
520
526
526
534
524
522
518
518
520
520
518
520
526
534
536
528
524
530
526
528
524
526
528
534
536
524
528
526
524
524
514
520
516
516
516
514
512
514
512
518
510
500
508
506
504
500
502
508
516
508
508
510
510
510
508
508
508
510
512
520
508
512
518
522
518
518
518
518
524
520
520
518
524
520
518
514
506
514
508
508
506
506
508
514
516
498
508
508
504
502
500
500
506
502
496
496
502
500
500
496
496
500
498
496
496
494
494
494
486
490
482
488
482
480
482
478
480
480
478
480
482
482
480
484
480
478
484
482
484
490
482
484
490
496
504
496
506
514
510
506
506
510
506
502
510
502
506
520
516
518
510
514
504
512
516
514
516
514
514
506
510
510
508
508
512
512
508
508
504
502
506
506
502
514
506
508
500
494
498
498
498
500
504
504
508
500
504
504
502
498
500
502
498
502
494
508
508
508
516
530
526
532
540
540
538
538
520
518
512
522
516
524
516
518
522
536
542
546
554
566
730
660
662
642
662
648
638
638
630
594
590
578
566
560
558
562
562
560
556
580
568
582
576
574
572
580
560
566
562
562
562
560
566
572
568
568
568
562
552
544
552
550
548
548
546
546
544
544
550
552
548
548
554
542
548
544
550
550
550
552
556
556
554
556
554
554
550
548
548
540
542
530
538
536
542
538
538
550
538
530
532
532
530
532
530
528
534
530
532
532
530
530
528
528
526
528
530
528
528
522
524
524
524
510
518
518
520
512
510
510
512
508
512
510
510
508
508
508
506
510
510
510
514
510
516
518
510
516
516
520
516
518
514
516
518
512
514
508
512
512
504
502
506
500
496
496
502
498
498
504
498
502
506
502
510
506
506
506
512
506
504
506
508
514
510
512
506
506
508
508
508
502
502
504
496
502
484
494
494
492
494
490
494
494
494
494
492
490
492
488
490
492
496
492
496
502
496
502
500
498
498
494
486
490
488
492
486
490
484
478
484
474
478
478
474
474
470
472
472
468
470
470
466
470
464
466
466
462
464
470
460
466
462
466
472
466
470
474
470
478
474
474
482
476
478
476
482
478
478
482
480
480
480
476
474
476
474
480
468
476
476
476
478
476
476
478
484
488
484
486
486
486
486
482
488
494
486
484
492
490
492
492
490
488
484
488
486
486
486
478
490
484
480
478
474
472
468
466
468
466
466
460
458
460
460
458
458
456
456
464
458
464
464
460
464
462
460
460
458
456
458
456
456
460
454
458
456
458
456
454
458
448
450
452
454
444
448
444
446
450
444
440
440
432
442
438
432
440
442
436
440
442
438
446
438
444
444
440
440
438
438
438
438
438
440
440
438
440
432
436
436
434
434
428
428
430
428
426
424
426
418
422
420
420
420
432
424
424
420
420
424
424
424
430
416
428
424
426
426
424
426
428
426
426
428
428
428
436
418
384
564
408
462
532
410
696
554
546
410
450
540
468
422
430
414
414
418
408
414
410
408
408
412
408
366
454
410
370
454
410
410
420
416
422
408
300
524
442
416
442
414
416
412
414
410
420
412
422
422
410
420
416
416
412
416
410
406
412
406
414
408
406
406
424
408
404
414
412
408
412
412
406
414
406
406
406
414
408
406
408
414
416
420
416
416
412
416
430
418
412
422
416
416
414
410
410
408
410
410
408
408
410
408
408
404
404
404
404
404
400
402
402
406
402
406
410
402
408
410
408
408
406
406
408
414
406
412
408
408
408
408
408
414
418
412
412
416
414
434
408
408
418
414
412
412
406
412
416
406
408
408
404
404
412
416
406
408
408
416
422
416
418
426
420
424
424
426
424
428
416
448
430
434
436
438
452
442
434
436
438
442
468
418
444
444
446
444
446
436
430
436
858
444
444
444
458
456
454
456
458
472
462
466
466
464
470
468
468
470
472
466
478
470
476
478
476
490
498
500
508
492
488
498
484
484
488
484
484
664
634
638
608
556
526
508
512
488
488
486
496
502
496
508
498
494
502
484
492
492
496
494
488
480
486
484
502
502
508
508
506
506
506
508
500
494
494
492
486
484
478
474
470
472
472
474
488
486
494
492
476
490
488
494
500
514
516
524
522
528
530
534
542
556
556
560
792
714
702
694
604
600
578
570
564
676
598
588
638
608
658
624
644
620
652
618
596
580
552
556
550
768
716
700
700
690
688
662
652
652
654
616
672
612
640
592
586
582
646
578
642
586
590
570
580
640
580
618
570
566
554
550
552
546
544
550
688
628
620
570
650
600
558
570
644
590
622
602
628
598
584
546
562
676
642
634
598
680
642
622
594
662
608
656
618
600
598
590
572
560
710
680
684
714
734
750
768
746
748
730
720
688
666
652
612
642
596
602
588
706
650
716
730
752
758
768
774
766
784
790
786
780
766
718
726
694
668
652
624
616
622
608
698
704
696
716
696
658
722
720
718
714
706
652
644
690
682
702
700
702
710
704
696
682
660
662
648
652
648
644
618
658
610
640
600
588
572
560
562
560
682
644
642
664
656
656
624
690
678
678
698
690
686
670
670
666
630
658
604
662
590
612
596
682
630
662
660
658
664
624
660
648
644
646
632
598
640
576
634
576
632
582
618
566
568
558
542
560
574
574
688
664
674
708
716
736
714
704
692
698
694
690
694
666
672
676
650
664
658
682
646
690
654
674
654
660
668
652
650
622
630
616
594
656
