594
660
642
636
650
646
658
660
666
672
668
670
680
680
690
682
694
692
676
668
666
652
650
646
644
652
648
652
662
650
650
664
656
666
672
674
666
662
650
638
646
644
638
618
596
600
604
630
658
642
658
664
678
672
688
684
688
688
674
682
688
676
680
674
672
672
664
666
658
662
654
656
650
654
654
658
654
652
646
642
646
648
658
654
652
666
658
658
670
658
664
674
670
672
668
668
668
670
666
670
650
652
654
648
650
658
652
652
666
652
654
672
658
650
652
648
658
660
652
652
664
654
654
658
654
650
662
656
670
668
672
664
672
672
672
674
666
670
674
660
656
664
640
624
620
618
618
626
626
642
656
642
654
664
654
666
666
672
680
676
688
696
694
694
702
696
716
716
718
730
744
708
714
702
690
694
700
706
708
712
744
718
694
702
704
702
722
722
712
724
726
712
718
720
702
712
702
694
682
688
670
678
682
682
678
672
660
662
672
660
668
664
654
656
658
652
658
656
664
668
658
660
664
668
668
662
660
662
658
662
662
656
644
644
632
634
644
646
654
666
668
672
682
682
688
676
682
680
670
666
666
654
648
650
646
648
662
654
656
656
642
634
634
632
632
638
636
644
652
646
648
654
644
640
634
632
632
620
616
628
636
644
638
644
658
664
664
672
660
652
666
648
642
642
632
640
648
636
640
644
642
642
654
648
662
672
666
678
696
688
694
688
672
676
670
666
662
662
658
654
644
640
646
636
650
650
646
638
640
632
634
630
628
632
626
622
628
622
626
630
626
634
634
638
656
652
656
662
658
654
654
644
642
640
628
624
630
618
616
626
626
632
652
650
644
648
646
644
648
644
628
606
598
596
590
588
590
582
564
574
588
634
650
672
688
706
716
728
722
716
714
704
696
686
686
682
672
672
676
672
672
668
676
684
698
704
696
688
672
680
680
670
674
676
676
676
662
656
660
654
652
656
654
660
656
666
664
656
664
662
654
646
650
640
630
628
618
618
620
620
618
628
628
636
640
644
644
660
652
664
666
654
670
674
668
666
672
666
660
660
646
644
642
628
634
634
638
638
652
642
652
658
648
650
642
642
648
638
636
628
620
622
606
604
610
602
602
604
600
602
614
606
618
626
626
636
636
652
664
660
662
660
658
656
660
652
650
654
646
644
648
636
636
642
638
634
644
644
648
658
652
654
648
642
646
648
644
638
650
638
644
648
646
644
652
642
642
644
640
638
640
632
632
636
632
636
650
642
644
648
640
634
634
632
632
630
630
636
630
632
632
630
620
632
626
636
644
644
650
656
644
650
658
646
642
644
636
638
626
632
632
620
624
624
618
614
618
616
608
622
614
618
624
630
634
644
626
636
636
632
632
634
622
620
624
620
612
622
620
624
642
632
638
644
636
642
644
634
644
644
642
638
650
636
642
644
642
640
656
656
662
662
658
654
664
652
644
642
636
628
634
630
632
646
642
648
652
644
646
658
648
656
654
654
660
658
656
656
644
648
656
648
646
660
648
650
656
646
642
648
636
642
646
644
644
644
642
628
626
620
608
620
614
624
640
632
656
666
664
680
686
680
674
684
670
654
642
626
620
620
616
620
640
642
654
660
664
668
670
680
654
638
618
600
588
584
578
568
570
564
560
556
554
550
544
542
534
536
538
532
532
528
524
514
514
460
536
508
500
498
496
348
562
502
494
496
500
500
506
504
508
520
544
554
588
578
582
584
622
650
698
726
748
716
708
728
746
714
676
670
678
666
652
654
634
636
640
630
634
636
620
624
626
620
612
632
642
632
654
670
658
698
702
682
700
696
700
706
692
720
710
702
700
696
672
678
674
672
686
672
692
700
694
696
708
684
688
692
682
698
692
682
688
686
680
678
660
664
666
644
642
642
632
630
640
634
638
648
638
634
640
630
634
640
636
638
656
642
650
656
646
626
616
616
608
592
604
608
600
592
594
604
626
622
614
596
610
622
644
648
630
628
652
688
696
682
676
706
700
692
698
702
694
728
744
724
694
716
710
692
708
706
674
684
682
670
700
708
714
736
736
750
734
734
746
738
740
730
718
728
720
728
718
708
714
710
700
704
704
684
702
702
690
698
694
692
686
692
676
682
684
692
694
692
686
684
688
682
690
694
688
690
692
688
690
700
680
690
698
690
692
698
694
694
694
676
678
670
654
664
660
648
648
654
638
630
640
634
630
632
632
630
642
652
646
662
680
664
646
658
664
668
674
668
708
706
704
716
720
710
720
718
716
720
716
694
696
700
680
682
686
670
678
692
678
688
708
698
710
706
686
704
696
690
696
686
668
678
670
652
658
666
668
676
682
684
694
682
688
684
684
678
670
676
666
672
672
666
650
650
642
626
600
594
592
602
602
608
624
634
628
630
648
660
684
712
724
724
690
688
684
686
698
698
696
712
702
704
698
700
694
698
680
686
674
670
676
674
672
672
688
686
700
708
700
704
702
694
704
698
690
702
696
684
688
688
676
678
678
670
676
682
676
672
676
674
656
648
646
650
640
648
648
644
660
656
672
682
684
682
680
676
674
658
656
666
656
658
660
658
652
664
652
656
660
656
662
674
668
678
680
674
686
694
688
698
706
704
698
696
672
672
674
664
670
676
672
682
684
674
678
686
676
694
700
696
706
724
692
704
692
676
670
680
674
674
680
666
676
676
664
664
666
662
666
660
652
654
666
658
668
668
668
676
686
676
682
692
676
678
682
670
666
664
646
642
642
632
638
644
646
658
666
658
664
664
660
672
668
662
658
668
654
650
650
642
642
650
646
656
660
652
652
664
658
660
666
654
652
662
654
646
658
646
640
648
638
642
652
648
650
662
652
652
660
654
652
658
644
640
640
626
622
628
622
624
628
626
626
644
640
656
664
660
654
652
648
652
656
656
668
662
660
668
660
662
674
664
670
668
660
658
664
654
650
656
648
648
648
636
634
636
632
634
644
650
658
674
668
682
680
666
672
678
670
660
656
650
626
630
626
618
636
642
646
656
664
670
694
674
684
678
654
676
682
676
676
684
674
680
680
674
694
690
682
688
682
668
664
670
660
656
662
644
646
652
634
642
654
658
664
672
670
682
694
690
690
692
686
686
688
680
668
666
650
638
646
642
632
640
648
658
672
670
684
684
674
676
674
674
670
678
664
658
658
656
654
676
672
684
684
674
686
692
686
696
700
688
708
704
690
702
694
680
678
680
668
676
678
676
690
694
682
682
688
676
686
692
680
674
676
670
664
668
652
652
656
654
654
672
672
676
686
682
684
708
692
678
688
676
666
654
660
646
622
616
608
598
610
610
618
642
660
656
680
684
696
706
696
718
702
684
666
646
614
606
608
606
606
614
610
624
644
652
676
696
712
722
738
726
726
718
702
708
694
692
682
670
670
668
656
658
662
656
660
670
664
668
676
668
678
678
670
672
680
670
676
676
676
682
696
684
692
688
676
672
672
660
658
660
654
658
662
656
660
672
662
678
682
672
666
670
660
664
662
652
660
658
656
658
660
660
656
672
664
656
662
662
660
664
676
664
666
666
656
658
664
654
656
658
656
656
664
652
658
668
652
664
670
660
648
650
650
654
660
656
668
676
670
680
682
674
674
674
662
666
666
658
658
658
650
654
648
644
650
634
640
644
638
642
644
648
646
648
656
644
656
662
650
648
654
648
644
650
646
646
650
656
644
648
650
638
644
648
644
644
654
654
642
656
662
656
670
674
674
672
690
674
672
684
688
680
684
680
674
682
668
674
670
656
654
652
638
640
642
630
628
634
638
650
672
676
680
710
704
682
674
680
684
678
682
688
674
676
680
672
678
674
668
670
670
668
678
678
668
648
638
646
634
634
644
644
650
668
662
666
682
672
680
676
672
676
674
662
668
672
664
660
672
664
670
682
670
672
682
672
678
678
674
678
676
662
660
660
644
646
654
650
640
652
650
658
660
646
638
642
648
640
644
650
646
658
652
644
650
658
650
658
666
654
648
660
658
658
668
666
664
668
670
660
674
666
650
664
658
644
644
636
626
634
644
634
646
662
656
670
686
690
692
698
688
698
698
674
676
678
664
636
606
588
578
574
552
552
550
552
536
540
536
534
540
538
534
544
558
582
600
636
634
614
628
654
674
668
674
676
662
666
674
648
644
644
626
628
632
632
648
658
658
668
682
694
704
702
720
714
736
726
752
728
726
710
716
712
714
702
700
680
666
674
672
656
666
674
672
680
676
688
682
704
692
690
704
694
692
678
682
674
682
698
696
688
694
704
718
706
708
714
706
698
698
696
688
682
678
684
682
664
666
674
662
656
662
656
652
656
662
660
648
648
642
626
626
630
628
628
642
630
638
642
636
644
648
642
624
624
630
620
608
592
588
576
572
560
550
534
536
536
536
540
538
532
536
534
526
526
514
518
520
516
518
518
520
536
536
550
568
598
630
650
630
606
602
606
604
618
608
590
606
642
656
640
646
660
648
656
668
660
666
686
674
674
678
658
658
666
646
656
670
666
684
702
696
714
712
714
720
724
720
726
712
704
716
678
646
652
650
626
634
656
658
674
698
690
710
732
732
758
740
740
738
730
720
722
688
696
688
672
684
698
692
706
712
720
710
712
708
710
690
686
700
698
706
700
682
692
688
686
684
676
680
682
674
676
678
668
674
704
680
664
642
628
606
600
594
584
576
570
564
560
562
560
554
538
546
546
546
564
572
568
566
570
590
618
644
644
628
634
662
680
680
666
704
712
688
722
716
706
708
700
688
692
696
686
698
694
716
712
706
728
722
722
734
732
714
734
718
704
704
708
702
676
690
702
698
688
700
710
704
710
718
700
708
710
694
698
702
686
688
694
682
698
696
690
694
700
692
694
694
684
698
694
688
686
694
686
690
694
684
684
692
682
672
666
656
652
654
650
646
678
668
662
668
670
660
660
672
662
654
656
658
658
650
642
646
640
630
614
592
584
580
562
562
558
556
552
552
536
538
534
536
536
534
540
568
434
652
598
652
682
744
722
704
740
750
734
702
676
682
686
676
658
686
690
680
718
738
732
802
776
744
748
778
742
728
732
718
720
734
722
728
738
726
724
784
770
736
756
744
738
730
728
736
740
732
736
736
744
738
738
732
724
732
726
720
706
704
708
706
700
702
708
706
710
710
722
732
732
722
734
738
740
732
730
722
732
728
720
714
718
714
716
722
734
750
726
716
718
714
694
700
690
672
670
668
664
668
672
676
676
666
672
680
690
710
712
748
734
742
750
744
750
734
720
722
712
698
702
698
690
678
676
664
670
682
680
692
690
702
702
708
700
718
704
688
688
686
668
662
664
644
624
628
626
628
638
668
672
684
706
698
750
718
706
692
680
664
646
648
652
638
640
646
672
680
686
710
722
706
714
712
702
704
696
700
704
698
692
686
686
702
696
678
684
690
698
714
726
726
742
734
712
728
710
700
696
692
686
688
692
680
682
686
670
672
676
662
670
670
666
672
672
668
670
668
670
662
654
654
660
662
648
660
654
656
660
658
658
666
664
660
654
660
652
658
670
658
670
674
676
686
512
708
690
714
692
692
692
692
694
692
686
690
696
684
700
696
686
690
694
678
682
686
672
682
680
668
672
670
664
664
666
662
662
662
656
656
666
668
674
680
676
686
688
682
690
686
680
694
694
702
706
712
690
698
694
682
680
682
666
674
680
674
684
704
692
710
708
696
708
710
692
696
688
676
670
670
664
668
668
668
664
666
658
664
660
662
662
676
672
694
688
686
686
686
670
670
666
650
656
650
638
644
646
634
634
646
654
646
662
664
658
668
676
670
670
680
676
674
676
676
684
684
670
682
678
682
682
682
674
670
674
662
654
662
648
634
620
612
618
626
626
620
628
656
670
712
720
762
762
790
774
784
766
762
756
756
740
736
718
716
704
698
690
688
686
688
684
686
692
702
706
716
706
712
700
700
690
690
688
678
674
674
666
668
658
668
662
670
676
672
678
684
678
692
688
682
678
678
662
662
654
648
646
650
648
644
648
654
660
656
664
676
672
676
682
684
684
670
674
672
668
670
666
668
676
684
670
670
674
660
668
678
676
682
686
682
664
674
664
658
660
670
678
690
704
714
714
716
720
720
720
722
710
718
706
696
686
680
662
672
670
668
674
670
670
672
676
668
670
676
676
684
676
674
676
666
668
670
670
666
672
670
670
670
660
666
664
666
670
674
668
672
670
662
662
666
660
654
652
650
642
652
648
648
660
652
654
658
652
654
662
662
668
674
670
676
684
676
674
678
670
664
662
652
648
654
648
652
660
660
656
672
668
686
684
686
688
696
690
686
684
670
672
670
668
662
666
656
660
658
646
642
638
624
626
628
628
632
642
638
644
652
646
658
668
668
688
690
696
696
694
686
682
680
674
674
672
666
666
666
656
658
662
646
642
642
630
632
634
634
630
634
632
638
658
652
662
682
676
690
694
690
686
694
682
680
680
668
664
656
646
642
654
646
648
654
650
658
672
668
678
682
680
680
682
680
682
678
672
666
664
668
670
658
652
662
654
656
658
666
668
672
666
676
682
688
692
698
690
698
698
690
688
686
672
674
678
670
660
666
652
654
658
654
664
676
670
672
682
674
676
680
672
676
692
678
688
692
684
676
674
670
670
676
660
658
668
670
676
676
674
676
686
672
676
684
672
662
652
636
626
630
622
608
616
616
626
638
636
644
652
644
646
660
658
662
664
656
656
666
652
658
658
646
644
644
640
644
654
646
646
654
646
642
652
646
646
652
644
640
648
642
642
650
642
636
638
626
622
624
620
620
626
622
632
642
642
654
660
658
664
678
678
676
678
662
656
650
636
636
638
628
632
642
638
646
652
650
654
658
648
654
660
652
654
670
664
668
670
662
660
664
654
652
658
646
640
644
636
644
656
658
670
680
670
674
676
664
662
668
656
660
660
654
656
672
670
670
680
670
674
678
668
664
666
652
654
666
644
624
608
596
594
582
574
566
562
554
556
546
546
548
548
548
552
554
554
554
548
556
558
566
562
562
578
598
606
614
608
638
642
628
628
654
654
646
654
662
656
670
674
660
676
680
662
676
682
670
684
692
678
706
694
688
686
692
686
690
690
690
716
708
706
702
694
690
698
692
686
682
678
668
662
664
654
652
662
658
656
674
654
660
658
644
648
650
634
644
658
656
652
662
656
662
658
652
646
654
648
654
664
660
664
672
666
674
670
678
686
678
686
684
676
678
670
662
660
670
662
662
656
646
650
650
634
614
594
586
576
576
574
568
568
566
566
568
568
580
586
600
604
596
606
632
670
686
664
656
670
682
682
660
680
680
672
676
672
652
638
644
632
632
644
658
654
690
708
694
696
710
704
712
740
720
720
722
718
702
716
706
690
694
684
674
682
684
676
686
692
684
704
706
702
702
696
680
678
678
668
670
668
648
646
648
634
618
618
614
608
592
600
600
598
600
584
586
582
590
596
612
608
602
622
662
702
712
694
706
748
734
748
706
572
654
634
630
638
632
634
648
642
658
664
664
684
694
688
694
700
676
686
686
670
670
666
656
648
660
656
654
668
672
676
686
682
696
694
686
688
684
688
686
690
692
688
690
682
688
690
694
678
680
674
662
662
662
648
656
662
666
668
662
666
666
664
664
678
668
672
674
670
680
696
686
672
672
660
668
660
654
660
676
680
688
696
692
704
698
686
688
690
674
670
664
652
660
662
658
674
694
674
686
682
704
684
690
682
710
692
714
700
690
684
684
668
672
660
656
660
652
656
664
664
662
678
674
680
700
688
688
684
688
686
688
686
668
668
674
666
654
656
634
638
646
638
642
642
642
654
684
664
654
660
650
650
650
640
648
650
638
650
660
656
660
674
664
678
680
676
676
682
682
688
688
686
682
680
664
652
660
650
650
654
656
668
678
670
674
680
700
692
680
694
692
678
688
684
672
668
672
658
660
670
662
664
668
666
674
682
670
676
694
678
680
694
674
674
668
660
652
660
650
648
666
664
672
674
672
656
658
654
650
650
658
662
674
676
670
666
682
672
680
682
670
674
670
648
632
634
618
624
642
634
646
666
664
678
692
694
716
712
710
716
710
706
708
710
688
680
680
670
660
668
656
664
672
670
686
706
690
704
708
698
720
716
700
696
698
684
676
676
666
664
674
668
672
684
676
684
688
676
670
670
660
658
662
660
658
682
672
690
682
674
678
692
688
688
704
690
686
684
676
688
694
700
688
688
672
670
666
660
664
670
668
668
672
670
690
692
682
684
682
674
702
696
696
706
714
690
686
690
694
714
732
744
760
770
738
704
694
690
674
676
682
662
646
616
608
622
638
658
680
678
676
660
646
636
626
612
600
596
588
572
572
568
560
556
554
552
544
540
536
530
522
456
556
522
510
512
506
504
504
502
502
506
514
510
512
530
548
560
564
556
572
590
620
628
638
628
636
650
662
656
636
656
666
656
632
634
638
634
612
624
622
628
616
618
634
634
634
654
654
668
678
670
676
696
690
686
696
690
686
682
672
684
686
676
682
700
700
720
712
724
748
724
706
704
696
672
676
660
674
674
670
680
686
670
680
676
666
672
680
668
682
684
666
676
670
660
654
662
656
642
632
616
612
612
614
606
592
604
630
676
684
682
714
716
724
732
724
736
720
698
704
690
682
694
696
682
694
698
698
704
714
694
708
714
714
720
710
698
702
700
686
692
690
686
688
694
684
686
694
694
704
706
708
704
700
694
696
706
728
730
734
754
736
718
764
754
736
724
742
758
766
790
824
846
872
854
852
816
774
776
768
760
770
768
750
708
696
694
680
646
658
646
636
646
672
662
664
678
672
668
678
688
692
702
678
658
662
664
652
660
686
690
700
704
710
714
718
728
720
714
732
736
712
722
724
696
692
688
664
654
660
660
676
698
692
718
732
728
748
748
742
754
744
716
726
720
714
714
724
690
688
686
678
672
686
688
712
688
684
690
670
668
662
654
666
654
660
670
672
666
674
662
678
694
686
702
706
688
678
672
654
652
652
638
646
664
680
676
680
700
720
736
742
788
834
910
842
822
800
772
770
764
736
728
724
716
718
720
712
716
720
748
762
764
786
782
772
778
764
736
754
742
734
750
764
748
766
758
752
738
748
744
742
782
808
776
736
746
734
712
692
696
684
668
666
662
648
646
652
634
628
616
608
590
576
568
560
546
532
530
532
534
532
534
532
534
550
572
594
604
612
604
630
666
678
658
676
698
686
668
654
656
648
630
622
606
588
568
558
560
562
560
574
600
616
646
686
690
724
730
736
732
730
728
712
692
686
672
666
670
664
654
640
624
620
620
622
616
632
640
662
690
690
708
760
784
790
806
798
798
780
796
776
768
762
742
734
736
704
696
692
694
714
726
752
762
770
770
762
746
746
728
732
718
712
698
688
686
674
660
686
690
720
740
730
752
744
740
738
736
736
736
732
738
742
738
740
704
686
670
658
658
636
604
608
588
564
548
538
544
574
596
602
638
686
696
758
772
800
776
782
754
740
742
732
720
710
700
710
734
756
780
798
814
848
818
804
774
762
740
750
744
742
742
754
748
748
738
708
692
704
690
716
738
716
746
746
734
756
772
770
788
794
780
776
772
768
776
766
742
756
780
750
726
714
694
692
700
690
686
690
676
660
670
652
632
602
594
586
578
580
574
576
576
590
604
600
640
702
710
756
784
804
874
1064
912
948
744
764
738
734
730
710
716
724
742
758
756
776
776
774
790
776
758
764
768
742
764
742
738
750
772
754
736
742
744
740
742
740
732
734
730
726
724
706
706
714
700
694
702
702
710
726
726
728
734
734
728
722
712
708
702
688
694
680
680
688
708
688
646
638
636
630
614
594
618
644
662
668
690
704
718
714
728
706
674
642
626
608
596
584
592
590
608
628
634
642
656
648
658
674
660
664
682
692
674
672
674
670
660
666
652
652
652
642
640
648
646
652
662
670
666
682
690
700
700
702
712
726
720
732
728
724
720
716
710
698
688
686
688
676
676
676
676
686
678
682
682
676
674
682
680
680
694
692
688
700
692
698
708
708
710
714
714
710
720
716
714
716
724
724
722
716
714
700
696
698
690
690
674
682
676
684
692
670
636
624
618
598
580
566
588
630
664
674
724
760
770
782
766
762
752
760
738
736
730
714
710
698
676
676
664
642
642
650
644
644
654
644
630
614
604
594
584
570
556
556
552
548
552
568
574
572
610
654
676
678
670
666
686
702
686
680
672
662
670
668
646
640
646
644
638
636
644
640
646
660
658
680
690
700
708
714
708
712
692
690
678
682
672
676
678
674
682
674
670
670
662
682
676
672
676
686
680
692
686
686
698
682
680
680
680
688
706
704
710
742
746
776
768
754
748
718
690
672
658
642
648
664
654
666
692
704
748
764
788
794
766
782
780
788
804
758
746
740
734
720
724
724
716
726
710
698
668
638
620
626
638
648
656
646
634
634
626
618
596
594
598
610
630
638
656
678
682
372
780
696
734
716
700
714
726
714
718
736
706
690
668
658
656
658
646
636
650
648
644
660
658
656
662
670
666
668
672
668
668
660
664
654
646
662
658
646
630
638
630
630
634
640
666
688
692
698
708
698
698
700
696
694
694
684
656
654
640
616
606
594
582
578
570
558
552
548
554
560
556
560
590
614
630
648
704
700
720
732
730
720
706
704
700
692
688
680
682
674
676
676
672
676
692
698
728
752
768
794
778
792
772
770
752
776
734
712
706
708
714
722
726
726
740
732
736
740
754
762
790
786
778
764
764
768
756
746
726
710
684
664
680
676
672
678
698
698
714
758
766
786
804
790
794
774
766
746
756
736
754
748
748
744
734
744
732
738
736
748
764
772
740
716
710
708
700
716
704
708
700
696
690
694
688
682
688
690
694
702
700
696
698
712
714
722
746
770
762
748
740
732
722
726
706
720
712
702
690
688
692
670
678
678
684
698
700
708
708
728
730
736
740
736
732
746
738
736
734
730
728
734
732
732
722
708
710
706
696
704
706
696
696
694
684
690
694
696
700
698
700
702
694
706
702
692
682
686
674
672
658
668
662
674
684
676
690
682
668
670
674
650
632
628
636
638
648
660
660
660
676
670
672
664
654
650
658
642
642
644
644
654
660
660
656
648
644
634
626
628
618
622
630
632
630
648
646
656
670
674
688
700
704
702
706
700
692
678
666
660
654
660
652
652
656
662
660
670
656
626
636
624
606
604
592
580
564
558
554
546
548
536
530
530
532
546
554
566
598
634
652
668
710
704
706
716
722
712
718
708
700
696
690
684
680
668
668
662
668
668
662
666
684
674
668
662
658
660
664
658
662
674
676
676
674
656
658
664
658
662
676
672
670
678
680
668
640
634
636
632
630
640
642
654
666
664
676
682
678
686
704
686
694
710
728
722
706
708
696
726
716
700
676
660
678
680
670
654
676
678
678
676
678
666
668
674
662
656
658
648
636
644
636
630
610
610
606
606
600
590
598
606
612
606
602
618
626
618
624
638
652
646
658
682
676
686
696
686
688
696
694
684
684
678
692
680
666
658
656
650
664
664
662
666
680
652
634
624
614
598
584
584
594
608
608
600
590
596
602
598
592
590
586
574
576
572
572
562
560
554
550
544
538
536
532
522
520
516
512
506
502
428
482
522
488
486
486
482
480
478
476
478
478
490
494
510
518
514
528
552
576
616
628
646
632
644
658
676
676
668
620
672
686
690
668
624
666
694
694
638
664
690
686
644
644
646
654
624
610
636
654
654
642
666
680
666
660
686
690
676
648
654
654
634
618
608
592
568
566
580
614
632
622
646
722
756
740
710
718
724
712
680
686
686
682
650
670
686
690
676
694
722
704
714
728
714
700
692
708
702
690
684
702
694
686
686
710
706
680
660
688
682
676
676
718
708
700
714
706
694
694
694
670
648
650
652
652
634
608
622
630
646
642
640
664
674
678
672
710
700
692
680
694
686
654
630
616
600
594
586
580
568
562
562
574
574
570
586
612
634
634
638
664
668
670
660
672
672
664
648
662
658
638
634
648
646
646
642
668
668
666
688
700
696
724
726
722
734
714
714
690
698
674
658
658
652
634
620
636
636
634
626
638
650
648
630
636
650
670
664
672
720
710
706
722
718
696
698
694
672
648
642
642
626
608
608
614
606
594
586
584
572
504
604
558
544
542
546
546
546
542
548
560
588
600
620
628
638
630
1298
912
572
958
780
454
880
884
462
938
854
312
1082
698
666
644
628
618
646
670
674
656
692
752
766
740
740
780
780
736
704
708
722
706
680
686
728
712
704
694
730
714
694
694
734
712
706
706
732
712
686
694
738
718
716
742
736
716
698
734
708
686
684
716
694
668
652
670
668
660
640
666
692
700
686
686
718
724
704
676
682
686
680
656
634
640
656
674
660
652
668
706
692
674
654
694
710
698
678
650
658
668
670
662
668
702
708
698
692
710
704
680
674
692
690
682
688
698
702
722
712
708
716
698
674
668
682
670
662
668
676
672
698
716
712
726
724
734
722
720
710
714
702
686
668
662
666
652
660
672
668
680
686
696
728
732
718
742
726
718
702
700
694
690
700
690
666
670
680
670
658
668
690
690
690
692
698
686
698
702
688
676
664
642
626
608
594
576
558
550
554
546
548
542
536
532
532
528
524
524
518
524
536
546
554
546
560
590
626
632
620
628
646
644
638
622
628
636
642
634
632
634
642
638
626
632
644
668
660
634
648
670
686
668
652
638
652
650
638
620
636
646
658
642
648
654
676
662
662
674
672
664
650
670
664
660
640
648
658
660
654
680
684
682
690
704
702
710
718
708
702
714
700
686
702
688
664
678
694
678
668
662
678
672
670
678
714
696
696
716
706
688
702
690
654
634
618
606
580
576
568
572
578
584
578
608
672
744
746
746
780
824
796
748
734
746
722
694
678
684
682
666
636
636
646
660
670
660
662
674
668
656
656
688
726
716
698
724
736
718
694
698
692
694
692
678
676
674
678
676
670
664
674
668
654
654
674
670
658
666
698
682
668
692
710
700
676
682
686
680
676
704
698
688
710
718
704
692
704
692
688
696
710
698
672
686
680
662
670
692
690
684
702
708
684
660
660
646
630
612
616
614
614
614
648
658
666
656
654
672
678
660
658
670
668
650
628
612
598
584
566
562
558
554
564
594
622
640
666
648
628
602
592
556
550
540
530
524
518
522
512
516
508
506
504
496
490
492
