504
520
536
550
586
580
586
576
582
576
608
598
618
612
584
576
576
576
592
582
590
596
582
582
560
546
554
548
550
564
618
628
614
642
590
514
634
644
648
634
642
634
598
538
570
572
558
558
588
588
580
548
556
572
594
576
582
554
574
574
588
580
576
584
580
578
592
582
602
616
642
656
606
608
608
600
596
600
600
590
566
594
580
596
608
582
576
552
570
546
544
556
568
548
588
610
628
622
628
628
636
668
688
644
686
534
598
594
590
592
592
594
604
540
376
534
530
548
582
616
622
660
648
676
618
618
610
618
596
570
602
620
624
614
562
602
534
528
532
504
528
564
568
588
592
602
620
638
606
630
642
634
622
614
620
616
608
634
632
628
624
614
632
628
620
624
606
600
576
580
486
518
554
572
582
604
618
628
592
544
518
590
552
590
602
632
612
594
594
582
592
606
586
564
586
628
648
656
644
640
650
650
630
664
642
620
630
610
620
608
604
604
598
612
580
572
600
578
608
600
594
582
584
602
572
548
556
562
554
604
614
602
632
650
654
658
680
652
630
610
580
584
586
582
594
602
616
614
560
420
564
568
568
584
574
554
548
564
580
584
574
570
580
568
556
570
572
572
592
600
576
622
608
616
598
612
632
640
670
658
648
622
628
594
582
568
576
554
566
554
546
550
560
594
584
578
586
582
582
584
594
584
576
566
554
560
532
486
570
562
618
580
576
578
548
542
518
450
570
522
542
562
572
552
554
544
584
640
654
630
566
552
582
596
568
530
540
552
536
538
546
576
652
646
624
618
572
588
566
576
580
572
576
552
540
572
544
560
622
612
642
616
640
600
580
588
594
596
628
656
642
640
642
650
660
636
612
584
564
574
574
574
576
572
576
574
598
548
428
560
580
608
606
604
586
592
618
636
584
582
590
592
596
588
576
592
574
576
570
540
580
564
584
578
554
576
600
580
598
600
604
622
600
614
656
668
646
620
648
644
638
630
622
618
606
612
614
628
614
612
612
580
578
554
498
518
588
612
632
630
648
624
578
552
498
594
584
586
606
602
600
590
598
612
624
616
574
602
584
618
594
586
582
580
582
578
586
620
648
622
622
612
586
596
582
588
578
588
604
592
618
624
614
654
638
648
640
638
596
600
626
634
626
656
642
610
440
594
598
608
636
668
658
610
610
604
614
590
638
644
678
656
542
598
586
606
624
608
608
592
598
618
608
610
620
650
648
640
634
624
632
610
566
554
580
576
596
582
590
588
580
598
598
580
584
608
604
598
590
580
592
596
576
586
602
648
678
716
690
712
738
696
690
698
676
646
606
576
590
554
580
570
572
642
640
606
572
534
634
624
630
636
618
586
584
596
632
624
610
598
602
608
614
592
578
570
580
566
606
636
658
668
672
678
652
684
636
640
638
628
634
578
590
600
602
632
610
616
588
594
592
582
616
636
620
668
666
640
678
552
620
632
640
630
618
598
600
612
652
656
650
620
614
606
424
588
592
604
632
648
650
652
672
644
592
598
596
588
592
578
594
590
572
594
564
528
580
566
608
590
598
632
620
616
604
592
614
588
600
596
638
596
622
640
624
668
656
660
668
640
620
622
628
604
602
602
596
612
634
586
548
586
570
578
578
564
602
602
562
534
534
604
576
606
592
584
574
570
576
618
602
592
568
534
562
574
576
584
578
578
580
564
576
586
606
586
584
578
568
562
572
572
580
582
586
584
568
534
562
534
550
570
560
584
578
592
570
538
556
576
572
564
570
570
560
554
570
594
602
630
598
558
542
534
544
528
528
548
556
546
528
530
520
368
518
548
580
604
582
568
540
562
574
606
564
578
614
608
602
594
600
606
618
614
570
562
562
564
608
612
658
664
650
656
600
610
578
572
572
594
602
632
692
688
656
640
668
686
664
644
634
622
620
608
602
596
586
578
562
530
606
578
614
632
634
654
648
640
604
552
598
582
584
594
604
596
600
638
654
648
640
632
618
626
642
626
626
612
612
616
628
634
630
640
646
634
614
632
620
642
622
622
606
590
610
576
576
580
564
588
576
594
554
536
542
560
550
590
674
772
740
724
758
760
776
742
730
692
654
652
660
654
646
650
616
444
592
622
654
662
636
598
606
618
594
552
556
604
650
698
698
684
688
700
618
596
588
584
622
596
616
648
658
724
742
708
736
594
648
648
622
624
630
626
632
598
614
604
600
570
586
596
586
570
578
580
570
556
532
494
514
526
534
568
536
526
564
548
558
568
504
516
570
570
580
574
612
600
570
612
630
636
612
576
592
584
608
602
578
584
600
616
634
614
614
598
586
570
536
512
540
530
546
600
646
686
706
768
706
730
716
692
702
722
560
674
556
640
630
662
666
624
614
590
606
588
608
592
600
598
600
610
640
618
614
620
606
624
586
394
576
580
616
620
618
594
582
602
636
594
596
598
608
592
592
586
576
584
606
584
550
562
548
568
590
612
612
604
614
598
576
568
584
584
580
606
616
630
696
698
706
652
684
702
570
614
610
592
596
594
610
622
586
580
564
534
598
588
666
638
622
644
638
604
552
536
606
590
592
596
600
606
582
596
626
662
664
622
592
598
600
600
568
568
578
596
628
622
616
618
616
626
616
616
608
612
636
582
590
592
546
564
552
550
578
592
618
646
668
636
622
618
608
604
616
624
586
442
538
542
542
548
584
606
620
592
608
612
632
628
612
604
602
616
526
438
544
540
636
698
722
750
728
772
734
576
634
632
616
610
640
650
674
648
610
638
588
600
596
588
606
592
578
560
552
544
550
566
574
586
584
576
574
558
556
542
518
506
526
536
566
608
656
686
666
642
620
668
510
566
540
528
552
572
628
626
636
630
606
568
548
490
578
582
574
578
560
554
528
530
532
550
572
560
550
542
554
578
574
568
542
538
548
538
552
540
560
592
618
622
600
574
594
602
618
630
596
606
588
598
604
590
628
576
590
586
578
572
550
544
584
556
562
566
588
566
542
452
572
584
550
596
618
622
602
606
624
616
594
574
558
556
572
554
404
558
592
626
660
646
604
586
596
622
564
572
570
578
594
588
588
592
560
558
544
486
528
546
576
696
656
712
682
700
716
674
706
578
622
606
594
608
592
584
592
598
596
618
614
580
570
588
604
604
620
606
616
592
582
570
532
542
560
568
594
598
626
630
648
514
546
480
568
564
586
588
598
592
562
560
574
578
594
576
528
566
564
588
570
552
532
550
538
538
550
558
584
558
578
590
544
536
540
520
532
536
538
590
598
646
638
616
674
664
650
640
664
642
602
616
596
590
604
606
608
590
578
580
574
584
596
584
584
556
558
566
574
568
580
574
566
568
544
394
460
514
534
558
538
558
540
540
558
608
594
612
634
640
678
650
662
644
624
672
586
620
618
594
610
564
594
600
586
590
584
570
590
570
610
636
634
610
602
624
608
606
590
596
592
556
542
536
542
540
552
564
626
612
598
622
610
524
638
626
654
632
636
634
584
560
504
538
540
524
536
524
542
534
516
516
528
556
586
556
534
560
576
590
604
624
612
604
590
588
604
594
632
626
688
576
608
602
604
596
602
592
596
594
530
486
562
538
560
572
546
576
564
572
548
520
552
540
528
552
562
568
556
540
538
540
552
604
588
558
536
538
556
574
578
586
612
590
582
580
516
418
552
532
582
586
596
586
582
610
636
586
582
586
614
608
588
578
590
576
576
574
516
576
552
552
602
592
626
638
618
620
588
604
588
582
570
572
586
592
604
608
620
606
596
592
592
576
552
552
566
552
542
554
566
552
562
562
562
492
530
562
576
598
606
600
614
590
568
574
594
586
580
578
584
586
580
562
566
604
576
560
564
530
528
548
598
560
568
562
578
580
606
608
594
616
592
582
604
574
608
590
594
604
576
590
578
546
520
546
538
558
536
544
544
540
532
510
482
512
524
518
514
518
552
530
524
516
526
538
536
562
552
556
550
524
524
536
528
530
542
532
522
532
508
434
426
510
518
560
552
538
532
534
534
584
580
532
558
564
594
598
586
578
568
562
570
522
480
554
510
498
514
506
498
536
540
530
552
534
514
498
500
504
504
494
526
542
566
588
592
624
624
626
608
586
620
482
546
564
560
556
560
564
564
550
568
524
448
460
704
594
590
606
638
616
582
638
500
562
544
562
596
598
604
600
598
610
608
634
576
494
562
590
628
626
604
596
590
562
568
530
534
530
530
550
568
546
560
576
576
584
604
622
612
576
506
568
552
570
578
544
556
564
580
552
560
592
562
552
562
576
574
554
558
566
584
586
620
610
604
598
586
588
600
604
618
580
580
612
574
430
576
588
606
632
610
596
568
576
586
556
552
574
606
586
580
566
542
548
538
554
514
472
528
508
514
576
592
660
696
706
666
690
570
612
596
598
620
620
620
596
592
574
558
576
578
584
572
556
550
546
552
550
560
580
570
572
586
546
516
612
572
594
572
594
588
568
564
536
530
540
526
552
564
572
594
598
584
592
612
620
646
596
586
584
622
576
548
522
512
544
536
552
544
544
574
610
634
634
640
644
624
644
622
612
620
592
554
564
558
582
568
580
562
558
538
534
524
576
592
598
642
662
636
628
620
620
600
610
588
588
574
578
580
574
576
598
588
582
604
594
442
536
540
544
550
544
568
552
554
562
650
618
616
642
644
636
620
632
618
582
576
534
556
558
582
604
600
608
634
652
650
638
626
642
636
608
612
604
610
598
606
596
596
588
600
590
590
574
574
584
586
590
580
576
566
536
534
520
458
560
560
608
576
592
606
634
608
604
614
652
612
608
620
620
602
590
588
604
620
608
598
572
592
602
602
596
584
556
586
580
590
570
580
588
584
578
576
566
578
566
582
574
558
572
564
534
500
536
540
592
550
522
544
546
536
518
488
526
540
536
532
556
564
550
530
524
536
546
552
566
566
566
546
558
574
574
580
602
578
570
570
524
444
410
504
514
532
554
562
578
600
642
628
598
548
540
548
544
548
564
568
574
558
580
558
480
584
544
550
586
570
600
616
594
612
610
600
602
564
556
568
562
590
604
602
614
602
586
578
572
572
562
564
580
590
588
578
592
588
578
572
562
540
428
568
544
580
592
608
604
588
548
550
486
548
542
554
564
592
562
570
584
584
636
646
606
644
488
572
598
564
568
536
584
568
574
624
592
610
598
612
618
580
590
588
574
576
586
590
590
548
538
578
554
572
582
564
568
560
580
556
566
600
632
626
624
622
642
506
552
542
548
548
554
550
534
512
514
506
512
494
500
520
536
544
532
538
436
472
548
432
710
546
552
532
556
596
622
570
568
544
564
558
554
566
572
568
584
614
592
620
624
628
674
648
652
630
630
642
602
602
592
592
594
616
658
644
632
620
612
608
594
608
616
628
636
648
660
614
600
602
574
574
582
562
522
598
580
608
616
610
628
590
558
572
572
580
566
574
550
552
556
552
552
572
598
586
620
580
578
604
618
608
620
616
630
616
622
620
620
612
602
598
628
584
600
580
590
574
562
568
566
526
552
568
576
610
584
590
608
614
568
522
546
560
514
506
540
542
540
568
558
596
592
590
586
578
554
538
532
526
542
534
538
538
528
528
534
496
356
482
512
514
548
562
556
552
578
592
638
590
574
600
638
678
634
630
676
520
566
524
488
520
512
518
530
524
552
600
586
636
638
610
588
590
578
580
610
596
592
590
584
620
630
630
618
602
584
578
562
566
570
570
610
606
628
630
596
522
602
562
600
586
588
592
588
566
542
552
572
556
560
552
578
572
546
532
550
598
598
580
560
514
500
522
542
524
542
522
548
530
550
558
566
554
570
546
550
574
548
564
572
584
612
578
590
580
558
504
544
524
542
590
552
568
584
620
612
600
620
630
580
610
622
614
600
584
596
582
602
616
614
598
598
596
612
602
604
586
574
586
560
480
444
548
556
594
588
600
582
584
600
630
608
612
604
606
606
586
568
556
574
570
564
508
550
538
530
560
574
580
630
600
602
570
578
564
570
580
576
594
574
588
594
598
608
576
580
598
596
584
570
554
570
560
560
546
556
558
546
534
522
494
544
534
542
566
548
542
542
552
534
526
528
522
508
518
540
528
524
512
514
530
514
528
540
558
540
524
510
534
562
540
554
528
430
522
518
506
514
514
504
522
514
524
528
490
500
510
500
502
496
478
490
500
484
490
470
480
500
532
490
496
488
488
518
510
506
546
600
640
500
588
586
570
566
544
552
556
572
576
568
556
550
570
580
606
590
596
576
584
620
576
482
564
494
564
586
550
556
528
540
548
560
538
510
508
516
510
512
500
506
506
528
506
510
498
424
506
484
490
522
514
512
544
532
542
534
538
530
532
528
522
514
522
522
542
542
556
546
548
554
538
550
546
546
534
526
528
536
552
522
536
538
524
534
532
520
486
508
514
518
536
518
524
528
512
522
494
502
516
528
498
506
508
524
500
508
494
502
512
538
544
544
528
508
504
518
550
530
522
494
506
508
520
522
534
530
528
546
540
564
556
526
542
522
532
528
514
522
530
508
516
540
520
534
556
538
554
552
560
550
540
536
564
564
544
570
594
570
554
532
546
546
550
584
578
586
558
568
560
560
552
550
554
534
540
530
496
382
488
508
522
548
538
540
532
536
540
574
564
530
536
542
542
548
546
544
536
566
550
550
526
486
536
524
536
558
558
574
588
560
552
558
548
548
550
552
546
554
568
564
568
566
550
580
550
554
578
548
540
532
528
560
560
538
562
568
566
554
548
540
496
556
542
562
584
566
600
626
610
594
592
608
592
586
576
580
560
568
552
558
588
572
582
560
550
552
560
572
560
536
502
532
542
558
560
544
556
554
564
566
552
542
546
546
540
574
552
552
558
538
512
574
540
546
582
542
550
552
578
542
538
538
574
552
550
570
594
566
552
530
548
568
564
578
570
570
578
574
586
578
560
570
568
560
554
560
504
372
520
516
544
526
532
550
536
538
562
570
528
534
532
564
574
556
566
570
568
578
572
534
536
538
520
548
540
532
452
714
550
590
588
582
562
582
582
576
588
590
586
586
596
590
590
586
612
602
600
584
602
606
600
592
590
584
562
558
552
520
468
558
540
576
554
562
590
586
570
566
570
574
566
574
570
592
582
578
568
564
584
586
588
564
546
538
544
560
538
534
558
528
560
550
572
572
564
564
576
572
554
536
562
564
572
572
556
548
548
522
484
534
524
550
588
554
586
594
592
554
536
568
586
570
570
610
602
576
582
584
592
574
616
596
586
556
568
560
586
582
596
580
574
564
566
526
432
540
546
568
564
558
562
580
574
598
582
546
540
556
552
574
562
564
564
566
568
556
508
572
544
548
582
552
560
590
564
566
560
528
548
544
540
542
546
566
556
568
568
576
580
548
546
564
552
572
554
548
588
572
566
568
568
552
548
538
536
502
530
550
556
574
562
556
554
556
544
534
526
548
544
544
578
574
570
566
548
562
574
588
590
572
534
508
534
560
528
526
554
540
552
558
550
550
550
564
572
582
584
548
554
564
558
560
546
538
554
556
538
536
566
598
652
590
602
642
526
560
524
566
574
554
584
604
618
594
590
602
616
612
644
628
598
590
602
596
586
584
592
582
588
584
550
404
522
542
548
572
582
590
570
574
600
630
580
568
560
572
574
560
560
566
580
572
562
536
556
562
556
594
578
582
598
604
622
596
592
590
590
584
550
574
584
614
644
620
598
618
596
616
612
610
602
606
608
594
588
584
576
566
556
558
528
484
548
540
536
542
526
554
558
548
532
536
564
554
556
578
598
594
600
598
598
628
624
608
586
564
564
570
574
558
554
584
558
574
578
592
560
578
564
564
584
566
568
576
566
564
584
590
590
576
544
536
552
564
584
538
538
554
578
582
560
556
614
604
616
642
624
658
508
568
570
568
596
570
572
550
556
556
584
574
580
576
540
542
540
512
408
476
502
510
552
534
546
538
526
536
542
582
540
548
548
578
558
570
556
578
570
568
560
496
504
520
508
524
552
532
580
570
578
592
570
578
574
570
544
532
550
574
552
550
556
554
556
574
554
566
548
536
536
536
554
560
544
538
544
528
534
528
512
486
482
524
512
538
548
532
548
534
518
508
508
514
528
514
516
516
534
522
532
528
524
546
572
554
568
550
526
554
542
544
526
502
522
500
548
530
538
538
540
540
540
560
570
568
564
546
558
586
564
560
560
546
518
540
544
548
562
550
544
548
550
566
540
534
564
576
560
592
600
598
584
578
584
570
576
580
580
576
552
568
566
572
574
586
564
558
550
556
484
362
546
540
574
586
584
592
590
582
614
572
546
550
550
536
564
514
532
534
542
610
680
592
640
646
700
674
646
664
640
638
668
588
508
602
576
578
602
604
602
600
588
584
570
574
576
570
568
538
560
574
568
578
558
568
554
556
558
536
462
568
554
568
576
556
544
574
568
544
546
548
562
550
570
572
576
556
554
556
556
568
572
560
528
502
482
504
518
514
396
500
536
518
556
536
538
556
576
582
598
590
598
566
554
540
522
556
538
558
598
582
566
610
606
626
580
602
598
632
590
532
542
536
516
500
518
558
526
490
402
506
516
510
504
512
542
528
522
512
520
520
536
540
538
528
522
530
542
508
406
500
504
494
514
518
538
538
550
574
608
596
584
584
584
586
562
564
546
556
576
592
550
484
568
536
554
568
542
540
546
548
564
558
550
560
570
568
548
568
564
566
576
586
576
576
578
550
552
546
538
522
526
530
534
546
516
528
526
512
500
504
482
464
488
524
536
540
514
540
542
548
520
506
516
516
524
522
546
548
546
536
548
544
544
556
568
548
546
506
484
526
520
482
376
514
498
502
534
524
540
538
618
498
544
558
548
528
536
534
518
532
526
518
550
620
652
664
676
694
634
706
486
556
576
528
532
554
562
548
562
560
454
686
546
536
554
562
574
586
598
590
564
592
576
562
574
576
560
544
532
524
416
438
520
520
582
560
564
580
578
586
634
620
576
574
582
604
600
584
602
590
574
574
558
518
568
544
568
576
584
590
568
578
576
550
568
540
564
544
512
550
560
540
548
544
566
592
592
572
564
552
522
520
522
524
546
530
528
528
522
528
540
536
518
502
566
596
648
630
630
618
600
644
492
550
556
540
540
530
530
522
520
520
530
538
548
538
528
506
504
524
516
392
526
516
520
518
540
520
522
538
538
538
522
538
596
652
702
662
670
662
638
678
548
574
604
576
614
600
618
618
628
628
596
590
612
644
626
644
680
642
636
668
692
692
682
664
638
610
602
564
544
532
532
512
508
516
516
466
346
508
524
546
562
562
558
534
564
576
576
528
518
544
560
578
576
562
538
572
542
540
532
492
540
528
528
562
536
564
582
560
578
572
548
538
558
550
546
554
574
560
558
566
558
550
598
584
612
592
564
546
532
528
526
516
530
548
544
544
532
528
512
458
546
548
588
572
570
588
588
572
538
550
554
548
564
556
606
578
574
558
570
570
596
620
580
578
574
550
454
548
544
578
596
602
560
552
530
558
546
562
580
586
588
602
610
614
600
598
598
586
562
554
574
572
624
564
580
576
588
580
544
528
576
592
596
626
650
636
618
600
610
612
646
622
626
600
610
640
638
622
610
578
572
568
564
452
480
552
656
850
844
780
682
752
754
596
662
694
684
662
652
640
622
602
532
538
510
504
516
528
514
554
566
588
588
576
582
576
584
588
590
624
632
622
626
624
602
604
610
640
630
622
602
602
598
598
598
596
576
564
576
546
508
562
564
576
646
520
474
714
580
558
588
628
614
592
638
510
558
536
526
534
530
550
586
564
544
502
512
516
516
522
534
558
572
556
554
590
564
570
576
562
594
560
556
582
554
562
560
542
544
550
546
494
538
522
522
532
518
486
510
506
534
560
610
616
602
564
590
634
646
622
590
590
586
616
616
600
606
604
606
618
600
598
594
590
574
572
520
382
520
532
556
564
544
580
554
544
574
628
584
572
588
596
600
594
606
632
606
604
574
516
588
540
526
558
542
566
594
588
600
598
596
590
602
602
576
566
574
550
560
566
564
566
574
576
586
576
558
556
554
564
562
552
536
550
550
536
544
534
472
510
514
518
550
516
530
544
554
544
542
528
550
564
546
528
524
530
524
508
510
510
522
522
530
518
508
498
506
524
544
554
588
634
632
630
642
638
650
682
662
638
612
616
622
604
604
594
594
598
584
558
578
560
574
564
522
570
588
616
578
542
586
604
564
566
592
622
600
622
636
648
658
624
624
602
574
568
560
560
544
558
526
518
522
526
482
346
486
496
512
540
528
516
508
504
510
526
542
526
538
560
610
630
608
590
576
618
642
616
518
588
548
560
588
574
598
622
646
636
600
600
600
604
582
564
582
564
564
562
544
534
574
576
630
628
688
656
662
652
690
622
640
542
582
574
530
444
526
512
546
578
576
594
650
700
664
654
670
652
648
628
620
606
620
612
646
648
640
670
476
884
528
544
574
608
584
580
550
562
556
564
562
538
556
578
564
604
618
604
638
618
624
710
558
588
622
624
612
572
578
640
680
678
644
680
638
628
684
684
636
626
592
628
640
622
612
662
642
636
622
598
620
604
594
616
604
496
538
578
604
616
606
620
600
626
644
648
610
614
652
652
634
630
638
648
626
620
574
634
608
606
630
610
634
644
648
640
612
624
622
606
598
614
620
626
622
614
620
618
630
634
604
596
594
594
598
604
608
596
602
576
560
554
496
506
570
640
686
674
702
690
632
654
648
650
610
576
600
608
658
676
656
682
698
664
554
556
640
622
652
698
702
672
656
676
668
690
688
754
704
668
638
630
634
628
624
608
614
648
644
692
706
666
688
708
656
640
678
714
694
738
694
674
642
644
658
674
668
670
686
712
710
706
708
702
700
666
628
500
578
608
640
658
666
634
606
628
672
634
632
636
662
670
644
652
654
666
652
578
656
630
646
644
642
664
694
714
660
654
650
672
658
652
678
670
684
662
654
658
670
684
652
644
642
672
654
642
640
610
576
572
580
558
578
610
610
650
652
674
672
668
664
700
666
658
674
726
690
674
696
736
708
576
544
648
700
656
660
694
712
688
668
676
658
646
632
642
654
654
650
652
680
652
642
642
636
688
650
658
640
658
678
698
672
658
694
704
682
732
704
696
702
704
670
684
686
710
686
658
636
616
606
610
612
600
608
578
480
560
570
600
690
726
720
726
724
672
624
604
628
636
642
634
658
686
662
644
614
666
670
682
672
694
692
672
676
676
684
668
658
696
730
708
690
672
678
644
632
620
630
614
630
654
640
636
662
692
686
662
650
632
662
660
682
670
680
668
672
654
658
650
654
654
682
668
648
614
628
658
620
508
570
608
584
604
614
636
658
650
622
658
664
670
662
668
706
684
648
638
640
610
582
574
586
544
556
558
530
560
566
548
552
556
578
554
540
544
544
522
524
548
574
566
544
554
530
524
540
558
542
534
556
548
552
566
558
568
568
572
570
548
560
526
392
492
518
528
560
546
552
528
512
534
572
558
514
516
510
534
538
526
526
530
518
536
530
512
466
538
506
516
546
534
538
554
566
570
554
558
560
564
558
560
546
558
556
568
554
564
568
560
568
556
582
578
576
572
554
572
572
560
540
564
536
528
542
534
488
468
510
508
580
510
512
532
568
526
486
538
570
558
532
570
628
586
568
566
568
566
556
458
558
536
548
536
548
568
536
546
566
596
570
570
600
582
594
596
604
606
594
576
594
574
584
586
564
572
572
560
580
572
570
596
578
590
582
610
594
578
580
608
596
594
632
638
622
604
502
442
582
568
584
628
624
598
594
604
624
624
646
608
604
618
560
506
568
550
566
578
562
562
564
558
564
592
542
554
556
582
568
570
564
548
556
550
556
538
456
538
522
504
514
522
526
548
540
534
548
530
530
524
536
516
516
534
546
566
564
612
634
666
648
666
674
668
644
636
654
646
644
666
652
642
632
602
554
604
582
622
600
590
604
604
574
560
560
586
598
608
638
644
626
608
594
588
486
608
594
592
592
602
632
626
658
610
594
562
556
586
594
598
592
582
588
572
560
570
564
592
618
594
620
624
616
666
596
654
624
600
592
604
616
594
582
626
636
620
664
678
678
690
636
616
626
636
662
652
636
642
654
688
684
692
718
578
576
444
572
574
626
634
648
606
610
644
674
620
624
632
638
644
648
648
640
640
640
586
638
620
614
628
602
608
604
606
598
596
584
578
586
578
578
590
618
612
622
630
604
596
568
568
568
566
558
560
574
600
606
614
618
612
602
598
560
522
592
574
562
554
562
616
654
686
750
780
728
670
644
678
546
604
598
554
680
662
648
592
624
658
632
610
632
628
598
612
610
622
652
642
672
694
648
650
632
648
626
632
640
590
590
604
570
594
620
614
642
630
662
596
558
588
598
604
678
748
702
668
606
572
628
624
702
736
724
706
682
658
668
626
622
622
552
432
534
548
588
624
606
614
630
706
724
722
712
766
702
682
648
634
614
632
642
562
620
596
612
656
668
676
668
654
636
632
642
632
612
640
664
702
726
732
706
664
636
668
666
662
652
666
640
618
596
614
608
616
650
604
592
630
668
720
700
740
716
690
706
608
642
652
682
668
676
620
682
680
672
662
594
588
588
620
614
664
668
684
650
658
648
658
676
666
662
634
668
642
650
636
620
620
592
586
594
572
552
558
560
556
596
658
624
616
586
582
584
576
630
634
618
618
632
640
660
674
678
682
676
666
666
658
674
626
620
632
626
472
584
612
644
648
640
610
600
600
614
572
576
558
572
590
570
574
550
552
554
556
540
502
530
508
500
524
538
518
558
546
560
546
548
554
526
542
548
530
552
550
560
560
568
584
578
570
550
574
568
572
562
548
562
562
548
552
554
560
562
546
560
562
512
566
566
574
566
554
580
578
574
572
598
606
598
598
582
600
574
562
522
470
536
516
514
522
520
492
494
486
514
476
484
504
500
496
482
468
478
486
468
468
486
492
514
530
524
576
596
554
566
578
588
580
556
522
516
528
512
516
528
510
518
528
540
540
508
494
518
590
544
528
578
570
540
524
514
510
506
510
524
518
518
520
504
518
518
522
518
562
564
566
578
608
526
430
476
700
508
732
666
564
562
556
506
566
522
538
572
556
582
414
748
570
544
604
470
508
518
476
492
510
538
542
578
570
588
608
586
580
582
572
562
550
558
568
552
554
560
556
582
574
562
570
580
588
602
594
594
596
574
586
592
590
588
590
568
498
586
576
602
608
618
632
610
596
580
608
608
590
572
574
578
562
544
478
518
542
530
546
552
522
516
536
548
540
550
574
556
550
530
524
542
522
554
546
560
570
576
588
608
616
624
638
612
602
622
582
534
602
578
574
570
518
546
552
564
546
496
544
564
544
550
578
600
556
534
536
528
540
564
560
614
586
578
580
584
588
606
614
618
614
600
594
506
548
586
570
576
562
564
556
560
584
620
588
588
584
616
618
612
618
616
606
616
614
588
660
610
600
636
616
648
620
636
606
596
584
590
600
594
640
666
690
686
666
664
636
620
628
608
598
580
582
582
586
598
648
670
638
680
514
540
578
564
590
578
582
584
598
592
580
586
584
600
598
612
596
602
568
502
552
570
616
620
624
582
604
618
596
586
620
622
620
594
602
604
618
640
628
636
624
604
610
604
604
628
628
642
634
616
672
624
622
640
632
634
620
622
600
576
618
594
584
622
630
610
604
602
606
630
640
632
626
622
622
630
638
624
652
636
608
610
548
420
542
556
586
584
588
578
554
568
596
634
590
578
580
596
592
592
578
562
574
570
570
542
498
556
526
522
546
554
566
560
560
586
582
610
630
636
620
608
630
638
612
620
614
614
618
602
602
582
572
558
566
574
592
598
620
632
606
590
582
546
506
570
590
638
620
616
642
618
582
576
596
618
602
598
608
582
932
556
534
556
570
560
556
514
536
536
448
452
746
556
546
538
520
538
544
552
578
608
636
678
668
716
692
722
668
656
518
334
780
544
562
544
578
568
564
574
604
622
588
572
632
646
660
696
702
698
692
704
688
696
674
688
676
682
662
690
564
612
600
576
578
526
396
500
544
548
594
598
606
586
602
638
654
568
592
606
590
596
598
628
628
606
622
586
548
574
550
572
596
584
610
624
600
610
596
592
578
594
560
564
578
576
574
572
560
576
566
538
538
554
552
554
558
550
566
564
556
544
540
544
540
528
510
480
502
540
548
568
572
562
562
554
550
540
554
562
568
552
572
548
436
562
558
582
470
670
578
574
536
536
562
586
574
564
590
572
572
556
588
600
596
600
582
598
608
582
588
594
564
584
562
546
544
542
512
486
570
566
598
614
574
582
570
582
596
568
582
608
576
600
606
636
636
666
634
616
636
644
422
472
890
586
640
484
550
556
556
568
562
572
532
522
676
672
690
698
576
636
656
666
638
616
612
626
618
624
610
598
588
568
556
532
552
560
564
638
686
706
680
666
650
646
684
632
624
562
622
636
628
664
710
714
702
722
646
578
624
614
594
598
596
590
608
588
596
590
586
554
426
448
548
940
592
590
568
570
536
558
574
642
678
668
664
646
710
666
642
666
644
632
670
564
642
636
616
640
650
624
618
636
614
430
500
572
338
534
540
500
552
508
552
654
694
712
720
670
734
700
688
706
698
700
670
652
622
672
654
652
720
684
610
608
618
608
630
648
636
636
618
618
628
632
624
620
610
596
620
552
384
574
550
602
606
606
606
606
652
666
598
578
574
594
594
584
572
554
570
562
570
542
506
566
550
566
590
576
596
592
600
590
568
562
554
574
570
552
566
594
606
588
600
608
612
566
574
586
578
576
576
598
614
628
620
632
626
620
598
588
528
614
600
616
622
628
632
626
596
584
576
586
586
568
500
540
574
598
608
596
594
622
634
600
590
588
596
582
588
612
638
658
678
440
472
534
944
596
584
570
570
598
598
652
476
938
718
730
722
550
646
668
636
596
650
556
598
608
528
580
580
544
568
596
636
704
634
650
712
712
656
638
636
652
694
726
722
710
694
702
616
520
612
614
634
662
714
746
764
818
716
778
642
712
724
