-44
558
552
522
586
528
544
546
500
582
556
542
518
506
532
604
570
564
548
540
548
608
550
560
538
548
554
534
534
626
580
568
548
548
552
516
536
618
562
562
542
412
754
460
694
532
554
544
550
556
538
502
628
500
592
458
614
596
544
546
446
618
456
600
512
554
538
516
576
548
552
554
534
500
512
538
612
566
492
616
414
660
516
520
530
526
576
572
550
538
546
526
518
502
444
830
406
736
516
572
538
542
576
548
564
524
522
536
584
548
558
532
546
528
534
552
556
522
576
562
540
414
686
446
660
458
680
432
676
566
534
566
542
470
618
538
538
516
588
562
544
552
552
526
600
588
558
536
544
502
562
544
450
726
440
660
542
520
564
554
546
516
534
538
570
516
574
442
654
534
536
544
540
560
544
470
582
524
534
530
560
528
540
530
526
498
524
558
542
538
536
468
590
536
546
516
556
532
530
524
538
516
542
520
488
510
506
552
542
536
516
574
546
442
656
540
550
552
528
528
548
522
436
748
432
730
542
540
550
606
568
576
544
546
580
586
572
572
578
562
546
560
550
552
550
620
572
562
582
544
550
570
560
566
574
606
574
566
574
580
554
578
468
674
420
752
578
568
568
556
556
558
562
562
556
596
504
646
570
594
570
564
574
564
564
572
572
586
570
574
584
572
578
570
590
570
590
566
568
560
468
692
582
574
576
564
568
600
572
568
484
662
578
572
584
578
568
568
572
572
450
484
814
422
756
576
568
538
572
582
566
568
584
540
604
546
602
560
560
550
558
596
582
580
552
572
586
576
566
582
580
554
580
556
546
554
552
540
582
558
562
550
566
576
552
548
586
550
548
528
518
514
550
374
768
422
720
416
744
566
548
528
518
510
550
580
574
540
552
430
692
414
672
510
526
544
490
650
570
564
568
568
548
550
584
552
540
550
592
424
726
588
582
542
566
558
456
738
570
580
576
568
538
536
556
536
554
568
542
550
548
626
602
426
720
422
788
580
582
582
470
730
430
830
426
804
450
768
610
600
610
616
598
604
602
610
610
596
434
806
616
614
588
608
616
614
602
608
600
614
586
616
594
566
568
578
582
674
600
606
616
602
472
660
408
704
386
598
438
598
516
544
538
652
578
570
594
570
508
592
564
540
568
484
740
578
574
566
480
728
442
732
536
538
522
490
574
534
586
608
596
564
558
574
552
548
548
332
662
426
692
390
638
370
648
394
638
396
388
862
426
768
566
560
578
562
550
600
586
486
644
448
748
572
568
590
566
552
544
524
554
610
590
582
538
458
778
580
586
578
556
534
552
636
486
678
448
702
538
550
558
472
660
450
710
556
556
536
512
528
564
574
552
574
546
520
546
638
570
560
590
464
664
436
646
522
444
742
426
712
586
502
590
530
548
604
574
582
574
554
544
446
658
488
696
578
590
560
586
552
634
468
714
416
762
558
538
560
544
534
542
596
602
562
552
468
680
442
668
568
490
748
416
764
566
572
572
610
588
598
472
680
426
740
642
574
600
584
554
562
566
618
484
692
432
710
566
574
634
586
570
588
586
560
598
566
624
476
692
424
400
914
486
704
556
570
534
534
638
542
650
574
572
588
568
648
616
610
592
568
474
692
438
858
610
592
592
582
590
612
582
576
576
478
690
442
854
588
634
600
374
646
438
684
372
344
866
604
464
678
552
542
544
534
552
550
652
540
660
578
588
566
484
658
416
696
558
556
536
554
668
616
584
582
580
552
544
360
640
452
640
480
598
556
570
522
596
552
642
412
850
484
702
574
410
816
590
590
632
602
612
592
592
592
516
664
462
702
594
570
572
546
538
518
658
546
564
562
550
530
546
536
536
542
614
562
576
570
550
552
566
536
534
638
574
554
562
534
564
446
704
478
570
532
562
574
566
540
538
544
538
512
528
560
568
552
582
484
592
442
736
554
558
528
540
548
610
562
544
562
458
630
538
526
556
542
502
622
560
558
526
472
588
424
724
576
546
530
574
558
552
542
520
522
588
570
590
570
556
564
572
570
570
558
498
668
440
716
582
502
660
582
568
570
564
540
548
530
540
680
596
610
598
588
586
582
582
568
548
552
548
522
542
450
682
430
700
480
600
552
522
532
530
570
586
598
540
538
496
604
538
502
622
550
556
540
528
598
560
566
558
556
606
562
486
676
418
680
570
528
626
584
574
560
524
542
432
828
428
686
540
588
578
578
544
490
588
438
640
536
530
608
560
550
540
448
726
558
554
600
578
568
536
500
512
616
548
494
672
520
510
530
560
544
556
532
460
598
414
714
468
656
420
686
544
528
508
538
514
572
540
544
544
542
538
544
580
548
532
526
554
538
522
486
546
500
640
542
538
562
546
562
552
518
540
556
512
524
556
522
530
604
578
550
556
582
564
568
572
548
558
546
560
568
540
564
530
574
504
596
422
476
786
454
652
530
530
540
534
540
530
562
442
662
440
610
470
610
550
554
528
540
560
548
492
526
532
456
658
428
654
554
556
564
564
560
546
536
504
568
542
548
536
526
542
552
534
536
510
512
532
568
578
572
504
636
562
576
560
558
564
542
566
570
536
532
552
640
514
644
520
600
362
760
534
568
538
516
686
558
570
542
520
526
556
534
478
710
412
730
568
454
626
498
544
522
592
532
578
500
570
532
536
536
508
528
596
500
580
454
598
526
534
582
502
598
474
618
548
530
538
544
532
538
538
506
520
536
486
658
496
658
574
586
576
570
530
594
576
550
562
628
478
678
584
570
578
596
574
592
586
612
608
584
512
702
510
708
508
700
462
756
410
836
608
598
606
388
842
426
754
590
570
560
548
538
576
502
694
528
626
578
594
428
702
596
510
704
484
714
596
594
590
616
624
614
582
602
632
610
596
582
596
590
554
566
568
634
614
544
690
596
508
662
520
666
574
594
580
564
572
520
726
518
666
466
680
554
566
540
484
684
584
512
620
532
634
552
576
586
556
540
582
606
508
688
602
520
616
524
688
592
584
588
440
740
426
696
422
692
558
620
570
588
448
732
464
740
598
614
590
592
614
604
600
598
594
502
694
436
806
612
608
612
582
562
552
642
526
690
494
704
426
744
454
682
496
604
548
558
552
610
598
590
584
574
560
550
530
546
554
566
608
582
546
650
596
574
574
586
574
578
542
594
582
570
616
560
674
590
594
594
566
566
588
386
860
430
792
418
808
566
574
568
562
552
578
612
596
530
686
536
656
580
592
572
560
566
572
624
612
602
510
730
596
494
758
600
548
650
596
574
640
618
614
610
610
580
638
578
502
734
606
558
696
450
778
616
642
598
608
602
614
632
626
614
630
614
616
630
594
578
564
584
578
550
580
660
508
728
610
584
588
574
586
652
606
518
690
506
712
584
606
624
606
606
610
602
620
598
596
576
628
570
588
572
646
604
610
528
700
520
648
556
564
658
612
622
618
478
770
434
814
454
746
498
742
418
772
594
596
564
564
556
544
602
616
526
678
578
598
616
590
582
604
576
564
570
674
524
724
432
812
472
686
564
574
678
608
608
626
608
598
590
586
580
574
516
712
442
856
422
854
558
676
472
790
466
772
418
774
468
722
568
554
562
580
618
592
616
600
602
608
594
610
570
656
638
480
756
434
752
582
562
572
610
606
608
592
544
608
496
618
578
528
700
506
696
574
580
638
620
636
634
522
718
430
806
504
748
434
848
618
638
640
620
612
628
622
636
622
616
616
464
810
428
840
644
642
646
630
626
630
642
636
620
612
520
754
438
820
630
618
618
610
606
570
598
590
572
564
546
560
640
590
586
588
498
674
452
672
512
604
538
534
514
456
694
426
698
584
558
546
572
574
546
538
520
556
546
546
550
526
522
578
464
652
418
680
462
624
502
516
590
390
700
408
670
512
542
494
510
502
546
574
554
518
550
542
518
532
446
594
458
372
548
440
548
450
622
416
712
538
526
474
562
496
514
556
550
480
612
486
600
530
540
544
526
522
542
530
474
620
440
626
546
548
532
538
554
540
552
552
556
476
614
416
664
530
556
552
470
578
446
590
404
700
414
662
438
680
544
542
554
546
542
554
546
546
556
564
516
586
554
476
630
484
634
550
568
544
640
532
654
408
738
554
536
534
554
646
584
472
726
402
744
446
722
428
720
456
662
534
542
546
484
698
454
742
544
454
712
406
756
568
554
516
528
466
792
420
796
570
558
584
572
556
558
628
578
548
440
790
414
728
522
644
436
716
562
564
552
478
412
598
452
574
548
472
826
406
806
596
562
570
598
572
632
590
590
450
688
432
682
352
688
404
358
834
456
714
552
560
594
568
550
548
536
544
380
706
584
604
544
618
514
626
558
556
666
600
596
442
724
438
472
634
446
604
442
678
658
608
608
590
568
652
614
610
580
566
576
342
660
460
444
472
868
424
830
446
708
572
448
762
436
724
550
572
552
538
526
586
600
580
566
556
532
538
566
484
672
436
752
584
580
546
562
558
426
800
606
614
584
554
558
638
586
562
444
740
430
746
562
566
562
530
614
570
548
568
552
560
562
568
576
558
572
580
564
562
576
566
572
594
566
558
582
580
580
560
578
580
592
558
568
552
558
582
568
570
580
560
566
560
504
650
556
560
566
550
556
572
482
628
440
674
460
646
440
652
540
542
536
534
534
536
540
532
472
578
424
636
430
664
446
660
418
682
508
590
444
622
498
574
506
572
440
608
456
602
516
506
488
518
556
562
528
570
476
588
434
626
424
666
452
622
426
658
540
540
536
544
530
518
526
522
492
562
528
522
554
544
542
496
624
412
692
410
700
440
666
490
362
830
420
688
512
570
466
610
434
668
426
656
504
512
524
464
668
462
668
420
700
438
644
432
644
524
540
516
466
702
398
742
488
618
460
618
538
410
680
444
636
446
652
560
562
548
532
542
548
538
506
550
540
530
514
552
596
570
560
538
452
652
398
652
406
744
422
712
470
594
460
592
502
510
570
544
546
528
534
590
452
644
556
556
424
690
416
702
572
548
508
566
428
708
544
542
530
504
506
522
548
552
496
562
426
674
522
538
560
518
526
554
482
620
420
716
474
676
462
646
440
674
482
632
432
670
432
776
332
580
500
402
620
588
548
570
556
482
592
530
516
522
424
622
400
700
476
588
480
622
482
654
412
672
518
512
518
494
602
444
694
424
676
432
702
534
550
544
516
416
732
412
714
434
714
430
702
408
752
464
626
518
594
466
634
426
690
488
554
504
484
612
516
618
488
612
510
610
546
486
642
454
646
532
534
554
444
666
408
706
462
632
416
704
456
656
446
646
508
606
488
594
536
526
536
524
512
340
582
450
466
586
582
444
626
464
552
538
540
548
612
600
582
576
570
576
574
566
572
568
554
536
348
376
738
462
806
390
618
476
656
384
636
374
642
382
658
382
612
396
650
376
636
380
616
366
640
390
608
372
632
560
548
576
576
552
550
540
508
582
450
416
634
414
488
650
454
618
636
390
378
798
398
696
626
412
652
390
336
700
424
634
460
610
430
580
654
356
644
596
570
548
550
546
554
590
590
592
602
642
618
598
604
610
606
616
604
602
614
608
612
612
610
628
614
616
630
618
620
624
618
628
626
624
618
630
630
624
622
612
598
358
678
448
706
460
638
594
558
562
666
500
748
496
712
436
484
636
438
646
442
472
602
474
628
494
704
482
734
470
706
570
564
566
578
574
424
678
438
776
598
574
546
556
596
584
568
574
596
590
580
580
578
576
572
588
568
546
472
680
424
722
562
580
506
660
580
566
576
586
560
556
560
514
616
460
678
468
670
550
510
582
358
572
542
548
558
652
600
598
570
588
600
572
578
586
602
602
578
584
468
736
418
764
576
600
574
596
592
560
566
588
564
552
566
344
606
564
538
558
358
596
422
836
424
842
438
756
402
780
570
574
548
532
536
362
618
482
654
544
570
640
608
582
580
554
604
586
578
622
596
582
556
582
486
710
578
574
582
516
658
560
592
572
582
590
500
674
418
754
602
578
604
576
562
582
504
658
578
584
570
578
548
602
606
584
586
574
602
624
598
598
608
590
612
568
362
674
392
654
582
574
532
708
374
696
662
608
610
592
590
610
582
582
618
594
598
596
596
590
562
580
630
608
572
592
578
586
558
596
582
478
682
472
690
440
732
576
568
556
566
564
552
578
582
564
560
574
624
600
594
540
554
554
638
598
578
590
594
592
606
594
582
588
578
592
596
570
596
616
598
612
586
580
464
742
574
576
564
578
366
632
468
676
464
772
430
798
598
576
558
566
528
536
606
604
548
652
584
582
576
592
592
578
576
582
600
598
576
604
596
578
606
604
592
578
576
640
624
598
556
622
590
574
612
596
484
656
566
608
580
568
572
570
488
694
572
586
572
590
592
564
586
588
578
590
554
628
516
648
602
598
578
584
620
608
596
584
594
600
592
594
604
570
552
372
676
416
654
524
580
584
578
686
612
628
632
618
610
606
604
608
582
582
562
568
346
716
410
678
404
324
892
466
374
636
682
400
654
458
634
446
656
424
652
396
658
380
688
590
590
564
566
566
550
578
576
558
542
544
662
488
706
428
700
548
650
604
574
572
572
556
548
568
520
556
616
584
578
554
556
596
590
490
738
452
756
610
606
596
592
596
616
606
594
570
600
620
608
608
598
598
602
598
606
612
592
598
612
598
600
506
682
620
602
604
610
600
602
596
598
584
556
486
680
424
800
596
588
614
496
642
426
714
560
652
594
588
596
602
596
574
580
524
656
480
672
432
678
558
562
344
338
796
446
806
612
612
584
564
600
576
532
590
556
500
696
426
762
566
572
570
474
624
454
644
542
554
338
348
806
404
682
572
632
596
574
568
564
570
578
570
546
556
578
616
584
598
564
560
598
576
570
540
560
544
544
352
640
440
618
572
600
566
600
474
654
430
614
412
608
434
612
478
566
550
542
624
596
510
642
450
656
436
696
566
458
678
472
650
560
564
562
570
542
544
524
590
522
590
546
554
568
482
628
444
682
556
464
736
442
742
602
482
656
440
712
562
552
548
550
554
544
524
338
622
470
588
464
584
554
512
590
442
854
436
806
580
574
586
560
584
556
558
664
594
494
720
568
496
668
574
504
604
484
780
416
762
454
728
580
574
578
574
562
586
574
564
462
770
486
748
434
768
456
740
578
576
568
548
654
622
632
514
646
482
688
434
694
362
638
426
640
426
632
452
614
488
636
508
600
486
468
902
440
736
628
428
674
378
354
804
408
680
662
390
696
514
692
588
560
600
588
600
586
596
508
636
478
778
478
730
570
580
590
572
612
616
608
594
586
478
684
590
584
586
582
566
578
616
574
598
594
510
634
560
554
558
630
598
600
586
578
644
486
694
462
738
590
562
550
546
594
598
620
580
562
556
556
464
688
470
730
606
578
584
564
564
630
596
598
574
564
574
550
348
614
482
484
682
554
636
608
578
584
572
554
648
494
668
574
560
542
560
530
534
578
574
538
622
562
630
602
568
610
568
650
624
584
556
578
494
688
458
646
546
640
592
604
560
534
470
646
426
750
584
550
562
552
608
456
656
432
670
546
622
564
546
540
542
568
538
586
504
616
532
542
580
564
566
450
662
562
454
608
446
738
432
706
440
676
560
588
556
548
550
556
578
562
562
550
552
570
546
550
604
560
558
580
568
596
576
494
676
442
696
554
530
542
556
538
550
590
544
552
556
544
546
592
554
548
444
662
426
694
554
560
538
530
518
594
558
574
476
616
558
524
568
556
494
568
536
508
578
554
474
628
448
660
554
518
578
562
500
614
420
664
534
550
550
498
582
466
596
514
530
544
518
514
492
536
536
466
694
454
614
590
536
576
554
530
532
528
554
592
560
534
452
650
494
566
538
502
522
594
558
450
644
506
514
524
614
536
606
548
546
552
518
606
574
562
560
538
628
586
556
462
670
414
674
438
620
446
624
518
576
574
556
544
540
530
518
526
494
644
498
676
560
472
654
428
638
414
674
456
636
634
568
566
562
554
532
450
420
842
430
726
564
552
546
480
632
528
514
552
550
494
602
482
570
454
688
510
586
434
646
510
554
540
514
532
558
1128
540
538
530
542
520
514
518
510
526
568
566
518
584
482
610
550
546
554
514
594
570
410
708
426
662
526
524
456
706
426
736
556
524
520
538
458
740
564
538
600
564
582
568
570
412
724
464
680
442
716
420
788
456
734
484
670
558
566
580
566
536
636
506
648
442
678
440
748
446
700
390
828
444
656
492
528
630
580
572
556
574
488
618
584
552
552
556
516
572
492
640
440
638
546
544
542
526
510
482
644
560
482
612
540
530
538
538
484
586
458
638
528
532
522
578
830
818
450
632
530
534
504
548
518
554
536
540
538
558
500
598
518
442
646
474
690
476
610
430
730
560
554
508
540
570
548
604
568
558
464
596
412
686
468
700
440
686
534
546
472
486
604
526
510
554
574
538
578
540
534
542
578
494
618
504
560
448
652
546
566
608
566
548
560
558
526
610
546
592
528
598
470
704
416
682
550
556
472
614
532
524
542
554
532
518
522
524
566
506
636
554
540
476
598
532
594
566
532
480
668
460
558
538
596
554
568
544
542
540
522
544
558
530
522
632
496
626
460
676
554
562
564
558
538
526
616
480
644
434
692
416
684
446
628
470
588
350
584
538
532
530
514
514
646
524
590
522
570
540
548
526
414
728
386
780
470
704
410
402
818
424
670
540
492
560
390
774
428
726
512
606
552
584
582
512
536
546
574
576
556
572
566
574
568
554
564
586
562
520
626
502
614
488
680
524
620
564
566
566
570
524
616
552
606
504
622
572
580
560
578
496
630
516
376
762
424
748
414
758
554
576
530
558
532
572
540
566
596
526
556
514
546
550
488
632
464
638
538
548
550
482
434
580
402
608
458
436
696
404
794
434
778
460
690
430
768
426
740
454
700
462
696
562
576
554
568
592
570
574
586
582
584
522
666
572
584
598
610
592
592
520
704
422
784
430
776
582
572
586
540
364
656
502
622
550
654
604
590
586
604
576
578
598
580
574
584
574
578
564
584
586
572
582
596
574
586
598
588
498
680
504
694
402
784
508
694
422
752
416
792
504
642
448
684
540
552
536
552
520
732
412
830
448
760
584
600
606
592
590
476
670
420
776
576
574
550
546
544
528
392
602
454
580
572
552
542
558
514
414
698
378
684
402
670
384
366
910
416
872
556
696
508
670
600
606
602
584
584
596
512
672
522
652
530
620
584
582
560
566
570
540
528
660
584
524
654
506
632
560
530
608
524
606
612
560
496
652
442
716
566
556
530
442
462
628
450
600
410
708
416
688
652
592
592
576
538
554
532
594
628
606
580
446
712
444
680
530
552
394
588
526
650
380
692
458
766
616
596
436
778
450
812
606
596
620
606
606
598
606
614
594
496
758
424
830
438
826
648
620
624
614
610
630
614
602
642
632
562
680
622
624
632
628
606
620
638
632
632
614
620
634
584
572
560
492
802
458
720
616
580
556
586
472
664
530
562
632
578
536
624
564
556
568
576
568
582
568
558
556
576
558
530
546
546
342
678
384
654
404
358
848
450
738
578
586
608
588
584
598
594
600
590
596
548
648
542
670
596
602
594
620
608
582
572
586
492
682
546
576
350
602
560
558
570
664
624
584
602
610
600
592
594
602
592
588
584
612
602
600
596
616
532
692
524
672
504
640
508
432
632
476
620
560
572
690
636
530
666
476
686
472
760
482
744
574
446
732
510
550
638
584
598
558
558
566
540
544
498
576
352
620
560
456
694
418
810
628
630
600
568
588
574
558
558
352
600
438
668
456
722
400
632
582
494
660
478
740
642
626
582
566
580
574
362
652
496
494
718
402
592
650
474
678
456
652
598
388
678
496
690
414
396
902
428
752
614
616
616
622
626
626
612
614
608
644
606
604
608
616
532
678
472
502
662
448
670
458
628
590
568
568
594
542
820
480
796
472
802
608
608
590
656
646
604
640
622
630
612
616
624
612
632
612
620
630
618
626
608
634
616
594
364
710
460
464
736
442
852
584
574
574
566
364
624
496
740
528
726
382
690
398
354
868
462
698
540
524
418
596
576
568
548
576
644
640
608
598
598
594
566
376
654
570
478
804
436
842
580
576
580
554
370
628
562
496
770
608
606
618
596
604
566
578
566
344
642
498
480
746
456
774
612
602
602
502
740
608
634
606
586
588
590
584
570
584
644
614
620
628
620
550
684
514
750
618
630
616
490
778
440
428
642
418
668
722
628
632
618
610
626
618
638
618
622
640
614
628
606
600
594
684
636
628
652
644
596
576
586
576
364
672
506
474
824
486
794
460
776
600
610
604
590
596
604
590
594
594
580
592
564
564
694
494
788
492
742
466
718
584
496
448
668
404
656
400
454
646
448
650
438
626
710
590
620
642
638
610
622
580
622
568
622
578
556
562
664
614
618
578
526
638
562
532
582
550
570
550
578
536
690
522
734
620
624
606
616
636
610
624
602
620
628
602
606
596
586
604
570
556
776
514
736
488
744
442
744
518
616
550
564
560
666
624
602
614
616
374
858
530
436
864
424
860
462
776
442
376
972
634
396
842
494
666
588
646
564
530
696
606
616
610
614
604
612
618
600
448
768
546
672
646
514
752
496
758
416
876
656
644
648
628
634
656
636
638
630
632
654
638
652
636
646
656
648
656
648
402
932
508
836
664
672
666
662
666
664
674
660
662
680
672
662
642
626
388
694
476
510
940
482
576
782
410
758
414
754
416
730
414
356
946
450
870
438
816
498
748
602
512
728
596
580
616
586
368
376
884
432
882
464
828
466
824
616
578
570
592
366
576
602
506
714
608
582
358
658
508
642
596
586
594
796
474
814
602
374
356
844
440
866
440
780
472
702
420
388
914
466
750
618
540
714
548
678
626
624
606
598
612
690
616
632
654
638
526
738
538
664
370
678
580
496
874
520
722
432
722
412
678
642
510
512
848
444
776
516
636
632
632
620
596
608
598
590
578
584
600
638
548
732
544
722
606
524
696
526
756
606
624
634
610
616
600
616
628
602
364
904
414
878
422
862
460
804
600
582
666
532
706
530
698
574
606
582
582
706
634
638
630
654
642
646
594
634
712
668
556
744
646
556
754
610
604
394
702
464
684
542
648
562
596
632
586
788
554
500
852
422
384
1000
438
860
442
914
454
944
484
736
410
656
452
424
850
524
560
804
520
538
896
512
702
694
538
498
902
522
488
898
494
790
592
590
590
686
540
788
684
586
712
566
754
498
826
658
662
644
642
654
650
660
656
662
652
654
562
752
546
790
530
808
544
806
470
894
464
876
450
906
682
656
660
646
616
602
702
656
616
504
860
502
746
578
578
618
710
538
518
908
516
784
610
542
646
590
578
570
604
606
708
566
732
646
632
642
626
616
642
596
582
380
688
500
474
804
490
700
538
796
510
832
648
584
702
610
312
948
474
748
524
654
560
556
428
628
530
626
578
728
434
756
664
478
846
464
868
454
846
438
800
472
712
514
522
970
474
836
478
778
622
610
612
596
600
594
572
568
592
708
534
760
522
786
470
810
524
498
820
534
528
806
542
522
878
476
790
548
502
764
510
652
580
574
624
628
658
626
624
630
628
636
626
592
672
572
532
840
530
772
446
832
632
678
638
632
640
598
598
518
694
586
462
784
446
806
428
778
586
574
566
488
666
450
706
582
540
540
652
528
470
784
458
732
532
618
540
632
600
552
540
604
520
632
592
572
578
580
494
500
690
1168
474
692
576
512
620
566
628
526
714
570
602
564
606
568
628
602
600
584
594
606
602
598
598
586
604
586
588
560
760
542
460
896
456
810
500
680
450
492
632
452
648
450
494
726
524
634
578
568
550
730
552
754
614
620
636
622
612
608
606
620
500
832
414
898
448
384
766
434
686
408
658
510
562
668
592
608
596
594
642
614
634
534
728
524
720
426
838
448
796
456
710
734
654
640
622
542
686
520
286
840
466
682
522
702
468
752
448
776
436
778
418
766
456
744
434
786
488
702
554
584
576
570
572
590
568
552
580
568
576
578
390
794
434
730
446
716
428
740
434
754
452
712
440
720
456
690
466
634
568
556
554
554
494
466
612
380
622
512
598
472
490
408
782
416
716
434
672
406
678
508
590
534
532
522
522
508
480
624
478
586
524
478
620
526
464
640
510
568
542
536
478
628
466
570
366
592
444
658
390
726
406
714
428
700
436
664
458
642
472
610
480
590
484
592
482
578
542
524
556
564
536
536
540
540
446
670
492
596
476
630
550
504
594
482
642
466
642
482
640
458
668
460
666
456
672
464
666
466
454
782
454
698
538
596
498
658
450
692
482
716
460
722
514
690
506
690
474
758
452
766
452
794
428
794
426
828
428
804
414
778
448
666
430
624
936
936
394
810
464
748
440
720
466
702
424
716
410
768
442
696
434
686
402
262
1012
424
764
422
744
454
708
450
704
470
690
528
610
570
582
570
580
552
626
576
546
654
520
686
472
446
686
490
778
428
786
440
824
472
740
570
580
370
646
448
620
444
648
402
670
408
652
394
706
552
748
470
836
466
820
422
812
440
876
434
778
464
770
586
660
602
570
422
680
440
700
460
636
478
728
390
742
512
812
436
830
438
818
396
650
472
634
452
580
614
732
526
512
434
1008
404
904
450
548
686
472
812
480
734
488
722
544
680
584
368
572
724
466
478
972
420
856
458
770
452
678
450
830
424
830
612
548
578
458
662
396
618
426
676
402
434
448
906
450
862
430
828
436
814
464
464
670
464
734
456
710
456
694
430
760
572
502
450
668
478
486
740
428
766
404
636
596
494
444
630
460
840
430
766
470
690
376
674
610
512
670
388
622
496
712
524
396
660
446
776
494
648
458
534
654
508
444
920
452
804
396
638
444
526
488
694
434
800
438
754
426
760
402
642
384
686
390
684
404
694
626
586
534
664
624
494
780
432
784
602
564
686
594
512
686
476
754
588
518
498
504
510
466
764
404
670
376
684
404
322
912
448
844
448
826
628
608
582
472
472
662
482
634
580
674
638
626
624
608
644
638
638
504
738
384
656
594
480
812
436
266
1106
440
844
444
814
448
764
606
612
558
660
538
530
472
888
472
766
488
730
514
702
482
816
618
536
504
836
522
500
804
430
766
460
814
464
782
628
612
606
600
632
614
594
600
536
638
478
790
516
430
708
402
692
394
676
404
700
394
374
920
410
616
612
686
448
792
622
516
742
514
676
382
676
476
492
708
504
482
948
440
820
398
690
632
464
788
512
492
930
436
856
462
812
454
798
484
748
618
610
606
592
698
554
488
896
464
822
452
790
466
768
466
834
448
482
1004
432
878
460
738
482
822
464
816
460
804
450
788
470
702
576
558
574
370
466
652
500
462
846
458
728
572
586
540
634
566
366
686
424
688
474
488
508
832
394
732
650
502
756
608
542
726
612
554
664
542
512
796
504
496
862
444
754
576
374
662
496
654
566
576
714
644
646
634
632
636
624
620
600
608
632
620
608
382
696
452
556
718
452
822
442
886
468
784
462
768
584
680
536
690
510
696
572
560
422
610
574
520
758
522
772
634
638
372
416
922
434
898
408
720
466
708
438
458
888
464
820
616
632
626
626
614
628
642
626
636
626
630
638
624
632
388
744
418
754
418
424
968
428
884
450
838
456
890
472
798
482
480
1012
428
858
486
788
610
592
594
602
366
650
548
512
752
634
640
572
704
580
706
520
752
598
628
630
598
372
708
480
666
552
634
598
588
608
384
350
916
442
318
976
426
700
428
674
476
690
448
894
476
592
766
658
638
666
650
656
650
640
658
654
656
638
644
402
744
414
778
422
758
416
478
690
420
782
728
462
684
444
666
450
688
446
708
396
716
424
462
698
766
478
848
438
870
646
646
660
626
628
614
370
678
624
496
870
432
976
440
938
480
882
502
848
464
818
470
756
386
684
560
492
734
582
524
422
674
488
548
712
616
554
424
704
456
696
440
710
440
726
418
724
414
750
646
624
544
704
598
530
462
690
454
696
444
676
532
628
548
838
420
786
412
428
854
422
1014
426
928
438
326
970
458
494
460
990
426
902
464
872
458
874
484
790
476
818
484
790
510
768
614
626
594
594
378
664
432
690
416
708
428
702
416
734
412
704
454
920
440
922
476
870
492
848
446
912
472
836
458
846
456
880
470
786
476
862
434
868
622
640
640
604
512
712
454
798
438
792
464
800
466
764
460
788
456
772
590
584
366
680
420
702
404
676
416
660
404
690
398
664
416
664
416
692
442
804
446
798
460
770
606
554
700
622
584
692
644
534
686
494
724
452
848
454
804
492
784
430
826
490
760
442
764
606
624
598
502
710
560
484
770
534
482
856
444
718
574
502
440
682
390
712
418
338
416
1014
440
724
412
674
434
852
622
560
694
460
784
460
806
502
748
434
856
450
832
552
702
476
800
440
808
450
840
464
840
458
830
474
866
650
638
636
642
634
636
620
516
502
934
414
926
472
850
446
876
446
834
470
762
468
828
488
764
484
752
580
598
610
668
586
672
540
716
610
598
520
444
710
422
712
402
664
438
354
920
442
862
450
856
628
622
640
612
368
750
418
708
464
712
428
708
410
704
408
688
412
698
412
730
408
342
948
438
816
614
630
638
610
550
708
568
514
482
708
498
456
782
506
482
946
414
726
408
692
434
716
432
724
412
688
398
708
400
700
406
712
414
644
410
428
728
456
768
480
772
426
680
414
720
402
682
412
692
408
706
410
632
408
660
396
684
408
646
410
334
908
430
652
410
684
416
692
404
684
400
692
414
692
396
686
412
684
410
702
394
430
788
432
804
694
398
664
614
534
436
650
406
642
438
626
564
560
464
788
474
798
598
592
606
574
582
374
602
590
608
592
368
326
882
420
676
474
664
464
696
430
716
414
732
464
882
486
830
446
884
652
548
726
464
840
640
546
694
506
520
846
592
558
738
544
706
646
632
642
638
648
654
646
650
378
748
420
740
416
778
476
892
438
912
474
860
468
852
456
814
460
910
436
870
490
492
924
450
422
968
464
892
442
844
484
760
602
454
786
500
734
612
600
614
620
604
592
608
592
580
784
452
836
476
826
444
872
454
864
516
796
438
832
476
744
566
556
604
664
656
634
624
638
596
698
542
728
576
708
476
822
472
534
750
412
700
402
396
900
456
890
