558
410
826
578
584
632
538
570
576
582
586
594
594
602
606
602
612
618
612
624
622
620
612
600
598
594
600
602
598
598
600
610
604
606
608
600
594
600
604
594
592
616
610
600
596
594
604
606
602
602
598
600
602
604
604
604
604
606
592
598
596
602
606
602
600
602
596
590
594
594
576
592
584
596
584
584
586
596
584
586
584
584
582
584
622
552
578
584
568
598
578
584
586
586
592
584
590
586
584
582
588
588
578
584
584
588
584
588
588
584
582
576
580
580
590
588
590
590
598
602
602
600
604
598
604
602
616
640
646
640
652
632
630
624
618
612
616
614
612
608
606
606
600
590
592
594
590
582
592
592
582
588
586
586
586
590
582
584
582
580
580
580
576
578
582
580
582
582
590
588
590
588
592
592
586
590
572
582
580
578
574
576
570
574
576
574
570
570
578
590
580
586
600
602
576
640
606
608
614
618
618
612
620
586
594
592
592
592
614
612
620
632
642
636
638
628
634
624
1230
612
602
598
598
594
596
666
524
588
602
616
624
618
618
618
586
598
614
610
618
648
654
648
642
638
630
626
620
622
626
620
620
616
628
580
602
610
598
600
590
600
596
582
590
584
572
574
578
572
574
568
580
580
580
576
574
580
578
564
578
574
568
568
570
578
574
574
582
564
610
580
590
584
582
586
574
450
744
580
586
590
582
588
600
594
598
588
614
602
600
616
612
608
608
608
616
614
606
610
604
596
590
592
588
592
584
588
586
576
594
552
566
570
570
576
572
572
578
580
572
580
576
580
576
588
582
584
584
582
582
578
582
568
574
564
560
566
566
570
568
566
562
568
572
462
682
562
580
574
574
576
584
596
580
628
602
610
606
608
606
608
600
602
592
606
594
586
582
574
576
582
580
578
584
578
576
580
580
580
586
578
592
580
574
578
588
580
576
576
586
596
594
594
602
598
606
604
604
600
598
602
600
600
604
610
598
598
586
586
582
580
590
596
602
606
606
612
606
604
608
614
618
622
626
622
612
608
594
594
598
592
588
582
584
588
570
582
580
578
578
588
586
582
584
524
672
598
602
592
592
592
590
602
600
594
602
608
618
610
614
604
600
602
970
884
536
592
656
534
564
580
586
580
588
590
588
588
588
590
592
594
592
598
592
584
592
598
596
602
598
600
606
602
590
590
592
592
682
516
582
600
606
598
602
606
614
608
604
608
608
612
610
600
596
600
602
604
596
606
614
608
610
620
622
624
640
636
630
628
638
636
638
640
632
640
626
620
618
622
616
618
630
630
624
640
636
626
630
642
640
638
584
616
604
606
618
636
644
640
632
638
628
636
620
612
620
622
618
614
620
608
612
610
618
620
616
618
628
626
610
620
606
606
600
606
606
952
632
802
606
638
542
584
584
580
596
598
598
608
604
606
594
598
610
614
618
626
624
620
604
612
610
606
608
612
620
626
624
632
644
648
654
644
624
628
626
622
622
624
630
630
630
618
606
620
612
610
618
632
632
636
634
628
624
626
616
608
600
604
598
602
606
606
600
596
594
598
596
600
600
600
606
598
600
600
600
598
600
596
598
598
598
594
596
606
602
598
602
604
602
598
594
610
608
604
614
620
630
650
668
686
692
692
676
660
662
660
668
666
650
640
628
636
630
626
634
628
628
640
642
636
630
630
622
616
618
626
626
636
632
652
650
654
646
650
646
638
630
632
644
638
634
642
628
622
630
628
624
626
614
618
636
662
670
672
668
670
646
646
670
644
652
664
662
646
658
666
668
660
680
674
676
664
662
648
640
642
644
618
634
636
638
642
624
626
618
620
628
640
666
654
666
680
662
666
666
658
660
650
648
636
636
634
632
636
634
636
634
634
634
634
638
634
636
626
634
630
634
634
628
622
624
624
638
628
638
634
636
642
642
648
610
626
634
640
652
642
648
642
648
606
630
628
606
612
446
794
628
626
616
614
618
618
622
622
624
622
618
604
608
608
610
608
618
616
618
628
636
630
632
442
864
638
634
644
622
630
644
636
654
654
658
666
670
654
652
654
660
640
648
644
646
626
638
636
636
638
644
646
642
646
638
634
634
636
634
638
640
656
650
664
662
656
666
674
660
656
650
642
456
824
622
638
622
620
608
610
636
630
636
634
630
628
632
630
628
626
626
616
610
606
596
594
594
600
594
598
604
618
630
638
652
654
650
664
670
664
658
660
668
674
654
648
656
672
650
670
678
694
678
690
696
696
686
696
700
718
696
704
716
718
710
722
718
710
726
728
716
732
732
732
754
758
736
734
738
722
730
726
718
722
690
694
700
692
732
718
712
732
756
736
756
790
770
762
792
792
760
754
784
808
784
756
768
776
790
784
726
730
738
752
738
772
836
804
770
830
950
838
900
818
854
824
810
824
778
752
742
734
730
742
738
754
738
772
776
754
770
818
784
788
832
840
802
792
786
794
774
792
792
762
764
782
826
792
806
814
788
784
764
756
746
754
746
746
740
754
748
740
734
724
724
722
714
756
756
732
752
758
738
744
750
762
744
746
754
740
738
730
748
742
742
742
744
754
740
734
736
732
742
752
732
744
722
714
698
680
690
702
694
722
740
730
738
752
728
732
744
730
750
758
748
758
802
808
784
806
800
782
772
776
768
766
762
766
784
798
770
788
764
766
766
760
784
788
764
786
746
742
718
730
718
734
754
754
752
730
740
746
774
780
766
760
750
760
770
780
788
794
780
766
748
758
740
754
774
768
744
752
730
742
732
746
740
746
730
730
742
728
758
754
736
750
782
820
820
820
818
800
776
766
758
776
746
786
836
850
886
884
822
806
828
878
864
828
960
972
970
852
884
910
894
886
808
824
840
990
928
870
838
872
816
798
822
852
828
806
812
806
818
812
782
756
778
778
798
794
804
770
768
780
800
788
798
772
794
788
770
802
784
774
792
794
786
788
782
766
790
780
770
782
772
772
760
780
768
758
772
776
774
782
748
754
776
776
778
766
754
766
758
754
754
742
746
752
742
760
740
734
734
748
748
748
752
730
746
762
760
764
736
740
748
760
794
786
756
770
770
790
788
780
742
758
742
748
752
748
758
752
742
784
782
748
740
754
782
802
814
786
776
778
782
730
732
696
702
704
734
792
828
840
812
830
782
776
742
744
754
798
822
810
790
784
756
742
756
730
748
754
804
810
782
772
760
748
754
756
754
762
796
794
786
794
734
746
710
726
752
776
772
786
814
816
810
808
776
788
814
828
808
806
820
826
818
822
822
808
784
834
842
842
830
840
790
786
788
800
798
792
774
770
776
792
784
774
752
772
744
748
738
706
734
788
794
802
790
774
756
768
770
782
772
742
762
764
784
792
784
742
762
770
766
764
754
738
758
764
760
750
738
736
754
740
748
722
742
778
778
770
756
768
738
716
720
688
704
730
748
788
770
756
742
738
738
730
712
710
682
680
688
684
674
684
664
658
666
658
660
644
638
638
634
638
628
634
622
612
616
604
610
610
616
612
610
612
614
620
616
620
620
630
626
628
618
610
618
618
612
614
606
610
608
610
618
614
602
610
610
614
606
610
614
620
612
620
616
618
612
622
624
616
616
628
618
622
616
618
612
616
610
600
608
606
606
608
604
606
606
596
600
608
614
620
630
632
634
630
634
634
634
622
624
620
622
612
612
608
608
600
614
602
608
618
618
624
630
630
626
618
614
618
622
620
620
634
642
654
662
662
648
642
632
618
618
610
622
590
610
576
594
584
586
594
586
584
580
572
578
572
576
576
584
592
594
596
600
596
600
604
598
600
598
592
588
590
590
590
588
588
594
588
580
584
586
576
582
578
578
578
578
580
582
582
584
578
580
582
576
586
588
582
580
582
586
590
586
582
580
574
576
574
578
580
580
590
602
596
614
624
628
624
622
632
628
630
648
652
646
642
644
648
634
628
642
640
634
632
638
650
638
650
650
642
648
660
650
648
664
674
658
668
666
652
664
688
686
694
696
684
714
712
578
660
656
662
650
654
668
676
680
684
678
660
648
652
652
662
664
692
676
678
684
728
738
732
716
706
690
676
668
668
668
660
648
648
646
652
680
676
660
658
654
646
640
644
648
652
650
656
650
646
652
660
656
684
726
776
738
790
674
654
610
654
666
694
698
688
710
718
696
722
770
774
764
754
718
752
764
750
820
856
816
818
824
826
822
822
812
786
812
790
768
818
784
804
838
806
852
836
810
790
816
810
786
796
780
760
774
784
768
774
780
774
766
788
770
764
776
756
774
770
762
744
748
706
720
728
724
780
742
776
792
764
784
836
798
798
902
902
818
880
1050
968
798
918
850
822
852
840
846
870
810
830
830
776
810
860
818
824
832
792
842
816
750
772
788
768
784
754
758
814
780
792
826
844
806
814
918
854
828
902
780
748
806
796
780
794
802
780
796
788
790
772
800
806
784
790
820
792
814
808
776
798
784
742
722
752
726
736
770
764
756
766
794
780
756
778
796
758
790
812
786
788
790
794
784
782
778
786
746
780
760
768
760
760
764
752
770
784
752
770
810
784
782
810
808
800
804
828
780
792
804
754
768
786
764
794
768
752
746
748
732
724
732
732
770
770
756
760
754
744
760
746
750
756
748
746
740
708
722
744
716
738
766
754
768
806
794
776
804
828
784
786
800
854
794
796
824
804
818
808
822
802
860
878
822
828
820
826
794
808
830
806
790
818
826
782
788
816
814
790
806
820
806
756
776
786
768
754
770
762
752
752
772
752
766
792
798
786
800
812
780
804
808
774
786
800
790
776
754
746
730
708
724
732
738
756
762
744
770
772
758
766
762
818
818
794
774
786
784
788
798
798
798
776
798
818
800
756
764
780
760
758
850
868
876
852
890
748
788
838
826
810
780
794
798
820
798
768
748
750
758
782
768
762
740
736
738
746
752
746
750
770
824
824
784
836
730
670
750
764
762
752
778
800
804
788
808
796
782
800
804
788
804
814
784
788
784
782
774
800
800
776
790
806
776
794
800
772
786
726
726
736
748
732
734
718
714
706
698
694
678
676
672
658
662
650
664
692
712
742
764
784
766
794
800
776
806
838
778
794
806
796
796
822
822
802
800
816
800
780
794
816
784
832
836
798
814
816
808
810
810
804
780
802
798
792
800
838
814
814
870
812
822
818
794
778
780
734
738
728
712
718
720
724
724
726
718
708
692
706
720
728
748
756
746
792
800
772
818
818
800
822
812
784
782
796
780
784
774
772
778
802
788
816
834
794
810
812
794
772
794
768
770
760
758
716
690
698
682
682
686
688
686
680
714
718
716
752
770
760
802
842
808
802
806
782
782
812
832
788
808
858
786
796
808
796
786
828
818
792
824
832
794
792
794
776
778
784
764
772
794
796
772
798
816
778
804
820
782
810
832
794
816
798
780
814
820
798
816
832
798
820
824
786
802
796
782
754
748
740
728
720
724
734
766
804
776
800
806
782
800
804
778
794
806
780
812
842
802
814
816
782
792
796
794
788
812
810
790
810
808
770
798
804
784
800
810
782
818
812
774
800
798
764
772
766
762
770
774
762
778
788
768
776
788
772
782
798
778
788
796
778
784
788
772
782
800
778
782
802
788
784
796
776
780
784
770
770
792
770
770
798
786
766
786
778
750
742
712
734
730
722
734
758
762
766
802
810
778
804
830
828
824
852
864
828
844
854
822
836
860
814
824
846
800
814
812
786
800
786
792
794
810
806
816
792
804
852
876
852
838
776
778
874
914
878
874
868
842
780
798
810
806
780
792
796
806
778
784
788
798
772
772
762
764
760
748
726
728
738
762
754
740
734
738
752
756
792
798
780
776
780
750
744
762
788
796
778
770
802
846
860
860
860
848
816
812
778
752
736
752
772
792
808
796
778
766
762
748
728
716
736
754
760
746
766
814
804
832
816
804
770
766
764
764
756
746
740
736
756
798
822
830
824
790
760
788
816
792
808
840
868
872
806
820
794
792
804
800
806
752
776
738
732
692
726
734
750
754
748
740
748
704
680
682
680
692
680
680
680
680
678
676
690
642
646
646
644
644
642
622
622
620
608
604
600
598
618
628
636
638
646
642
646
630
640
646
646
640
638
634
642
654
650
650
650
642
632
612
628
618
610
604
614
608
616
628
628
626
634
618
612
610
600
598
596
596
600
598
586
594
596
592
600
604
616
610
612
614
612
612
616
624
628
622
624
626
628
634
628
620
616
610
614
614
618
610
602
608
608
598
602
600
590
588
588
590
594
598
596
594
598
598
596
596
610
606
606
610
618
624
622
616
614
614
610
606
618
590
598
590
590
588
582
602
594
602
600
594
598
594
592
596
600
600
596
596
596
586
592
598
594
594
586
590
598
598
614
614
612
616
610
620
576
598
596
596
594
590
594
600
598
596
616
634
626
626
626
626
620
616
622
620
618
624
606
616
612
618
640
636
634
638
642
642
640
640
636
640
638
620
620
626
612
610
612
612
612
612
634
648
648
648
682
684
718
730
774
756
760
756
740
706
700
716
674
694
688
694
702
696
686
680
684
682
674
690
694
716
702
710
700
720
736
758
802
806
754
726
734
730
734
728
704
698
708
740
906
830
826
752
772
750
754
748
742
714
722
718
726
716
692
682
682
684
682
680
694
714
694
700
686
676
672
666
662
668
670
662
660
656
654
654
660
644
642
646
654
646
644
636
650
642
640
648
646
638
650
642
640
626
628
610
610
618
644
672
678
680
706
690
698
692
676
680
694
690
676
664
666
654
644
668
686
700
692
702
698
688
682
672
648
634
680
724
744
766
760
764
744
716
718
706
672
682
678
674
668
680
634
644
656
636
628
634
644
636
642
648
666
672
664
682
682
682
692
684
674
658
664
636
648
636
632
644
636
726
740
730
714
694
670
664
656
664
704
732
722
720
704
680
686
674
684
688
684
676
674
670
676
674
670
680
686
714
714
692
700
688
696
690
692
690
686
676
694
716
718
714
712
724
726
724
702
690
698
698
716
722
718
730
758
754
740
750
756
732
738
748
740
746
758
782
752
752
760
742
736
724
748
778
764
740
746
750
750
750
742
744
746
732
736
758
768
764
764
778
772
794
790
768
770
796
812
790
792
802
772
742
738
754
762
758
784
786
776
806
810
788
798
794
792
780
768
744
750
748
738
744
732
728
768
744
768
762
736
754
752
752
768
760
762
778
752
760
764
780
770
760
738
762
798
778
778
756
760
820
846
784
808
826
854
792
842
858
822
844
894
852
814
814
812
822
770
784
790
790
766
782
772
776
780
772
760
756
770
782
784
774
790
792
782
796
798
784
790
788
778
770
754
762
772
748
754
752
758
776
790
776
792
792
782
750
754
746
756
756
778
770
792
788
778
770
772
768
764
770
756
760
738
742
724
738
750
788
806
788
792
750
756
738
742
736
794
774
772
778
770
764
766
758
760
758
758
766
778
802
778
786
810
784
788
794
814
798
802
806
798
802
794
800
802
778
788
780
780
776
808
778
786
794
776
778
782
804
776
790
810
802
810
810
814
782
788
774
772
772
774
774
784
770
768
756
752
752
732
734
730
728
764
824
792
818
854
852
824
842
828
814
828
826
788
840
864
838
804
814
812
794
798
806
788
822
850
814
806
794
800
782
762
790
828
818
794
794
788
786
768
780
772
750
760
766
760
766
772
766
802
878
874
812
782
780
772
766
776
770
774
762
762
842
812
786
770
756
754
770
742
764
778
814
794
754
756
754
756
750
754
752
732
750
750
738
748
732
764
790
796
768
760
746
760
760
754
762
808
826
838
822
836
852
852
824
794
774
750
722
728
686
696
726
778
786
782
772
760
742
754
784
812
808
786
768
762
760
818
858
850
794
806
816
768
776
728
724
724
728
722
722
714
710
706
706
720
722
720
722
706
704
700
720
728
722
724
714
704
734
742
754
798
834
804
820
848
828
840
788
778
768
766
808
814
814
820
812
812
770
738
730
738
726
746
778
816
784
796
782
772
740
742
758
756
750
738
730
704
704
714
712
758
752
770
798
848
840
838
774
788
784
792
764
746
722
692
666
686
718
742
768
796
834
828
846
876
840
838
812
832
786
786
782
760
756
786
800
780
768
752
726
744
730
738
734
730
694
718
740
762
798
824
816
820
824
814
804
784
796
786
784
776
772
750
752
768
838
882
872
858
832
826
820
798
762
758
770
772
766
764
770
746
738
786
848
814
808
796
772
788
820
816
796
780
764
764
756
780
784
784
790
774
822
882
914
886
838
868
672
820
826
804
790
778
776
774
800
786
800
810
808
798
784
802
808
786
772
768
772
762
774
800
800
784
802
790
776
774
784
792
792
790
804
806
788
810
806
794
778
788
792
784
820
838
824
852
806
768
792
786
782
790
754
732
732
746
732
768
778
778
774
812
834
812
822
846
838
864
884
858
830
868
878
852
824
864
876
866
838
850
822
828
828
842
866
832
852
884
856
842
848
854
850
852
838
846
830
830
836
824
826
842
824
820
838
818
796
794
804
758
776
788
780
824
808
794
834
802
804
814
792
824
828
814
814
788
790
794
770
752
746
726
718
694
708
746
784
796
810
934
986
932
964
952
928
922
730
820
814
798
790
788
796
776
774
830
808
836
832
828
806
800
746
742
762
790
832
818
806
820
866
854
820
822
766
744
738
734
770
764
778
810
824
812
804
762
782
766
754
758
762
748
784
800
792
788
778
760
764
736
732
752
728
760
744
734
730
736
738
742
738
744
732
734
726
744
754
754
734
740
746
746
746
750
752
744
740
748
738
740
732
726
726
720
712
722
732
730
728
716
712
708
708
706
704
708
714
724
742
760
774
780
784
768
774
784
762
776
778
758
760
758
768
756
760
764
730
744
724
740
760
764
768
762
762
756
746
748
744
742
732
722
716
710
728
696
700
684
698
692
694
714
730
722
722
732
734
736
742
754
744
738
722
714
716
720
706
714
718
712
710
710
740
742
760
782
774
794
794
792
794
786
742
756
808
824
818
822
798
800
798
808
790
806
760
752
762
770
784
774
758
766
776
770
778
768
810
822
804
818
766
792
768
766
758
752
738
730
748
720
726
712
720
726
718
754
782
800
788
792
822
842
824
804
796
804
780
778
762
722
754
768
824
820
808
808
758
736
750
748
744
752
740
734
742
724
748
766
782
766
760
772
790
798
788
770
762
760
720
718
726
700
700
696
682
688
698
686
690
696
696
710
716
734
734
744
746
746
744
740
734
748
736
732
722
706
696
698
686
680
704
710
718
708
718
714
714
712
716
718
720
714
718
722
732
738
770
786
794
790
788
774
770
762
762
784
774
788
772
786
792
806
802
782
762
772
744
766
754
774
760
780
778
774
768
760
762
746
748
726
752
774
768
772
756
742
742
742
766
762
772
792
800
794
794
758
764
752
736
718
736
740
760
762
772
780
790
810
800
800
810
816
802
810
808
806
810
810
834
872
860
828
812
788
794
808
784
786
788
820
808
826
830
874
924
1000
968
918
910
814
694
794
760
766
754
762
774
766
770
774
772
812
830
848
824
812
786
798
782
780
748
758
772
766
758
766
780
776
790
794
768
796
814
846
812
832
818
826
826
818
808
822
802
798
804
784
774
756
746
722
714
726
734
742
732
730
732
736
746
762
772
772
792
800
784
774
758
764
744
764
756
744
780
802
830
846
828
802
780
760
758
750
748
734
756
738
770
774
788
786
786
796
804
798
796
786
776
780
774
786
752
766
770
762
754
764
764
766
766
760
724
728
742
710
716
708
696
692
684
680
696
678
738
736
752
762
758
772
782
766
774
790
782
792
794
808
784
792
814
792
820
828
806
818
838
828
822
834
812
818
822
774
808
804
798
828
818
790
818
828
792
788
788
786
778
784
782
760
760
768
744
750
752
748
746
734
728
708
728
728
726
720
756
758
770
790
792
782
800
802
790
816
860
826
828
844
816
814
828
854
814
836
840
830
826
854
822
812
812
802
818
848
830
858
836
826
812
772
798
794
768
778
782
768
772
786
794
810
808
788
776
756
776
738
762
768
770
776
778
778
798
786
780
784
770
756
758
764
754
752
738
758
736
748
742
730
730
736
750
750
760
784
800
796
806
822
798
792
796
786
804
820
792
802
848
866
838
834
812
792
774
780
790
800
782
808
808
792
784
774
766
750
758
740
732
742
738
726
722
722
704
730
736
738
748
760
750
748
758
760
746
758
762
748
750
760
742
738
746
722
726
728
734
728
730
728
762
770
758
792
800
778
796
818
796
840
856
814
852
870
818
848
822
812
832
820
832
828
798
818
828
812
828
812
806
812
806
800
810
802
818
826
810
856
878
834
880
852
826
848
840
826
852
872
836
856
832
838
816
794
806
814
840
834
826
818
812
794
796
774
758
772
770
768
768
764
788
808
796
838
836
818
860
864
840
834
824
784
776
792
788
774
784
834
860
834
890
890
840
862
898
886
870
890
852
882
908
846
856
886
862
834
868
852
838
848
844
852
880
850
858
874
838
864
858
820
846
832
818
830
826
826
828
808
832
826
832
914
872
904
960
866
880
890
880
866
850
884
880
848
830
832
798
788
766
758
768
756
760
760
762
744
756
762
758
762
786
770
782
794
782
794
822
782
796
816
780
812
826
782
810
866
880
840
790
786
800
788
842
820
828
830
816
822
804
800
762
790
764
770
794
798
806
778
818
832
808
832
870
838
878
906
856
880
888
836
876
864
832
858
844
814
850
850
832
866
842
834
858
840
830
838
780
820
798
790
788
800
780
782
780
776
796
782
780
808
782
812
836
826
830
768
766
786
784
798
802
806
836
852
850
934
854
898
902
838
864
862
822
830
796
776
758
762
768
788
786
810
874
812
822
832
792
830
836
816
844
832
812
822
814
804
810
792
782
804
792
838
850
826
860
862
828
862
842
804
846
834
790
816
800
782
796
804
792
802
812
798
814
816
810
836
822
802
810
800
774
778
764
792
802
790
814
826
812
834
860
810
822
808
788
808
810
800
836
858
822
848
864
826
850
862
834
864
880
836
860
856
808
820
816
778
804
802
786
756
752
772
806
776
828
824
798
820
840
798
818
838
794
816
816
798
808
812
790
806
836
804
830
824
800
820
808
804
790
790
800
812
798
858
840
830
848
824
834
840
818
850
826
802
814
778
790
788
784
790
796
786
800
810
800
822
816
816
814
462
504
454
434
1218
746
736
724
760
770
774
824
850
496
1058
850
536
1118
840
904
848
824
798
776
786
764
540
1170
854
838
862
842
832
848
820
828
830
826
846
874
838
848
842
826
836
848
820
836
866
812
850
846
814
826
826
534
1170
922
878
998
728
870
882
834
892
884
844
862
834
844
852
840
846
858
826
846
840
828
834
540
1058
844
798
836
842
820
850
878
844
858
832
808
808
816
810
812
820
828
804
828
810
802
820
834
804
824
828
810
808
820
818
814
814
812
802
806
812
784
812
814
800
820
806
798
826
818
816
834
822
836
862
844
870
866
830
836
828
798
824
800
790
802
774
790
782
764
768
756
744
742
744
744
766
760
784
790
782
806
790
786
830
822
836
868
828
868
890
858
862
844
830
844
830
836
884
838
838
846
820
842
846
832
856
842
828
846
854
822
856
868
820
838
832
798
822
822
808
824
818
816
826
810
822
824
806
814
804
810
804
782
798
796
790
810
808
786
792
800
778
784
782
768
776
780
778
812
822
802
828
816
794
814
814
796
788
800
792
808
798
788
776
772
760
762
758
750
770
784
772
814
802
790
810
794
800
826
804
824
844
820
846
854
814
832
824
796
816
810
804
828
832
818
826
810
822
854
822
848
840
816
846
836
840
874
858
840
790
824
836
846
836
828
824
794
800
786
794
796
772
780
766
776
802
782
808
814
786
806
814
818
860
828
840
876
850
842
862
840
850
862
842
858
856
832
844
848
832
818
830
818
844
844
826
850
870
834
852
886
842
862
878
842
876
870
844
852
848
846
862
836
830
840
802
828
832
818
840
832
820
830
808
812
816
814
810
772
