-44
712
748
722
726
706
700
706
720
716
702
716
730
738
724
716
716
762
836
1004
1000
976
1038
1040
1082
964
938
890
902
964
948
994
958
964
956
922
926
970
976
928
972
946
946
878
784
664
772
740
728
724
744
744
764
770
760
786
800
784
772
780
760
762
766
752
736
740
744
728
728
764
774
768
780
812
786
752
754
772
768
754
772
742
756
740
664
684
564
656
632
578
636
516
754
630
638
640
704
632
562
634
630
656
668
690
724
708
738
756
734
756
760
738
754
750
748
778
768
784
780
788
824
774
782
810
780
782
818
798
786
814
824
792
860
926
874
896
898
890
826
818
852
818
782
866
830
800
784
850
838
844
876
824
822
870
836
850
832
800
862
882
816
854
862
810
864
924
900
920
814
736
808
824
852
850
910
1224
1004
1040
1076
1068
922
948
960
874
866
984
892
978
948
976
960
1004
998
988
920
834
936
882
840
958
912
964
984
910
954
936
906
950
844
896
862
886
938
976
908
942
968
904
940
952
880
918
874
872
932
850
918
880
670
830
970
1268
1110
1142
1044
844
780
874
804
800
850
906
944
924
924
890
822
866
822
796
822
854
872
854
816
854
906
826
852
888
850
904
774
778
774
738
774
744
770
786
778
812
870
868
908
976
962
894
918
964
902
856
930
904
874
848
830
802
824
838
838
898
962
1092
1004
1024
840
834
906
746
790
940
1022
966
932
932
800
884
838
838
844
956
1028
898
962
962
836
888
840
848
926
986
1098
1108
994
942
932
966
1030
1134
1174
1112
1172
1012
1056
862
970
940
930
992
1000
972
914
842
858
932
876
864
846
812
802
806
798
764
798
822
786
784
810
870
854
834
910
982
1118
1056
1072
892
816
840
800
820
802
896
832
842
872
858
822
834
834
804
840
810
820
782
814
864
896
832
854
872
844
834
864
854
816
822
814
786
820
810
820
842
874
816
802
778
778
850
864
820
822
830
796
786
828
818
848
920
976
922
1044
982
978
968
880
822
904
848
878
940
988
922
922
912
890
860
892
904
882
922
944
948
984
886
870
882
788
864
808
764
788
844
864
876
828
856
810
888
862
830
868
906
906
894
892
918
884
896
1076
972
984
880
744
852
782
854
854
870
856
830
832
802
822
836
824
864
896
844
860
936
1270
1154
1076
1134
998
936
956
944
966
986
1010
1134
1072
1030
1082
1056
1072
934
996
984
896
936
946
930
954
936
916
944
904
922
918
892
906
864
858
920
876
822
872
818
870
804
780
812
766
816
780
804
808
814
842
854
800
806
828
854
828
850
892
870
870
888
888
890
912
918
874
898
908
866
848
898
852
878
918
898
896
860
932
908
860
872
836
856
810
852
852
826
816
814
818
824
790
802
820
794
800
792
790
778
862
882
840
884
876
848
882
746
824
804
752
758
774
878
922
860
944
1000
940
964
858
816
868
836
856
944
1010
928
1048
1012
984
938
820
910
906
830
894
870
832
848
860
882
896
920
904
904
926
886
882
878
932
934
892
898
918
896
920
944
912
880
886
842
840
826
830
918
858
962
950
1000
938
942
916
938
924
874
844
874
826
872
836
882
930
904
898
984
1024
984
1050
1038
988
860
888
886
1252
1002
1048
1148
1118
1144
940
996
882
934
914
872
1280
1112
1116
1182
952
1066
978
918
968
978
960
964
1244
1176
1104
1074
980
878
964
934
914
946
946
960
964
942
1014
978
1056
1064
1006
1002
1106
1022
1064
1054
1026
1018
1022
984
1036
972
1018
988
1004
976
1046
1038
982
1070
1146
1038
1040
996
966
980
1020
960
990
1002
936
930
950
980
970
946
978
884
856
874
912
884
976
960
964
980
928
868
922
916
922
884
900
866
918
922
904
920
908
880
888
914
954
930
934
950
896
886
882
864
918
850
900
896
942
920
900
914
894
886
856
854
946
980
1270
1122
1036
1010
1042
944
990
1118
1038
1122
1116
1086
1124
1084
1104
1162
1176
1138
1120
1138
1154
1106
1058
1066
1084
1164
1128
1136
1050
992
916
866
852
878
870
852
834
894
822
862
1282
1180
1110
930
832
878
886
854
826
868
890
912
872
884
888
876
834
916
982
988
1156
1106
978
880
892
834
818
842
904
870
978
1024
958
1118
1292
1224
1170
1026
904
892
886
850
968
918
938
968
902
968
960
910
946
988
912
948
970
962
928
940
954
930
896
922
956
914
916
980
966
944
968
984
1000
968
938
942
948
938
944
938
920
940
888
942
894
886
876
884
916
854
896
938
932
920
918
856
860
852
882
880
840
860
922
954
880
964
1092
1250
1300
1226
1252
1098
1086
1118
992
1050
1070
1090
1058
1120
1162
1072
1144
1114
1068
1142
1114
1072
1104
1056
1056
1082
1138
1074
1082
1092
1100
1068
1104
1224
1214
1150
1188
1068
1010
1064
962
1008
1062
1028
1056
1050
1048
1102
1084
1042
1086
1170
1172
1154
1174
990
1120
1076
1082
1296
1196
1210
1224
1200
1152
1170
1090
1094
1186
1184
1240
1188
1266
1216
1234
1184
1118
906
942
970
942
932
932
932
938
936
946
896
926
928
898
926
960
884
918
934
902
950
974
926
982
994
934
922
954
980
982
960
986
1058
1106
1252
1208
1164
982
1238
1134
1044
1112
1108
1078
1164
1200
1168
1176
1168
1108
1144
1132
1126
1154
1190
1134
1156
1064
974
1050
986
1066
1126
1134
1148
1074
1080
946
1046
1030
980
1186
1118
1080
1134
1122
1068
1100
1046
1172
1140
1150
1166
1176
1126
1172
1124
1102
1102
1186
1184
1154
1134
1134
1062
1044
994
1020
1004
992
922
876
898
964
1104
1142
1050
1076
1082
1066
1068
1076
1092
1140
1116
956
972
942
910
894
942
998
990
938
952
966
952
954
940
972
922
978
980
926
928
952
956
908
960
948
910
966
976
926
964
968
920
950
970
910
960
966
914
956
966
986
946
952
952
908
974
962
910
934
940
892
922
954
922
946
970
942
950
956
954
920
966
980
972
930
976
1004
956
992
980
926
928
986
940
1002
1188
1098
1038
914
964
904
890
1290
1082
1152
1134
1108
1176
1142
1076
1112
1126
1046
1092
1092
1080
1074
1076
1058
1030
1080
1052
1006
1002
976
1062
1086
1002
1084
1072
1048
1062
1030
992
1058
996
1030
1136
1182
1080
1100
1126
1084
1102
1070
1100
1100
1114
1108
1038
1114
1104
1052
1070
1084
1068
1072
1050
1048
1042
1084
1056
1046
1080
1044
1056
1054
1022
1060
1034
1120
1108
1040
876
902
894
890
868
862
936
906
886
870
882
858
886
870
846
856
864
884
746
832
806
824
868
844
898
944
938
890
888
946
954
900
920
968
984
1016
1242
1132
1118
1166
1056
1020
1098
1028
1048
1102
1088
1024
1046
1132
1052
1086
1108
1046
1100
1084
1076
1084
1072
1096
1038
1034
926
976
1036
1024
1090
1054
1012
1070
1034
1036
1074
1042
1008
1058
1022
988
1044
1014
998
1048
1038
1010
984
1028
1042
1000
1024
894
986
908
884
878
1000
890
924
892
922
992
1046
958
960
922
900
856
878
896
918
1026
1064
1000
1058
966
852
914
902
842
896
938
1042
1280
1236
1148
1060
1020
892
1022
1020
1114
1086
1164
1158
1178
1150
1054
1008
1068
1040
1024
1002
1084
1006
1026
1086
1050
1072
1098
1048
1036
1050
1058
946
986
994
930
1036
1046
970
1020
1042
966
1056
1052
1008
1070
1062
1044
1106
1034
1078
1096
1032
1000
1038
1050
1026
1082
1112
1028
1070
1082
1060
1024
1062
1046
1026
1032
1032
1080
1062
1058
1102
938
934
870
848
916
848
852
890
898
874
826
898
866
1274
1188
1156
1208
1186
1146
1092
1110
1090
1058
956
1006
940
974
964
956
996
934
970
996
970
966
962
960
990
892
974
886
924
892
902
912
960
934
904
970
960
924
968
968
974
926
946
922
888
904
964
926
958
1000
924
936
972
920
926
908
996
968
916
930
932
910
884
912
956
950
894
954
982
934
936
956
954
950
976
962
964
952
946
968
908
924
876
914
902
884
918
962
954
906
930
956
924
898
976
1038
1038
1216
1086
1036
1032
982
972
980
950
1066
1070
984
1034
1052
986
1046
1056
1034
1040
966
1034
1018
1032
972
992
968
956
1000
986
978
988
938
1046
1026
1006
1048
1044
982
1018
1024
1000
1024
1010
926
934
922
950
1004
1030
990
1004
954
918
930
920
924
870
902
904
884
870
884
908
866
900
904
860
864
908
920
878
912
934
890
882
938
942
916
978
912
920
912
866
884
906
880
936
956
880
932
990
920
950
966
946
980
936
894
952
914
868
884
880
866
852
922
866
888
926
932
886
924
962
940
930
972
968
928
958
972
920
988
982
960
946
968
1090
968
1024
988
972
1020
978
984
972
978
966
950
956
1016
964
980
1012
1026
1014
1010
966
986
978
908
932
966
950
976
1036
958
986
996
938
974
998
966
966
998
958
872
932
948
1004
968
972
958
942
940
1068
1058
1068
1040
1034
936
904
958
830
854
958
948
902
968
992
968
968
976
990
934
968
870
916
968
974
1008
1206
1076
982
998
1026
938
1128
1108
1116
1148
1086
1110
1082
1064
1024
976
1028
970
1018
1004
1010
976
910
902
914
938
920
906
918
876
942
974
1008
972
982
912
910
936
834
846
982
954
920
958
964
904
940
956
896
934
974
914
936
920
910
934
898
882
824
886
862
852
886
944
946
912
990
1074
1010
1108
1116
1072
1106
1044
978
1038
984
908
918
892
898
892
902
856
906
1006
1092
1106
1066
1064
1048
1070
1020
1066
1028
908
1034
1018
912
942
1090
988
998
1012
996
954
948
960
938
916
942
906
926
910
910
906
948
992
1006
940
942
926
916
880
824
864
854
844
802
808
800
798
842
876
876
866
842
852
870
884
852
864
902
894
846
908
924
858
886
900
882
930
926
888
876
894
868
854
886
830
854
838
802
816
856
862
902
938
936
896
918
950
926
914
896
882
834
822
806
880
848
856
850
846
870
852
852
852
924
906
862
920
960
872
888
898
904
898
876
938
858
878
858
832
858
822
866
806
824
790
888
832
852
888
840
828
854
866
824
858
922
916
892
876
798
742
826
774
794
774
866
950
990
1022
1034
1028
1010
1048
964
978
990
946
966
1036
970
1010
1022
1010
972
996
988
984
1008
976
994
930
934
926
914
962
968
930
918
910
882
900
796
850
728
782
888
924
840
908
932
886
884
912
924
884
916
948
886
906
924
930
934
928
942
902
870
914
868
836
946
902
932
950
896
924
964
950
870
890
896
874
926
966
960
946
948
956
836
862
878
848
864
882
904
862
864
928
942
870
918
954
932
896
942
996
942
962
938
912
880
876
984
898
964
938
944
916
950
896
934
874
898
974
1036
1044
1024
1012
956
928
910
828
842
976
902
978
1052
964
1074
1004
1082
1060
1040
1028
1046
968
942
970
938
924
962
906
946
952
954
926
990
1000
954
968
954
946
966
936
910
906
866
920
952
938
894
912
926
906
930
948
888
898
910
888
904
898
858
842
830
908
858
882
886
848
830
882
894
874
844
912
912
858
872
896
842
932
974
980
942
1068
1066
1012
1050
1088
1052
1044
1036
1038
1016
988
1014
1018
1000
978
950
1040
1000
990
1004
996
976
1004
1038
1000
1026
1038
998
1030
1026
984
1018
996
948
970
944
912
950
896
912
918
898
908
982
1044
1006
994
1024
1002
1004
998
960
996
942
1028
1060
968
1010
1006
1004
956
948
1020
966
1026
1062
978
978
1044
1008
952
1006
992
974
1004
1004
916
850
892
884
882
878
882
830
866
930
918
896
906
882
850
870
836
876
908
862
908
918
888
932
956
888
958
952
926
972
940
912
914
936
918
898
944
936
920
954
928
888
920
894
900
860
878
876
862
872
938
962
920
982
934
866
914
922
916
916
1014
998
940
986
966
946
964
978
854
894
916
858
906
912
886
894
892
874
934
920
968
1084
1026
1040
882
930
980
838
952
908
938
944
1002
1062
984
996
980
964
968
960
928
944
998
1010
940
956
986
954
928
980
988
932
998
1026
950
970
858
830
842
834
792
900
864
882
920
884
850
912
900
866
884
898
876
854
906
894
848
868
878
890
864
890
914
876
850
882
896
868
862
874
878
834
834
874
866
896
950
908
914
914
866
864
878
880
866
836
882
894
850
844
886
900
874
916
944
910
904
960
990
950
1020
1010
986
940
912
834
878
860
902
956
962
908
920
922
888
872
904
894
886
832
820
774
764
776
752
792
854
832
878
910
876
858
894
882
834
824
900
928
920
888
908
882
870
898
852
862
734
698
788
774
778
790
772
772
780
774
774
768
760
752
740
740
730
712
696
686
664
660
690
810
896
930
904
928
942
948
992
956
930
920
952
932
900
1084
1122
1048
1074
1072
968
1030
988
934
998
952
1050
952
978
986
946
972
946
984
978
894
948
1018
1042
1024
858
906
862
744
736
732
770
804
940
958
974
934
940
950
864
862
874
848
878
922
908
888
894
900
868
938
960
910
922
934
884
900
818
864
872
814
870
892
914
886
862
878
890
826
866
894
894
846
896
920
896
856
860
900
876
870
900
822
724
816
778
736
866
840
888
888
872
862
894
908
864
896
896
892
858
876
900
900
872
916
932
888
874
908
908
880
898
908
866
900
918
838
864
892
912
868
896
906
870
876
898
908
884
898
896
854
852
890
856
832
836
828
806
880
842
884
930
912
860
894
878
918
850
900
856
876
838
842
832
806
904
912
876
884
904
898
850
872
860
848
820
848
870
860
842
832
886
896
842
872
902
898
846
856
884
888
882
884
892
856
880
916
920
858
910
940
876
880
902
900
852
898
928
896
882
928
970
1036
1016
914
938
870
870
870
874
908
888
940
960
898
916
926
932
912
920
938
880
844
894
852
868
872
918
912
858
882
912
876
880
896
878
846
850
826
798
834
832
810
848
884
862
864
870
846
858
878
884
840
876
896
854
856
892
866
866
896
892
858
892
912
864
860
922
948
876
888
914
920
888
910
922
868
878
906
860
902
928
896
878
900
906
854
890
924
934
954
936
912
840
840
898
854
880
894
890
858
866
866
864
830
910
900
858
906
910
868
904
906
852
862
870
814
810
754
782
880
918
920
922
914
878
930
790
884
824
798
802
816
788
778
750
726
728
750
832
836
848
794
804
840
844
856
844
836
846
854
856
872
858
844
858
886
882
834
894
916
858
902
976
1018
988
1000
1006
960
946
938
956
878
888
950
960
890
930
952
900
924
926
916
958
960
958
858
930
898
850
900
862
854
862
868
908
914
846
872
892
854
878
922
872
870
926
906
940
924
924
900
906
924
920
906
892
884
850
840
894
954
868
954
976
960
930
936
896
930
882
938
840
894
878
984
928
1004
990
956
952
958
898
968
970
856
910
988
922
944
912
922
934
912
814
802
840
856
878
904
902
908
862
848
868
886
862
832
856
902
884
838
860
874
834
844
878
882
842
886
892
878
862
866
854
836
810
838
870
836
898
918
904
1008
986
940
942
904
864
908
918
866
888
882
822
840
988
930
1056
1022
1006
994
988
958
944
922
954
1006
1012
994
1002
980
950
1020
1026
1134
1034
1082
1026
998
1008
1012
908
946
908
888
964
938
934
1038
1064
1050
1014
1034
958
950
958
906
906
916
978
904
976
990
932
972
1014
958
966
964
956
960
954
982
1030
1096
1024
1066
1020
1010
1074
964
918
892
876
916
970
998
922
1026
988
1002
924
880
808
862
826
852
916
920
858
890
912
872
884
902
860
866
854
800
790
854
788
728
842
852
870
862
850
844
824
816
814
792
766
780
824
862
886
834
912
980
942
938
1012
1042
1002
940
858
764
888
862
712
816
794
772
766
860
794
806
822
844
874
814
830
858
852
820
842
870
878
846
892
952
934
882
904
904
898
882
940
1022
962
974
992
932
1030
992
936
964
988
936
952
938
930
960
902
928
800
866
856
856
868
904
846
902
934
942
892
914
912
882
882
878
880
850
906
904
928
848
914
746
794
802
772
750
810
682
726
740
696
746
770
820
828
846
830
838
858
852
838
866
908
836
824
854
834
844
886
902
854
896
930
892
904
930
772
880
826
806
832
842
920
946
894
914
964
936
906
960
952
938
922
960
936
1026
1032
998
1018
1024
940
932
996
854
916
894
874
912
900
872
812
850
804
898
902
862
850
846
792
790
848
892
898
860
884
912
844
870
868
824
818
784
760
770
784
818
816
816
856
862
852
824
902
674
814
808
792
866
914
850
1002
1054
922
1056
1022
1012
990
896
798
860
892
946
976
1036
1022
996
1044
928
960
892
922
908
882
912
862
992
942
946
976
964
988
892
962
870
898
1024
914
978
966
998
936
962
890
890
904
884
866
958
902
906
888
850
840
868
882
832
874
922
868
844
876
884
824
848
876
868
828
864
904
846
870
888
836
830
876
916
844
912
860
886
870
794
858
828
918
862
878
900
898
842
828
852
862
806
830
854
838
806
864
884
906
934
878
930
794
858
802
856
790
780
834
810
858
880
820
824
890
898
806
864
806
714
802
786
748
792
906
830
834
908
918
912
840
862
868
846
850
840
900
902
848
876
892
898
906
878
838
842
838
808
872
830
822
800
914
916
830
880
912
888
876
900
884
874
896
770
836
858
796
854
852
874
888
820
856
880
826
848
888
866
836
884
918
844
894
888
850
892
922
848
876
898
844
868
890
838
866
766
818
1180
1142
1088
1122
1080
1052
996
970
968
1002
956
1008
864
960
908
978
986
980
916
902
914
908
912
960
976
930
920
934
914
910
906
858
848
760
782
862
814
842
870
840
858
854
820
828
830
834
798
818
842
806
810
854
868
824
834
856
828
844
866
856
838
850
856
822
846
858
802
794
824
858
816
838
878
844
826
840
820
842
886
850
852
884
876
838
860
872
840
848
862
874
818
870
908
896
854
904
934
840
894
938
852
892
916
832
868
890
898
864
876
886
844
874
916
880
870
938
934
870
926
924
868
888
928
904
852
896
918
868
852
896
926
876
898
882
840
860
876
912
878
872
936
916
876
878
886
848
846
898
918
862
902
936
864
878
912
854
858
886
882
898
882
850
868
858
804
896
896
838
870
922
868
850
896
914
850
856
906
912
870
872
912
872
910
842
848
876
834
822
824
802
870
814
794
762
756
726
702
696
688
674
668
664
654
656
656
660
654
670
688
688
684
698
684
702
712
706
734
746
744
746
728
732
748
740
764
788
792
746
722
798
658
702
666
646
674
674
522
566
682
610
676
550
614
610
604
610
608
672
566
600
628
550
566
646
558
596
600
934
890
698
698
544
644
592
370
310
612
704
550
616
620
604
600
602
612
562
752
634
740
682
670
394
946
676
618
760
396
696
664
538
602
588
526
666
522
490
334
464
678
550
1248
710
1252
474
608
536
500
542
572
520
398
668
584
582
382
1000
496
518
548
448
430
482
362
586
482
948
538
414
526
478
472
480
502
450
422
482
482
542
906
488
552
420
474
500
488
490
494
494
500
504
500
504
502
504
504
508
506
506
506
506
502
506
510
508
508
512
474
562
386
680
534
542
554
496
988
412
366
716
680
556
604
548
386
504
894
534
638
672
396
664
618
396
386
436
386
620
366
474
380
364
638
386
374
374
376
380
766
384
382
376
374
368
384
374
382
372
378
742
368
472
634
366
370
364
366
358
360
358
366
358
366
360
364
360
366
360
364
358
360
354
354
354
360
358
360
364
356
718
450
606
708
422
636
706
398
652
348
704
350
456
610
710
476
600
360
360
360
360
366
358
362
362
354
348
708
704
360
352
348
352
706
474
334
592
360
428
638
702
484
594
354
362
364
726
472
978
434
672
362
360
360
360
362
362
358
364
362
366
364
362
360
364
358
358
364
362
364
362
364
366
366
360
360
364
372
370
728
372
376
434
670
372
370
494
342
398
378
632
378
374
494
634
382
376
500
376
636
380
476
394
360
658
382
380
476
654
380
380
504
350
658
378
474
664
382
376
476
398
628
380
498
634
496
636
374
372
490
366
628
510
614
382
370
490
352
656
382
502
634
380
502
626
378
378
376
372
374
380
378
380
376
374
378
374
378
374
380
372
376
376
378
382
374
376
382
384
382
382
382
388
386
388
386
386
386
388
386
386
382
382
384
384
382
380
380
386
382
386
382
382
382
384
384
384
380
384
386
388
388
380
384
388
392
390
384
384
384
388
386
388
386
386
384
382
388
382
386
380
388
386
386
388
386
386
390
388
390
384
388
388
388
386
388
384
384
386
382
386
382
388
382
380
378
380
384
384
382
380
380
384
386
390
384
386
382
382
384
384
390
386
384
384
384
386
390
384
386
382
388
388
390
386
390
394
396
396
392
388
386
386
394
394
390
380
374
380
380
382
378
378
378
380
378
376
376
374
372
362
364
372
374
386
398
390
388
408
406
384
392
400
398
394
390
392
400
394
382
402
402
382
392
396
388
384
388
392
388
380
388
390
384
384
386
388
384
376
390
382
384
388
394
388
390
384
392
394
404
402
384
408
404
390
410
390
386
408
402
390
408
394
432
416
398
412
418
406
424
406
398
428
416
400
408
406
404
412
406
418
410
394
406
406
408
406
400
414
408
394
398
398
408
410
388
422
402
376
400
398
404
400
390
402
402
388
396
392
398
394
392
412
408
382
792
384
396
382
398
394
382
402
388
386
772
494
674
850
318
394
388
384
396
366
792
378
400
392
382
386
374
386
386
378
388
394
380
392
376
390
390
386
394
372
364
376
384
386
390
376
398
398
384
800
380
456
728
460
708
388
546
620
404
392
384
388
374
378
386
376
398
380
364
390
384
376
372
360
394
388
366
382
382
378
396
376
378
770
390
396
510
652
378
386
442
358
716
388
476
408
658
374
384
428
318
380
380
392
388
382
1148
388
780
724
378
378
386
380
384
390
384
400
402
370
394
386
784
520
364
630
392
382
428
678
370
750
404
684
388
378
374
390
382
364
774
380
386
380
380
390
372
420
396
374
388
392
396
394
376
388
384
392
384
374
374
394
368
400
386
360
758
366
376
454
662
470
654
370
388
382
382
380
386
378
760
382
384
476
344
692
396
384
428
714
380
460
378
400
670
382
422
716
376
382
382
378
384
384
364
398
380
384
388
374
388
388
368
392
384
380
750
366
398
374
388
376
372
386
380
378
748
380
374
372
382
