672
652
708
710
714
714
726
726
724
736
736
740
756
760
760
746
744
746
746
748
732
720
710
704
704
706
704
714
722
718
722
730
730
732
724
726
730
714
710
702
692
688
698
708
720
724
720
720
744
748
738
738
738
738
728
736
730
722
720
726
722
718
716
720
722
714
712
708
716
718
722
716
718
734
736
732
734
742
740
738
744
750
746
738
736
742
738
738
738
740
740
734
740
744
748
752
752
754
752
746
738
740
736
730
722
728
726
726
728
726
732
738
742
740
730
732
730
732
746
750
762
752
730
728
714
718
704
698
696
708
712
710
710
706
716
712
716
714
722
728
726
724
726
732
506
970
756
750
746
744
728
710
710
712
714
722
740
746
754
734
728
716
712
704
696
700
702
698
702
704
710
718
724
730
722
722
724
720
716
710
708
712
714
712
704
710
712
712
710
724
740
730
710
694
686
674
682
674
680
690
696
710
706
706
706
696
694
700
696
696
696
696
694
692
688
690
690
698
704
712
706
706
708
710
708
714
716
710
708
708
716
710
714
716
712
706
692
690
680
682
684
694
698
694
696
698
706
704
696
724
724
720
728
714
702
712
590
822
708
696
694
698
700
698
694
694
696
692
682
682
682
676
684
684
684
684
678
682
686
688
680
678
680
674
666
676
678
676
680
678
676
678
674
678
676
680
672
672
674
676
674
672
672
674
674
660
660
664
670
680
678
686
694
700
706
706
724
710
718
714
698
702
698
696
690
696
702
712
702
698
698
706
714
714
710
712
718
722
718
716
716
716
706
714
712
710
704
698
700
692
690
684
694
694
698
694
696
700
714
710
716
716
544
894
712
702
702
706
702
698
710
710
714
710
726
724
722
726
744
748
746
736
740
734
720
728
726
722
722
712
718
716
714
720
716
716
702
702
700
686
692
694
692
704
698
708
704
702
704
698
698
694
710
718
720
716
710
716
726
720
730
726
724
710
724
726
730
736
728
722
730
720
722
724
716
720
720
722
720
716
720
718
714
708
712
710
708
710
718
726
726
734
738
750
728
736
742
734
726
734
736
728
726
732
740
732
730
728
724
716
712
716
718
720
720
736
742
738
732
718
716
710
710
710
710
710
706
704
714
716
710
712
718
720
712
706
708
700
700
702
710
706
710
710
706
702
704
706
706
702
698
704
700
698
696
702
712
708
706
702
706
704
696
700
692
692
684
688
688
692
690
678
684
684
686
688
696
702
702
696
694
698
700
696
702
708
704
704
700
708
704
700
698
708
710
704
702
704
702
712
704
702
708
704
694
698
702
700
700
702
708
702
702
704
704
698
688
700
700
698
698
698
702
706
700
700
702
700
700
704
706
704
708
720
716
714
714
722
720
712
708
724
728
714
708
704
706
710
704
708
700
704
694
698
700
704
706
704
718
708
702
704
716
716
706
702
710
708
712
696
700
702
704
702
698
700
704
700
704
702
704
702
704
706
704
698
704
704
708
702
734
718
710
714
710
716
712
722
726
722
716
732
738
722
712
720
722
718
714
718
718
710
704
702
698
700
700
624
776
702
702
696
702
706
700
696
694
708
714
714
710
710
708
698
692
690
694
690
686
690
696
684
686
692
698
696
688
694
694
692
692
690
588
816
700
698
698
698
700
698
692
692
696
702
702
698
696
696
692
690
690
690
690
688
690
698
700
698
698
696
692
698
692
698
694
696
690
688
698
706
702
698
700
708
714
716
708
716
712
714
712
708
712
714
714
714
708
712
704
710
700
696
692
694
694
694
696
698
698
698
700
696
698
708
712
702
702
714
714
720
704
706
708
712
710
712
706
696
698
692
692
678
672
680
676
678
682
696
694
690
688
696
704
698
706
704
704
694
688
694
694
692
684
694
700
694
692
688
688
690
700
692
692
688
698
702
700
702
714
712
702
710
698
682
684
684
688
698
708
706
702
704
702
704
700
688
692
686
692
690
692
692
690
692
692
700
704
706
708
708
704
692
690
690
692
690
690
682
688
686
686
684
686
694
694
692
702
704
704
694
692
696
700
696
692
692
694
694
694
688
682
684
682
682
676
668
664
678
680
678
686
682
690
684
692
700
698
698
706
710
708
704
712
710
714
712
716
708
702
706
704
702
702
696
700
694
686
692
694
694
692
690
694
692
686
690
688
692
690
692
700
706
700
692
694
696
694
694
696
704
698
700
704
700
704
702
704
714
706
708
708
714
710
712
720
722
720
716
718
718
718
706
710
718
724
718
710
704
706
700
696
710
706
700
696
700
698
700
700
712
712
712
714
712
718
566
880
712
698
694
694
696
682
684
676
682
680
698
700
700
702
712
704
704
706
704
714
708
708
706
706
696
700
706
716
714
710
714
712
714
712
704
704
706
704
704
706
716
714
714
720
720
718
714
714
714
720
718
716
714
714
708
704
708
712
706
702
706
712
718
712
704
716
722
718
712
708
710
702
710
700
700
708
706
700
704
700
704
716
704
708
708
706
692
692
690
698
702
694
696
694
698
692
694
692
702
702
692
700
696
696
698
698
702
712
714
708
696
708
712
704
700
702
704
706
698
712
716
712
704
718
718
722
722
724
722
720
706
590
814
702
692
700
704
708
702
692
698
696
702
696
694
694
696
692
690
690
702
710
706
708
712
708
708
704
710
706
708
716
722
736
732
728
724
728
726
718
716
720
720
718
720
730
732
728
724
742
742
742
738
750
754
742
732
726
730
728
724
716
714
714
716
588
832
712
716
726
710
716
726
722
720
716
718
716
718
712
718
718
718
708
716
722
730
720
714
722
708
700
686
698
706
704
700
698
694
688
688
682
672
672
674
670
662
666
662
662
666
676
670
666
662
660
656
656
656
656
656
666
672
684
710
718
564
882
712
700
702
704
706
706
702
702
696
698
698
702
694
690
686
684
684
686
686
684
684
684
696
706
726
730
724
724
740
768
778
762
750
744
736
730
740
740
742
754
760
744
762
766
772
786
788
784
768
774
772
764
780
782
778
770
770
774
768
762
770
772
764
766
766
764
748
748
752
758
752
774
776
778
768
776
772
772
756
762
756
758
748
752
744
742
746
762
752
744
744
748
748
746
742
750
758
754
754
764
772
780
778
772
774
772
752
750
744
732
724
714
714
704
694
692
502
876
690
686
672
500
832
592
442
944
654
632
508
760
636
646
680
720
748
788
782
764
750
756
746
742
738
744
740
746
756
760
772
762
752
732
740
728
724
710
712
712
706
714
722
722
718
734
716
718
712
706
694
498
866
688
682
688
708
506
954
744
738
746
544
950
732
718
716
710
714
712
502
952
726
722
726
726
730
730
728
738
722
734
732
732
734
726
740
426
1028
744
744
762
760
766
762
744
740
748
766
776
776
786
786
782
800
800
808
814
822
824
826
826
826
806
808
802
800
784
772
772
772
752
742
730
728
742
760
746
756
762
776
788
814
832
820
792
806
790
796
784
788
794
794
800
786
786
786
776
764
754
744
738
736
738
736
756
770
780
776
766
764
766
746
738
734
732
734
752
772
792
784
774
778
774
772
766
768
774
766
768
768
754
746
726
728
728
714
714
514
948
734
724
720
722
740
786
826
834
828
840
850
836
842
846
840
836
824
818
802
790
786
788
766
760
744
740
752
756
768
760
752
748
738
726
730
730
730
730
730
730
728
508
974
584
874
720
706
704
714
732
744
744
744
754
752
728
498
958
718
702
702
696
700
698
712
724
728
728
508
932
582
846
722
706
710
710
550
858
704
694
692
692
504
890
694
686
682
694
714
724
740
760
762
756
760
752
742
738
734
722
710
710
700
694
700
704
718
752
752
772
778
776
768
754
754
746
752
750
754
762
760
758
752
740
734
716
702
700
678
676
688
514
976
728
738
746
768
764
774
822
822
814
784
778
798
814
802
802
786
788
768
756
738
728
730
720
728
732
724
726
728
738
742
738
744
746
752
748
748
762
782
790
790
800
790
790
794
786
766
750
744
732
724
726
734
738
732
730
762
538
996
752
738
730
734
736
756
752
750
758
756
520
1004
762
744
748
768
798
804
804
778
758
762
752
750
770
772
770
770
784
774
792
536
1098
790
762
748
742
748
744
750
750
746
728
728
726
718
732
744
750
748
730
732
716
514
892
700
694
686
686
696
718
512
932
716
706
696
702
700
716
724
726
746
758
772
772
784
780
802
818
818
812
802
806
806
800
796
792
774
764
766
774
796
778
794
772
774
780
766
774
748
748
752
742
746
760
774
766
798
824
812
824
794
782
772
766
752
754
756
754
752
754
748
740
734
728
728
730
734
738
760
772
780
784
786
788
786
766
760
758
756
742
752
748
748
748
740
740
734
730
720
732
758
768
762
800
816
820
814
800
778
766
760
754
748
734
728
722
726
744
764
776
760
756
752
756
756
752
580
902
738
738
750
746
766
804
824
810
790
790
778
764
748
742
750
750
746
730
730
730
724
742
818
932
926
892
844
802
790
784
782
782
770
770
770
760
748
744
742
756
764
772
762
766
760
760
750
766
766
768
760
742
746
748
756
772
786
768
756
760
752
736
730
728
726
712
702
714
740
762
762
788
774
776
762
756
740
748
750
748
752
762
766
748
764
766
762
756
756
760
752
762
776
774
770
772
764
764
758
764
778
794
776
766
762
746
728
710
720
718
724
730
740
752
746
740
732
732
734
746
750
760
764
766
778
768
776
774
778
778
780
770
766
768
756
744
736
748
762
762
764
760
758
766
778
794
794
786
778
784
780
776
774
776
788
794
786
782
766
770
764
766
762
768
768
756
754
748
746
750
730
738
748
770
776
794
786
782
778
770
758
752
746
742
730
720
718
722
712
698
690
704
730
760
768
776
814
834
832
834
802
762
760
766
762
762
768
782
770
764
780
794
790
784
790
788
762
766
772
776
776
784
786
788
772
762
764
800
810
858
878
882
880
874
834
818
788
778
788
784
794
796
790
790
778
780
798
794
790
774
766
772
772
770
776
786
800
816
794
814
806
794
784
788
782
774
768
782
794
794
792
794
790
776
776
780
806
806
808
548
998
752
728
728
736
768
764
764
766
766
756
750
736
548
884
708
696
702
706
722
730
728
720
726
724
720
718
708
712
714
720
714
716
734
750
764
750
756
762
762
742
746
738
734
732
740
746
752
744
760
760
750
752
756
764
764
780
772
770
762
760
764
778
782
786
796
802
794
774
772
754
746
736
740
742
756
756
768
538
1058
616
924
768
758
754
768
794
544
1140
802
800
802
796
802
818
824
816
826
834
520
1160
834
822
824
818
820
848
854
830
814
832
820
824
822
844
842
828
824
846
860
830
830
826
830
810
786
772
810
802
812
832
854
854
852
844
842
554
1092
812
818
830
838
868
872
838
828
828
830
828
826
812
812
814
850
872
928
966
956
942
890
870
866
850
816
818
798
792
780
770
782
788
802
804
798
798
792
774
782
790
826
866
892
926
926
912
906
894
868
830
806
816
814
820
822
810
812
816
806
810
828
832
822
832
844
840
850
856
870
856
856
836
820
788
584
1050
800
784
806
804
820
544
1098
596
1004
774
760
762
770
786
794
790
790
794
790
772
772
768
770
782
786
568
1060
794
778
774
774
774
788
814
836
842
830
846
854
854
838
810
798
798
788
792
800
812
818
822
806
806
802
780
796
792
788
796
598
1034
606
976
782
778
780
766
788
808
848
834
844
892
872
872
878
868
852
832
818
828
826
820
800
800
806
806
798
796
800
812
832
820
820
830
554
1146
824
786
804
808
848
874
860
886
906
922
888
904
918
900
552
1182
854
846
830
832
842
880
912
900
924
936
958
930
918
880
856
866
884
868
872
874
892
894
878
872
878
850
864
876
872
854
844
818
834
852
866
850
552
1194
870
850
848
888
936
974
964
962
952
912
880
888
894
908
880
894
930
934
894
880
894
904
940
970
952
956
956
942
922
890
902
920
960
950
940
926
904
900
862
854
870
874
532
1196
836
832
844
870
866
862
902
922
928
936
946
934
952
944
920
928
930
924
900
866
896
908
912
924
952
972
938
720
1098
884
888
912
898
932
970
958
958
962
936
904
904
916
926
896
894
890
892
896
886
878
834
832
854
844
842
870
880
934
744
1124
958
842
954
818
896
848
1030
912
898
896
920
930
948
964
642
1234
894
862
850
846
880
898
906
874
858
878
888
902
906
874
914
928
934
968
958
972
982
972
990
962
914
930
942
942
920
874
892
896
928
706
1134
886
880
868
868
862
888
902
918
928
938
984
974
970
942
928
902
890
884
872
870
890
902
908
892
868
874
878
884
850
848
850
880
912
896
892
900
892
854
870
890
920
928
906
884
884
872
866
864
866
854
878
910
936
926
934
820
880
890
908
888
894
924
962
966
932
922
924
924
938
910
926
934
852
850
816
814
812
806
796
776
774
770
758
756
752
738
736
746
746
750
764
806
816
864
868
848
836
812
806
790
764
776
770
756
758
776
806
822
874
854
848
856
830
794
802
804
808
816
816
816
804
792
790
760
764
752
756
756
756
758
770
802
818
834
848
822
852
860
846
820
806
800
786
766
766
770
782
800
816
838
858
870
872
836
812
808
806
810
814
810
814
838
818
790
774
764
758
746
758
780
804
810
810
828
838
836
844
872
876
842
822
852
868
878
864
854
842
828
818
804
796
796
786
774
772
766
754
762
784
810
808
824
820
796
804
818
804
810
804
812
808
788
792
798
794
788
788
790
790
776
768
758
760
762
768
772
786
808
818
816
804
796
784
774
758
756
756
748
762
772
796
796
796
768
770
774
780
768
784
798
794
784
794
794
808
804
810
820
816
812
816
808
804
774
774
760
750
732
716
716
740
746
744
742
780
806
838
908
880
864
836
848
848
898
882
900
854
822
740
788
796
804
532
1044
786
782
770
776
806
830
822
814
832
838
832
822
806
830
820
810
798
808
808
808
806
802
806
792
790
784
778
778
780
784
792
786
786
778
758
756
754
752
752
754
752
762
776
792
796
818
820
810
804
806
808
794
790
790
786
784
766
756
754
760
758
770
784
792
782
778
766
768
766
784
792
808
830
826
820
820
824
816
804
818
812
776
760
762
764
766
782
830
838
808
816
818
808
806
798
796
796
552
1036
774
770
542
1002
764
744
742
728
744
778
782
784
784
796
802
816
804
776
738
762
766
772
786
800
772
778
782
782
780
766
754
734
742
744
752
770
768
780
776
784
792
798
778
782
794
814
826
816
808
814
816
804
842
850
822
864
760
816
816
826
652
998
804
780
790
794
836
840
876
884
862
850
826
840
634
1094
834
826
812
796
810
818
830
814
810
792
776
758
754
746
748
752
758
756
756
758
752
744
742
742
736
732
728
730
724
718
716
726
734
748
756
776
790
796
778
790
780
772
770
762
772
772
760
776
774
756
744
732
708
728
720
728
738
740
754
770
768
550
976
758
750
746
738
750
780
786
770
780
788
790
780
786
798
796
818
800
798
804
800
784
794
794
792
786
790
812
814
822
820
826
802
802
802
804
802
818
814
826
844
858
844
848
844
844
826
822
822
822
534
1108
614
944
756
742
746
774
782
788
810
840
850
868
844
816
812
796
766
750
766
758
746
742
728
720
724
708
702
704
520
854
694
688
686
688
696
716
736
742
734
742
728
718
724
706
718
718
720
718
780
770
788
794
796
800
824
818
806
806
796
804
794
804
820
818
800
792
790
784
782
766
776
774
780
794
796
810
802
786
790
788
784
772
782
788
798
798
794
806
808
810
800
772
780
764
766
758
754
758
774
804
816
804
816
810
800
792
794
804
802
800
800
808
792
782
766
772
772
756
774
788
776
778
812
828
824
802
784
774
760
746
738
734
736
728
730
732
742
734
742
746
752
748
552
970
752
732
740
742
752
744
646
488
520
648
726
762
780
796
784
786
788
752
734
734
724
716
714
714
708
700
694
700
712
704
704
698
698
694
694
688
682
686
690
706
702
700
512
884
692
690
686
686
696
728
766
802
814
794
808
808
794
784
776
768
752
752
756
764
778
784
792
802
800
784
770
766
770
770
764
766
788
794
816
798
800
794
796
786
774
770
772
790
780
780
786
782
786
778
776
768
740
736
722
740
774
826
878
902
878
748
902
812
802
790
766
758
776
534
1052
786
798
880
748
846
868
862
860
888
912
894
888
836
822
804
816
810
814
842
888
918
938
942
918
894
888
890
876
844
848
814
842
860
890
908
906
892
868
870
868
866
836
832
836
818
796
778
780
774
788
804
798
796
788
776
790
778
772
766
764
746
758
768
772
772
784
782
778
606
916
744
722
724
716
724
744
746
760
790
794
804
796
782
770
758
684
782
732
726
730
744
764
774
796
796
786
786
792
776
786
768
786
824
850
862
864
852
834
820
796
790
776
752
742
728
728
734
738
746
742
568
1010
788
808
818
826
806
800
770
770
766
760
774
766
768
768
744
736
736
730
730
744
754
750
746
744
752
750
746
750
754
754
746
748
750
754
762
776
766
786
780
772
774
770
760
758
750
752
762
522
1006
588
912
756
736
738
750
776
772
800
812
842
846
846
830
812
776
764
748
742
744
738
742
738
738
752
754
764
762
760
746
734
724
714
714
712
712
718
756
780
804
826
804
778
774
764
746
744
756
802
534
1090
790
788
784
792
810
822
818
812
798
786
770
764
750
736
742
746
764
776
782
774
758
746
736
728
720
720
714
734
738
780
796
826
854
848
846
840
822
842
838
806
814
644
992
682
944
878
830
554
1136
850
866
960
848
812
820
814
850
854
838
832
836
802
806
804
806
806
808
806
834
838
858
866
856
846
878
854
824
832
632
1020
682
960
820
824
832
830
554
1196
572
1166
862
866
950
792
852
858
834
848
846
840
810
802
772
760
746
744
748
768
784
788
786
800
800
806
806
806
814
804
800
816
838
754
986
864
872
876
880
874
852
856
864
882
860
854
844
852
846
854
872
862
854
860
870
866
826
806
802
810
822
826
832
840
844
838
822
808
792
772
752
750
752
750
772
812
810
792
800
782
780
766
770
788
796
802
822
834
848
850
840
830
822
816
812
818
812
800
778
760
762
760
776
800
810
844
844
838
842
832
830
818
776
762
788
760
742
748
772
828
630
1144
890
868
840
810
794
778
770
764
768
784
806
832
850
850
844
808
786
780
766
768
770
786
818
858
896
928
930
890
886
870
850
824
808
808
798
798
802
802
784
812
818
824
838
842
836
836
820
796
788
796
810
856
876
900
902
656
1116
868
850
810
794
782
792
788
564
568
566
724
776
790
790
802
796
788
774
780
762
766
756
754
758
762
770
766
768
770
760
766
752
746
738
740
728
730
734
732
730
734
732
730
732
738
756
762
756
768
774
772
766
786
798
812
798
778
790
784
772
778
778
778
780
798
636
1004
792
788
788
768
750
746
740
732
738
732
726
736
750
756
768
760
738
748
740
734
732
734
730
742
730
738
752
768
786
796
838
846
774
848
778
766
578
956
756
738
742
746
758
776
802
820
852
870
878
866
864
854
834
826
806
798
800
806
818
818
814
798
778
770
776
774
776
572
978
766
736
738
742
738
750
750
748
748
752
756
764
774
782
766
772
774
768
754
748
732
720
722
724
728
748
766
766
788
784
778
774
564
964
746
738
844
622
744
756
776
764
782
806
812
812
820
820
822
824
820
816
806
792
772
766
764
780
796
814
834
848
608
1070
572
1036
796
776
770
766
766
780
800
812
826
838
840
832
822
824
808
548
1040
550
992
754
744
752
766
794
838
844
752
910
818
802
578
1004
776
760
758
746
746
556
940
576
896
734
540
902
724
734
760
782
800
802
812
820
552
1104
818
806
784
774
764
758
756
572
934
744
740
570
910
742
750
788
764
786
792
782
820
842
842
820
856
754
794
794
788
782
772
750
752
752
758
752
756
758
752
754
744
758
744
752
766
766
764
766
756
584
930
748
728
722
706
714
722
740
784
804
806
820
800
790
796
808
800
784
786
782
762
760
528
1004
590
932
756
746
566
922
746
726
720
730
752
798
842
854
844
822
806
796
784
776
762
758
754
752
756
766
762
748
748
738
740
742
560
934
736
734
730
738
752
780
814
842
850
852
836
824
802
788
778
776
754
782
798
838
870
862
838
820
824
828
822
816
822
816
810
794
782
776
776
772
774
784
604
996
794
790
784
788
772
776
790
800
806
816
808
810
548
1032
782
756
572
926
744
746
778
842
876
908
936
872
936
776
848
856
858
886
846
814
848
846
856
868
874
892
886
888
890
904
884
898
886
902
912
936
938
932
918
550
528
730
852
828
820
848
892
928
930
880
876
868
870
896
898
870
836
804
784
778
770
776
770
772
780
778
778
782
770
760
744
740
742
762
816
880
934
928
924
902
546
1196
872
864
868
854
858
864
862
862
820
820
542
1070
796
790
826
838
856
868
854
854
854
840
820
808
790
800
802
810
830
838
842
824
824
834
868
876
860
850
844
828
820
812
800
806
804
790
796
800
796
826
834
838
844
848
840
834
826
808
804
802
794
754
752
754
752
752
780
788
798
780
834
850
852
816
792
796
816
846
858
860
858
852
830
818
812
792
786
818
828
866
896
922
898
888
912
914
922
910
912
922
936
952
946
914
884
874
884
908
904
606
898
1118
810
778
774
576
962
582
952
770
768
576
1074
820
852
870
876
860
810
806
794
786
778
768
768
764
756
580
912
742
724
716
708
596
822
712
718
736
734
764
794
820
822
814
804
800
800
800
808
828
840
826
792
786
786
796
820
836
844
838
832
816
814
798
790
776
774
782
784
790
796
802
804
800
780
782
786
798
812
820
834
840
546
1124
826
822
820
852
872
892
918
908
900
562
1182
858
832
806
804
784
780
788
788
800
836
852
830
828
814
794
786
784
784
568
1034
794
782
596
978
784
774
782
776
538
984
746
742
738
742
736
748
772
786
590
1054
808
798
798
792
802
798
798
778
768
764
770
778
786
786
790
786
602
958
770
750
746
752
742
746
766
792
796
792
792
800
822
832
838
834
830
798
794
794
804
816
806
806
808
806
806
794
792
790
792
790
780
764
760
756
750
742
750
744
736
744
746
742
756
768
776
550
992
760
738
584
862
728
726
728
726
748
758
776
792
788
790
784
758
744
740
730
716
598
842
736
728
726
698
572
790
598
376
494
512
666
558
732
638
664
622
716
698
744
774
810
836
878
858
858
850
814
556
1130
806
804
808
790
784
770
768
770
774
770
762
750
746
734
736
726
596
496
512
604
700
522
902
714
700
612
784
700
704
724
740
782
814
826
800
794
784
798
810
804
796
796
812
822
836
834
850
850
852
822
794
788
792
794
812
806
808
820
830
834
826
796
794
794
788
792
804
818
836
838
830
818
822
822
838
828
818
818
820
818
806
776
780
764
756
752
756
756
756
738
730
732
592
864
728
724
594
844
598
856
584
856
726
722
728
726
736
732
580
912
742
740
560
912
738
736
554
942
748
746
740
600
878
746
740
746
522
996
754
740
740
726
712
