192
632
616
620
630
532
734
618
622
630
626
630
616
626
636
622
622
616
634
636
476
768
452
816
638
630
654
656
656
650
648
660
640
646
656
650
646
636
634
412
858
444
802
624
644
630
634
626
412
844
440
786
488
760
468
800
640
658
636
638
628
638
646
644
636
628
626
648
396
856
452
800
632
630
630
424
838
452
794
614
640
626
428
828
446
804
474
762
456
784
630
636
412
860
462
830
632
638
632
636
650
638
638
638
402
860
434
806
618
612
630
404
838
464
772
608
504
754
460
762
616
636
412
826
446
772
624
612
592
426
774
442
602
672
638
602
416
808
426
750
588
614
612
430
760
452
764
610
404
738
452
786
612
522
708
602
606
618
620
552
638
618
612
412
802
444
652
598
618
624
606
630
616
620
636
616
620
620
404
826
428
774
620
598
448
752
456
790
402
648
778
610
630
620
636
626
618
628
430
812
446
778
608
630
626
340
872
450
784
612
502
596
616
630
614
414
844
440
804
618
612
616
410
802
464
760
604
612
550
676
580
586
612
600
602
594
608
616
594
604
608
592
592
598
608
530
448
798
458
770
448
770
446
804
628
486
598
624
618
624
408
848
428
820
634
624
640
632
632
648
642
634
622
640
652
636
634
618
644
540
740
446
786
466
794
442
812
510
774
478
784
454
798
628
630
622
630
648
634
646
628
628
632
628
634
628
636
642
626
638
630
632
644
630
632
634
630
636
608
620
630
618
638
630
638
662
470
826
442
818
458
768
476
862
484
888
502
894
680
522
578
438
608
638
642
644
630
532
714
450
778
610
624
618
632
628
626
634
632
626
618
622
634
634
508
722
494
772
456
794
518
736
626
394
868
444
818
630
658
638
656
664
430
882
432
842
490
818
438
826
474
432
486
528
636
630
646
668
650
406
836
444
836
614
622
626
634
634
624
626
630
622
634
612
636
636
624
640
634
632
634
616
638
634
650
640
648
406
870
436
838
642
660
648
646
416
916
420
852
626
488
794
450
792
490
704
698
526
740
622
644
482
764
470
784
614
634
628
640
510
724
444
774
482
758
608
632
626
634
610
626
638
626
642
562
686
642
626
618
614
628
628
614
516
722
460
772
604
624
622
616
632
626
628
628
486
770
456
786
454
788
464
402
444
610
636
646
476
824
442
828
614
642
648
634
640
470
800
452
832
452
798
448
408
458
598
634
642
658
662
636
636
624
512
766
444
796
466
802
636
510
758
462
824
454
824
472
804
482
796
622
640
650
638
628
602
622
634
616
516
708
618
566
696
608
620
468
822
440
788
612
628
644
610
620
620
612
510
730
482
744
440
800
460
776
444
800
630
648
638
406
880
448
846
644
658
644
644
662
490
796
454
812
450
802
628
640
638
444
814
434
812
630
648
642
650
644
662
650
630
642
634
654
650
518
746
442
826
424
842
478
778
466
794
614
628
646
628
630
530
680
630
614
602
606
618
628
610
608
520
704
448
786
458
750
602
554
696
592
638
606
636
630
504
728
508
736
494
748
598
620
626
440
782
600
624
624
510
728
612
630
626
620
626
614
466
770
448
782
442
516
768
668
664
642
662
668
518
814
428
866
432
872
494
864
458
766
612
618
464
746
446
782
474
728
462
770
608
564
686
624
636
512
750
466
796
452
816
452
814
626
650
638
644
646
638
652
638
636
644
634
648
624
622
634
630
630
620
610
516
726
448
782
486
740
454
762
488
718
862
454
492
598
596
612
622
624
616
620
634
640
386
854
452
786
512
734
458
770
608
530
706
466
760
442
768
486
300
506
562
612
624
644
616
610
610
630
634
392
816
434
776
464
720
484
748
488
736
516
710
458
760
614
620
616
616
620
632
626
480
762
464
790
434
802
452
788
462
764
458
758
458
776
610
630
622
628
568
690
644
632
618
614
416
846
424
788
610
634
626
388
810
450
774
468
600
602
612
596
616
614
600
612
626
608
620
588
614
620
604
472
738
480
744
450
738
456
578
726
620
614
608
604
620
628
606
414
636
440
752
458
770
614
606
620
622
612
616
598
624
622
602
604
622
620
630
608
454
790
440
800
436
764
462
762
434
758
454
754
454
756
480
572
618
602
606
622
430
774
458
766
490
748
460
752
472
754
620
604
608
630
488
754
588
614
624
606
606
606
610
636
612
450
784
424
814
476
578
762
428
810
450
798
458
792
460
820
500
794
464
800
504
294
518
450
762
460
794
468
746
450
620
614
600
608
620
614
624
638
612
780
632
636
644
630
640
636
628
640
432
824
432
806
632
618
636
544
704
490
772
444
790
630
650
638
648
452
846
464
880
428
888
664
678
668
716
696
704
700
718
724
718
704
716
716
720
712
714
724
734
726
724
700
730
706
696
694
716
704
686
694
688
694
694
682
692
692
704
676
446
922
460
886
434
902
454
860
468
846
498
820
464
834
644
676
662
656
638
662
672
658
456
836
460
842
640
674
646
650
672
680
682
672
696
680
692
694
674
684
682
688
666
688
708
702
710
540
514
514
664
480
898
460
950
470
938
464
906
714
718
708
732
724
726
720
734
712
720
710
710
710
724
700
696
694
714
678
674
706
702
696
674
714
688
684
540
840
470
884
454
880
428
938
466
890
452
472
618
752
520
910
480
1040
474
938
790
760
770
770
762
726
766
734
712
730
724
708
704
714
714
696
698
700
710
720
708
714
712
736
726
1040
484
490
702
782
788
790
784
762
758
478
920
496
462
596
720
722
748
778
832
794
782
768
776
734
730
712
720
704
716
716
704
730
724
814
776
776
748
734
704
728
536
914
468
918
792
1010
828
800
798
780
772
760
744
726
706
716
724
710
702
700
712
816
762
754
758
746
728
714
696
714
698
696
810
786
750
750
668
816
724
716
724
716
718
818
788
776
766
742
730
556
922
452
834
910
820
788
442
452
654
742
728
734
740
742
750
792
544
964
866
532
914
460
480
576
690
480
944
474
1030
478
1010
780
512
926
444
954
490
956
488
870
686
674
692
784
436
964
830
702
716
728
702
802
786
774
752
752
744
736
720
744
838
810
780
772
766
758
734
738
756
738
736
734
860
814
796
750
754
728
756
774
832
476
404
704
464
1078
468
932
796
718
724
716
724
710
722
708
700
728
820
782
766
748
726
718
710
704
708
766
792
772
484
482
560
488
956
478
944
712
708
732
742
838
796
778
746
748
734
730
844
806
772
774
786
778
760
724
742
752
780
812
796
778
774
752
750
732
724
728
730
742
732
736
718
482
1018
536
1094
504
1000
720
722
722
724
484
916
778
732
804
790
778
752
724
706
710
708
828
766
756
760
762
730
736
726
728
708
728
756
826
782
530
966
494
1022
456
948
864
840
782
788
752
758
742
788
648
1016
478
1014
858
750
730
756
758
752
746
866
820
806
792
776
764
756
456
944
494
522
796
796
800
798
764
742
758
578
960
510
474
692
790
772
766
760
762
736
752
756
734
730
740
836
810
780
480
470
590
726
746
736
734
734
742
482
944
888
500
944
878
724
732
724
718
746
728
754
830
814
770
762
744
748
732
742
732
846
808
794
748
760
710
798
738
746
770
848
806
476
372
726
498
974
492
984
828
798
782
774
742
726
728
752
730
734
842
806
786
754
742
744
770
816
814
796
774
746
750
734
744
728
726
736
480
488
666
782
770
744
744
742
752
734
730
730
836
796
774
454
446
622
734
746
802
802
772
770
744
738
740
742
730
388
482
774
778
786
768
752
746
752
774
832
802
782
748
754
736
730
732
780
828
788
780
754
748
720
738
736
538
952
490
504
662
768
744
746
720
740
732
728
750
840
794
772
758
734
734
550
910
466
1056
822
782
732
736
716
732
740
828
786
780
778
750
744
744
768
854
810
800
476
446
638
750
756
856
494
382
730
478
1004
844
746
738
740
738
770
830
802
780
748
752
750
740
708
740
754
826
776
460
948
772
678
700
784
784
772
746
760
720
730
712
720
720
834
770
780
468
938
470
478
578
726
724
828
792
790
752
724
728
744
718
728
714
848
806
772
746
740
550
376
566
808
790
494
976
980
598
384
484
598
734
434
524
694
504
930
478
480
630
784
808
784
788
762
720
752
730
736
720
728
732
838
770
780
746
722
744
766
816
790
764
734
750
718
738
738
824
786
780
452
954
796
718
726
422
470
708
794
766
758
474
942
524
496
686
796
370
388
766
728
748
726
740
730
844
800
776
756
736
722
712
718
702
714
448
916
470
484
692
456
910
474
994
494
918
742
754
756
744
746
746
758
760
750
770
746
754
734
588
894
488
346
642
482
918
484
998
516
912
696
704
782
788
730
476
532
728
688
656
668
500
888
492
948
484
1016
884
742
708
686
688
690
678
640
552
854
462
896
482
1050
468
928
794
684
704
588
786
506
896
476
1068
488
960
858
466
866
782
698
710
712
834
786
764
734
734
728
732
720
726
756
812
768
758
762
528
386
564
898
550
688
698
684
778
782
762
748
736
720
692
700
410
986
472
964
508
1042
740
710
714
694
446
958
456
912
720
684
770
772
742
730
706
698
704
712
712
700
732
804
796
746
736
720
730
700
716
742
808
796
470
422
652
498
324
646
444
318
670
472
956
478
964
734
756
1032
614
408
454
510
950
512
456
368
1058
462
496
714
572
982
490
1108
500
524
704
508
516
488
610
720
450
974
514
1092
474
952
846
732
720
736
718
732
718
460
1012
454
510
662
782
734
730
924
548
716
726
724
708
754
818
792
444
448
628
728
736
718
738
748
832
464
444
682
786
776
766
746
478
940
956
800
812
790
758
752
764
752
766
820
452
404
762
480
974
494
1086
516
942
816
802
788
782
490
906
874
746
786
1116
600
402
584
500
990
958
792
810
804
484
444
626
756
784
844
836
824
792
570
944
768
810
866
516
446
694
810
782
770
746
820
850
814
814
494
342
756
498
946
498
1054
510
464
692
432
488
676
794
452
918
902
734
646
800
804
512
976
422
440
742
478
920
814
730
722
736
718
728
816
804
754
740
724
742
524
938
914
774
776
754
734
768
742
722
752
784
546
916
974
758
742
720
472
926
1024
772
790
752
736
474
954
774
724
838
798
798
756
752
738
736
754
844
804
792
754
748
734
722
754
848
542
908
904
730
730
744
842
802
788
764
752
734
472
918
592
386
812
474
994
636
866
498
918
518
928
522
910
750
826
770
760
748
758
758
842
816
800
450
412
632
514
966
492
988
752
476
956
630
1074
502
1008
738
752
736
602
420
578
810
556
914
880
750
748
752
758
798
850
550
936
462
500
734
460
960
518
460
800
804
544
940
886
742
752
752
758
744
746
754
864
802
788
770
760
744
742
760
788
784
830
800
792
776
760
462
956
834
502
902
772
730
720
752
852
536
1010
532
1020
514
946
516
908
772
528
916
438
868
544
822
490
506
712
804
800
782
766
762
822
854
826
800
788
776
754
760
830
854
836
458
922
826
742
724
726
706
800
768
762
762
742
736
722
460
966
490
888
682
676
468
816
690
988
506
924
506
896
694
710
722
722
758
788
794
776
462
456
630
760
758
774
782
772
760
624
890
734
734
736
732
724
596
460
562
784
780
730
786
734
726
724
492
1100
456
850
1018
750
750
714
728
716
712
712
466
984
458
968
500
1048
500
924
832
712
728
724
710
736
814
802
572
934
476
926
814
720
724
718
748
500
514
626
776
754
732
746
724
760
844
820
794
788
480
910
908
712
738
780
832
800
798
782
762
488
970
452
936
874
784
466
526
482
498
692
824
800
806
778
760
744
734
726
738
818
820
780
778
778
760
514
970
490
970
510
968
880
774
786
756
762
744
738
748
500
482
676
644
934
498
488
560
732
466
446
602
488
330
836
480
982
656
996
500
1012
482
480
686
788
448
436
710
502
968
438
874
964
746
546
400
556
716
782
832
460
466
666
780
756
752
746
730
748
736
738
726
828
788
774
748
760
724
706
668
698
438
976
510
986
474
950
444
852
610
962
474
924
462
896
476
950
486
874
668
640
658
660
666
542
810
490
792
634
660
642
632
636
658
674
656
452
862
474
882
664
686
688
706
700
694
712
486
902
456
868
492
856
674
478
518
492
670
460
900
426
432
722
708
714
706
722
410
812
610
842
918
640
646
630
510
754
482
796
510
746
636
668
666
426
920
452
872
672
676
694
690
706
700
706
470
934
476
900
436
924
454
900
680
708
702
714
692
706
696
692
696
714
710
708
700
410
972
448
912
590
904
442
942
476
892
472
926
476
896
502
890
490
880
716
708
710
702
704
428
954
436
886
818
700
706
700
708
720
716
418
1006
442
868
596
878
464
940
480
896
682
712
708
716
724
734
752
732
738
722
730
728
724
716
722
720
698
704
702
712
704
714
510
602
500
552
424
956
452
946
536
854
464
918
490
866
494
852
470
902
486
878
472
918
462
892
720
458
966
452
926
774
714
722
720
608
840
532
906
466
910
462
902
762
712
716
720
438
970
448
914
790
724
736
718
732
738
744
462
936
454
894
752
668
696
704
704
700
438
962
478
960
448
940
582
826
474
910
494
894
470
510
482
672
504
954
702
722
738
732
740
720
736
724
732
482
428
1134
444
918
938
760
744
384
492
674
726
734
742
746
752
744
744
752
738
746
736
738
724
742
724
718
724
728
718
720
728
724
814
764
674
764
736
526
888
472
918
474
926
690
686
696
442
942
470
956
418
306
336
570
458
984
722
706
722
730
430
974
508
644
372
450
908
510
468
506
872
456
926
740
470
896
822
710
754
726
738
724
756
782
830
758
756
790
768
776
772
790
766
776
762
752
756
748
738
762
752
748
752
934
740
706
528
894
468
930
688
712
484
932
454
934
722
734
728
642
718
686
670
546
764
456
876
656
674
660
646
654
544
772
472
888
476
890
474
932
490
898
684
746
818
768
806
604
990
460
954
430
926
1136
502
1090
458
918
456
910
1058
704
694
712
708
700
700
698
694
726
424
410
588
468
926
450
490
646
452
982
518
1042
458
856
524
460
812
720
722
736
724
732
722
836
734
748
742
756
746
928
742
740
720
714
742
748
818
784
822
792
796
768
780
766
768
740
768
748
738
728
744
960
730
830
766
752
750
736
728
752
482
542
618
700
710
688
698
642
422
976
490
904
460
950
686
710
728
752
812
808
822
794
770
722
752
740
750
824
838
800
786
746
750
756
758
738
776
844
824
786
796
770
760
740
656
828
748
740
722
754
772
814
776
778
774
752
728
718
726
718
708
724
740
720
718
718
818
796
776
448
950
844
708
720
774
816
782
782
774
768
720
732
690
756
716
728
732
766
818
794
776
762
756
496
970
768
746
796
792
780
784
750
756
536
608
498
592
732
736
732
810
806
786
766
740
726
754
726
726
732
828
778
782
766
756
538
368
590
714
748
740
470
934
984
788
764
770
758
728
748
732
718
730
730
738
834
810
794
782
774
754
754
722
458
1050
464
960
1010
740
748
728
812
754
762
730
744
740
832
802
794
780
488
936
480
480
618
716
884
726
730
472
954
466
888
476
898
480
862
696
690
706
716
710
746
732
750
670
918
782
778
776
778
392
484
620
738
742
744
742
512
562
542
624
542
956
608
1110
758
736
414
976
742
698
706
718
714
696
438
390
768
468
914
540
864
480
330
608
472
874
682
698
688
706
734
734
732
742
810
802
806
762
460
440
620
464
376
636
972
732
466
966
796
766
762
758
820
766
728
754
790
778
752
522
932
452
914
940
544
1030
458
916
692
538
896
700
746
814
764
712
748
768
766
508
1002
496
896
844
882
722
724
730
708
740
744
842
726
788
528
916
914
770
498
928
468
900
492
550
786
772
782
782
778
550
952
464
934
1008
708
736
732
582
814
706
720
696
790
764
742
738
730
722
742
576
1054
456
944
702
712
724
724
810
748
466
902
896
920
750
750
746
730
752
748
832
728
758
782
790
788
774
778
748
748
734
738
738
732
724
730
722
894
684
738
706
702
708
458
956
478
914
684
706
728
734
802
758
800
456
456
678
760
766
742
736
742
752
840
828
802
766
796
752
756
742
754
716
746
736
738
818
800
782
466
426
624
452
358
658
694
710
724
728
730
844
780
782
756
748
732
728
714
728
708
718
740
722
718
720
796
786
768
752
752
732
728
712
736
742
728
820
780
782
456
434
646
740
760
738
730
738
746
732
736
776
834
806
780
470
424
648
752
728
536
910
444
912
496
628
694
718
722
822
740
754
408
964
868
868
694
694
726
710
708
804
752
752
746
484
990
502
474
644
456
984
462
944
606
822
710
726
846
728
778
792
796
788
470
386
688
470
1022
682
912
476
968
622
1066
466
950
432
918
984
714
710
722
732
722
720
742
730
500
520
616
782
514
910
588
1054
728
700
706
716
610
730
444
516
632
502
454
638
460
936
690
710
708
702
732
790
796
778
800
776
776
756
752
732
742
732
732
738
754
824
808
790
696
830
734
746
736
734
732
742
734
840
798
788
778
754
728
746
736
712
728
514
556
484
568
466
496
698
728
710
726
730
778
804
720
772
778
772
758
762
744
746
722
550
926
490
482
652
714
726
732
808
722
744
736
732
732
732
722
836
786
784
762
734
734
748
740
740
744
822
816
776
772
762
750
746
746
734
754
740
728
736
754
772
816
798
786
774
756
736
744
742
484
904
836
906
724
462
944
454
912
788
726
738
744
812
760
462
448
690
780
794
778
758
520
974
504
928
962
738
818
742
722
778
808
764
748
730
742
722
718
490
968
442
940
954
700
706
720
726
714
806
748
742
732
752
786
848
810
806
778
752
734
736
718
718
732
740
736
722
742
736
722
706
706
720
780
814
770
776
764
750
396
1070
754
730
780
804
772
778
610
922
482
998
754
924
514
868
970
720
494
946
460
846
1148
522
960
466
954
704
736
816
736
756
788
792
800
806
790
474
368
686
738
468
998
462
972
882
672
704
712
588
780
684
712
428
976
428
896
550
898
458
932
484
906
726
704
734
726
616
802
706
710
716
704
704
712
702
712
712
714
706
422
996
492
880
502
956
444
918
512
840
478
908
492
878
678
702
392
998
774
706
716
724
702
708
698
446
674
1004
420
950
460
696
924
686
704
712
702
700
700
702
702
690
706
690
702
684
692
438
926
478
850
644
720
686
686
690
706
708
706
684
696
686
470
482
462
562
784
680
692
692
698
722
704
720
690
742
764
744
756
756
736
712
708
708
720
696
406
368
768
476
904
830
694
706
842
684
702
680
698
444
914
474
882
478
860
472
860
482
892
656
692
694
696
592
806
504
896
460
890
680
678
514
868
474
828
654
676
686
682
690
686
692
448
872
482
904
756
702
706
668
678
672
654
452
860
476
830
480
868
470
848
460
340
542
680
694
710
708
720
718
708
710
714
724
698
714
692
726
702
694
690
414
976
424
310
654
570
812
480
898
690
684
690
682
686
698
708
414
418
556
458
458
464
660
474
898
490
896
668
668
468
900
484
852
660
676
688
686
698
682
700
420
938
482
870
670
692
686
668
676
698
422
962
458
862
646
684
422
920
472
846
668
674
668
682
660
664
652
466
802
462
728
664
670
684
658
654
500
826
484
828
646
502
798
490
490
480
472
528
550
506
564
432
546
488
806
466
868
886
720
722
716
718
722
720
716
692
722
724
722
708
726
724
712
720
856
708
680
690
674
680
452
924
452
886
446
872
442
890
530
828
412
924
474
866
678
682
686
690
696
690
688
452
902
444
866
642
660
648
654
652
480
826
476
828
658
668
678
688
696
484
890
418
910
506
856
458
848
542
784
474
828
650
650
664
408
910
468
890
440
908
466
906
688
672
558
796
662
676
668
454
906
450
868
682
556
800
650
654
662
682
660
464
860
464
860
526
524
938
550
940
506
854
662
692
674
662
514
792
518
800
476
814
654
662
646
406
912
456
846
650
678
676
678
680
672
680
440
886
456
854
676
674
682
672
688
570
790
472
510
456
522
792
668
686
674
518
682
462
896
440
860
802
668
652
650
674
444
892
464
822
654
668
504
420
510
534
404
878
486
726
686
652
734
676
680
704
682
404
952
460
914
532
806
450
886
476
844
446
342
560
640
662
684
712
710
710
702
704
698
700
446
916
442
892
744
684
684
706
690
696
414
928
444
894
640
724
706
704
708
700
698
504
892
464
900
428
892
478
834
642
668
666
686
686
682
704
426
952
446
868
632
728
676
680
700
692
696
698
682
714
680
392
972
424
946
450
884
574
814
470
878
478
870
676
682
678
700
710
728
718
736
722
730
694
704
708
708
712
694
710
688
686
438
918
492
856
646
484
834
494
822
658
650
446
904
470
888
652
692
780
746
698
706
732
828
722
684
698
686
692
666
670
468
890
468
818
556
276
504
476
858
664
694
674
680
680
454
898
474
770
566
688
630
610
614
624
534
762
498
784
454
810
506
750
494
450
966
444
770
670
600
718
652
672
418
986
410
926
450
852
440
890
734
666
688
684
680
690
682
708
696
442
888
446
874
642
564
702
774
684
672
684
656
666
408
912
448
680
804
464
862
476
866
422
896
460
876
456
872
476
854
658
672
680
676
666
432
878
468
832
640
478
700
448
934
484
778
486
776
634
648
642
418
858
450
830
636
652
502
482
988
462
894
580
692
638
462
460
490
450
670
644
414
742
466
822
470
826
472
530
884
580
540
742
1000
454
934
758
454
830
482
828
450
404
492
444
774
458
666
512
888
450
834
630
638
638
648
488
638
474
804
462
850
636
630
656
408
906
446
828
656
668
670
458
574
700
862
476
838
510
684
480
852
462
850
644
666
492
812
468
806
650
494
636
506
914
476
822
546
598
696
404
912
426
840
634
648
494
472
936
470
764
638
614
618
640
628
540
558
550
288
570
608
418
680
452
422
530
614
636
484
786
462
868
434
834
412
480
992
444
800
482
760
454
786
500
618
724
620
630
490
770
456
796
448
820
454
438
502
420
536
450
912
460
864
610
632
474
804
472
648
764
648
638
652
480
522
810
488
792
480
568
860
644
650
496
756
464
662
758
624
640
422
852
442
708
646
652
632
402
288
630
456
804
430
422
502
402
522
492
490
416
542
458
434
498
604
454
748
454
794
626
636
632
638
632
476
492
464
470
634
628
482
796
394
892
502
610
756
628
634
624
480
786
462
786
484
662
638
600
626
450
410
418
586
444
796
460
620
754
644
630
648
638
410
866
436
818
496
630
476
584
826
612
646
620
600
612
608
596
468
708
898
756
712
606
594
454
760
438
786
604
462
790
442
818
432
494
834
434
810
470
794
466
794
628
630
620
618
488
732
454
770
430
802
472
764
422
286
534
614
464
762
458
766
478
744
880
944
438
752
488
696
420
514
868
476
686
466
372
496
482
426
722
450
750
472
398
910
456
622
692
616
592
600
622
460
758
454
440
940
428
722
622
614
628
616
614
510
720
454
760
450
388
944
456
492
460
394
512
652
438
846
394
698
722
624
628
482
770
440
812
618
542
650
632
620
442
832
438
782
610
504
600
494
802
472
610
714
610
618
460
766
450
772
488
666
450
786
446
692
448
412
518
500
460
694
458
736
478
622
462
398
884
458
740
494
662
448
516
492
496
428
584
424
492
896
462
704
612
622
632
386
846
452
774
638
446
778
446
566
854
504
722
460
784
456
766
472
572
456
868
424
816
528
582
680
624
610
612
496
724
454
782
444
760
452
760
468
720
476
700
468
644
458
796
464
732
578
474
698
454
716
506
680
442
512
838
590
478
706
448
750
442
746
498
592
476
464
858
678
580
590
602
580
488
520
740
578
598
596
384
784
446
718
466
320
496
500
404
636
470
830
438
394
910
450
738
478
700
438
402
494
452
470
460
546
420
466
574
388
802
426
804
604
464
716
460
730
442
768
450
736
398
798
456
736
438
756
452
760
446
756
396
810
450
738
446
386
496
372
638
422
810
468
738
612
604
518
540
706
458
416
766
686
582
598
422
724
464
686
598
596
442
720
432
740
562
620
448
718
462
724
460
724
422
780
448
756
594
600
462
734
460
752
398
270
414
686
406
828
628
620
614
614
500
730
436
782
488
542
800
440
532
446
512
418
700
432
810
492
610
492
848
416
674
740
636
618
462
554
456
904
408
398
760
464
916
428
860
848
652
654
624
624
482
792
452
800
488
620
698
392
878
458
796
616
628
634
480
768
448
806
450
796
446
436
890
460
794
630
630
646
640
630
464
838
448
838
640
652
646
638
648
428
830
454
738
634
648
646
646
644
436
840
440
658
780
642
632
650
654
448
822
456
816
640
560
628
408
928
436
844
596
538
750
472
580
466
472
582
492
696
432
880
644
640
646
642
468
788
452
810
606
478
748
450
816
476
620
770
642
634
646
652
470
824
444
836
630
652
642
530
516
404
396
626
628
650
660
664
658
428
846
452
840
642
492
768
472
818
450
822
454
492
870
444
830
464
796
622
568
648
638
640
624
632
648
504
762
464
694
720
502
742
452
636
730
618
620
632
502
860
346
280
476
510
706
792
942
662
424
776
616
598
614
606
586
452
308
502
454
714
454
568
634
580
584
478
660
458
720
510
690
452
728
434
760
614
602
496
738
452
774
414
818
466
758
500
318
508
522
438
768
440
786
618
610
636
424
664
454
830
468
424
394
646
454
800
428
832
618
624
402
810
434
762
612
604
602
428
700
444
794
616
636
622
612
618
620
632
510
740
472
804
456
814
450
392
478
554
438
774
454
632
450
888
436
814
430
714
468
824
448
468
928
460
762
486
716
468
756
506
728
424
830
458
772
468
380
464
550
430
774
456
774
488
730
464
784
500
716
406
850
472
776
458
818
464
786
470
778
480
792
638
642
648
646
638
540
586
750
454
806
452
766
436
802
464
754
492
746
616
488
770
470
792
496
774
462
832
444
826
650
648
504
490
938
478
648
768
632
640
668
650
472
818
472
822
476
574
688
422
940
446
804
614
496
554
400
894
430
696
722
662
668
678
672
398
916
450
846
650
660
654
638
670
452
840
420
802
642
616
568
430
874
452
822
642
490
752
466
802
442
810
468
802
442
464
922
444
778
458
780
476
492
776
696
632
614
604
616
642
628
512
750
458
824
456
796
612
508
754
450
810
460
408
500
536
424
662
454
880
420
834
