418
686
474
606
494
678
718
628
706
704
492
750
496
812
592
692
556
536
594
676
802
476
586
628
740
488
594
698
792
596
640
524
512
646
740
610
600
542
570
718
650
748
636
544
738
660
512
526
436
688
716
544
648
560
620
688
578
598
654
720
522
536
552
594
546
680
684
508
608
530
744
446
614
628
722
654
776
712
544
548
606
900
542
728
578
772
416
702
484
424
634
442
652
678
738
702
708
818
636
638
486
614
662
490
692
586
752
500
654
518
544
570
600
560
720
608
778
530
706
678
552
506
472
426
426
466
708
704
652
808
596
432
682
530
408
714
662
504
448
538
754
940
578
678
756
608
708
464
536
708
466
666
542
698
672
636
604
600
500
664
626
522
692
638
864
742
604
804
702
606
650
710
590
558
670
570
524
628
656
678
460
542
674
696
578
536
500
680
656
630
476
588
842
672
652
414
622
506
852
548
436
668
534
604
566
702
482
542
472
594
612
696
642
726
480
670
548
826
650
512
472
618
570
688
466
806
506
842
446
638
710
586
672
688
712
616
458
640
458
508
470
710
548
616
690
658
904
568
476
474
618
468
672
566
536
646
690
634
592
640
736
788
726
504
710
424
654
672
722
664
444
470
716
706
554
728
706
658
688
612
674
458
658
764
612
596
730
656
498
658
676
702
676
676
608
522
548
564
608
714
430
690
690
638
588
846
626
594
486
568
524
512
594
590
502
626
448
514
728
526
630
728
588
426
710
564
558
480
482
592
488
632
598
870
490
448
578
500
694
810
480
512
516
582
488
408
846
426
464
622
718
546
534
462
580
622
520
398
618
496
604
558
504
458
570
624
504
486
442
400
576
672
580
438
606
552
704
420
566
434
472
456
412
604
464
376
612
530
486
432
402
376
544
460
408
370
358
458
376
526
472
374
484
560
472
410
474
422
544
526
538
570
450
514
602
594
564
430
556
520
864
488
496
644
540
534
506
476
586
688
578
762
544
546
700
670
464
430
984
510
754
728
620
564
664
494
692
610
588
562
438
466
424
574
568
508
590
682
722
720
768
580
558
634
616
838
720
770
532
688
446
468
508
626
514
600
504
664
780
516
686
604
456
678
492
618
600
618
428
676
502
734
534
674
662
652
490
454
640
506
524
652
400
710
468
588
468
590
666
496
678
454
646
420
462
598
696
682
792
828
552
422
740
648
668
414
738
578
654
634
762
588
726
526
572
662
536
702
724
638
572
688
646
830
562
624
430
614
496
652
872
500
744
484
426
430
662
596
650
546
570
614
638
606
702
660
476
596
648
572
614
782
494
426
606
436
642
482
614
568
404
700
492
562
608
428
422
534
676
496
656
570
558
396
614
558
624
670
742
474
414
660
408
498
694
682
482
454
708
774
708
606
476
710
750
738
652
504
700
518
554
606
826
544
522
448
702
610
562
878
460
568
876
664
778
714
684
460
720
558
498
636
480
654
518
708
452
710
502
710
568
548
700
662
636
582
656
742
712
582
646
462
590
548
552
526
578
860
562
658
636
548
554
682
426
658
536
542
698
542
706
720
460
552
724
476
696
472
562
726
710
656
558
690
670
616
560
530
598
578
660
536
652
616
854
736
500
760
640
604
444
876
574
660
580
582
484
744
774
812
458
722
590
690
690
572
596
566
660
442
788
706
694
594
482
606
570
436
568
532
472
632
544
450
688
454
676
564
488
420
572
628
454
650
598
526
436
588
446
498
588
728
702
464
618
508
620
636
516
522
622
506
768
586
562
772
624
748
642
488
460
694
450
570
736
756
668
690
528
522
402
600
612
688
530
678
648
568
548
640
634
548
720
520
624
620
562
604
602
616
650
668
504
1000
614
692
878
496
624
516
528
670
874
562
684
776
664
480
698
444
570
772
552
804
614
500
656
684
704
606
570
642
452
610
498
718
444
486
594
468
536
492
686
592
510
696
620
558
510
640
632
448
430
540
642
522
710
580
664
510
678
776
718
478
746
718
434
598
430
650
606
1018
474
756
596
590
644
754
658
714
742
604
562
506
552
562
734
648
694
828
532
718
570
644
404
560
932
624
522
878
492
878
632
614
498
610
558
760
478
504
676
596
536
658
740
602
590
694
668
474
740
606
460
496
524
684
656
788
762
906
630
740
830
594
690
448
738
526
532
700
538
604
610
458
540
568
446
668
766
770
638
594
706
630
444
484
592
610
594
688
682
822
670
676
816
734
670
556
594
718
820
712
530
512
518
696
782
526
666
764
414
686
488
468
784
474
768
714
654
538
754
648
690
596
612
578
642
678
616
470
444
480
688
658
438
838
538
586
538
622
800
418
740
696
576
800
544
684
562
656
778
906
610
644
656
636
758
674
614
594
682
776
634
590
738
654
662
696
714
596
658
510
712
554
502
514
754
716
672
480
936
516
424
478
562
506
642
674
692
438
614
690
594
518
690
612
452
468
626
632
662
648
870
520
858
632
772
458
652
540
632
662
674
634
596
566
738
540
618
470
648
482
702
786
548
622
698
504
554
692
462
550
682
644
498
550
424
592
694
588
628
532
498
438
556
618
522
418
612
584
538
838
626
480
658
436
706
644
430
678
566
496
458
700
702
710
572
772
562
598
662
510
824
622
700
686
744
594
500
642
500
734
644
526
520
532
646
542
508
622
672
602
698
662
576
682
692
656
646
488
592
544
742
688
440
510
606
580
530
400
510
436
650
518
572
484
632
610
560
478
540
526
544
526
632
704
600
486
492
630
432
398
674
420
418
378
542
418
572
546
504
494
634
452
414
436
400
576
450
420
514
394
460
504
426
378
378
582
418
432
376
390
498
482
496
496
456
454
362
474
490
372
408
466
504
420
366
518
382
418
490
472
428
512
522
388
678
470
400
568
566
496
458
548
526
414
616
416
538
490
614
640
674
428
624
578
662
658
528
408
530
418
428
682
416
686
734
628
578
494
698
524
676
512
564
730
442
722
698
480
542
538
654
594
504
548
690
520
564
448
680
574
470
620
618
488
490
670
656
744
520
538
728
590
492
596
378
726
640
498
622
642
386
414
548
466
546
634
632
668
470
486
534
582
700
662
688
472
586
716
572
580
746
670
518
450
576
728
600
758
486
446
598
630
422
662
396
764
842
484
604
634
516
730
470
562
506
476
574
588
566
702
460
478
650
514
410
612
626
442
682
726
412
600
610
608
708
436
666
522
600
550
668
576
418
688
410
698
662
612
660
700
682
504
500
526
738
716
528
500
536
712
818
536
414
628
710
468
686
730
622
500
660
450
796
672
740
668
478
630
668
616
652
532
518
470
696
652
548
616
678
486
704
694
666
514
662
568
492
636
506
450
584
654
514
594
630
596
524
666
558
650
674
598
518
556
722
606
538
440
542
548
608
458
584
642
714
560
522
678
432
668
422
388
456
572
558
502
744
556
624
586
570
640
560
578
556
510
588
630
488
594
464
486
410
610
414
430
504
434
708
494
524
492
494
418
592
472
502
488
672
488
442
606
472
436
434
574
500
584
410
682
546
502
456
564
442
566
734
634
546
514
770
428
600
574
422
532
556
600
520
474
466
454
424
466
544
382
392
370
378
404
578
502
412
490
442
418
434
530
428
390
362
524
480
396
480
480
592
450
446
494
438
388
478
368
370
412
406
358
360
380
424
520
436
406
372
358
502
428
440
390
404
370
386
416
448
362
362
550
448
452
474
576
594
490
516
460
418
358
414
568
440
418
664
474
370
558
522
448
468
534
696
480
530
500
430
516
636
502
466
498
382
414
362
556
408
526
432
560
476
402
524
372
456
416
408
412
358
382
412
382
362
468
520
426
484
496
382
656
436
502
430
432
502
440
394
548
392
402
564
402
370
474
368
498
358
386
458
620
380
438
428
392
504
418
410
568
418
578
446
436
432
564
460
420
566
400
404
542
574
400
384
414
534
412
482
366
466
440
458
492
466
390
396
386
534
502
394
402
576
426
560
378
452
534
546
410
390
362
396
380
416
358
358
546
398
446
562
396
428
566
404
446
538
442
398
510
544
498
446
430
454
382
552
410
550
522
472
530
392
478
446
436
672
464
562
422
590
534
386
490
396
404
428
588
586
426
470
462
554
550
476
364
396
488
366
490
522
442
424
566
504
460
356
338
424
476
460
446
366
362
554
392
358
680
438
622
478
406
542
602
574
408
530
384
424
556
380
706
448
416
552
412
600
398
650
428
550
488
380
358
470
434
440
486
492
450
356
646
388
414
588
488
548
524
520
456
612
540
440
416
586
486
598
672
436
506
660
474
646
522
486
498
440
472
640
398
630
396
440
456
454
534
558
510
596
590
482
518
584
426
576
400
432
424
574
478
550
542
518
362
642
390
392
610
428
376
418
552
520
458
558
470
402
422
682
486
536
480
618
592
778
666
586
442
540
538
454
510
666
484
578
464
416
406
582
624
406
670
450
626
618
552
612
528
440
568
564
632
646
402
492
406
376
554
420
550
584
568
454
400
492
672
520
628
450
388
440
532
522
514
390
516
480
626
512
680
526
388
444
656
518
430
562
424
466
452
638
474
472
446
388
670
672
512
500
410
488
624
574
496
482
364
360
582
470
514
450
494
478
394
416
520
602
476
394
398
372
358
542
388
382
436
452
528
520
472
510
456
424
358
652
506
412
654
384
538
482
550
560
498
556
488
466
446
432
592
544
522
656
406
570
498
534
370
452
420
432
502
412
644
410
370
534
420
518
404
454
396
364
466
370
510
488
522
426
476
438
454
652
450
410
364
542
476
502
606
386
392
506
632
474
400
382
522
452
510
470
508
410
392
664
408
536
564
446
476
488
442
370
400
364
390
566
648
606
564
538
554
422
482
414
530
536
444
488
448
494
446
586
624
508
408
528
502
406
466
584
526
482
542
410
474
608
500
448
384
358
376
358
356
366
372
674
408
498
472
404
358
460
428
574
382
606
520
452
502
436
458
390
380
358
376
396
524
440
460
472
416
448
460
480
358
374
502
448
478
576
416
386
510
474
470
398
372
546
466
458
486
456
428
592
528
546
458
630
510
580
538
568
716
552
460
486
474
470
704
398
706
518
652
722
506
542
702
478
466
456
378
566
426
638
572
602
466
426
700
548
696
474
580
520
654
712
596
456
540
576
504
522
552
446
398
624
494
412
640
504
542
638
706
434
634
562
520
578
486
420
494
378
628
622
502
448
546
530
420
492
420
484
626
512
536
498
536
436
432
410
686
612
702
580
652
458
458
466
474
632
448
418
536
646
626
398
594
556
618
376
412
710
532
614
644
432
410
412
472
376
400
424
762
468
580
602
420
438
496
494
404
660
434
508
720
404
586
508
524
404
596
624
674
492
600
488
526
446
426
424
508
536
672
460
386
580
438
408
448
534
460
450
522
658
500
466
504
374
432
708
606
448
508
430
384
604
496
496
434
484
576
492
540
554
490
406
606
438
546
562
426
434
608
452
472
634
502
456
428
460
384
652
658
396
486
492
440
450
462
456
550
432
482
466
578
544
506
666
418
522
422
532
540
476
500
442
642
580
594
490
454
528
464
508
544
410
548
486
470
628
444
678
686
736
520
466
452
478
688
412
470
502
528
418
500
402
698
680
698
406
586
468
366
690
538
550
574
404
372
530
436
550
644
550
544
388
466
666
674
558
496
620
652
428
534
454
522
566
426
636
474
638
452
516
602
574
450
522
410
404
676
508
608
400
450
650
488
440
606
618
492
374
688
404
516
396
486
534
492
444
428
488
446
688
436
620
392
394
378
438
466
492
394
400
412
404
580
584
410
632
574
442
616
430
510
490
398
528
606
456
444
594
508
552
542
530
488
370
426
654
492
526
428
388
606
476
498
394
442
436
520
500
544
832
504
408
534
528
518
606
468
584
458
468
524
440
546
550
494
676
404
554
460
454
496
622
390
648
550
518
404
400
714
468
462
528
560
576
400
634
404
628
514
632
692
628
672
692
458
636
534
462
432
564
560
546
430
458
404
422
672
676
510
700
408
388
558
458
400
598
486
430
622
462
538
500
474
578
448
552
668
422
700
472
484
480
550
434
618
518
572
420
708
678
474
550
574
500
482
508
628
804
422
496
606
634
486
552
472
406
670
494
578
526
468
482
428
580
416
600
504
444
416
832
548
532
642
682
488
510
434
566
418
560
714
414
472
548
374
444
378
496
530
372
372
646
420
550
528
522
530
420
524
420
568
602
600
582
488
444
564
816
490
518
404
526
524
710
434
580
480
384
694
552
576
478
436
588
502
490
644
452
660
544
654
680
692
472
508
474
626
434
438
606
662
438
580
718
636
676
748
532
726
454
544
650
450
614
626
686
586
592
578
520
648
578
604
406
618
396
522
576
640
560
554
596
518
410
508
652
644
496
522
570
452
454
448
488
632
526
430
452
622
576
474
594
536
680
420
544
462
386
564
502
594
516
498
642
546
728
580
596
378
540
626
406
606
584
734
414
594
512
496
464
704
686
564
566
662
500
450
554
574
620
494
556
540
498
628
508
532
560
464
392
638
408
564
446
642
406
548
414
510
472
646
400
512
412
536
410
376
700
446
424
474
550
484
414
648
638
424
542
700
394
440
446
710
464
520
414
528
430
514
608
402
464
646
484
420
648
416
608
476
616
502
474
638
618
476
658
592
496
490
632
584
408
600
536
646
524
616
422
554
508
458
566
400
658
660
632
466
450
598
608
742
420
652
576
482
388
526
438
480
568
510
676
456
572
484
424
426
680
418
558
694
412
672
448
556
522
508
392
516
508
412
626
488
516
470
564
546
412
612
562
376
500
482
410
374
444
384
384
428
588
524
464
414
512
398
528
430
540
538
414
420
404
414
612
684
436
548
418
636
524
534
450
434
552
484
590
386
536
402
392
602
418
528
594
384
398
572
518
520
520
434
542
496
432
442
602
532
472
488
598
488
614
414
602
486
552
518
504
450
682
382
534
522
510
366
404
358
578
452
456
568
500
524
426
580
632
462
662
620
526
432
536
606
548
480
468
622
460
568
420
584
398
404
670
716
482
594
518
528
500
538
688
460
696
652
616
692
440
488
548
494
458
484
604
500
598
622
484
480
578
668
430
602
422
582
400
516
704
512
480
540
550
428
526
442
426
404
590
548
516
476
574
424
638
520
556
620
522
648
536
546
434
432
396
682
524
464
472
548
552
456
680
474
626
634
406
628
458
478
584
460
588
682
608
482
494
502
400
580
486
438
544
462
434
650
450
506
648
564
510
684
470
426
676
624
642
542
482
478
546
480
554
668
558
448
590
452
608
570
692
408
504
470
498
374
616
578
412
666
534
622
418
532
582
544
766
598
704
588
554
442
582
470
722
526
420
440
518
644
390
668
408
698
534
498
650
514
500
368
574
480
416
690
416
552
464
476
532
454
454
428
700
516
468
418
366
410
656
518
478
380
624
424
600
468
466
490
406
452
466
578
616
552
504
526
510
570
416
592
486
664
698
558
508
680
452
606
456
698
422
524
462
452
448
558
532
544
634
604
686
524
642
562
582
448
524
612
506
474
464
386
642
408
494
704
482
448
578
502
648
702
448
806
416
640
402
396
628
510
532
558
520
428
480
648
388
430
744
562
514
480
470
572
700
550
456
584
500
384
614
428
496
482
434
550
430
404
516
540
508
452
536
600
906
634
460
464
424
484
462
564
494
658
504
530
448
628
402
450
530
646
500
596
412
688
454
452
468
592
410
406
606
414
656
440
404
422
550
470
440
598
496
518
648
470
484
624
530
446
490
544
366
416
710
596
480
490
412
588
770
532
508
592
542
502
710
490
586
488
474
540
472
634
820
466
552
590
472
584
382
388
806
438
646
644
584
586
662
562
464
542
446
532
468
602
380
542
456
388
652
698
400
456
496
548
484
544
520
544
634
612
466
382
674
430
442
482
368
470
612
528
404
580
510
406
512
476
408
486
478
418
396
518
464
630
452
426
494
472
472
396
610
570
462
420
578
488
612
444
502
680
538
424
422
632
398
476
536
374
670
488
414
382
676
406
464
532
454
540
532
490
398
630
510
462
382
406
380
388
612
646
410
366
436
374
376
382
476
540
408
418
456
644
366
470
376
358
388
626
384
738
406
372
392
394
610
578
428
488
398
390
636
386
362
376
606
668
560
414
546
472
486
546
444
502
404
540
526
660
642
510
528
450
396
474
660
578
532
558
708
512
496
444
416
436
642
646
508
664
394
410
606
426
404
424
554
476
420
410
642
398
554
496
452
556
454
526
424
562
424
390
512
504
468
466
514
462
658
494
496
508
388
380
478
438
544
620
690
628
584
554
544
456
606
594
470
436
450
368
474
434
616
420
714
518
470
520
504
472
458
688
442
546
596
664
422
638
576
494
496
448
520
798
660
474
676
420
784
564
398
576
512
456
554
506
666
480
452
682
494
596
450
572
488
622
502
670
632
692
568
582
464
628
672
594
608
560
724
484
470
618
416
508
534
440
610
396
534
508
510
514
582
468
426
402
420
596
502
478
438
746
610
570
494
668
588
568
578
448
568
472
554
582
458
508
678
612
496
512
474
476
600
416
442
430
530
484
592
388
540
640
834
544
436
388
610
384
524
674
520
444
408
504
492
418
402
412
372
452
448
582
418
502
476
426
358
476
520
436
380
410
374
404
538
390
414
390
358
540
520
430
370
370
578
430
374
580
408
418
470
408
450
450
410
372
368
520
408
412
380
540
548
416
444
376
472
440
542
530
480
554
370
470
564
544
408
408
376
662
450
364
364
370
370
494
450
442
388
500
530
378
510
358
624
564
416
532
448
358
364
352
362
580
540
636
506
446
396
500
452
408
370
360
534
418
502
436
518
490
514
534
358
412
454
504
600
496
538
448
510
380
504
512
582
664
510
596
438
472
390
422
530
462
478
504
624
434
668
560
470
376
456
552
500
398
428
574
440
378
408
514
574
420
608
556
464
408
590
440
388
582
414
534
436
478
474
444
706
508
504
678
730
638
584
646
490
422
540
404
540
616
436
590
734
502
674
546
404
404
406
394
508
538
524
540
428
600
410
724
608
468
718
418
600
634
550
398
440
578
506
492
446
654
602
584
482
444
488
394
428
502
534
568
714
422
648
480
590
516
456
506
442
498
432
660
426
444
618
490
528
504
556
452
500
564
496
662
534
562
544
504
420
502
744
414
678
474
448
602
460
494
424
672
514
518
380
392
618
502
420
388
400
598
592
654
560
470
376
624
522
474
396
552
736
542
672
650
722
440
608
564
622
478
602
404
630
668
638
528
596
556
624
666
444
714
542
568
466
450
618
584
424
380
604
566
500
582
440
572
532
710
688
502
518
686
498
660
512
680
418
464
512
502
560
612
478
730
546
654
472
440
524
444
526
584
418
398
618
620
892
464
436
606
638
450
726
606
452
600
528
504
672
756
556
580
662
436
616
418
484
406
660
562
410
420
562
624
616
660
538
472
410
634
494
468
464
750
566
510
652
504
512
602
550
394
406
414
584
484
648
502
450
440
700
482
704
432
748
660
592
580
480
662
492
436
650
718
468
400
698
438
638
700
714
548
590
646
508
620
436
550
670
462
620
528
544
764
474
518
476
580
556
552
388
732
412
484
534
684
552
554
412
692
442
520
576
614
410
624
558
546
584
474
414
664
504
422
662
600
496
410
402
746
544
598
422
570
390
736
640
672
640
428
570
560
520
622
566
514
526
638
422
672
418
680
472
566
506
604
480
692
422
516
552
672
534
586
608
502
660
444
636
698
746
402
704
672
500
486
566
528
698
692
518
416
380
572
518
630
570
510
480
506
564
440
556
710
650
704
650
422
582
640
508
504
678
524
474
654
618
414
472
638
522
610
592
460
468
664
658
570
524
544
630
514
672
568
592
422
578
512
562
642
410
506
554
584
620
666
388
448
586
416
634
574
544
492
486
536
582
518
666
428
676
422
562
460
512
710
406
390
658
632
550
446
626
610
414
514
590
570
666
486
388
392
644
400
572
528
574
528
496
488
432
398
430
492
510
510
410
570
500
450
578
392
686
518
458
454
566
382
504
680
556
580
416
556
404
422
474
472
528
432
542
492
384
526
590
592
770
616
570
528
494
682
446
538
562
460
504
592
464
554
648
486
528
554
498
578
574
482
562
452
606
508
366
524
498
572
678
610
606
674
536
404
610
384
548
594
524
540
392
458
678
398
410
440
458
436
616
486
664
574
516
460
512
498
552
520
700
656
486
394
672
448
608
626
530
484
490
478
420
534
476
424
576
536
626
498
400
508
426
442
462
404
472
534
494
994
642
506
474
542
642
680
600
470
618
536
406
702
604
494
574
456
676
420
730
496
512
442
508
568
572
526
666
554
644
416
384
394
380
698
398
632
640
678
402
458
470
530
402
430
598
498
428
390
542
556
638
592
404
572
450
468
702
394
560
658
468
538
418
536
580
680
604
494
480
468
444
634
644
648
454
706
458
702
496
410
382
466
536
616
400
416
642
642
440
560
458
488
604
474
680
504
422
412
398
424
668
590
472
572
456
568
472
488
640
532
692
522
670
580
540
434
588
766
528
544
404
558
420
420
682
566
536
572
532
564
438
500
698
504
518
474
464
380
426
390
502
734
510
372
594
554
446
528
550
630
568
364
582
434
402
546
412
364
464
646
398
568
426
414
454
372
448
558
398
368
560
586
518
588
610
386
396
584
480
660
412
608
402
532
496
424
470
624
422
566
634
450
692
488
538
478
412
680
394
694
546
670
508
620
680
588
430
722
406
576
658
490
594
594
656
434
710
672
408
644
498
386
520
540
584
748
676
614
578
408
544
442
444
416
546
626
532
520
418
500
394
688
768
598
448
584
482
578
484
538
392
710
480
400
532
544
420
598
482
398
612
504
580
544
544
534
588
516
618
474
514
576
426
636
588
456
544
516
572
428
574
566
516
380
394
664
482
460
610
406
488
564
594
382
406
558
422
646
416
646
484
414
666
630
648
422
406
654
730
412
554
590
450
596
440
518
706
552
502
464
628
462
634
562
450
442
538
534
488
434
490
522
682
596
472
670
470
554
570
604
612
516
532
598
476
470
648
610
458
478
672
616
510
530
632
428
400
652
666
412
388
394
398
508
508
468
512
516
524
778
478
488
598
462
668
612
522
676
488
668
448
580
430
672
480
568
514
668
398
586
714
416
492
448
566
696
450
508
438
654
688
386
836
550
526
684
662
618
640
430
520
526
620
452
528
546
520
422
814
700
520
534
584
390
646
608
548
508
454
494
576
424
602
450
462
508
666
424
584
430
698
528
502
664
540
496
550
448
466
668
460
604
658
560
752
576
496
484
582
506
610
722
616
428
500
606
548
488
592
432
798
514
666
434
692
506
436
696
682
558
692
424
644
540
564
648
460
540
648
676
534
538
412
654
470
724
466
704
600
420
440
488
408
484
518
490
474
630
442
716
418
566
516
660
450
678
522
468
426
534
406
448
618
672
548
678
434
604
540
632
762
488
616
676
780
444
496
464
574
690
442
608
396
582
484
624
690
450
754
480
498
646
482
396
438
558
388
470
382
578
472
508
512
462
606
652
566
492
598
490
626
578
428
566
604
426
682
488
472
562
628
548
444
390
552
654
674
628
428
590
502
440
708
474
590
808
746
400
496
586
506
520
378
548
430
676
626
490
474
678
456
654
588
516
542
526
576
560
456
608
400
402
418
604
524
622
734
576
648
674
498
580
578
458
618
536
462
586
502
508
528
694
616
454
452
522
554
610
516
632
558
696
402
580
466
750
478
416
498
442
514
450
574
810
562
732
422
744
440
666
416
568
572
478
480
466
550
572
988
766
550
512
600
544
678
678
648
476
658
598
446
540
750
544
568
518
696
610
1112
710
810
540
498
648
590
612
524
460
704
582
542
786
598
514
558
654
696
734
658
616
392
598
646
400
728
522
458
710
658
466
770
474
556
676
646
734
516
590
612
586
716
474
582
484
418
572
550
578
838
490
728
538
556
432
486
644
684
652
460
400
386
614
454
460
608
562
418
460
804
426
524
590
536
518
572
562
402
524
632
590
520
528
534
628
458
604
420
722
582
654
546
538
572
500
666
622
598
544
556
504
526
528
452
562
534
486
446
414
642
444
558
562
410
574
446
380
422
374
638
632
536
602
396
484
432
380
510
542
474
550
522
588
510
422
646
642
512
444
512
534
644
498
416
612
662
450
602
456
518
630
572
520
420
538
492
456
730
542
772
510
744
628
648
726
490
392
430
546
542
448
454
670
650
674
620
494
758
522
650
556
660
470
716
576
618
372
644
410
656
424
628
418
606
420
706
488
510
452
646
436
650
616
908
480
560
500
456
604
590
552
580
934
454
690
568
542
640
654
536
714
482
578
554
576
662
510
730
524
554
682
618
396
574
490
512
640
648
412
514
536
726
430
748
432
666
688
594
444
518
670
524
378
592
502
594
486
424
578
742
436
468
526
458
418
454
626
532
592
436
946
482
506
670
570
602
714
518
700
422
610
676
578
594
548
408
682
592
566
474
652
534
438
540
522
578
416
596
678
598
498
674
730
456
670
574
520
602
560
510
472
600
490
500
568
582
374
580
562
462
724
572
684
500
514
508
438
646
688
630
608
624
626
770
592
516
456
426
604
508
686
710
750
508
490
560
648
648
496
636
418
672
426
586
570
654
414
624
770
474
480
740
436
626
414
678
544
522
570
454
572
448
518
542
602
482
712
552
438
540
538
480
486
474
746
504
390
570
732
402
616
508
510
652
384
510
572
420
660
436
568
640
470
646
476
460
696
496
390
528
404
384
650
474
398
444
620
470
484
394
578
674
534
520
510
382
552
452
454
594
454
520
444
402
546
418
518
396
738
406
606
400
466
622
550
528
534
488
518
656
434
536
592
570
536
390
422
532
548
574
642
428
638
456
584
526
528
576
542
490
398
570
462
528
422
616
462
690
514
694
492
436
374
588
474
544
634
422
742
368
546
492
492
436
472
580
496
416
404
688
404
664
546
528
398
640
486
392
380
382
382
592
574
424
388
650
392
488
654
418
606
568
474
458
428
460
410
394
662
582
546
678
496
572
590
662
774
508
404
502
380
616
530
416
406
600
572
614
502
512
462
598
404
564
546
620
680
416
514
646
612
464
568
482
512
564
582
476
524
528
736
492
476
372
532
460
592
414
526
446
462
468
454
482
676
380
562
626
386
638
514
492
448
484
574
652
592
696
554
494
406
388
416
546
448
488
492
694
488
446
718
540
544
478
502
756
446
436
686
448
618
732
486
568
544
426
652
570
556
520
422
584
450
476
598
432
454
606
470
590
404
464
522
564
550
548
520
432
572
578
422
558
462
440
504
482
422
494
394
536
570
554
450
474
654
534
450
620
640
516
542
568
412
514
656
646
470
574
536
528
432
600
578
636
468
722
522
412
694
490
466
390
618
660
494
394
552
474
412
458
590
496
586
430
506
436
416
486
610
620
432
632
474
476
528
402
500
540
410
522
510
688
406
496
700
442
646
480
524
550
532
454
430
388
458
498
450
432
524
656
686
534
534
626
428
390
646
452
598
482
496
546
742
578
582
538
432
386
400
592
616
514
604
578
454
400
626
518
578
580
434
664
560
562
412
540
478
472
564
610
404
458
442
714
534
508
582
482
570
616
558
574
510
432
710
424
692
610
430
654
788
578
698
416
782
616
428
584
432
614
502
380
502
466
506
486
694
716
684
618
486
658
544
534
508
430
644
410
522
576
394
536
564
514
468
530
566
668
992
480
598
462
682
408
402
594
470
446
450
416
384
530
420
422
586
404
558
416
462
378
684
518
518
382
520
394
684
472
420
486
570
502
510
656
568
480
498
624
564
478
526
572
580
560
716
490
688
646
528
522
528
398
608
840
668
420
482
666
490
582
432
522
560
438
514
418
650
468
396
696
420
432
704
408
584
446
650
524
478
500
596
466
462
464
506
492
504
416
574
424
506
592
544
550
532
502
532
522
412
598
438
544
396
588
462
532
490
520
380
472
532
440
556
428
490
568
496
434
398
424
614
406
614
428
628
410
358
472
440
436
546
488
502
570
490
368
494
372
578
584
476
470
408
620
418
396
402
404
558
470
628
540
460
398
570
552
412
482
482
624
490
418
458
398
438
562
468
592
552
426
590
574
548
390
488
480
480
536
450
454
664
426
404
552
496
496
632
500
458
570
532
562
480
548
366
558
386
410
678
620
478
394
640
612
452
474
422
694
556
598
496
470
480
380
426
496
376
426
700
506
558
408
530
448
426
550
366
462
380
454
618
378
454
510
522
516
498
452
372
682
386
412
528
580
532
376
544
396
572
496
466
374
640
598
536
588
432
482
454
388
502
444
450
670
464
620
384
406
546
508
604
594
442
628
458
608
464
572
426
490
546
550
598
618
462
430
402
646
548
608
544
500
684
428
456
558
596
594
542
656
392
758
496
458
568
434
674
398
598
728
684
532
470
464
518
536
484
440
728
446
542
616
722
476
712
612
484
552
578
394
732
484
552
394
426
566
552
590
506
652
522
608
408
656
512
566
434
576
538
588
532
456
492
706
536
562
466
600
648
402
492
826
470
668
724
746
624
518
570
458
812
564
702
466
664
560
598
482
472
582
532
670
496
570
560
734
516
642
508
472
542
676
588
496
502
652
488
574
594
556
688
466
416
480
638
480
502
484
472
476
574
632
494
526
620
682
520
444
522
546
570
658
502
464
574
380
444
654
438
478
510
486
688
404
898
438
454
450
640
464
600
422
670
632
478
744
436
762
674
522
380
544
610
504
552
546
434
594
416
624
528
532
584
410
490
442
562
428
638
470
584
618
508
522
712
432
550
404
638
410
592
658
464
566
588
612
676
620
508
552
630
418
556
438
576
518
526
522
746
444
568
384
694
550
462
482
622
484
598
542
638
582
632
576
500
850
438
512
452
642
648
460
510
650
450
492
556
686
680
612
418
494
672
426
680
618
638
490
478
526
490
390
648
430
436
580
500
398
680
540
478
424
618
418
654
548
450
748
442
648
432
686
402
604
674
516
420
504
614
484
498
634
586
448
386
726
594
516
612
518
482
424
564
408
438
364
474
622
442
528
650
468
448
768
454
524
386
572
400
604
432
488
526
604
560
496
544
534
450
566
522
752
416
634
436
508
408
454
532
446
572
456
628
464
438
566
708
452
404
538
554
668
640
748
510
618
532
430
572
554
632
382
380
558
452
528
450
448
570
384
616
464
398
740
602
426
550
456
482
392
550
430
400
414
564
460
692
660
500
440
528
498
576
688
378
552
522
530
554
416
524
400
378
570
458
552
548
516
590
600
464
578
652
430
602
420
512
536
594
622
528
474
434
388
506
658
454
404
502
424
454
460
536
586
616
464
684
676
464
562
446
516
460
406
634
440
458
658
398
474
512
406
400
762
464
516
542
436
402
534
638
468
494
574
460
612
526
678
658
558
744
576
508
610
524
726
558
690
392
654
452
494
446
440
478
462
646
438
450
668
528
494
424
684
676
500
642
486
464
650
474
462
722
612
514
668
420
458
746
674
400
614
506
572
516
528
404
662
414
596
472
450
614
526
466
664
622
588
620
482
432
568
424
618
424
618
732
418
426
454
444
370
638
430
806
474
580
680
588
504
448
562
570
516
488
644
474
470
612
534
532
472
538
668
486
514
728
682
700
416
422
438
612
596
608
408
542
566
642
520
588
602
510
660
510
512
596
502
366
528
660
440
590
498
650
466
552
632
630
444
592
578
414
656
488
520
416
448
642
552
472
666
590
434
634
414
498
704
796
598
640
482
688
608
660
600
462
448
556
600
490
626
480
668
780
500
608
440
540
556
516
584
592
468
460
618
394
514
648
684
504
610
634
532
640
460
530
438
572
548
506
522
696
460
662
606
748
500
608
696
604
690
660
802
576
676
486
658
720
700
424
626
412
644
510
560
604
466
496
572
488
510
420
574
604
420
424
652
716
524
582
532
606
700
812
522
618
668
560
664
624
610
408
788
626
458
594
682
504
562
506
416
682
738
590
642
710
444
444
676
466
522
482
632
614
808
648
698
596
706
644
452
718
612
666
534
610
414
786
650
532
634
466
528
592
510
574
624
490
626
596
632
410
516
706
438
744
424
604
442
410
432
684
630
704
652
486
556
522
616
490
578
422
732
650
558
536
518
558
476
700
590
742
704
556
730
460
684
416
664
590
420
692
558
728
426
604
572
430
534
584
724
494
744
534
504
516
552
538
676
490
648
574
426
662
602
538
496
778
524
436
560
536
450
720
592
592
426
580
492
616
404
424
406
570
450
410
608
