1104
820
1098
1138
994
1152
1122
1046
1110
786
1130
1160
794
1134
1184
842
852
1142
1198
910
1152
1190
834
1154
1180
868
862
1178
1208
822
1172
1214
916
1290
1106
1220
852
1268
1320
1172
1196
1106
1142
762
1278
1172
784
1228
1172
808
1190
1150
904
766
1152
1158
1056
1148
828
1124
1150
866
800
1124
1102
832
1106
1154
828
780
1136
1144
822
1140
1148
826
1114
1116
874
1008
1138
1110
880
1094
1130
782
1142
1114
892
750
1098
1120
948
900
1084
1106
992
828
1056
1058
1088
1000
1044
786
1066
1048
860
914
1026
1086
1006
1080
832
1100
1132
952
794
1160
1180
800
1148
1182
818
1032
1090
916
1120
1056
854
1184
1094
990
736
1158
1110
1010
1118
1042
1084
1028
1036
792
1086
1112
838
1118
1154
1066
1182
1056
1152
806
1166
1174
856
850
1142
1204
932
830
1154
1112
936
816
1114
1140
1044
1130
762
1132
1140
1000
762
1188
1034
1128
1068
1086
810
1128
1154
862
912
1146
1224
912
880
1156
1202
816
1186
1178
862
844
1136
1156
1062
1126
880
1098
1172
976
770
1192
1132
984
762
1140
1034
1066
832
1068
1104
876
878
1076
1126
1034
1132
780
1158
1140
854
864
1116
1168
776
1150
1166
860
906
1114
1178
996
750
1198
1132
974
816
1158
1148
1048
1118
746
1166
1098
1008
1034
826
1074
1120
956
770
1132
1156
854
1146
1182
980
818
1146
1142
908
788
1144
1124
900
840
1122
1174
846
1146
1170
922
990
1196
1182
1002
878
1202
1084
1048
1082
744
1130
1116
944
726
1104
1138
806
1106
1132
844
876
1104
1154
792
1152
1170
982
1046
1110
1164
770
1162
1164
996
1086
1060
790
1226
1076
1148
1032
1108
1022
1012
822
1098
1114
1028
1088
1042
1092
780
1098
1102
1036
746
1212
1146
1038
1184
1142
1074
1144
960
762
1140
1118
1050
1114
742
1142
1138
968
866
1140
1180
814
1152
1170
872
834
1132
1162
894
832
1118
1132
1024
1106
766
1124
1118
932
792
1108
1126
902
832
1092
1136
1018
1112
748
1082
1046
982
1040
978
1050
1006
1030
1010
1036
776
1116
1128
992
812
1182
1050
1138
792
1134
1142
1030
1112
1024
1046
984
968
998
962
964
1008
798
1142
1128
1010
800
1196
1048
1120
802
1126
1166
1066
1140
832
1108
1128
1038
1086
776
1138
1126
1004
750
1154
1046
1128
1032
1098
764
1126
1084
840
1074
1058
1006
1046
1024
1074
1000
974
820
1096
1064
988
782
1130
1036
1114
762
1152
1134
990
1066
1108
1170
874
836
1120
1130
964
770
1130
1076
1024
1064
1018
1078
992
1030
978
982
790
1064
1060
1002
856
1066
1030
1048
848
1068
1108
948
794
1124
1036
1094
1042
1006
1070
756
1162
1028
1088
1012
1050
802
1088
1092
840
812
1090
1100
1026
1066
762
1096
1076
1024
1052
998
1018
960
978
950
990
978
978
940
1018
796
736
1110
1144
800
1094
1090
1040
1068
1026
1080
1006
1006
1028
798
1154
964
1284
770
1148
840
1210
1112
760
1132
1018
1068
970
1030
986
1006
974
998
958
1014
820
966
998
976
1006
978
882
958
938
926
932
940
946
968
982
974
1006
970
1020
988
1042
970
710
1126
1014
1084
1024
1072
1022
1056
792
1098
1104
964
754
1134
1032
1094
980
1022
1004
998
964
1006
990
1042
1002
1044
1004
1018
978
984
1040
794
1124
1026
912
728
1104
1040
1052
1020
1004
1018
758
1044
986
1004
1056
750
1042
984
968
994
974
982
976
1018
978
1008
1010
986
964
1052
844
1126
1028
1088
984
986
968
978
954
978
822
1044
1098
834
1056
1104
1010
708
1120
1034
1104
1002
776
1142
1010
1094
790
1078
1074
982
842
1070
1030
1100
798
1092
1086
944
790
1104
1076
866
748
1056
1046
978
1040
798
1058
1070
984
720
1142
1012
1090
746
1096
1056
1004
1048
996
1046
810
1088
1114
812
1080
1086
992
776
1110
1046
1106
1030
1078
792
1102
1108
1006
1070
1018
1062
1018
974
1008
800
1108
1106
1018
1074
812
1010
1066
996
1004
956
948
958
950
986
964
1038
848
1040
1098
1012
1054
1002
1018
1028
852
1094
1042
1066
1010
1044
778
1066
1066
978
770
1094
1044
1084
1032
1016
814
1136
1110
988
724
1140
1060
1118
1038
1070
966
732
1108
1056
1000
1014
964
950
976
962
980
976
990
1006
998
1002
1036
796
1090
1092
1014
1038
982
1000
958
1012
798
1052
1050
1110
1008
1070
786
1106
1080
1014
1018
988
1010
996
1020
994
994
1006
780
1144
1034
1082
1046
1068
786
1126
1070
1024
706
1162
1024
1102
1030
1080
860
1084
1110
830
968
968
1070
880
784
1212
1050
1072
1010
984
968
938
936
964
950
970
964
990
974
1008
982
1054
992
1036
990
998
1014
1024
984
1050
824
1076
1116
966
714
1126
1000
1082
1008
1072
796
1094
1102
1010
1064
796
1068
1044
1000
1032
990
882
934
1044
1068
1000
1046
1008
988
1042
820
1158
1038
1126
1032
1014
982
940
982
808
684
1088
978
1046
874
1038
1086
1004
1052
1000
1038
992
1036
762
1082
1056
1006
1000
984
1030
1022
852
698
1098
1004
1036
996
1000
954
764
1110
1096
1032
1056
1012
1044
786
1096
1040
996
1026
926
670
1096
998
1008
992
1002
840
1022
1034
966
976
898
720
1022
990
954
984
966
972
972
966
968
982
970
978
998
970
988
1000
1018
778
1006
1028
1090
994
1010
1004
784
1108
990
1042
1002
1014
966
1010
786
1064
1016
978
980
950
948
958
954
954
936
944
952
934
954
942
976
940
960
994
972
998
756
1072
1046
988
1024
966
990
960
968
956
908
932
946
966
984
986
1006
934
1008
962
770
1146
1072
1026
778
1166
1050
1082
1028
1024
896
714
1130
1020
1062
1020
1018
1002
990
1014
804
1104
990
1050
814
1054
1060
880
790
1070
1078
1016
1060
1012
1026
986
792
1148
1028
1034
732
1200
1134
972
762
1180
1090
1122
768
772
1244
1086
766
1126
1014
1032
950
710
1102
1050
986
1048
980
1024
990
1018
956
968
954
972
964
1018
842
1044
1082
1006
1068
1000
1024
996
1038
886
988
962
1008
778
1092
1000
1030
976
1008
964
950
1024
778
1098
1018
1068
984
1028
980
1000
988
998
774
1046
992
998
1026
964
980
974
994
964
964
962
948
936
932
978
954
962
912
920
914
918
928
968
962
978
948
984
768
1050
946
954
940
930
922
932
910
928
928
930
952
980
958
968
962
964
948
956
970
982
944
966
954
984
950
950
932
916
882
890
904
926
934
946
964
974
958
962
886
908
930
904
898
918
910
914
922
908
914
906
890
958
954
946
930
944
870
708
1068
1014
968
982
960
982
962
940
942
946
950
940
940
940
954
938
934
938
922
918
910
900
904
936
946
920
926
950
920
924
930
908
920
922
942
750
1034
992
930
684
1076
976
1064
988
1000
974
994
756
1066
1040
904
722
1050
994
952
954
936
948
954
992
956
1030
992
1038
990
1024
828
1080
1090
960
762
1122
1000
1072
1016
1068
1000
1046
988
996
1098
760
1034
976
960
968
936
940
938
970
946
750
1044
954
954
936
964
952
982
954
992
966
1028
842
1066
1026
948
724
1136
1060
794
1048
1104
910
748
1076
1036
996
1000
992
1002
970
962
948
966
990
976
1010
810
1118
1010
1082
1018
1080
1000
1036
988
1058
826
1020
1088
1070
1026
1004
998
1022
858
978
986
1022
822
1068
974
988
888
706
1118
1064
1006
1058
992
1016
990
1000
958
942
962
1014
884
934
694
1110
970
1008
972
978
958
952
958
992
830
1018
1038
972
984
942
964
928
920
928
928
948
964
992
988
1002
964
972
1000
958
884
1004
802
680
1084
978
1020
976
982
946
956
962
966
958
950
946
934
942
948
952
946
956
946
930
952
964
952
926
922
954
938
952
918
920
934
930
936
942
928
942
940
946
938
938
954
954
956
972
960
964
976
970
1008
786
1056
1038
984
1016
974
982
964
960
954
982
952
954
964
980
948
926
928
926
980
824
1012
1024
954
970
966
966
960
974
968
982
980
956
1010
1016
988
1012
1030
1024
1042
1066
974
1042
1058
982
1032
978
916
1004
858
1040
1000
908
960
1034
774
1122
1002
1000
988
974
984
904
964
978
926
936
908
900
886
880
884
864
864
862
860
860
874
872
876
876
888
896
902
940
936
950
1070
768
688
692
1126
996
976
944
912
794
888
878
880
890
896
922
938
944
948
946
958
968
964
954
960
970
938
934
956
952
944
956
942
924
940
944
936
968
948
958
974
956
960
982
970
954
978
964
954
974
968
954
958
1000
966
982
966
984
974
970
982
958
904
1010
932
658
1086
968
968
944
956
936
936
942
954
962
956
956
942
894
982
966
930
878
880
872
888
880
880
882
864
854
836
814
816
788
794
774
808
820
810
774
806
800
796
800
782
794
788
782
780
782
786
786
780
782
774
780
768
778
772
764
778
788
786
750
804
780
796
812
810
812
802
802
800
802
812
804
814
824
838
844
816
850
850
846
842
834
834
826
840
850
856
880
880
890
900
892
900
904
898
888
872
884
876
894
896
894
890
872
876
894
896
886
882
894
888
888
898
898
900
916
914
906
916
908
906
916
898
890
888
880
884
892
902
902
924
922
922
918
908
928
902
906
904
882
882
886
886
888
874
890
886
918
916
924
918
910
912
900
910
900
916
894
894
902
886
888
874
870
884
888
876
872
886
890
898
902
872
886
870
880
890
886
874
890
878
868
886
886
882
880
878
850
866
872
868
886
864
888
900
888
900
894
894
900
892
898
900
886
910
912
884
902
898
892
896
900
896
910
900
880
890
884
886
884
882
894
886
884
898
884
876
868
858
866
866
868
878
874
872
876
868
884
866
868
872
876
902
894
884
888
886
890
862
882
882
876
870
866
856
870
860
864
882
870
874
880
878
890
882
892
876
884
876
884
882
862
848
836
868
864
874
894
892
908
908
904
914
914
930
934
930
928
918
920
932
892
972
936
928
848
1000
816
722
1090
962
974
936
934
948
936
890
978
872
660
1074
958
950
908
888
882
870
872
834
916
876
888
880
880
896
886
882
896
892
898
882
888
872
874
870
854
858
888
890
894
902
900
906
912
910
920
916
928
924
906
910
898
900
904
896
916
922
920
932
936
932
930
934
942
932
948
942
930
932
936
918
912
928
908
926
932
918
948
946
954
942
948
958
954
942
936
950
944
936
880
992
706
1082
956
954
940
948
950
926
892
888
900
890
904
908
868
952
914
890
906
908
896
900
904
892
888
892
890
894
884
878
888
876
898
926
922
930
936
930
920
928
926
930
928
924
930
928
926
934
938
924
940
924
926
938
934
932
932
930
928
934
926
920
934
850
1002
776
636
926
870
866
870
892
886
912
906
916
906
908
928
862
666
1050
948
934
918
904
896
904
906
894
904
908
902
916
920
918
918
892
912
910
904
912
914
914
896
896
828
990
776
1062
928
938
910
918
902
916
838
948
816
1064
994
900
774
1060
998
750
1082
966
950
694
1116
976
984
994
954
964
942
930
956
850
954
930
930
908
888
906
920
916
932
952
958
978
832
1062
1022
1004
1024
978
896
1060
798
1082
1032
882
680
1108
1026
998
1012
970
958
964
818
1060
986
960
968
974
968
950
954
976
850
704
1090
994
1020
982
988
988
976
972
988
958
960
768
1112
962
982
956
876
994
936
844
1040
802
1082
940
946
908
896
910
908
924
930
928
952
940
930
926
934
938
924
932
950
932
940
940
948
954
942
930
946
938
934
930
954
776
1058
998
938
660
1088
982
994
972
954
942
952
950
974
984
958
990
782
740
1070
1018
1002
728
1120
994
1028
876
692
1106
1028
982
988
976
1002
978
1006
992
998
934
1000
742
734
1112
1018
982
1002
1006
746
1048
854
1028
866
662
304
772
954
940
924
920
926
926
930
952
942
948
958
948
960
958
954
966
876
1034
904
1024
732
1098
1022
968
674
1126
1030
1006
996
998
1010
958
1006
888
982
894
874
1022
784
794
1122
1034
1014
982
994
860
888
1058
756
856
1046
936
988
760
1076
1010
986
968
968
932
924
952
958
950
964
984
956
948
962
1014
806
1124
1014
1032
1016
976
992
774
1114
1056
1022
1038
1024
884
994
1046
1012
902
980
1024
844
1034
970
870
1026
1010
1042
988
1002
782
1110
1086
874
694
1122
1012
998
1008
994
996
980
1024
752
688
1128
992
1034
1006
838
1006
978
898
1058
952
686
1136
984
1030
1012
1010
948
828
1018
1012
784
1048
1004
924
1024
772
782
1090
1070
736
738
1102
1026
886
928
1064
992
980
814
1072
1032
992
680
1118
1024
1010
672
1142
1030
1028
1022
1028
1034
1006
1010
1010
1000
894
886
1072
880
696
1148
1044
984
692
1154
1002
1024
998
976
988
932
1008
740
728
1098
1014
1006
690
1136
1006
1036
998
996
1018
954
1022
748
1034
1002
862
926
1056
1044
796
838
752
1142
1074
1020
1020
1010
998
1006
942
1048
1038
1014
770
1206
1064
1072
1016
866
1088
778
696
1136
1028
1018
956
938
946
826
780
1008
968
890
684
1042
930
950
920
928
934
924
944
942
940
926
918
828
984
928
908
892
878
856
870
868
862
860
882
878
872
866
872
864
874
894
892
916
924
938
930
936
920
904
936
914
890
888
852
824
998
702
1060
948
962
940
924
906
948
948
954
950
736
1044
954
952
938
950
950
948
930
988
698
1108
1032
1028
1000
968
962
960
932
902
906
928
944
936
954
964
962
968
972
866
1050
1024
974
990
1026
990
890
1036
820
680
1124
1000
1022
972
972
972
960
980
982
982
972
862
1086
704
1126
1016
1002
696
1132
984
980
988
974
986
958
770
1030
1052
938
654
1112
1004
1032
988
1006
874
1036
910
866
1054
702
1074
960
952
908
928
924
932
932
938
934
918
920
938
944
936
938
928
912
910
890
904
920
902
918
938
922
926
966
862
688
1112
1030
1000
1014
990
990
990
976
988
972
856
952
1046
672
1114
1004
986
1002
980
966
978
966
958
960
958
954
984
948
948
950
942
956
946
928
866
1026
1008
958
942
984
954
752
1088
1020
978
978
980
958
968
970
948
936
952
854
1034
908
662
1096
988
962
926
904
906
906
856
966
686
1054
930
872
918
912
902
888
878
880
802
884
868
900
848
660
996
918
890
842
880
872
884
870
846
848
820
814
828
814
802
810
812
836
842
860
814
934
920
908
910
894
876
874
860
836
840
846
882
886
910
944
908
932
966
930
918
914
922
920
896
858
840
842
820
814
850
852
858
868
870
880
896
880
908
896
924
936
922
936
976
814
660
1102
982
960
932
922
896
880
848
832
826
820
824
838
848
878
880
894
908
904
938
960
916
940
930
918
948
894
654
1100
984
986
966
968
966
956
944
954
940
918
894
930
918
908
890
886
874
814
858
866
860
824
826
932
736
988
890
918
898
900
930
920
924
942
950
946
960
924
928
924
816
996
804
656
1094
994
1020
984
988
898
996
950
942
930
936
928
926
930
940
888
978
986
956
946
954
950
942
952
942
946
960
796
1064
1004
884
678
1040
932
910
886
890
888
896
894
910
902
918
908
912
936
920
934
930
938
940
938
920
874
990
966
714
1080
998
974
964
968
972
966
974
968
912
920
1026
708
1124
986
1000
976
962
970
954
800
684
1102
1022
972
996
964
966
878
868
1036
1036
964
888
990
954
914
924
934
952
936
916
924
914
912
916
912
928
938
914
918
922
924
916
928
914
912
928
916
814
804
1008
886
660
1068
966
974
948
934
960
946
938
952
934
944
948
936
936
950
936
946
958
942
938
856
1038
894
656
1100
976
990
944
954
952
942
944
966
946
948
950
938
950
944
948
940
928
920
924
930
830
1026
708
1076
948
964
954
944
948
946
826
1006
960
942
928
976
944
940
958
870
998
948
646
1114
978
1000
958
954
970
958
944
968
950
948
960
960
954
970
804
1070
1004
964
970
968
976
960
972
930
934
974
822
1036
976
840
978
1024
668
1100
988
990
968
956
954
954
952
944
946
938
928
918
924
934
892
926
988
760
682
1084
964
972
962
952
952
930
914
912
924
916
914
850
824
996
968
924
916
924
910
932
938
932
950
958
948
936
930
876
1004
924
916
930
942
918
918
904
898
900
854
938
910
906
936
930
918
926
930
920
912
882
956
932
918
924
924
930
928
910
916
912
916
926
932
924
924
926
940
938
928
926
928
918
892
906
906
888
902
898
896
898
914
934
926
884
976
930
930
920
904
912
922
920
904
914
914
918
938
928
926
908
916
914
904
926
922
916
912
906
912
904
904
908
896
898
894
892
894
890
900
900
898
896
910
908
908
902
898
906
898
902
906
900
886
888
892
884
890
900
886
894
892
890
888
884
872
908
888
872
878
876
884
822
946
884
890
876
878
882
894
914
904
898
894
914
912
914
926
914
924
922
918
916
930
924
904
814
916
968
992
1002
974
964
960
948
906
916
902
920
900
904
900
894
900
892
888
892
890
886
896
890
894
898
884
896
902
896
904
914
914
902
912
904
878
852
824
972
738
698
1042
918
910
890
880
868
872
876
880
888
886
888
876
882
886
882
880
874
876
872
866
870
862
870
880
864
856
864
858
866
874
876
868
870
868
864
864
886
890
884
902
906
892
892
904
902
1110
682
898
892
898
914
910
908
898
916
868
848
996
798
774
1074
928
914
910
898
902
902
882
912
918
906
912
910
906
900
910
914
894
906
916
904
902
906
900
910
906
908
906
914
916
834
1010
946
924
898
898
814
816
1016
718
1056
912
896
902
882
890
886
864
870
860
856
854
868
858
874
860
860
860
864
860
850
840
840
840
844
844
856
850
874
798
862
696
982
882
916
904
910
894
878
858
852
862
848
850
862
870
868
876
872
864
870
858
876
862
872
876
872
888
878
880
870
860
866
846
878
876
876
882
870
872
862
878
882
866
866
868
864
854
860
852
858
850
852
856
866
876
878
898
898
868
920
910
886
892
890
896
886
872
886
874
892
888
894
884
878
876
878
862
880
882
864
850
844
854
840
852
856
870
888
890
892
896
898
892
890
898
892
884
896
896
886
886
878
886
888
888
904
904
902
906
890
888
824
956
894
882
876
890
878
884
886
876
878
872
874
882
874
874
880
868
884
868
858
886
878
882
898
902
894
900
904
892
910
908
902
904
910
910
924
922
922
910
924
922
908
926
916
916
908
918
898
892
904
882
868
882
826
802
824
1030
946
914
904
894
898
892
900
888
882
878
878
874
866
872
874
878
892
884
892
898
894
896
892
910
898
906
914
902
912
900
890
906
900
910
912
914
900
914
928
908
922
924
902
920
926
912
924
924
910
920
904
896
898
904
876
900
912
884
894
900
902
898
900
902
894
896
888
884
892
874
890
902
884
880
896
1158
1264
1134
930
1138
346
1024
994
1012
878
1080
946
956
928
910
890
882
876
810
772
828
1012
928
904
892
892
868
922
884
900
906
882
890
856
832
990
884
894
892
886
892
898
894
882
894
886
870
878
902
842
944
908
894
910
908
888
890
874
872
870
872
864
860
882
864
868
870
860
868
880
882
884
888
884
872
888
896
886
890
892
888
894
900
902
888
896
920
892
884
902
908
900
830
784
800
874
1046
708
1102
960
954
912
900
468
1078
914
898
890
866
870
864
856
846
830
840
832
828
834
842
844
844
842
846
852
848
848
858
852
856
852
870
872
876
890
888
884
874
894
878
884
884
920
886
888
876
866
878
878
866
876
876
876
884
874
888
886
884
884
868
872
868
880
882
880
876
876
876
878
870
866
882
890
886
888
886
896
882
886
896
890
886
906
926
896
914
902
802
986
912
892
874
874
898
882
902
898
890
890
870
858
804
824
828
826
824
866
834
858
848
842
832
828
828
828
830
824
864
860
866
878
894
886
888
888
874
886
866
860
882
878
880
878
876
876
868
874
886
892
900
908
940
926
948
960
966
956
920
660
1108
1006
970
688
1140
1040
958
968
950
938
910
814
986
908
892
912
916
912
914
922
910
934
950
782
696
1078
992
978
992
708
1106
1058
1008
1034
984
976
976
962
994
976
988
980
1000
1000
976
938
1002
854
954
972
884
1070
800
678
708
1176
1068
744
1132
1054
866
700
1112
1022
996
656
1132
1000
1008
972
958
942
844
816
996
970
712
1050
986
950
648
1102
978
1024
972
