856
1134
1078
1068
1120
1084
1094
1112
1110
1110
1132
1136
1146
1130
1172
1290
1226
1266
1218
1180
1148
546
1228
1194
1144
1166
1142
1130
1136
1116
1112
1100
1138
1136
1132
1138
1192
1108
1162
1146
1120
1158
1128
1146
1148
1108
1116
1118
1124
1136
1108
1140
1110
1134
1108
1110
1168
1122
1144
1130
1156
1158
1150
1140
1128
1066
1128
1108
1080
1114
1100
1134
1120
1124
1110
1112
1134
1128
1108
1104
1106
1088
1128
1122
1126
1110
1094
1096
1116
1124
1138
1116
1134
1132
1126
542
614
1028
1100
1072
1094
1080
1088
1094
1066
1072
1078
902
1126
1126
1086
1166
1116
1092
1106
1116
1100
1102
1160
1198
1182
1158
1172
1142
1132
1122
1132
1138
1118
1110
1112
1082
1084
1070
1070
1054
1060
1036
1058
1040
1036
1032
1036
1014
1056
1112
608
1156
1126
1106
1098
1076
1038
1060
550
1106
1124
1086
1092
1016
956
954
998
1068
1036
1020
1054
596
1158
1120
1060
1096
1110
1058
1056
1080
986
1056
1050
1056
1068
1044
1070
1042
1056
1050
1044
1052
1054
1040
1072
1034
1058
1060
1056
1040
1076
1042
1072
1066
1056
1072
1074
1046
1076
1048
1064
1062
1050
1076
1070
1066
1138
1066
1060
1064
1084
1054
1046
1068
1060
1082
1050
1078
1054
1058
1060
1070
692
1488
1072
1076
1046
1054
1036
1054
1104
1010
1056
1042
1018
1050
1054
1050
1040
1090
1066
1060
1076
1062
1072
1088
1060
1104
1070
1066
1078
1056
1058
1196
1006
1084
1060
1046
1056
1052
1032
1030
1052
1060
1068
1056
1046
1074
1058
1042
1142
1062
1082
1074
1066
1076
1082
1066
1120
1086
1110
1084
1066
1096
1066
1076
1078
1062
1088
1052
1076
1070
1046
1076
1074
1062
1104
1092
1090
1094
1104
1098
1088
1082
1068
1090
1104
1104
1094
1108
1122
1106
1100
1092
1100
1068
1100
1062
1064
1090
1070
1096
1098
1110
1084
1078
1090
1076
1096
1092
1072
1098
1096
1080
1098
1092
1112
1082
1114
1106
1082
1128
1096
1088
1118
1090
1088
1126
1064
1126
1116
1084
1160
536
1154
1188
1140
1178
1118
1118
1090
1114
1108
1078
1086
1100
1092
1142
1090
1128
1142
1104
1124
1078
1118
1118
1084
1116
1102
1094
1116
1098
1084
1130
1094
1140
1118
1108
1110
1132
1112
1110
1134
1130
1104
1130
1104
1138
1128
1116
1136
1108
1134
1142
1120
1120
1084
1116
1084
1106
1092
1074
1082
1094
1084
1074
1082
1126
1098
1102
1114
1090
1116
1088
1126
1096
1110
1112
1112
1112
1084
1108
1098
1086
1102
1088
1102
1102
1092
1120
1088
1018
1104
1066
1110
1232
1024
1126
1090
1092
1112
970
1142
1086
1088
1108
1082
1100
1084
1084
1082
1076
1138
1094
1106
1094
1094
1116
1104
1104
1094
1080
1086
1110
1098
1084
1100
1088
1104
1090
1056
1158
1040
1088
1104
1082
1086
1078
1090
1138
1124
1136
1148
1114
1150
1126
1130
1110
1110
1110
1152
1142
1138
1146
1128
1154
1136
1134
1150
1156
1110
1096
606
1166
1152
1086
1122
1122
1036
1080
544
1202
1138
1066
1134
1094
1090
1160
1100
1138
1202
1160
1172
1176
1166
1136
1154
1154
1116
1152
1108
1116
1132
1144
1154
1136
1148
1166
1160
1142
1168
1174
1170
1162
1156
1178
1162
1152
1146
1142
1138
1130
1122
1136
1112
1106
1172
1114
1136
1142
1146
1134
1092
1118
1092
1088
1090
1090
1098
1084
1112
1152
1098
1130
1134
1092
1116
1102
1112
1110
1086
1000
1134
1110
1086
1112
1104
1100
1106
1098
1118
1088
1120
1104
1108
1116
1128
1124
1108
1110
1114
1078
1102
1092
1102
1086
1100
1188
1106
1106
1122
1098
1122
1098
1124
1106
1084
1108
1076
1104
1100
1084
1098
1112
1078
1154
1086
1088
1088
1120
1094
1098
1102
1078
1128
1112
1120
1124
1126
1122
1128
1136
1104
1132
1124
1098
1124
1114
1106
1126
1122
1100
1128
1118
1106
1138
1162
1158
1164
1160
1124
1152
1130
1112
1146
1122
1116
1150
1106
1128
1148
1096
1114
1120
1096
1144
1134
1142
1132
1082
1136
1098
1112
1124
1092
1110
1118
1106
1090
1114
1120
1130
1136
1186
1094
1126
1102
1092
1120
1104
1136
1134
1126
1118
1094
1100
1094
1142
1116
1180
1084
1110
1092
1116
1106
1122
1118
1096
1114
1082
1098
1108
1146
1112
1122
1150
1112
1148
1206
1114
1152
1164
1144
1170
1152
1172
1152
1152
1210
1200
1194
1176
1190
1102
1130
1138
1110
1134
1116
1122
1158
1134
1184
1134
1130
1144
1118
1212
1160
1150
1192
1142
1156
1126
1144
1164
1112
1130
1118
1122
1152
1110
1132
1172
1158
1208
1182
1138
1182
1120
1134
1138
1150
1134
1126
494
1206
1148
1124
1164
1096
1110
1124
1092
1140
1152
1124
1188
1154
1124
1134
1202
1236
1324
1220
1234
1216
1152
1184
1178
1192
1180
1184
1192
1116
1144
1124
1118
1174
1118
1160
1194
1104
1156
1144
1112
1174
1212
1206
1192
1180
1210
1126
1136
1164
1150
1136
1170
1150
1170
1180
1150
1166
1178
1156
1152
1148
1184
1148
1178
1192
1160
1190
616
1252
1236
1210
1144
1190
1186
1152
1150
1158
1150
1160
1168
1152
1166
1148
1136
1170
1170
1160
1150
1194
560
1224
1248
1176
1232
1106
1164
1168
1162
1180
1152
1190
1196
1180
1186
1170
1172
1166
1186
1144
1172
1110
1110
1130
1138
1090
1114
1100
1186
1124
1102
1144
1132
1108
1260
1080
1246
1060
1146
1124
1126
1144
1098
1144
1112
1090
1130
1084
1114
1134
1142
1086
1100
1092
1110
1100
1168
498
634
1030
1138
1096
1126
1120
1114
1106
1082
1080
1102
1064
1066
1118
1080
1176
1126
1118
1144
1106
1144
1156
1134
1156
1130
1122
1102
1126
1116
1110
1110
1108
1076
1118
1092
1086
1114
1100
1088
1114
1094
1098
1108
1110
1124
1120
1092
1108
1086
1128
1188
1126
1156
1158
1130
1164
1140
1142
1130
1120
1118
1134
1106
1106
1096
1160
1098
1098
1114
1160
1246
1200
1148
1164
1146
1134
1156
1170
1154
1186
1190
1160
1178
1126
1170
1118
1122
1188
1102
1140
1122
1140
1124
1118
1134
1168
1122
1104
1142
1104
1138
1154
1028
1172
1130
1112
1140
1148
1140
1100
1114
1118
1096
1066
1130
1096
1100
730
1532
1132
1110
1080
1080
1112
1094
1116
1096
1086
1110
1086
1096
1090
1094
1102
1100
1068
1094
1114
1096
1114
1110
1128
1122
1132
1130
1074
1132
1134
1072
1098
1080
1076
1066
1072
1094
1064
1078
602
1234
1252
1042
1152
1086
1084
1060
1056
1066
1102
1102
1078
1122
1102
1112
1098
1120
1088
730
930
1206
1158
1094
1032
1108
1092
1088
1110
1096
1108
1096
1146
1098
1106
1088
1110
1086
1080
1100
1092
1092
1104
1074
1072
1096
1096
1100
1082
1100
1138
1092
1110
1074
1108
1078
1104
1100
1084
1102
1094
1092
1108
1068
1086
544
596
986
1108
1080
1166
1076
1070
1068
1058
1060
1100
1084
1076
1124
1082
1138
1104
1096
1110
1082
1114
1110
1086
1094
1114
1080
1088
1074
1092
1068
940
1236
1132
1096
1186
1120
1086
1122
1106
1082
1104
1098
1116
1108
1128
1102
1094
1134
1108
1146
1122
1144
1140
1128
1120
1140
1116
1096
1128
1104
1116
1136
1086
1134
1104
1090
1118
1102
1072
1104
1098
1082
1104
1090
1086
1082
1100
1100
1134
1108
1132
1100
1078
1062
1072
528
1212
1130
1092
1144
1090
1084
1098
1108
1086
1096
1132
1154
1118
1152
1136
1138
1140
1126
1106
1120
1180
1146
1136
1120
1104
1110
1116
1092
1104
1092
1098
1094
1112
1120
1052
1090
1210
1088
1096
1146
1136
1124
1136
1230
1172
1176
1198
1184
1160
1188
1126
1128
1156
1122
1122
1118
1142
1116
1090
1118
1108
1102
1096
1134
1090
1172
1106
1096
1114
1116
1126
1108
1124
1194
1194
1160
1192
1214
1192
1194
1218
1184
1204
1204
1218
1190
1166
1152
1188
1076
1154
1118
1110
1140
1168
1136
1264
1208
1188
1194
1164
1170
1180
1138
1144
1156
1134
1152
1174
1150
1148
1160
1226
1354
1240
1238
1192
1224
1176
1174
552
1230
1232
1154
1176
1168
1166
1182
1170
1186
1238
1240
1212
1216
1208
1216
1170
1188
1120
1158
1194
1176
1196
1186
1174
1172
1188
1192
1174
1154
1126
1164
1130
1094
1120
1186
1118
1124
1126
1140
1114
1122
1214
1224
1134
1176
1176
1144
1182
1144
1172
1164
1130
1160
1154
1096
1146
1112
1096
1126
1104
1124
1100
1126
1244
1194
1156
1180
1142
1178
1172
1172
1168
1128
1166
1156
1070
1152
1104
1108
1140
1124
1122
1110
1124
1104
1122
1098
1126
1140
1142
1140
1142
1152
1136
1164
1062
1140
1178
1164
1156
1156
1180
1176
1158
1138
1140
1138
1124
1130
1128
1156
1160
1170
1138
1124
1154
1120
1114
1146
1118
1140
1128
1126
1134
1134
1144
1122
1154
1130
1156
1168
1128
1128
1134
1142
1106
1142
1126
1106
1108
1148
1114
1132
1102
1126
1116
1126
1140
1090
1098
1114
1142
1182
1114
1154
1130
1148
1140
1118
1146
1106
1102
1118
1092
1120
1098
1096
1202
1084
1114
1118
1086
1126
1120
1102
1132
1108
1128
1104
1092
1148
1120
1134
1150
1148
1140
1122
1092
1136
1092
1086
1084
1102
1108
1164
1100
1134
1144
1130
1144
1160
1112
1150
1108
1116
1170
1114
1166
1132
1120
1160
1154
1156
1146
1132
1150
1124
1162
1150
1152
1150
1168
1152
1126
1128
1132
1126
1112
1150
1126
1164
1164
1166
1118
1148
1118
1128
1128
1142
1100
1090
1124
1124
1116
1088
1100
1100
1072
1070
1096
1038
1126
572
1206
1192
1102
1112
1120
1098
1080
1098
1084
1098
1128
1104
1170
1138
1160
1178
1176
1168
1146
1172
1158
1166
1128
1142
1162
1154
1152
1166
1146
1170
1144
1170
1162
1124
1170
1114
1134
1172
1144
1164
1134
1154
1132
1160
1156
1158
1178
1146
1140
1146
1192
1176
1152
1152
1152
1158
1170
1148
594
1242
1204
1174
1184
1176
1150
1158
1160
1158
1138
1158
1168
1174
1140
1124
1150
1116
1116
1142
1122
1156
1136
1126
1146
1156
1162
1126
1138
1150
1128
1152
1140
1116
1138
1110
1126
960
1080
1164
1162
1156
1142
1144
1120
1136
1154
1200
1150
1162
1186
1204
1190
1182
1170
1136
1166
1140
1130
1158
1108
1114
1124
1110
1132
1216
1164
1186
1162
1166
1128
1144
1120
1110
1106
1098
1096
1108
1092
1112
566
1204
1184
1122
1160
1150
1138
1104
1130
1128
1088
1108
1142
1162
1118
1144
1126
1136
1226
1160
1192
1176
1140
1138
1118
1112
1132
1126
1114
1156
1248
1188
1198
1166
1180
1126
1142
1170
1114
1132
1118
1172
1172
1136
1164
1188
1134
1160
1108
1146
1112
1116
1144
1128
1130
1124
1148
1162
1184
1182
1172
1176
1116
1168
1138
1128
1158
1130
1172
1168
1144
1112
1114
1158
1162
1128
1180
1166
1166
630
1198
1222
1200
1318
1234
1212
1208
1172
1152
578
1232
1192
1176
1170
1182
1190
1178
1126
1170
1152
1136
1132
1268
1214
1204
1220
1206
1168
1208
1160
1186
1200
1182
1196
1156
1186
1184
1150
1188
1152
1170
1150
1148
1174
1200
1160
1146
1184
1156
1164
1166
1144
1178
1168
1142
1182
1130
1134
1132
1150
1160
1142
1162
1160
1136
1184
1166
1166
1148
1132
1158
1138
1142
1154
1110
1116
1168
1142
1124
1166
1176
1148
1164
1170
1160
1180
1186
1172
1142
1154
1158
1132
1170
1148
1122
1156
1152
1092
1122
1102
958
1154
1154
1122
1118
1162
1080
1072
1124
1078
1104
1136
1146
1136
1178
1162
1164
1160
1122
1150
1144
1156
1180
1142
1218
1176
1152
1180
1170
1146
1144
1146
1168
1180
1182
1190
1184
1114
1158
1128
1154
1130
1132
1118
1110
1156
1122
1174
1164
1154
1142
1130
1150
1124
1150
1148
1102
1116
1118
1124
1196
1120
1146
1112
1138
1152
1098
1118
1156
1116
1144
1102
1104
1144
1096
1164
1134
1130
1172
1128
1172
1160
1146
604
1248
1216
1202
1196
1202
1188
1164
1174
1184
1100
1162
1124
1116
1158
1148
1176
1180
1182
1178
1108
1162
1136
1146
1146
1118
1118
1118
1136
1128
1116
1128
1122
1106
1134
1120
1142
1130
1116
1100
1124
1110
1090
1182
1114
1138
1132
1138
1124
1136
1174
1158
1144
1178
1168
1164
1148
1118
1122
1126
1122
1142
1122
1112
1138
1136
1128
1158
1124
1162
1148
1134
1142
1136
1122
1154
1120
1222
1088
1116
1152
1112
1120
1146
1142
1156
1138
1102
1108
1122
1120
1094
1124
1100
1100
1124
1122
1100
1108
1134
1138
1168
1144
1146
1144
1134
1114
1134
590
1212
1186
1142
1154
1160
1198
1176
1158
1142
1112
1134
1124
1100
1138
1148
1082
1126
1134
1102
1146
1116
1148
1192
1102
1142
1136
1124
1132
1120
1124
1104
1102
1100
1136
1104
1134
1138
1100
1128
1102
1110
1124
1134
1130
1126
1160
1142
1124
1164
1144
1158
1150
1148
1112
1144
1154
1118
1126
1140
1136
1196
1138
1126
1148
1118
1138
1144
1122
1124
1132
1144
1152
1130
1112
1114
1144
1116
1150
1126
1134
1162
1152
1148
1172
1142
1178
1186
1134
1152
1144
1160
1152
1138
1158
1136
1134
1150
1152
1114
1140
1122
1122
1138
1124
1118
1118
1112
1138
1130
1138
1160
1124
1124
1158
1144
1128
1150
1220
1172
1198
1176
1144
1174
1126
1106
1152
1116
1102
1102
1110
1152
1112
1132
1116
1132
1126
1154
1156
1124
1160
1134
1148
1138
1134
1104
1144
1138
1088
1132
1094
1110
1146
1100
1166
1136
1120
1148
1116
1120
1118
1126
1132
1118
1182
1164
1160
1160
1132
1134
1124
970
1280
1136
1146
1106
1130
1136
1106
1126
1110
1116
1166
1150
1158
1204
1156
1132
1186
1168
1180
1160
1158
1188
1170
1174
1168
1130
1122
1136
1138
1108
1126
1126
1134
1108
1172
1140
1142
1162
1134
1134
1178
1168
1182
1198
1082
1174
1172
1130
1176
1144
1170
1150
1122
1126
1160
1180
1116
1138
1154
1152
1160
1114
1148
1134
1132
1144
1154
1118
1142
1130
1112
1150
1126
1118
1136
1126
1130
1132
1132
1112
1170
1124
1126
1194
1096
1122
1128
1126
1134
1138
1152
1152
1116
1124
1124
1106
1168
1216
1078
1138
1136
1114
1140
1122
1186
1150
1138
1130
1150
1158
1130
1124
1134
1142
1146
1118
1150
1120
1108
1172
1142
1142
1162
1148
1150
1176
1150
1180
1214
1182
1162
1140
1142
1162
1142
1168
1182
1144
1160
1162
1174
1172
1132
1102
1154
1140
1118
1130
1132
1144
1152
1110
1100
1140
1110
1100
1108
1118
1182
1110
1112
1120
1216
1126
1158
1178
1140
1148
1178
1156
1182
1152
1162
1170
1150
1150
1168
1136
1164
1150
1158
1138
1180
1140
1184
1166
1184
1172
1124
1116
1124
1116
1110
1080
1118
1222
1134
1168
1182
1132
1174
1142
1108
1162
510
638
1032
1116
1204
1170
1180
1100
1138
1128
1094
1120
1100
1096
1114
1112
1112
1126
1110
1130
1112
1156
1142
1144
1240
1190
1172
1156
1040
1140
1246
1170
1176
1176
1174
1168
1180
1102
1102
1130
1108
1082
1112
1116
1100
1118
1164
1236
1152
1192
1124
1144
1162
1146
1062
1232
1152
1196
1188
1098
1162
1186
1158
1184
1140
1174
1170
1172
1134
1134
1134
1204
1168
1184
1134
1180
1152
1192
1162
1114
1136
1212
1170
1170
1188
1164
1184
1106
1144
1278
1170
1228
1202
1170
1184
1136
1110
1180
1278
1208
1082
574
1224
1186
1128
1150
1144
1110
1146
1202
1234
1214
1238
1166
1158
1182
1174
1150
1172
1124
1166
1148
1078
1092
1106
1114
1090
1102
1056
1072
1068
1104
1098
1104
1094
1100
1118
1132
1212
1212
1286
1246
1226
1188
1162
1190
1184
1190
1190
1194
1156
1174
1162
1168
1166
1162
1128
1146
1066
1122
1110
1078
1148
1184
1096
1102
1116
1120
1130
1112
1160
1142
1132
1134
1158
1232
1190
1170
1166
1184
1168
1162
1182
1186
1164
1172
1154
1162
1192
1192
1130
1174
1322
1228
1168
1186
1154
1182
1152
1098
1156
1168
1284
1206
1152
1184
1170
1062
1142
1132
1118
1234
1160
1174
1210
1116
1166
1152
1166
1128
1172
1264
1216
1214
1212
1072
1114
1120
1090
1322
1196
1194
1160
1126
1110
1076
1116
1160
1152
1130
1176
1192
1172
1162
1156
1140
1160
1106
1146
1194
1142
1192
1170
1178
1164
1138
1142
1136
1140
1154
1144
1148
1148
1116
1140
1100
1132
1130
1154
1144
1140
1126
1120
1138
1134
1148
1226
1062
1132
1292
1206
1216
1218
506
1222
1194
1166
1200
1236
1208
1202
1192
1142
1146
596
1218
1172
1122
1176
1142
1178
1150
1190
1160
1140
1182
1150
1156
1210
1182
1134
1158
1124
1144
1110
1126
1302
1226
1200
1206
1146
1162
1118
1150
522
654
1044
1154
1234
1146
1330
1236
1178
1170
1104
1130
1172
1114
1122
1118
1212
1260
1194
1194
1156
1170
1174
1160
1170
1096
1138
1174
1180
1182
1160
1168
1166
1154
1184
1334
1242
1198
1214
1144
1170
1212
1162
1190
1194
1138
1164
1154
1148
1278
1176
1210
1184
1156
1160
1138
1108
1146
1122
1094
1100
1142
1130
1134
1144
1160
1130
1174
1140
1148
1174
1138
1144
1140
1160
1124
1160
1134
1124
1112
1130
1126
1124
1112
1122
1120
1112
1136
1102
1138
1126
1130
1136
1304
1170
1180
1168
1130
1122
1120
1098
1122
1156
1112
1160
1188
1148
1182
1136
818
1260
1134
1156
1196
1260
1220
1222
1170
1128
1130
1148
1144
1110
1140
1112
1096
1130
1122
1114
1152
1138
1138
1134
1138
1056
1102
1178
1142
1140
1140
1200
502
640
1042
1132
1136
1126
1142
1136
1136
1124
1116
1134
1138
1098
1110
1132
1118
1102
1078
1090
1106
1110
1100
1118
1064
658
930
1204
1080
1120
1036
1068
1024
1032
542
1152
1090
692
1344
1048
1050
998
1004
1030
996
1058
1154
1056
1108
1138
1156
1136
1144
1136
1168
1136
1150
1144
1144
1148
1110
1272
1196
1168
1132
1170
1138
1132
1136
1188
1156
1194
1194
1186
1212
1170
1168
1154
1180
1144
1170
1130
1108
1102
1008
1128
1064
1088
1106
1062
1094
1070
1088
1132
1126
1106
1122
1128
1086
1078
1110
1090
1086
1100
1112
1148
1256
1194
1136
1130
1214
1154
1148
1170
1132
1058
1084
1074
1080
1060
1060
1060
1080
1030
1066
1048
1040
1034
1068
1096
1116
1108
1136
1124
1170
1160
1178
1272
1202
1212
1178
1188
1174
1132
1118
1132
1100
1058
1054
1066
1040
1038
1050
1046
1066
1164
1318
1194
1144
1156
1116
1150
1308
1194
1202
1252
1226
1204
1220
1200
1212
1198
1192
1202
1196
1172
1204
1122
1150
1108
1084
1060
1068
1032
1050
1056
1066
1048
1092
1094
1158
1144
1302
1236
1206
1230
1236
1240
1156
1262
1224
1206
1216
1264
1218
1218
1246
1194
1222
1200
1158
1186
1128
1122
902
896
792
1398
1050
1040
984
992
1004
966
846
1148
1076
1010
1106
1250
1192
1298
1226
1068
1340
1222
1186
1190
1152
1182
1184
1150
1184
1208
1164
1192
1108
1138
1122
1132
1128
1052
1084
1120
1062
1104
1114
1096
1314
1224
1210
1190
1220
1210
1248
1246
1226
1204
1188
1194
1184
1164
1188
1172
1182
1152
1132
1150
1074
1092
1064
1070
1062
1058
1048
1144
1362
1216
1210
1144
556
1210
1174
1088
1128
1112
1088
1142
1112
1270
1198
1194
614
1234
1160
1110
1162
1140
1142
1148
1094
1136
1126
1108
1092
1058
1068
1064
1046
1084
1064
1140
1086
1076
1080
1066
1116
1132
1136
1256
1232
1226
1210
1174
1300
1324
1234
1120
1148
1182
1132
1162
1142
1122
1104
1130
1074
1116
1168
1180
1164
1124
1126
1110
1104
1110
1112
1118
1090
1092
1150
1158
1180
1196
1312
1216
1252
1196
1142
1196
1092
1088
1142
1154
1176
1144
1082
1148
1010
1070
1056
1062
1032
1030
1062
1066
1112
1114
1148
1144
1382
1260
1248
1226
1156
1204
1098
1174
1160
1124
1214
1168
1178
1170
1186
1154
1094
1152
1100
1118
1072
1094
1078
1090
1062
1084
1068
1114
1150
1158
1388
1288
1266
1270
1202
1250
1220
1240
1224
1240
1250
1274
1234
1232
1250
1194
1226
1150
1200
1162
1156
1108
1122
1070
1090
1074
1082
1108
1182
1092
1118
1122
1098
1174
1220
1174
1170
1212
1330
1222
1262
566
1270
1222
1172
1192
1178
516
650
1056
1146
1146
1162
1156
1134
1156
1104
