546
726
658
536
592
566
382
678
572
428
820
594
584
578
596
578
580
572
590
582
552
578
580
582
582
580
578
582
578
582
582
582
582
572
576
576
580
582
582
588
592
588
588
596
596
590
610
606
610
614
614
614
606
614
614
618
612
604
610
612
614
618
624
614
612
612
606
604
616
610
614
618
618
628
628
642
632
642
638
634
646
636
638
634
650
646
652
642
652
646
664
654
658
646
656
642
656
664
664
652
670
676
668
654
654
656
658
664
666
662
674
668
672
664
662
652
650
646
652
650
646
652
650
650
646
648
648
644
648
644
642
566
708
634
642
604
674
642
636
640
644
644
640
640
636
638
640
638
634
634
640
634
640
642
636
640
644
644
650
646
646
652
648
654
654
658
654
650
660
650
650
656
654
658
656
652
660
656
652
654
656
650
652
644
650
654
656
650
654
668
662
656
654
660
670
666
666
662
666
672
664
658
664
656
668
660
666
660
654
666
662
654
658
660
662
662
666
662
664
668
666
666
662
664
668
666
668
654
652
652
652
652
648
638
648
644
640
638
640
632
636
638
634
632
634
636
636
638
640
632
636
632
638
640
636
638
638
634
642
644
642
418
848
644
646
650
644
638
632
634
642
640
638
644
630
636
638
634
634
634
642
620
656
650
648
652
654
660
660
666
664
662
668
664
668
652
672
664
640
688
664
672
670
530
770
732
690
674
674
670
730
754
564
642
666
678
674
668
670
664
672
664
672
654
656
654
662
656
648
656
652
646
650
646
644
644
644
642
638
646
638
638
642
644
634
634
636
642
646
640
640
646
638
642
644
650
644
642
648
648
640
646
638
642
640
636
636
640
638
630
640
648
642
636
538
742
634
648
646
634
636
634
640
634
638
636
638
638
638
642
638
640
636
638
644
636
642
638
642
636
650
636
642
642
634
640
646
642
640
642
640
650
640
640
640
636
642
642
638
638
634
648
644
640
652
642
644
646
652
650
652
644
560
702
646
648
642
630
650
528
718
642
646
634
642
648
656
646
650
654
660
660
662
666
666
676
674
672
670
680
674
680
678
672
678
684
684
666
664
674
678
668
666
674
684
684
704
682
680
696
690
704
680
694
692
688
692
684
706
688
700
684
690
692
684
678
676
688
676
688
674
676
686
676
678
664
662
676
666
676
674
664
676
668
664
662
662
660
658
654
622
484
832
662
656
636
644
650
646
644
650
564
734
644
656
650
650
648
656
650
646
652
644
642
642
646
640
640
644
636
642
644
636
634
632
630
632
632
628
632
634
630
634
646
634
630
638
642
634
638
650
636
640
636
634
640
632
638
642
632
644
640
642
630
640
634
636
642
642
638
636
640
592
682
644
646
646
660
654
656
658
654
656
652
656
648
646
652
642
652
646
648
644
642
644
650
646
650
642
648
646
650
642
648
644
646
644
648
646
650
644
654
656
650
650
644
646
642
648
642
640
638
638
628
642
634
634
640
636
640
644
648
642
650
650
662
660
662
666
668
670
674
660
664
672
656
672
652
654
648
646
650
646
636
644
654
462
404
446
654
650
562
384
1014
640
640
776
574
654
614
528
622
614
610
604
608
604
600
610
598
592
596
592
596
596
598
596
590
604
586
604
610
578
598
588
602
594
594
594
596
606
596
598
594
594
594
600
596
596
592
588
592
592
592
602
598
600
600
598
598
606
602
598
602
602
602
610
612
610
608
612
606
608
606
610
608
608
604
606
612
604
608
606
608
602
602
608
608
606
606
606
598
610
606
606
612
618
608
618
604
610
612
610
612
612
608
606
608
604
610
614
612
612
618
596
612
626
616
604
622
622
618
628
622
634
620
626
626
624
624
630
632
634
622
636
636
630
646
650
646
652
652
650
662
654
656
662
658
666
674
658
670
666
668
666
658
670
664
668
666
664
674
666
670
658
662
660
656
656
650
654
652
648
656
654
658
652
650
654
660
648
646
638
652
650
724
592
652
648
648
646
640
630
636
638
650
626
630
624
612
618
602
630
628
640
632
634
636
630
650
638
636
646
636
634
642
648
640
636
638
644
632
648
640
644
646
644
648
650
642
642
636
638
636
628
628
626
636
632
634
640
632
642
638
646
636
644
538
736
646
650
590
666
634
622
656
628
622
626
620
616
624
624
622
614
620
626
610
630
620
576
662
616
628
622
632
626
638
620
626
624
632
618
624
626
598
658
640
636
640
640
640
646
642
648
648
634
652
656
662
662
672
678
676
660
670
670
664
682
668
672
682
670
676
680
678
676
668
674
660
672
664
670
682
670
672
668
672
656
672
680
666
684
688
680
680
694
694
694
710
682
698
690
680
680
700
678
680
680
676
674
684
672
680
672
674
672
664
666
670
670
664
678
678
676
680
688
680
676
682
674
678
672
672
668
678
702
688
674
674
684
672
686
680
678
690
688
690
672
684
680
690
672
670
684
674
680
676
678
674
664
664
658
558
758
654
588
740
656
658
650
656
660
670
654
662
670
650
646
658
654
650
648
652
654
674
636
650
644
648
652
636
646
638
648
648
654
654
656
652
642
660
654
658
656
644
650
648
644
634
642
650
666
648
658
658
652
668
538
786
650
650
686
674
672
662
670
672
666
674
670
684
676
690
666
680
688
688
680
670
680
684
680
690
672
684
698
664
684
680
686
680
666
668
676
698
700
652
690
688
686
692
684
672
698
676
684
674
674
676
656
654
666
666
662
672
666
670
684
682
676
688
664
686
682
652
696
692
674
684
680
664
678
670
666
648
656
676
674
650
666
664
676
636
718
678
698
682
684
692
670
652
716
682
692
682
686
688
686
690
698
696
698
668
710
696
678
678
680
686
680
694
666
694
694
680
666
684
686
692
700
696
708
708
704
712
680
710
688
702
644
752
702
674
698
706
698
694
680
720
712
694
692
716
568
772
818
750
836
572
694
724
706
716
712
720
714
690
718
714
704
704
702
684
706
696
688
688
690
678
678
682
696
694
700
676
702
696
724
702
686
714
696
708
710
712
686
712
682
732
678
736
706
738
706
708
718
692
720
708
714
712
706
708
698
722
690
710
694
708
696
692
692
688
686
688
680
670
650
676
664
666
664
694
670
674
676
684
684
670
678
664
664
676
670
642
666
656
668
672
676
656
652
656
668
658
650
664
662
656
660
624
656
658
658
662
660
646
670
658
666
660
664
668
656
664
652
664
672
662
666
660
664
670
648
666
662
638
680
662
668
682
668
710
684
710
694
696
710
694
692
704
696
682
696
704
680
704
698
662
720
698
712
682
716
708
714
722
696
688
704
698
708
716
692
730
708
732
720
730
714
740
720
692
722
724
718
690
726
704
704
698
712
730
724
708
718
734
712
728
710
722
712
740
704
718
716
732
714
708
712
710
712
718
698
710
700
718
706
728
678
722
720
728
692
724
718
706
692
718
708
716
712
710
712
710
712
702
722
694
712
702
718
704
720
704
718
708
720
702
610
816
712
732
710
720
708
710
710
712
680
714
688
702
692
688
688
704
692
682
694
692
688
684
688
662
688
682
688
672
672
684
674
662
676
668
666
676
672
662
656
662
654
662
658
652
664
666
658
650
656
664
656
652
658
660
654
652
656
652
640
650
646
644
642
638
642
652
638
644
648
638
648
654
644
644
656
650
650
668
642
650
656
672
664
674
664
666
672
676
666
668
690
662
688
678
670
688
676
668
686
686
670
686
674
678
692
674
690
672
690
682
676
686
688
690
682
696
674
692
692
690
682
676
696
684
696
680
698
686
700
664
686
696
692
690
678
686
674
668
618
698
642
562
824
772
646
590
620
538
850
646
668
672
662
662
670
666
668
678
680
664
694
708
676
694
708
690
720
718
726
714
710
726
706
734
694
710
712
714
714
716
710
720
718
722
716
604
808
744
752
742
736
732
724
740
734
734
740
720
720
702
718
712
718
760
682
684
722
714
724
708
714
706
730
708
702
708
728
684
728
720
680
708
702
680
692
702
692
696
664
716
690
570
818
704
708
708
706
676
704
684
686
704
646
664
712
692
720
702
718
712
734
708
706
708
702
710
672
716
722
718
724
738
710
762
710
758
772
724
736
746
738
744
748
714
730
722
740
706
698
514
912
720
742
742
722
716
710
716
738
702
730
710
720
726
716
734
676
738
710
740
726
714
714
694
712
706
666
694
676
718
702
696
688
696
708
708
688
672
708
694
730
716
692
708
702
722
710
678
756
710
708
706
668
694
686
686
686
666
692
660
668
676
588
798
704
740
746
680
722
694
708
698
712
708
718
714
686
694
696
696
722
716
728
700
698
728
718
728
700
728
702
714
700
708
720
714
712
736
718
736
702
724
716
728
714
696
700
714
708
722
702
712
706
696
698
720
704
700
704
720
696
716
704
710
710
736
682
750
736
740
714
740
734
724
722
726
736
730
732
740
710
716
712
708
728
712
714
724
716
736
750
746
706
762
736
702
734
712
728
728
716
700
734
720
702
726
706
690
704
698
706
680
722
720
714
698
704
696
696
706
712
696
706
704
714
674
710
702
712
722
706
716
714
726
718
714
712
714
710
720
728
726
744
716
714
732
720
724
728
720
722
726
726
724
730
722
742
724
716
720
716
732
710
720
736
680
730
736
742
736
642
832
722
758
750
730
734
742
710
720
728
718
692
698
742
726
710
720
726
718
714
730
736
706
736
718
746
704
738
708
734
706
724
702
720
714
694
712
728
714
732
732
724
738
696
726
712
718
720
730
704
726
716
716
726
720
682
722
712
706
710
694
706
700
700
718
686
700
698
682
690
696
690
682
678
676
686
680
670
670
674
598
736
670
674
692
676
620
664
644
668
660
664
664
664
668
658
674
664
666
664
674
672
660
674
670
678
676
690
666
664
682
668
674
678
656
674
672
666
660
662
678
656
668
678
672
690
696
692
706
702
700
718
700
702
722
712
686
714
720
720
724
736
720
730
720
738
720
720
708
750
704
750
738
730
738
724
716
734
728
726
734
728
740
686
746
740
728
700
694
712
716
702
742
694
758
680
742
706
724
716
722
718
714
692
744
718
690
724
720
704
768
724
760
724
744
742
706
718
706
716
710
688
712
728
694
740
736
758
742
766
752
768
724
766
744
760
744
738
736
742
760
728
766
728
764
798
766
768
792
714
776
742
786
772
746
724
754
756
722
574
404
586
872
888
866
816
894
606
690
756
724
772
774
698
714
746
716
724
722
730
728
712
740
704
716
704
694
692
690
690
696
714
702
736
684
740
706
760
750
728
726
768
702
644
812
898
822
814
766
764
756
740
758
742
770
742
712
746
756
744
714
760
744
748
742
764
710
742
724
754
736
774
758
734
742
716
722
746
736
718
726
746
748
772
730
702
738
762
740
732
718
756
880
814
806
786
760
738
754
722
762
734
738
706
736
720
682
720
718
708
716
710
708
710
718
732
722
696
710
714
702
712
700
708
708
694
700
672
700
694
700
690
674
688
680
674
674
678
690
688
698
662
712
702
704
716
682
696
706
372
332
710
712
698
718
692
720
712
708
718
716
708
718
712
732
726
730
716
730
722
724
724
722
740
728
746
728
740
740
710
732
722
746
712
716
726
718
724
726
706
718
704
698
726
722
718
710
706
714
712
718
724
722
728
730
730
732
690
746
724
730
718
730
714
732
702
698
710
706
722
726
716
714
714
720
690
726
448
396
514
848
590
696
704
704
700
688
702
694
682
686
692
572
800
682
686
688
688
690
678
682
678
678
680
676
670
680
678
690
680
688
686
698
678
688
678
674
680
678
690
686
692
686
686
708
698
694
684
708
696
702
674
712
692
716
684
712
690
690
696
702
716
706
718
620
790
710
708
690
700
684
680
692
700
728
730
746
754
768
760
762
776
762
766
758
752
760
750
728
748
740
664
830
828
814
792
772
750
762
734
768
726
734
752
762
756
758
752
742
756
704
748
734
766
742
736
734
750
754
748
740
720
734
738
748
728
758
742
698
748
732
746
738
744
716
710
712
682
702
736
736
736
752
700
758
750
748
756
742
756
728
748
748
734
732
736
748
748
692
736
740
744
746
744
738
696
752
762
694
740
732
742
734
730
658
788
720
734
732
726
702
718
732
714
690
736
702
708
706
720
742
728
734
736
726
704
688
714
726
716
742
742
728
736
734
718
738
728
688
744
726
718
724
730
710
730
728
692
702
710
710
722
700
712
706
718
718
738
704
712
728
706
722
740
734
712
726
728
730
748
732
716
748
688
736
714
750
722
770
804
756
774
728
772
756
772
774
732
766
756
750
720
766
758
756
834
834
790
772
774
776
768
762
754
732
762
744
716
782
800
782
748
758
754
724
736
722
736
762
736
730
750
714
708
724
718
740
720
752
696
770
722
728
718
722
738
780
726
726
780
734
736
748
738
708
740
724
748
726
722
748
714
732
698
724
714
712
716
676
706
706
710
726
746
730
694
722
734
722
726
772
732
754
746
752
738
754
732
748
744
698
800
750
770
758
776
766
776
756
744
636
572
518
818
902
888
820
774
882
640
720
738
726
722
758
736
742
734
770
702
756
740
754
766
720
762
746
730
740
750
712
740
718
746
720
728
658
768
726
706
732
730
718
732
734
766
748
578
940
744
758
730
744
722
736
736
762
732
756
742
738
746
714
724
744
728
718
754
706
740
720
732
752
730
736
738
736
734
710
720
716
736
702
694
740
706
734
728
718
724
718
712
730
718
726
750
720
724
728
740
716
742
708
742
734
710
764
734
760
748
732
752
726
780
712
750
730
758
766
730
758
734
768
766
764
752
776
768
786
764
720
754
744
768
702
762
762
766
730
764
758
800
762
778
784
728
790
768
788
758
790
810
788
746
838
870
852
812
794
788
770
798
790
798
774
786
750
750
740
740
730
752
764
838
810
802
738
780
840
808
796
790
772
792
786
782
812
858
758
812
832
784
794
814
744
796
768
778
780
794
804
790
804
770
776
788
768
768
776
720
736
884
658
772
760
720
752
732
762
774
742
756
792
748
766
748
760
734
776
762
708
754
734
772
702
744
748
722
730
734
732
748
724
742
752
742
730
758
728
728
720
724
738
714
712
730
712
732
710
700
712
704
716
718
728
704
702
730
714
716
710
724
712
722
630
808
722
712
744
704
710
696
692
688
700
690
692
656
686
714
690
712
702
712
732
684
724
714
740
694
742
706
732
718
736
730
704
738
722
740
748
684
740
742
732
726
706
744
726
744
742
736
700
730
734
730
746
692
756
770
712
712
732
710
724
610
826
724
694
712
730
722
732
734
734
710
742
716
700
736
714
718
718
712
714
684
722
706
696
700
688
700
692
690
704
676
692
694
686
700
694
688
690
706
722
676
710
706
694
706
708
716
722
718
722
718
686
722
720
676
736
706
728
710
706
708
716
712
732
688
736
686
740
714
716
720
732
724
702
714
722
726
718
698
724
712
680
710
738
716
692
730
722
724
720
718
726
730
738
760
718
746
744
758
694
724
726
746
740
728
720
716
718
708
728
690
706
696
746
724
700
750
690
736
704
712
718
712
706
670
566
862
676
694
678
696
666
686
680
694
678
666
670
666
684
666
678
670
674
678
660
666
672
688
676
674
696
676
708
718
712
724
732
732
670
728
720
746
744
734
724
594
828
720
748
748
712
578
454
562
478
680
944
748
744
858
626
722
732
756
716
744
740
754
742
726
742
744
732
706
730
740
756
708
768
766
742
738
744
692
730
708
704
712
694
708
696
704
634
720
714
720
724
708
734
720
750
736
728
748
730
730
732
738
720
726
714
694
714
708
662
648
812
688
716
686
582
530
324
654
700
696
694
694
684
684
688
772
564
678
682
642
694
674
644
696
658
654
664
664
656
664
648
658
662
658
664
662
684
668
668
672
668
674
676
666
668
670
672
666
670
674
660
670
670
654
666
656
672
670
676
664
672
672
676
672
676
666
682
674
682
674
702
682
684
694
686
696
692
672
684
682
682
676
680
680
680
680
684
676
684
682
686
680
692
688
692
702
690
690
696
692
706
712
706
714
718
702
710
698
698
698
694
688
696
696
698
692
700
694
714
692
702
700
704
682
702
700
692
688
692
700
674
694
686
694
682
686
688
678
698
686
688
692
690
698
684
686
682
692
678
680
678
686
682
690
680
694
680
690
680
680
672
670
666
662
666
658
654
654
664
658
660
662
664
668
732
616
678
666
666
680
674
676
674
682
672
670
676
670
674
668
666
664
662
666
656
660
660
646
656
656
650
648
644
648
654
650
644
648
624
672
656
642
642
646
648
640
640
644
634
642
642
630
648
628
632
644
634
634
632
630
532
570
478
350
374
262
586
666
640
640
636
630
622
636
630
626
618
620
622
614
622
614
614
602
606
602
614
610
616
616
620
630
628
638
638
646
640
642
648
650
648
654
642
668
680
670
668
668
682
686
684
678
668
690
690
694
706
712
716
696
712
710
736
746
716
714
700
712
668
728
692
712
720
718
696
698
686
684
690
686
694
676
678
678
672
674
670
664
668
662
658
664
658
658
664
660
656
662
648
658
648
666
650
658
650
654
652
646
656
642
656
646
638
648
644
510
718
660
660
644
648
656
656
548
750
642
650
690
648
646
644
640
646
650
636
638
644
638
636
636
638
628
632
632
636
636
642
632
642
644
642
642
640
640
632
644
636
644
640
648
646
636
648
642
638
640
610
636
630
634
632
634
640
630
640
632
634
636
640
638
636
634
638
638
636
642
638
628
640
632
632
624
636
616
614
626
622
614
618
616
612
610
618
616
614
614
610
618
602
620
612
610
610
606
604
612
604
602
606
596
598
596
596
598
600
594
596
584
584
592
590
580
594
588
594
584
592
582
590
582
592
590
588
570
608
588
586
590
580
588
582
586
578
582
574
578
574
578
576
574
574
578
576
578
580
576
590
580
596
592
600
586
594
590
580
606
604
596
598
596
596
592
588
590
582
584
580
586
576
578
582
580
586
596
592
584
606
594
592
596
606
600
608
594
608
600
588
604
604
598
598
708
540
600
572
608
608
598
604
598
590
590
586
596
594
598
594
596
590
588
600
586
584
588
588
592
580
584
588
574
588
580
594
584
576
576
584
572
568
568
572
560
560
536
590
558
562
570
568
556
558
570
562
566
572
562
574
576
574
570
580
576
578
584
584
582
582
580
576
580
574
572
576
576
580
570
578
572
574
570
576
570
568
568
584
564
580
576
582
576
580
578
582
580
584
584
598
602
594
600
596
598
610
606
614
626
618
616
616
588
648
624
620
622
614
614
616
624
628
630
616
630
634
626
614
626
614
612
614
614
600
612
608
608
608
600
606
600
600
600
614
604
614
610
618
608
608
620
616
620
620
616
614
620
612
608
612
608
616
612
614
606
630
622
624
626
616
624
622
624
626
628
632
624
634
636
642
636
632
636
626
632
628
632
620
640
628
634
628
624
616
610
612
610
602
606
596
594
582
574
598
588
584
584
580
580
582
582
562
538
640
606
588
592
596
588
590
588
604
606
612
612
610
614
604
606
610
604
602
594
608
596
610
610
612
620
608
626
622
626
628
632
626
624
626
608
314
926
632
618
754
486
624
624
616
614
612
616
618
618
614
600
610
604
624
634
628
638
628
634
632
640
632
640
642
636
636
640
642
646
650
644
646
640
650
646
652
654
662
668
662
670
678
674
682
686
686
692
696
706
682
688
678
682
680
680
678
664
660
660
654
638
648
646
636
638
646
636
644
646
646
646
644
640
634
632
636
640
632
624
630
624
626
626
626
614
618
606
622
614
618
616
600
606
602
600
602
586
606
592
596
596
598
594
598
592
598
596
596
602
598
598
598
602
594
596
594
600
600
596
592
592
592
586
584
586
582
584
582
580
582
584
582
590
580
580
586
584
584
588
584
590
586
586
592
594
586
592
594
600
596
596
596
598
600
598
598
604
606
600
600
606
600
610
610
608
602
604
612
608
610
612
612
604
614
610
616
614
610
610
614
612
618
614
620
618
618
616
616
622
622
614
616
608
616
608
604
616
610
592
614
604
594
602
606
600
598
596
588
600
582
602
596
602
588
598
596
584
596
530
646
586
588
580
592
580
576
576
584
572
576
576
576
580
578
572
586
586
576
588
588
584
586
586
578
572
584
576
576
574
582
574
584
580
576
580
570
586
586
582
574
636
554
572
582
580
544
520
640
568
574
604
578
570
578
576
572
578
566
574
572
570
568
568
566
566
574
572
572
522
596
564
566
570
576
578
590
580
578
584
576
574
576
580
582
584
572
580
574
574
584
574
588
572
574
572
572
574
568
568
566
564
572
572
576
572
576
568
564
568
576
580
570
576
570
578
578
574
584
578
576
576
580
578
582
568
576
578
570
572
572
578
562
560
568
580
570
560
570
566
568
570
578
576
574
568
586
572
592
590
586
594
588
586
584
596
594
592
600
594
594
598
600
596
596
602
586
586
582
574
578
598
578
590
424
746
586
578
622
578
582
574
596
578
586
588
582
578
590
584
588
582
572
578
582
578
578
584
584
554
582
600
584
582
580
584
584
598
586
596
572
596
574
590
580
590
574
590
580
584
570
570
570
562
568
574
564
566
574
566
564
572
574
570
574
584
576
588
570
566
582
528
404
788
590
586
672
546
546
576
542
572
574
570
578
568
572
574
560
568
568
556
556
556
560
574
552
554
556
556
554
556
556
564
558
560
562
574
560
570
570
570
574
558
566
564
564
554
562
564
562
562
570
558
560
552
560
558
554
560
558
560
558
548
566
566
562
560
562
572
572
562
564
576
560
572
568
572
556
576
554
580
566
558
550
564
564
552
544
544
552
540
550
546
550
536
538
542
556
538
544
546
548
542
536
554
554
550
540
540
542
544
544
536
534
542
538
542
528
538
534
542
534
546
532
534
528
546
538
530
534
542
538
548
536
552
550
548
550
550
552
548
550
546
548
552
554
552
558
556
560
558
554
554
552
558
564
558
564
572
566
560
570
572
564
572
564
578
578
574
570
572
564
564
560
564
570
566
556
564
560
566
554
552
554
552
552
546
554
544
548
538
548
544
540
542
544
554
548
548
550
558
560
554
566
566
566
574
568
572
578
564
574
566
572
566
568
570
562
554
558
564
562
546
550
544
550
554
550
546
536
538
540
542
548
542
542
544
542
554
552
562
544
550
552
558
552
548
548
552
550
560
554
548
548
548
548
534
540
554
544
540
546
544
538
542
550
550
542
546
554
546
548
556
550
572
552
564
564
556
566
560
560
560
568
574
562
562
568
558
568
556
566
572
566
570
572
568
560
560
568
562
576
570
568
562
564
572
576
568
566
576
582
580
576
572
570
576
564
564
566
568
576
566
562
566
564
560
558
554
558
564
566
562
564
564
564
560
560
564
578
572
566
558
562
554
556
554
564
550
556
562
564
558
570
558
558
560
564
558
576
562
566
558
560
572
558
552
562
570
570
564
562
570
568
566
556
558
564
568
560
580
562
556
562
562
554
562
558
552
556
552
556
562
544
548
546
544
542
552
548
544
552
540
550
550
542
546
546
540
556
546
538
550
540
550
546
536
542
536
536
534
542
550
534
544
538
536
530
544
534
536
540
536
550
536
534
536
542
550
544
532
550
540
548
544
536
546
534
544
542
554
544
542
548
540
552
544
538
544
552
542
538
554
550
546
546
540
552
550
552
548
568
570
554
564
562
562
554
548
560
556
562
568
548
556
538
564
542
540
540
546
550
536
542
532
536
536
528
530
524
532
540
528
526
534
546
540
528
536
538
550
532
532
534
536
532
538
542
538
536
532
544
534
534
524
536
534
532
526
528
544
536
532
530
496
578
544
532
540
538
540
550
542
542
546
548
552
512
590
548
556
554
548
556
554
556
558
546
550
548
552
542
542
544
552
552
540
548
548
542
542
544
548
544
552
550
552
558
572
556
556
558
566
574
552
574
574
572
576
574
574
578
566
568
580
568
580
570
568
572
598
572
570
572
576
582
582
574
582
586
580
578
570
562
562
574
568
562
564
556
556
554
550
550
562
560
552
556
550
568
552
556
558
576
564
564
574
564
572
562
566
558
568
574
566
570
562
562
558
558
556
550
556
566
554
544
554
560
562
544
548
548
556
552
550
558
550
556
556
552
566
552
552
564
574
564
568
574
562
564
568
570
564
564
572
562
554
556
554
558
548
550
546
542
546
546
544
540
548
542
554
540
542
540
536
544
552
550
548
554
534
572
550
536
560
552
542
552
556
564
552
544
544
546
546
538
540
538
540
532
542
546
540
526
542
532
536
534
536
532
542
544
540
534
530
552
546
544
546
536
534
540
544
542
532
530
534
534
542
534
538
526
522
540
524
534
524
532
520
540
528
522
528
540
532
522
538
530
536
548
522
562
542
538
540
546
534
550
550
538
554
558
554
542
542
552
546
540
538
552
534
542
542
544
556
546
544
542
546
532
538
360
340
402
320
334
270
694
556
544
642
506
540
540
516
500
542
540
542
540
538
552
540
542
542
544
546
548
556
558
506
612
562
560
552
550
566
558
566
566
568
550
570
558
552
584
568
574
578
576
572
576
568
572
566
564
562
570
542
560
568
546
560
560
564
562
556
566
518
590
562
560
550
566
570
558
558
556
558
558
554
564
552
554
568
572
570
554
552
556
572
552
550
560
570
568
566
556
556
554
552
560
568
570
564
566
568
570
562
560
574
580
566
566
572
574
574
570
562
552
594
454
648
566
568
570
564
554
560
558
576
568
558
558
554
558
556
568
560
566
560
572
570
558
566
572
578
570
582
580
570
588
576
572
582
586
588
574
572
578
588
586
578
594
582
576
578
574
580
586
584
570
588
580
580
586
584
580
586
576
576
570
574
562
568
574
570
560
564
572
560
560
558
566
574
570
568
564
574
570
580
584
592
590
588
602
594
594
604
604
602
600
604
602
608
602
614
614
616
598
608
604
602
592
590
590
594
586
590
598
588
588
588
590
574
588
588
588
578
584
570
574
570
580
568
570
582
564
574
562
560
556
562
554
554
558
544
566
558
558
552
546
542
542
544
554
564
552
550
552
542
546
548
542
540
538
548
548
546
544
540
542
544
532
534
534
534
534
530
542
540
540
538
530
536
528
530
532
532
532
534
536
538
536
536
536
540
538
536
528
538
536
542
540
542
554
548
548
548
548
546
546
542
550
550
556
558
564
564
540
586
568
576
582
576
588
572
586
586
594
598
596
584
586
600
600
600
568
632
586
598
598
602
606
584
588
584
588
582
600
596
596
600
600
610
610
610
612
524
644
622
600
606
598
596
600
590
594
582
576
598
586
590
590
584
578
584
582
558
598
578
578
580
586
574
580
590
592
596
592
592
586
576
598
576
598
590
594
590
584
594
590
596
598
600
598
590
592
600
592
564
626
588
610
584
596
594
602
524
646
614
608
620
608
614
624
608
614
626
612
610
622
604
618
610
592
600
602
610
594
612
612
602
606
610
600
610
594
608
610
598
604
610
610
600
608
600
604
598
610
598
588
610
600
588
600
606
600
592
596
606
610
608
588
620
598
614
624
610
620
614
618
616
630
610
624
616
630
618
602
662
620
628
620
626
620
616
614
620
616
620
612
616
612
616
620
612
616
610
612
604
628
