814
842
844
850
852
882
892
920
900
908
928
948
906
882
904
896
868
858
862
876
860
846
878
910
940
908
910
944
990
950
926
952
952
894
844
854
904
900
892
890
1064
1110
1050
1004
1052
1030
968
964
978
970
938
900
902
912
892
870
886
932
982
924
920
952
970
948
912
892
916
936
902
882
912
938
910
886
890
886
910
886
860
906
950
930
908
876
894
932
974
992
972
966
1008
1020
1012
972
930
964
986
1006
988
954
948
974
916
914
914
922
856
848
886
884
932
962
964
938
892
888
894
890
886
892
988
1062
968
922
1008
1046
1084
1034
988
972
984
960
936
980
1058
1050
1104
1070
1060
1018
1002
1042
1084
1058
1026
1032
986
854
826
788
792
784
772
776
782
782
790
796
808
838
840
872
892
898
886
892
912
926
922
912
888
938
950
914
1024
1054
1018
1040
1054
1046
1008
1006
1006
998
986
964
952
992
1022
1038
980
1012
1030
1050
1034
1006
1026
1028
988
1006
1058
1024
1014
1032
1060
1092
1052
1014
966
868
862
898
904
994
1066
1056
1024
1036
1040
1012
954
940
970
944
954
982
966
938
910
938
976
1008
968
986
990
932
900
886
892
938
992
1100
1168
1086
1136
1122
1046
992
986
982
962
950
1000
1038
1044
1024
1020
1010
1020
958
904
902
926
986
968
964
1050
1120
1078
1104
1100
1046
1056
1062
1048
978
960
958
978
966
952
1084
1210
1154
1120
1110
1030
970
976
980
990
966
980
958
936
874
888
896
864
844
830
846
846
856
844
826
802
778
750
734
714
704
710
710
706
718
778
830
846
864
882
888
904
978
1018
1040
1012
942
918
1038
1098
1062
1120
1162
1108
1054
1046
1014
890
836
860
1028
1114
1070
1124
1080
994
986
978
950
888
884
916
932
946
982
954
942
898
862
856
864
850
840
856
826
818
812
788
794
780
772
760
772
808
870
904
942
962
958
962
894
848
882
932
966
966
1196
1154
1062
1072
1102
1072
1018
1016
1030
1012
1034
1054
1046
1032
1050
1064
1052
1048
1016
1030
1034
976
924
960
1032
1026
998
996
1054
1084
1044
1048
1074
1072
1006
984
992
1000
986
970
1014
1042
1026
1010
1012
962
944
920
924
902
906
1024
1130
1094
1172
1132
1060
1084
1074
1030
974
976
992
988
948
940
938
930
936
1026
1090
1068
1112
1096
1030
1006
1014
1006
948
914
924
970
1032
1012
1024
1078
1088
1026
1006
1000
970
968
956
914
926
962
998
990
1020
1084
1074
1030
1030
1036
992
1016
1036
1010
1012
1042
1030
988
970
938
948
940
980
1084
1106
1048
1032
1054
1050
1010
1018
992
994
938
958
1026
1036
990
1034
1028
1018
1048
1078
1046
1060
1044
1040
986
1012
1034
1038
1004
974
986
988
980
998
1062
1054
994
968
994
980
976
954
1000
1098
1106
1064
1050
1030
964
950
996
1054
1028
1056
1102
1100
1054
1050
1054
1012
978
994
998
978
922
930
958
956
942
1110
1192
1144
1132
1142
1084
1014
1034
1020
984
972
976
958
990
992
962
990
1014
990
996
1022
992
990
1000
988
984
1012
1000
1000
1022
1016
940
926
954
942
942
952
974
1048
998
1046
1062
1080
1040
1060
1104
1096
1030
1050
1022
1008
970
938
980
1014
1000
1040
1114
1126
1032
1004
954
942
914
864
880
900
864
846
852
826
804
798
774
774
746
736
644
394
402
708
702
686
678
662
666
656
662
684
714
738
788
846
864
848
854
1008
1124
1042
1082
1130
1102
1014
1020
1058
1080
1042
1006
1042
1072
1036
1042
1082
1096
1018
1008
1052
1070
1052
1058
1108
1100
1044
1052
1084
1098
1046
1042
1062
1042
1000
1006
1036
996
928
932
1004
1056
1040
1078
1106
1090
1024
1012
1010
1030
1016
1040
1102
1118
1048
1018
1034
1050
1034
1028
1060
1066
1038
1024
1024
996
958
956
1006
1040
996
984
1044
1088
1038
1090
1120
1096
982
952
966
990
960
944
988
1050
1014
1018
1028
1030
1020
1030
1058
1066
1032
1044
1040
1034
986
986
1024
1074
1076
1050
1120
1126
1086
1026
1054
1070
1030
1070
1070
1034
978
982
1036
1020
976
1032
1046
1000
972
1014
1022
980
930
952
978
960
958
1076
1148
1084
1132
1124
1050
1056
1036
986
932
958
972
1028
1018
1096
1128
1130
1076
1090
1032
980
968
1010
1028
1048
1020
982
1028
1070
1096
1064
1072
1080
1058
996
1028
1020
966
954
1042
1052
1010
988
1104
1106
1052
1050
1076
1060
986
1024
1052
1032
990
1014
1034
1008
1006
1036
1056
1026
1032
1066
1082
1020
1006
1014
1008
988
966
1026
1052
1036
996
1032
1040
998
946
936
1012
1058
1084
1054
1112
1100
1046
1040
1090
1030
984
1040
1044
1010
980
1040
1048
1062
1012
998
1008
1006
976
978
990
1018
1008
1056
1090
1040
1038
1062
1056
1002
988
1014
1000
978
998
1038
1046
1002
998
1026
1058
1040
1040
1002
986
944
936
1102
1168
1128
1044
1064
1086
1042
992
988
982
910
896
948
984
1012
950
974
1032
1062
1048
1014
1010
1026
1014
954
924
946
958
936
950
1004
1030
1022
970
932
966
990
960
950
1038
1064
1088
1038
1040
1042
1016
974
1036
1040
1002
996
1040
1022
994
1012
1032
1040
982
1000
1046
1042
988
964
1000
1000
988
950
992
998
988
954
970
946
910
892
948
1040
1022
1030
1158
1152
1074
1070
1076
1024
970
990
1008
1006
952
892
936
1060
1106
1096
1212
1256
1188
1120
1152
1120
1060
1052
1086
1084
1068
1030
1034
1060
1096
1066
1018
1056
1080
1090
1050
1054
1082
1124
1124
1138
1086
1082
1050
998
896
914
982
974
1074
1160
1072
1130
1132
1090
1016
1042
1038
1030
962
930
976
1002
994
1060
1020
1026
1016
994
954
986
1022
1026
974
988
976
998
940
966
1078
1120
1074
1068
1100
1082
1060
982
968
964
970
966
954
996
988
970
956
976
988
978
948
968
964
964
942
1006
1010
1010
948
942
936
936
958
1038
1172
1154
1070
1044
1078
1052
984
926
926
956
986
972
970
1040
1084
1080
1036
980
960
950
934
944
1028
1066
1042
998
1028
1020
986
920
926
990
1042
1056
1060
1204
1176
1060
1048
1044
1018
972
958
1004
998
974
916
928
990
1050
1032
1100
1176
1138
1104
1118
1118
1096
1094
1052
1034
1032
1042
1088
1046
1014
922
866
836
850
870
906
1082
1016
978
1014
1090
1126
1118
1064
1036
1054
1068
1066
1066
1002
994
1006
994
992
980
1016
1056
1064
1012
976
984
966
946
938
950
942
926
938
966
944
898
898
894
906
888
868
906
936
918
910
900
942
972
996
962
924
950
944
962
952
934
952
990
990
956
892
888
914
906
942
922
988
1102
1098
1100
1042
1012
976
960
918
924
952
974
980
962
928
946
922
906
886
896
944
960
932
906
974
994
1020
976
972
946
926
956
988
988
938
938
978
984
934
922
972
982
1002
966
934
998
1028
1014
994
1016
1036
1018
1012
968
1006
1022
1016
964
920
968
998
1020
990
960
1014
1048
1016
1004
1022
1018
978
942
916
936
948
958
986
1058
1042
1012
1010
988
950
914
874
912
932
936
926
932
966
940
892
862
896
960
1014
1002
1012
1106
1110
1044
982
956
988
994
994
1020
1068
1048
1074
1050
1062
1056
994
976
958
948
876
838
844
870
900
896
1102
1126
1090
1022
1030
1048
1050
1016
960
938
966
970
964
946
996
1008
994
994
1034
1006
926
910
908
882
868
960
1082
1036
980
1044
1058
1000
932
916
946
968
952
954
1002
1010
974
962
968
988
974
960
972
984
974
928
910
922
940
964
948
924
980
1004
982
1002
1000
1034
1034
1020
990
958
966
926
916
938
910
902
928
962
908
942
946
900
938
952
930
912
948
966
958
972
960
956
1008
1062
1030
994
980
1002
1036
1038
1006
968
1010
972
926
902
992
1060
1014
1034
1134
1170
1106
1062
1062
1038
974
930
930
970
1038
976
922
908
950
962
1022
1020
992
992
1002
1024
1008
974
1002
996
950
916
958
976
974
950
960
1006
1024
1020
1052
1048
1054
1038
1002
976
900
842
814
792
820
878
1022
1050
1102
1090
1174
1124
1078
1152
1158
1118
1048
1084
1082
1072
1028
1030
1002
998
964
948
948
930
902
924
934
922
926
946
916
942
924
912
920
900
902
896
916
938
946
942
982
958
964
986
982
984
1006
976
962
976
950
902
944
964
936
970
1044
1078
1058
1084
1070
1010
1006
996
984
1026
1022
1064
1048
1040
1054
1014
962
952
942
936
942
974
1016
992
1012
1032
1002
1010
988
954
966
940
934
970
952
938
966
954
930
948
944
914
922
908
868
850
860
888
942
932
958
986
972
922
950
972
946
922
924
940
930
924
928
896
876
842
846
848
890
1004
1062
1078
1036
1042
1050
1040
978
942
944
946
924
914
910
918
916
928
976
950
938
954
976
968
948
922
934
908
886
892
934
956
932
942
952
988
974
974
978
972
958
926
962
960
960
972
978
954
962
970
956
964
956
932
950
978
946
958
952
940
954
954
944
954
952
940
962
952
942
964
982
984
978
1016
1002
962
958
994
970
1014
996
972
962
984
948
904
940
924
898
872
880
892
910
918
912
902
884
848
814
794
774
802
880
982
1116
1124
1074
1064
1072
1030
978
970
972
952
926
942
934
930
942
976
986
962
988
976
964
962
990
970
946
960
934
912
884
890
908
926
928
920
976
944
942
914
854
836
820
838
888
960
1088
1098
1064
1090
1108
1038
944
918
914
956
956
994
1086
1112
1096
1098
1050
1036
990
958
988
1004
988
994
1016
996
982
994
1030
1056
1022
1036
1036
1026
1032
1002
962
944
958
906
928
952
1018
1036
990
972
998
990
970
968
976
974
962
968
990
974
974
974
968
932
936
960
966
948
980
1008
998
984
998
980
950
956
960
924
916
968
1014
998
972
1010
1030
1020
976
996
954
888
898
918
980
992
1006
1076
1116
1064
1052
1026
986
964
966
934
940
980
1036
1066
1038
1026
1044
1034
994
982
994
982
968
982
1026
1008
990
968
974
938
916
940
968
994
1018
1072
1056
1028
1050
1016
1004
976
968
950
942
926
966
1012
1012
988
980
1002
990
986
994
972
938
920
966
986
968
988
1046
1030
1006
1014
998
954
930
956
974
988
978
978
976
1018
1044
1012
1028
998
896
886
838
824
826
826
814
818
834
822
812
808
796
768
758
760
726
714
702
694
702
690
740
772
826
858
862
974
1104
1098
1064
1104
1150
1120
1052
1070
1078
1050
1020
1036
1038
1026
1068
1070
1050
1082
1074
1034
1062
1080
1052
1052
1060
1056
1078
1080
1046
1070
1070
1058
1004
1024
1016
1024
1076
1078
1072
1034
1054
1042
1006
982
1010
1050
1034
1066
1056
1042
1008
986
1002
1012
1056
1056
1104
1086
1040
1006
942
894
956
1128
1266
1360
1248
1148
1194
1134
1058
1072
1030
990
992
1000
1016
1004
1028
1050
1046
1022
1018
1004
990
950
962
1016
1046
1092
1248
1208
1114
1138
1126
1064
1058
1054
1058
1064
1060
1024
1002
972
950
978
1124
1158
1096
1188
1152
1094
1118
1054
1052
1032
978
1010
1034
1052
1058
1090
1092
1062
1048
1024
992
1006
1016
1044
1022
1042
1042
1012
1018
998
968
998
988
962
980
978
964
976
990
974
960
948
980
1000
956
954
976
1006
1044
1114
1130
1088
1122
1100
1032
1036
1028
1026
1004
990
1010
1022
1006
986
994
978
960
956
988
1018
1000
1020
1010
966
950
974
970
948
920
916
942
942
944
950
954
924
910
956
972
976
998
982
956
970
998
1008
988
980
992
1002
986
996
980
944
962
1008
1020
1074
1102
1126
1102
1116
1130
1068
1070
1050
1064
1078
1106
1094
1106
1102
1068
1092
1028
972
996
1006
992
1006
1042
1020
974
976
964
956
952
972
978
1032
1070
1070
1054
1060
1060
1026
1042
1048
1050
1052
1086
1094
1086
1090
1124
1114
1090
1100
1082
1042
1104
1110
1066
1084
1090
1058
1072
1050
1038
1050
1022
1050
1052
1004
1008
1004
992
1000
976
956
1000
1004
1016
1052
1038
1036
1044
1018
1032
1026
1000
1040
1040
1026
1034
1032
1000
1024
1026
1028
1048
1008
994
994
970
902
896
918
892
864
852
910
930
932
962
1018
992
946
976
1002
1028
1000
1012
1044
1046
1024
1030
1010
978
988
1020
1062
1104
1182
1118
1018
984
996
970
944
934
956
964
942
942
972
962
954
914
910
890
878
898
916
926
944
1002
1010
978
966
980
960
970
986
964
974
974
1002
1054
1048
1086
1068
1060
1070
1064
1064
1070
1066
1066
1070
1064
1096
1034
1038
1036
1016
1058
1072
1072
1068
1080
1036
1058
1030
998
1026
1018
996
982
1000
980
982
996
1004
970
906
938
948
976
950
958
1000
1010
986
940
918
958
964
1014
982
1020
1054
1062
1048
1006
992
982
992
978
970
972
982
994
1008
1008
1010
1012
996
1024
1022
1008
1016
952
910
956
1076
1170
1066
1186
1192
1130
1014
1032
1048
1028
1002
954
948
960
930
938
982
1026
1010
1008
1028
1042
1050
1022
1016
1016
986
930
942
998
1084
1090
1058
1084
1108
1086
1044
1026
1018
984
1010
1044
1044
1070
1066
1042
1032
1026
1006
1030
1024
1016
1004
970
940
936
986
990
1132
1238
1160
1088
1068
1034
1006
998
1000
984
998
1058
1038
992
984
1006
1000
976
938
920
958
938
968
1046
1084
1054
1048
1048
1044
1026
996
986
978
992
984
982
1002
1012
996
986
1002
996
974
938
962
992
1014
1022
1112
1088
1034
964
922
864
852
908
978
1008
1190
1154
1086
1090
1094
1050
1014
1020
1024
988
974
990
1032
1068
1052
1052
1072
1060
1012
988
970
1002
1012
1032
1128
1086
1036
978
1006
1012
998
994
1046
1064
1038
1022
1070
1044
1022
1006
1010
1012
1002
978
982
1022
1056
1050
1002
1086
1114
1066
1112
1138
1110
1046
1042
1064
1014
1042
1114
1120
1062
1054
1052
1050
996
968
986
990
1014
1012
1032
1038
1020
1028
1018
1016
982
968
994
1012
1008
1094
1150
1098
1060
1066
1058
1018
992
1014
1056
1044
1084
1084
1092
1040
1008
986
994
976
988
1090
1132
1058
1048
1078
1072
1040
1028
1040
1044
1056
1050
1058
1094
1090
1044
1042
1058
1066
1044
1014
1062
1068
1036
1006
1040
1064
1016
988
1036
1032
998
1004
1016
1018
1002
994
1024
1032
1014
1006
1050
1054
1038
1060
1070
1054
1052
1070
1038
1056
1056
1022
984
992
1012
1004
992
1094
1104
1054
1088
1116
1076
984
984
992
1006
1024
1010
1018
1018
1046
1044
1016
1042
1038
1058
1044
1000
990
1010
1012
972
966
1016
1072
1074
1180
1168
1128
1038
1062
1070
1064
1030
1012
1008
1028
986
986
1012
1018
1004
1042
1014
984
974
974
962
948
996
998
990
1016
1010
986
938
970
968
958
956
928
932
940
984
1052
1086
1062
1090
1122
1090
1058
1062
1044
1022
1052
1052
1040
1026
1050
1038
1064
1072
1042
1056
1068
1040
1050
1072
1060
1042
1130
1112
1054
1016
1036
1036
1008
986
1004
976
974
1024
1064
1018
1016
1032
1022
1002
972
970
986
998
1024
1092
1080
1042
994
998
992
954
960
1104
1162
1140
1084
1088
1100
1080
1034
1054
1046
1038
1058
1088
1070
1108
1114
1086
1088
1062
1058
1058
1028
1030
1052
944
912
974
1082
1094
1548
1312
1038
1072
1222
1140
1082
1136
1112
1018
1004
1034
1020
986
928
916
936
950
934
968
988
980
978
946
964
946
952
936
920
924
912
906
906
928
942
926
922
932
940
930
914
920
914
902
898
928
930
920
924
936
932
936
984
1026
1002
1038
1040
1026
1064
1076
1060
1078
1056
1040
1004
1036
1046
1032
1056
1046
1034
1020
1052
1032
1000
1010
996
990
1010
1004
1000
1044
1024
1038
1070
1074
1040
1062
1090
1052
1066
1020
970
994
1040
1050
1102
1138
1072
1020
1020
1028
990
952
976
968
968
968
1002
1010
978
994
1004
1030
994
978
1000
1016
1052
1032
1070
1150
1120
1046
1068
1070
1024
994
986
1010
1022
1024
1058
1036
1048
1054
1020
1034
1028
1022
1022
1042
1006
936
932
962
996
1132
1198
1104
1180
1136
1058
1046
1022
970
964
968
972
954
940
962
988
1010
982
982
1008
1028
1024
1012
1052
1064
1048
1022
1008
1034
1054
1030
1060
1132
1134
1074
1090
1058
1088
1050
1018
1036
1048
1036
1030
1064
1072
1010
966
1056
1118
1084
1034
1084
1084
1032
1040
1044
1028
990
998
1008
1048
1078
1058
1074
1076
1048
1034
1050
1044
1022
1038
1038
1036
1022
1032
1046
1026
1018
990
1028
1082
1066
1058
1102
1086
1026
998
1000
1008
982
946
936
976
998
986
980
1024
1056
1038
1052
1090
1084
1058
1072
1036
1042
1000
1032
1026
992
952
990
1024
1026
1034
1114
1106
1048
1036
1040
1044
1010
968
972
990
1000
992
1016
984
978
992
1002
1058
1052
994
1026
1026
994
894
876
978
1080
1066
1408
1228
1124
1192
1168
1104
1030
1038
1030
994
984
1006
1010
984
994
996
990
970
982
978
974
990
1002
1000
986
976
992
992
974
958
974
982
972
934
960
984
958
968
1012
1042
1012
1014
1060
1028
998
968
974
962
918
888
948
1002
954
1050
1122
1082
1048
1066
1050
1000
1034
1048
1060
1064
1076
1088
1062
1058
1074
1040
1028
1048
1032
996
952
962
974
994
1022
1054
1112
1058
1090
1090
1088
1062
1026
994
1014
1018
1038
1006
966
1002
1010
1012
1010
1052
1038
1010
1032
1044
1028
1006
1026
1024
958
962
1000
1162
1060
1288
1108
1124
1192
1090
1070
1068
1072
1028
1004
1014
992
978
970
984
974
954
946
964
978
970
968
972
966
960
932
954
948
944
914
912
934
966
960
938
930
978
1006
998
994
1010
1034
1026
992
992
984
972
952
980
1004
994
972
968
986
978
958
942
966
996
978
980
998
1042
1022
1024
1078
1074
1026
1004
1006
996
960
950
984
1014
1000
990
1024
1050
1020
996
992
1006
1024
988
972
1038
1124
1080
1050
1070
1032
970
940
954
922
934
1052
1152
1092
1032
1032
1010
996
976
1026
1076
1092
1060
1066
1074
1078
1058
1020
1050
1052
1046
1030
1040
1046
1026
1014
1012
1062
1076
1068
1054
1096
1066
1028
972
996
1002
1024
1008
1072
1096
1058
1020
1054
1050
1006
1012
1024
1010
924
946
1024
1084
1052
1186
1176
1130
1046
1084
1026
980
998
962
948
938
996
1008
984
998
1004
1012
992
1002
1056
1056
1032
1036
1052
1044
1000
970
1004
1012
1034
1008
1004
1058
1064
1030
1034
1064
1070
1036
1026
1044
1034
1016
1006
1030
1066
1030
1022
1074
1070
1032
1062
1090
1000
956
1008
976
938
980
1088
1098
1058
1126
1146
1118
1056
1066
1070
1038
1068
1058
1068
1056
1042
1070
1072
1070
1040
1008
1032
1072
1062
1050
1076
1062
1004
1008
1018
1012
984
938
990
1010
992
1020
1064
1032
1008
1010
1016
1004
988
1014
960
940
924
990
1060
1064
1134
1170
1122
1062
1096
1060
1012
934
936
978
1052
1076
1062
1130
1154
1118
1066
1048
1022
1010
974
996
1040
1060
1030
1036
1038
1034
1010
992
1036
1062
1024
1000
1036
1026
1020
1002
1002
1006
1002
958
958
980
1002
992
988
