630
634
720
696
756
780
756
748
748
678
666
634
658
624
674
738
686
798
830
774
776
786
710
714
736
826
746
748
704
688
750
724
738
762
744
766
772
756
756
732
736
738
772
782
748
772
742
750
750
748
764
752
756
726
708
706
712
660
666
686
660
712
678
652
680
668
632
644
640
706
768
768
782
744
698
704
726
700
650
690
762
826
766
804
802
766
766
824
778
696
708
726
706
758
780
756
712
700
704
674
646
634
644
662
736
754
688
690
672
680
696
756
708
736
740
716
702
666
690
690
676
632
662
710
664
688
680
688
672
674
678
656
654
656
658
638
620
612
612
592
588
590
596
628
610
700
886
940
854
818
740
732
708
658
626
634
642
628
694
752
682
676
664
670
666
676
662
652
640
630
634
626
636
626
626
628
632
634
628
646
638
694
756
754
728
676
664
672
668
660
694
764
758
714
678
674
688
638
632
628
678
690
652
676
684
680
682
638
630
656
692
672
650
632
644
654
680
694
688
706
750
734
712
692
700
634
650
660
636
638
668
680
660
676
660
654
652
654
652
660
662
684
692
676
656
668
674
646
644
644
696
664
684
696
690
648
654
674
734
734
724
678
668
670
668
660
662
652
692
736
740
722
706
668
622
672
650
648
636
638
640
648
680
726
716
704
662
688
696
684
674
660
668
668
676
648
644
662
646
672
648
648
624
626
636
620
656
628
644
618
632
628
628
642
648
640
636
612
612
622
610
628
622
642
654
634
638
612
626
618
622
648
674
660
672
686
680
660
634
610
600
604
620
650
648
672
658
658
630
634
648
640
648
640
638
638
646
620
624
622
616
620
632
618
632
656
672
708
678
656
676
672
670
658
658
706
686
648
660
670
690
670
650
652
658
632
618
608
618
628
618
612
664
646
630
650
658
640
646
690
716
694
726
720
704
692
686
658
656
666
664
634
640
628
614
596
618
674
754
670
684
674
684
666
678
652
632
628
642
644
660
642
636
648
666
680
668
640
634
630
590
570
574
588
622
704
748
686
724
706
654
656
668
654
750
682
694
732
698
690
658
628
656
632
600
624
610
640
658
622
624
644
630
614
612
598
608
616
606
600
602
678
724
686
688
690
684
692
664
666
676
642
618
644
628
628
620
628
666
698
762
778
742
700
694
672
662
650
632
636
634
648
644
630
672
644
680
726
748
762
716
722
728
818
746
756
732
662
662
682
674
664
646
722
760
744
772
748
742
702
682
654
630
628
630
614
620
626
650
638
626
634
744
680
686
694
684
668
672
678
634
628
638
628
626
628
638
630
606
600
586
604
674
734
698
676
644
652
618
620
628
626
610
620
678
658
692
694
668
666
640
646
658
648
660
656
634
624
650
636
694
650
664
648
650
642
684
656
700
704
674
648
660
674
654
660
670
662
674
828
828
772
772
740
686
714
714
756
826
884
822
778
800
912
922
792
706
680
728
710
694
716
742
744
778
752
718
706
672
704
708
702
664
690
826
720
700
728
776
860
754
752
802
896
790
712
726
744
730
674
658
670
682
676
644
672
806
702
714
732
804
800
744
682
658
692
684
690
692
786
722
702
690
732
708
698
704
720
730
724
702
768
792
714
686
630
612
622
644
780
676
698
682
712
694
696
666
702
776
744
722
712
740
736
726
698
658
636
668
628
660
764
708
692
690
704
698
662
672
670
886
770
730
668
712
682
628
660
690
828
776
728
710
690
706
668
640
628
632
626
644
674
720
740
698
680
670
672
696
692
666
648
660
646
648
652
690
752
690
664
614
652
652
636
656
644
658
654
668
680
710
674
696
696
700
714
784
1004
788
730
730
678
644
652
666
696
744
790
728
674
664
652
630
626
620
606
578
574
542
562
532
522
514
522
538
862
844
796
754
890
946
844
882
946
826
810
914
738
704
984
806
808
818
770
788
726
762
750
802
774
784
798
784
830
792
736
718
690
632
628
628
622
606
588
574
582
578
566
564
562
556
572
562
634
692
684
660
636
598
568
558
530
550
524
516
512
520
510
560
866
1032
966
992
946
884
786
732
624
586
582
592
588
558
548
560
616
582
578
584
700
904
826
726
666
610
592
582
584
596
810
814
710
722
672
620
606
630
608
630
630
654
662
632
642
638
676
708
696
692
690
690
936
872
828
720
636
640
628
614
622
626
662
660
638
658
634
652
712
700
702
706
700
672
624
632
634
692
640
656
678
714
724
696
678
670
686
668
666
656
668
650
688
656
654
612
600
618
618
730
666
652
658
658
650
648
626
634
634
632
622
652
634
626
688
672
660
656
640
652
648
650
642
634
658
650
640
658
646
654
644
620
632
622
600
616
612
612
670
652
642
676
718
710
692
712
622
602
600
584
588
598
866
690
706
710
696
702
744
712
702
638
646
670
728
692
714
768
764
756
706
698
682
680
686
690
718
698
684
694
748
768
754
724
680
680
664
646
636
648
686
752
708
682
654
676
666
636
648
646
746
694
680
680
684
668
686
714
712
704
698
648
628
638
646
736
764
776
740
692
664
670
672
660
658
630
622
622
640
688
658
692
672
650
630
620
622
630
644
710
700
688
674
672
618
596
592
574
600
618
620
618
602
604
566
552
574
562
556
574
564
564
568
558
578
576
568
548
558
542
542
540
538
552
550
548
552
546
542
534
542
532
566
558
558
564
584
598
582
578
616
600
610
604
606
562
554
546
544
538
538
548
548
550
540
570
602
562
596
592
588
598
592
562
572
604
606
612
606
606
602
560
580
588
586
568
570
574
570
602
594
580
564
584
572
626
618
670
630
632
624
610
598
590
582
562
560
552
558
556
568
594
572
568
568
582
572
552
562
566
578
592
578
626
616
646
652
720
732
726
698
632
594
614
590
578
590
648
698
694
678
628
604
602
614
614
620
646
656
654
650
650
642
604
600
604
604
610
616
634
640
618
652
654
652
642
660
658
636
632
632
626
624
652
636
634
634
614
612
614
616
584
580
588
584
578
572
602
576
596
628
620
668
680
646
672
674
676
668
666
658
652
654
642
648
648
684
742
688
692
712
662
636
630
642
670
636
646
584
606
590
586
652
618
612
614
626
644
676
716
716
742
738
698
658
640
654
648
654
654
676
706
698
698
696
696
702
708
698
674
656
662
674
662
680
656
670
656
642
626
600
610
604
592
586
572
568
560
550
532
534
606
590
606
598
590
608
618
614
626
616
610
634
636
614
622
612
624
608
606
606
600
606
668
656
634
656
654
658
654
642
662
640
656
656
638
644
636
622
600
604
604
596
600
596
594
600
584
594
598
628
656
636
636
616
598
598
600
588
596
606
660
614
664
644
668
652
666
674
790
732
782
822
844
784
792
820
784
732
688
722
708
666
652
668
736
738
732
724
668
650
630
628
628
602
606
620
642
674
674
662
656
650
646
622
606
618
700
740
684
684
648
638
668
802
716
730
748
730
702
648
654
666
644
674
660
672
658
668
658
726
706
704
672
646
618
600
596
584
604
666
628
674
710
678
698
654
638
608
624
608
602
604
596
620
678
638
634
626
614
628
622
634
622
616
616
616
612
610
618
658
792
770
718
668
676
686
706
712
762
810
758
698
682
654
676
646
618
618
626
680
718
776
706
650
618
644
610
598
602
618
672
658
712
692
712
738
710
700
656
682
632
622
650
634
638
678
638
658
672
642
612
610
604
614
590
600
590
612
614
628
834
772
752
786
830
776
778
752
754
766
774
834
830
836
794
784
784
740
766
740
726
668
678
620
620
642
724
766
774
760
734
748
756
762
786
764
746
768
750
738
732
726
672
678
678
670
670
644
656
674
700
810
770
780
810
828
908
922
930
848
746
734
694
722
748
720
710
762
826
790
780
788
734
696
736
724
720
704
744
800
762
758
732
778
816
750
738
706
646
640
660
662
1012
998
1042
1032
924
758
878
972
884
780
800
854
958
834
778
726
700
684
650
614
642
614
590
574
594
586
622
612
614
624
618
614
640
782
800
768
786
734
720
696
678
684
686
690
688
686
730
746
720
734
730
694
646
660
658
666
656
670
652
650
638
650
650
662
754
722
724
738
854
864
814
746
716
672
680
682
672
724
742
830
874
838
824
832
702
694
722
750
768
730
742
682
664
668
676
676
666
672
670
714
694
710
702
694
640
626
654
624
612
624
642
698
738
706
710
718
710
648
638
648
646
646
668
648
648
644
630
600
576
594
624
690
720
700
692
694
702
676
624
632
612
584
598
666
654
684
686
678
672
680
750
720
706
682
660
626
614
626
634
712
818
734
776
902
868
850
768
698
698
666
668
656
720
742
758
734
666
676
676
684
674
642
652
650
682
748
758
720
716
668
670
626
660
674
690
686
674
682
686
682
680
710
708
694
676
676
632
638
642
648
664
642
716
760
698
726
716
700
704
640
642
668
656
696
710
674
696
646
630
632
606
624
612
628
622
618
600
604
606
598
606
594
688
690
678
734
750
726
748
728
658
666
634
620
634
622
668
752
850
850
774
678
652
644
612
602
624
852
1010
810
818
852
754
768
752
722
724
740
772
790
826
780
704
676
668
638
664
646
728
710
682
700
706
694
694
676
714
764
786
746
762
730
640
664
670
822
838
778
764
730
726
670
658
668
666
646
646
646
660
656
682
734
768
732
750
746
678
650
680
666
676
736
722
706
692
694
664
684
686
676
672
696
714
694
694
688
690
688
628
628
646
772
798
722
670
670
646
626
634
634
626
640
684
724
742
710
740
726
722
654
696
684
686
692
712
722
696
698
680
648
632
652
644
672
708
728
714
710
742
752
780
816
808
756
732
716
740
718
722
740
724
716
746
812
812
796
744
742
742
754
730
698
694
676
700
708
756
728
706
716
694
672
670
636
662
654
682
666
632
660
736
774
764
750
694
702
648
660
668
668
712
684
666
638
646
748
758
778
774
708
704
732
682
644
666
670
658
660
742
698
738
754
728
670
650
644
634
650
646
856
802
736
720
732
682
670
668
670
638
644
644
630
632
648
650
666
644
644
650
670
668
662
648
604
614
586
596
588
624
612
636
654
632
644
652
646
646
626
632
628
616
618
628
644
696
654
644
616
618
622
624
644
746
698
740
802
782
762
776
798
782
704
690
708
704
712
706
774
922
868
816
808
834
806
854
838
828
802
786
792
770
828
896
836
824
796
738
688
650
650
650
682
662
754
776
772
740
746
734
696
720
726
788
792
762
762
756
728
734
744
726
766
810
770
696
714
722
826
758
774
746
718
694
662
636
626
636
652
710
674
668
688
672
688
694
696
740
758
770
748
722
688
676
664
680
666
700
796
724
754
692
652
644
618
612
624
702
852
760
768
736
704
742
834
852
808
730
684
680
694
690
636
638
656
752
880
778
834
804
726
682
720
736
848
760
798
790
774
796
770
784
766
728
748
720
684
660
648
670
668
666
674
732
710
742
766
750
686
704
680
680
650
656
658
656
654
654
652
718
808
904
872
820
748
702
672
704
722
714
752
732
720
724
776
736
720
728
696
704
704
660
676
648
676
670
776
712
706
700
712
676
684
688
652
638
626
624
626
634
672
712
734
716
654
640
666
668
706
732
818
776
788
754
682
666
692
692
690
770
702
772
760
764
774
780
752
738
740
728
734
690
662
674
684
660
682
678
652
648
646
618
624
624
616
632
624
612
656
666
682
676
698
766
750
718
640
638
606
612
622
588
598
642
664
656
664
662
652
666
664
718
674
658
630
620
602
602
592
602
590
650
662
668
872
916
862
872
778
732
684
686
674
672
668
678
672
652
644
612
624
620
644
626
620
626
636
640
638
634
646
612
600
596
582
596
592
598
622
648
630
626
620
632
614
632
676
654
684
744
740
764
746
702
678
646
658
660
640
650
638
604
608
628
726
748
710
748
790
812
776
768
700
704
666
640
664
666
648
654
640
626
628
618
692
728
720
704
688
668
634
612
620
622
788
782
756
780
722
704
702
704
718
726
708
746
724
692
660
676
720
866
808
750
700
688
660
644
650
644
636
646
646
662
684
666
682
664
656
668
678
758
752
704
696
670
674
672
620
646
642
644
626
634
622
640
652
692
708
698
656
672
664
714
670
690
662
662
662
676
656
674
642
612
646
640
632
618
620
670
640
674
692
708
686
670
658
636
654
660
650
640
634
630
644
640
622
628
636
660
654
644
676
756
698
690
692
666
640
646
596
624
610
610
612
712
734
718
694
640
656
642
802
846
764
770
738
702
722
682
670
654
656
628
646
648
630
672
710
700
692
694
696
718
720
704
704
666
626
614
632
706
900
842
862
822
766
738
668
626
638
622
620
796
810
918
924
860
844
768
784
768
700
684
692
692
694
686
776
848
834
794
802
760
744
726
700
696
652
668
678
706
800
716
728
788
832
762
720
736
752
672
674
690
674
678
754
836
776
750
730
698
686
692
672
680
684
676
796
744
728
710
658
664
672
670
710
702
756
728
686
714
688
694
700
688
680
692
718
700
766
794
744
720
710
670
686
688
692
718
692
756
816
790
766
712
666
708
694
692
646
676
730
806
758
732
668
662
670
660
720
842
872
772
714
658
630
640
684
932
826
780
698
662
646
660
668
656
654
700
692
682
682
646
658
674
682
672
694
730
688
656
662
670
674
742
758
738
764
842
784
764
714
700
664
666
674
708
708
680
702
724
698
722
694
692
694
684
680
678
676
704
766
804
748
762
792
736
712
730
718
684
700
696
694
702
700
688
756
694
666
674
642
664
712
716
716
750
728
722
730
694
706
690
726
702
688
684
674
690
694
718
740
720
700
724
744
714
690
692
698
682
680
678
682
680
714
698
684
712
698
676
672
686
676
676
686
684
660
636
638
630
638
640
648
674
680
694
688
682
692
694
678
702
728
698
698
712
706
702
684
700
690
666
658
662
642
604
582
618
740
736
798
788
796
796
794
790
806
756
798
774
748
710
688
628
636
654
706
666
690
730
738
724
740
748
690
694
710
700
714
700
686
660
668
654
658
650
652
640
676
680
660
686
702
674
676
666
648
644
630
652
664
740
756
702
706
698
660
696
704
770
726
682
664
658
674
670
712
788
842
818
756
756
746
716
726
788
764
750
778
830
842
838
790
720
694
676
646
684
800
814
866
844
822
812
758
752
748
752
774
788
758
776
766
730
740
802
800
744
742
760
788
750
764
782
744
728
708
696
692
762
746
702
716
696
694
784
778
760
772
704
736
736
772
782
790
802
772
744
714
736
728
794
758
756
762
758
724
746
690
680
680
714
830
792
770
764
734
764
718
744
724
704
662
684
684
706
680
730
710
654
454
1006
862
764
734
658
662
636
606
624
616
664
704
688
712
700
710
644
624
632
628
610
614
778
740
846
762
780
758
754
746
726
744
766
762
744
746
744
758
732
748
734
734
744
724
732
746
726
704
678
674
680
664
642
670
646
676
666
622
638
630
622
628
624
674
752
736
744
734
724
726
692
738
904
876
822
846
844
764
740
762
810
764
808
786
746
738
746
756
746
792
770
758
836
800
764
744
732
680
708
708
698
656
692
694
832
790
780
800
756
718
726
706
676
712
708
688
692
652
674
684
716
750
766
756
766
718
638
620
614
618
610
602
612
648
658
836
880
780
824
838
818
738
790
780
754
744
746
696
732
712
744
730
732
730
676
680
630
628
626
630
674
730
702
734
720
718
738
720
718
706
714
718
676
718
724
704
712
714
692
698
730
704
746
728
718
688
676
694
650
648
664
678
710
760
772
766
752
746
718
652
662
662
638
642
640
640
634
638
620
632
658
802
770
750
718
720
700
688
698
694
702
692
684
658
676
666
644
606
636
624
722
738
720
768
782
818
802
778
716
694
710
708
690
698
700
710
694
702
776
722
712
722
708
674
680
696
752
740
698
690
676
652
644
652
644
676
698
736
702
722
746
728
736
810
764
714
736
736
726
774
798
752
756
740
734
736
726
730
726
666
662
678
636
658
910
872
760
742
790
762
756
752
716
714
706
670
670
672
654
652
654
666
648
666
758
800
782
754
772
696
700
724
724
772
736
728
698
658
668
674
720
700
700
694
686
674
650
662
656
666
648
658
644
646
616
626
624
620
614
716
690
674
682
642
640
624
634
634
638
636
650
638
722
700
790
866
790
820
794
690
752
698
678
686
688
688
690
720
726
740
766
754
728
722
716
680
676
650
634
648
634
684
664
686
732
718
714
706
688
670
660
642
634
610
628
624
640
700
662
662
676
670
668
652
650
648
642
660
664
660
632
634
618
612
598
592
582
580
578
638
614
628
654
686
682
680
648
622
616
608
610
600
646
622
626
650
656
656
656
658
650
690
678
706
690
678
702
706
688
678
680
692
696
692
676
688
680
684
656
652
640
642
614
628
628
632
758
682
690
722
666
652
650
614
632
636
676
646
652
716
714
726
762
724
748
756
754
720
720
696
668
678
678
688
686
674
680
672
688
670
710
696
682
680
668
644
650
640
638
640
642
628
646
632
646
666
710
684
714
698
714
738
708
690
660
642
620
640
624
636
628
646
648
662
654
660
648
614
634
630
642
632
618
592
602
598
594
590
582
596
582
586
642
654
652
664
664
630
630
630
632
680
636
650
652
656
636
636
672
638
652
648
670
654
640
638
638
646
634
636
632
678
702
658
664
644
656
650
636
646
632
610
600
610
608
602
598
602
640
646
638
660
666
658
704
728
702
656
680
672
686
678
666
666
654
652
700
698
678
678
684
676
676
696
670
682
680
668
672
658
664
648
646
622
632
640
670
684
680
690
672
668
648
654
622
622
600
660
780
720
700
678
636
654
658
642
668
768
732
740
760
730
698
704
690
688
704
696
682
678
678
662
660
666
650
632
630
640
650
666
688
716
698
698
678
644
668
628
630
620
600
616
690
688
712
786
720
742
762
688
676
702
688
660
634
638
630
632
636
662
710
666
670
672
676
686
774
762
726
706
690
688
690
696
698
678
674
678
742
686
730
696
690
660
632
654
658
646
754
824
716
712
746
716
722
690
660
652
656
654
632
626
628
626
644
656
636
638
652
628
644
636
642
670
770
750
724
702
708
734
788
782
742
680
676
670
690
690
706
714
690
684
676
676
720
718
740
732
736
736
732
726
708
632
688
736
734
708
688
648
610
632
630
620
620
628
614
626
610
618
616
624
606
600
604
624
648
694
702
680
670
678
666
638
636
626
630
630
640
644
644
674
668
694
686
678
670
672
672
676
664
656
656
644
636
652
642
660
664
660
658
656
648
698
776
694
722
718
704
758
756
736
750
704
652
618
592
614
610
606
814
890
844
762
700
700
654
650
656
616
632
608
622
626
690
660
666
700
686
648
640
648
638
636
650
652
670
724
800
784
764
732
664
648
646
618
620
630
626
626
618
672
730
664
694
678
650
660
658
646
638
632
610
596
614
600
648
676
682
664
676
654
608
594
622
600
596
606
628
600
624
658
656
740
772
734
720
704
680
652
644
642
640
630
638
690
746
752
764
772
780
764
670
668
670
674
650
638
632
618
604
628
650
662
638
658
710
716
700
692
674
648
622
618
608
618
612
598
606
612
656
668
646
636
620
614
600
592
588
576
584
584
584
590
574
578
570
708
686
660
686
692
674
658
638
636
610
600
602
598
596
578
586
592
594
596
626
598
598
618
604
590
596
580
586
582
598
654
642
624
622
612
594
588
590
578
564
544
556
560
542
576
552
556
566
564
558
564
564
564
556
562
572
554
590
590
574
580
574
572
588
570
546
534
534
534
540
542
574
588
598
612
604
622
634
674
672
660
642
640
654
656
630
628
612
632
700
648
612
620
604
602
584
558
586
568
562
566
560
946
870
818
828
790
718
712
694
684
668
672
656
644
606
626
630
616
614
616
606
594
600
602
606
598
600
606
612
658
650
642
638
646
616
624
630
630
610
616
622
620
626
616
632
640
626
634
614
596
612
614
604
606
614
616
600
644
648
622
602
580
602
586
582
600
618
650
614
652
628
636
632
630
688
672
660
682
664
654
660
650
628
622
638
628
624
628
658
676
654
686
720
710
674
654
628
602
596
600
590
580
598
644
694
660
706
726
710
690
718
680
672
668
644
626
612
602
604
596
618
612
620
638
630
652
658
654
668
630
624
636
630
674
692
666
678
652
640
614
616
634
648
636
654
668
662
668
660
638
606
638
638
650
646
666
658
656
622
618
612
580
604
598
598
708
774
680
680
688
636
642
652
626
622
626
630
632
608
586
594
590
592
576
586
588
588
598
584
622
626
614
630
650
662
668
708
744
746
714
716
692
632
620
620
594
568
586
590
572
582
588
570
592
594
604
596
612
624
632
638
636
622
646
644
642
654
658
650
652
646
638
644
650
634
604
582
610
604
636
606
634
612
628
612
612
614
606
608
606
600
596
600
608
606
608
620
612
596
604
614
596
600
608
602
612
590
574
572
572
564
580
580
576
718
674
770
728
632
696
682
764
816
732
694
672
676
642
660
644
640
648
640
636
632
626
620
596
600
580
584
662
630
646
654
654
688
698
672
670
638
634
652
638
656
698
662
698
724
706
684
670
618
606
572
594
734
674
620
676
820
708
698
712
718
700
692
646
668
630
660
668
684
684
672
664
660
634
636
644
662
722
776
818
744
652
636
622
624
676
658
642
648
732
720
704
648
634
594
574
608
594
626
682
646
624
608
616
618
634
628
618
612
600
606
596
598
588
586
586
596
622
598
608
582
584
566
572
578
570
564
556
568
560
572
558
566
564
556
556
596
616
582
608
586
582
630
610
594
602
586
586
582
612
598
578
582
620
636
616
612
596
596
580
590
614
640
612
610
600
608
614
638
626
638
624
658
432
908
678
604
582
568
568
560
554
548
548
592
584
608
600
580
594
590
592
580
574
582
596
646
608
626
638
630
644
602
594
574
616
712
724
694
752
910
756
716
776
756
696
634
688
666
658
678
674
662
652
640
634
614
590
600
646
650
640
652
640
660
652
660
632
640
646
636
672
644
650
652
654
676
660
676
666
682
652
634
612
606
610
602
618
606
608
586
592
596
610
650
644
632
634
612
596
610
610
608
600
600
590
586
582
596
590
588
606
612
594
616
590
576
576
552
568
560
560
534
532
534
538
542
606
736
676
662
864
730
866
712
732
710
646
700
744
780
884
924
856
712
706
786
796
746
762
880
854
732
658
622
644
604
618
620
604
624
676
676
654
654
662
644
610
626
592
558
584
550
566
566
552
576
618
644
620
630
622
588
578
578
582
578
572
602
660
626
680
672
696
682
672
664
646
640
626
626
634
640
638
640
628
624
620
644
660
632
668
692
706
730
692
700
704
666
676
680
662
672
634
636
600
596
602
656
636
672
708
698
690
650
660
680
698
774
704
740
736
714
662
646
654
612
610
618
670
668
694
706
676
644
648
652
650
644
646
652
642
632
642
604
634
608
612
620
658
648
650
646
650
722
672
730
778
730
776
786
682
736
672
682
694
646
628
618
622
614
612
616
628
572
596
592
590
604
586
556
550
536
532
532
526
622
778
692
736
754
764
730
678
604
680
672
602
638
630
650
624
618
918
712
664
648
644
618
630
626
618
596
646
618
632
638
626
630
630
630
626
642
618
626
630
622
616
612
620
618
604
612
600
610
588
556
552
550
538
538
532
530
528
520
534
588
624
612
576
584
582
590
590
610
602
676
628
646
634
602
584
582
566
582
570
604
622
616
626
612
630
622
628
618
610
616
620
660
660
660
628
608
614
608
598
606
596
594
624
614
602
608
618
614
628
644
624
644
628
618
620
594
576
578
580
624
592
636
606
670
612
608
590
612
656
624
618
612
618
616
606
600
582
586
628
604
606
596
582
590
584
580
730
682
666
706
732
940
830
724
680
640
626
656
638
638
784
674
738
766
706
672
618
666
630
642
650
620
624
634
636
682
718
686
756
706
654
676
678
662
682
680
702
740
718
706
716
672
658
656
678
668
670
664
630
616
612
594
582
562
580
568
572
646
582
654
670
674
830
794
730
704
720
724
714
700
712
816
738
724
722
670
666
690
666
670
730
780
726
712
712
636
686
