716
718
746
696
706
714
698
702
710
710
694
694
686
672
668
676
682
672
704
696
684
686
694
698
704
668
652
654
656
648
660
654
708
694
732
746
738
738
718
720
724
726
732
718
754
738
766
770
754
764
736
732
718
708
712
716
714
724
718
742
752
768
782
778
766
764
746
736
742
744
726
744
746
752
746
742
758
738
744
736
750
716
718
722
732
720
726
738
726
724
764
752
752
762
744
752
718
696
678
670
660
666
672
712
744
774
770
754
772
762
772
738
740
752
740
734
750
740
734
718
720
700
688
704
696
708
744
756
746
758
748
730
732
742
722
734
724
742
740
736
732
702
702
712
700
716
714
730
756
768
756
756
754
754
752
762
740
738
738
724
740
746
728
738
758
758
760
748
750
754
754
760
746
762
758
752
768
738
742
746
730
742
734
754
750
760
754
752
768
736
744
736
722
732
720
736
734
754
754
744
756
730
732
730
714
722
714
698
694
690
736
726
730
740
742
754
726
728
736
710
702
702
688
684
688
698
688
698
698
690
700
688
704
706
708
704
718
688
684
680
668
678
672
670
682
672
712
712
712
732
738
738
702
694
690
678
684
674
714
738
688
708
740
752
742
748
716
706
696
702
700
736
758
742
766
776
768
760
768
748
742
742
744
728
738
744
726
766
754
748
752
746
738
756
742
736
784
790
768
804
802
796
804
778
770
768
758
754
772
754
754
778
782
776
780
758
754
762
754
724
732
724
720
716
728
726
726
726
736
732
726
726
732
732
718
736
718
750
736
766
770
770
776
748
746
734
720
734
718
754
736
752
758
756
744
762
768
746
764
740
754
734
732
764
762
754
784
774
782
778
772
774
748
760
752
748
732
746
736
724
704
706
684
680
694
680
728
740
714
718
716
694
692
686
686
672
688
680
708
694
710
714
724
712
716
710
706
716
708
696
708
712
696
710
718
694
690
700
704
708
712
716
704
718
726
702
694
682
686
690
686
682
672
666
668
666
658
670
656
690
688
712
734
742
754
742
756
744
752
762
744
746
744
728
718
710
702
708
708
764
760
786
804
808
800
780
772
768
756
754
754
738
736
750
744
752
770
770
764
772
754
756
750
734
746
738
730
728
732
734
728
732
738
720
730
752
750
744
760
742
738
732
722
712
722
724
730
720
722
750
756
738
762
756
744
752
738
742
748
718
724
726
708
706
706
698
686
690
686
678
688
692
690
684
732
716
726
714
726
676
666
646
632
622
616
616
620
620
628
612
654
658
660
670
680
690
712
742
748
740
774
744
760
754
732
716
708
690
690
690
758
764
776
790
788
748
742
740
724
718
712
706
698
700
692
712
730
752
768
758
774
768
772
746
760
736
736
736
738
744
778
782
778
800
814
808
814
790
796
776
780
778
800
794
786
774
760
744
738
734
726
728
734
740
754
762
760
762
736
722
704
688
680
678
676
670
736
768
756
780
820
812
808
774
770
766
750
738
730
712
708
714
700
748
770
780
822
834
806
806
788
798
794
784
788
832
816
814
848
842
846
802
808
792
770
778
776
774
776
722
712
706
696
694
696
694
680
680
678
682
676
680
668
692
686
696
694
690
702
672
670
676
670
710
712
720
766
760
766
776
742
740
736
738
734
768
786
796
804
836
860
864
840
816
804
770
770
776
766
728
742
746
734
752
798
806
792
792
812
804
798
782
774
764
748
770
772
744
750
764
762
742
760
756
740
742
710
704
706
690
672
674
672
682
680
688
676
722
734
732
748
748
754
722
726
716
700
704
712
700
718
732
750
762
740
772
764
756
774
754
752
746
750
752
756
744
750
752
750
734
750
752
736
746
738
770
750
784
786
770
778
776
770
784
760
750
740
728
746
750
740
748
756
760
746
756
758
756
748
758
756
742
744
756
744
740
754
756
740
750
750
736
748
756
750
742
758
758
754
744
758
762
744
728
722
712
710
708
708
714
718
714
706
710
712
704
704
702
694
686
696
690
686
700
704
696
692
694
684
678
672
670
670
672
668
654
664
666
648
670
672
698
708
732
728
742
748
768
754
766
758
764
754
742
752
754
752
742
758
752
766
754
774
770
760
760
780
776
762
778
762
776
746
734
742
782
762
792
796
808
808
796
790
758
756
774
760
746
762
748
772
758
790
792
774
774
788
778
776
752
730
726
720
712
728
728
748
778
814
812
782
766
756
734
718
718
708
700
716
706
732
752
778
790
796
788
778
772
766
736
730
706
714
660
670
656
662
672
664
710
714
726
736
728
752
762
746
756
758
740
760
730
720
714
718
708
730
748
758
748
748
748
750
758
730
712
696
692
700
684
712
714
732
728
744
748
742
754
726
728
714
720
720
718
714
724
720
706
696
696
688
674
664
666
656
664
666
660
668
652
682
678
692
692
700
666
670
656
656
656
668
654
702
702
728
734
724
722
724
724
732
712
716
706
704
714
708
720
708
714
702
714
710
718
678
676
658
660
670
664
666
662
714
730
728
764
778
772
758
764
758
758
744
724
712
688
686
686
672
668
680
676
758
752
786
810
784
778
738
726
700
712
726
714
740
782
806
810
812
798
798
758
768
758
758
750
724
744
728
752
764
782
802
774
794
794
800
754
756
726
720
726
722
720
736
718
728
738
744
722
738
740
738
700
694
682
672
672
680
664
706
714
720
708
708
722
724
696
688
690
680
688
700
684
712
724
740
746
730
746
762
742
748
730
736
726
746
772
782
790
790
778
774
754
750
758
762
754
762
748
778
764
758
758
770
764
774
756
754
774
748
756
784
794
774
772
768
760
754
760
720
714
704
690
692
698
684
680
714
710
728
768
766
762
788
810
786
804
782
780
742
732
738
734
726
742
726
740
734
734
738
726
734
742
744
726
732
742
754
730
760
782
776
782
774
778
770
750
762
760
736
732
718
696
676
678
680
682
708
784
804
780
826
814
810
764
758
740
722
708
710
710
706
694
708
714
706
732
750
756
752
740
756
754
760
720
734
734
718
714
732
710
732
740
746
744
728
726
754
772
762
750
774
784
782
778
792
790
782
794
772
758
724
716
692
684
678
668
658
666
668
674
662
662
676
632
628
628
626
634
618
666
680
688
712
724
716
708
708
722
684
680
692
680
710
718
726
744
750
758
744
760
762
762
760
754
760
722
720
714
706
702
700
688
686
698
690
736
742
748
750
750
756
740
738
742
738
730
734
732
736
718
704
682
706
670
652
646
626
620
626
644
704
730
744
740
744
706
718
718
704
740
726
732
730
724
738
694
674
678
668
672
686
692
742
774
768
760
778
764
762
710
700
684
678
686
692
690
738
738
768
778
780
784
774
766
768
770
776
782
776
794
798
812
814
802
822
784
780
776
768
776
800
800
802
788
780
772
758
782
760
792
790
780
740
730
708
670
692
684
694
654
660
660
658
682
688
698
692
696
702
670
658
638
634
624
622
614
628
634
618
652
658
688
694
714
724
716
742
734
738
682
664
638
620
606
598
592
592
596
582
630
666
680
694
720
722
770
792
768
766
778
730
720
690
694
700
690
690
690
690
684
698
702
702
686
722
738
732
730
740
714
712
728
724
708
760
770
752
768
756
762
720
700
686
672
672
672
668
682
670
710
706
748
758
738
748
762
754
762
740
736
732
714
722
694
674
692
684
666
664
654
654
662
658
660
654
656
656
652
648
642
644
644
642
654
638
678
692
702
696
708
692
686
698
700
704
696
726
754
760
744
762
736
716
706
694
692
694
684
698
720
718
710
716
710
708
704
714
706
722
682
678
670
672
682
684
678
716
714
720
730
726
736
698
688
680
686
688
696
680
726
726
708
718
716
704
710
708
696
692
702
704
696
706
708
692
692
704
678
674
678
676
672
668
666
660
674
670
744
790
822
830
840
826
804
792
782
792
762
780
780
772
780
786
780
770
780
788
780
784
794
788
810
786
790
782
780
794
772
752
744
754
750
738
750
756
762
746
740
752
752
756
764
738
742
738
746
722
722
778
786
766
786
802
802
798
792
804
772
756
768
762
748
752
746
760
740
746
772
754
748
750
758
722
722
716
706
694
688
682
686
690
694
700
696
742
726
738
744
754
748
734
736
728
726
724
730
734
732
728
746
748
738
730
724
718
734
704
700
706
700
702
712
718
710
712
722
718
710
710
708
694
704
704
700
698
690
722
714
716
710
710
702
704
700
706
696
702
704
686
698
698
698
710
676
680
682
672
666
648
642
646
644
640
638
638
688
712
754
778
788
806
794
794
776
766
758
754
736
730
754
730
780
794
768
810
814
818
808
800
782
778
744
738
730
724
716
708
728
728
716
782
744
762
754
762
752
770
726
736
738
718
728
740
726
752
772
782
768
764
778
738
726
732
740
742
728
740
742
740
744
730
764
736
750
756
766
754
776
768
756
758
776
774
764
774
776
778
784
764
762
762
736
760
754
758
732
756
758
750
758
764
778
754
768
772
772
784
770
776
742
750
760
756
750
760
764
764
744
752
756
746
736
750
732
756
758
772
764
776
758
756
744
734
734
738
742
736
736
746
734
744
728
734
732
742
742
754
740
738
728
718
730
728
726
728
724
722
724
724
726
722
700
694
708
692
696
706
692
686
680
672
660
650
668
670
648
690
698
716
730
726
736
706
698
692
686
684
694
702
690
746
772
764
764
778
782
780
794
776
776
774
752
758
764
744
750
774
782
774
786
776
772
764
740
758
752
742
736
748
750
738
738
770
750
768
778
784
762
774
764
762
768
748
750
740
732
726
764
768
762
790
794
782
774
780
784
780
766
764
746
752
760
754
742
738
780
770
758
766
756
748
760
750
756
742
734
732
732
734
718
736
726
736
718
732
706
690
678
666
656
634
640
638
636
638
636
644
642
640
638
634
634
626
622
612
618
624
612
638
652
660
670
672
682
688
694
726
718
698
704
702
688
690
714
704
708
744
766
746
746
776
782
760
778
766
748
774
748
782
772
744
754
756
734
756
734
766
738
742
748
744
748
716
722
732
720
718
736
724
754
742
768
764
772
720
738
734
716
724
734
734
742
726
750
732
742
726
716
740
740
722
728
740
738
726
744
738
734
720
720
762
782
764
764
758
778
734
732
728
726
718
724
724
718
712
716
724
732
720
738
718
762
734
734
748
744
748
726
726
716
718
682
700
672
688
686
696
648
630
614
600
590
588
588
588
594
590
592
578
634
638
646
654
662
674
682
684
684
680
680
680
688
686
684
700
698
702
670
662
656
654
656
668
648
680
692
696
704
702
714
714
704
702
702
698
702
686
688
686
678
680
684
672
684
690
698
692
700
710
724
702
704
716
678
668
656
650
652
662
644
706
744
768
768
762
760
770
718
706
708
706
700
686
690
696
688
688
686
680
692
688
694
702
708
690
688
700
698
698
708
714
718
716
730
714
744
740
738
740
730
740
738
740
730
728
722
730
704
710
704
694
732
736
750
758
770
766
742
736
732
712
706
696
696
692
706
694
718
718
740
764
758
760
744
732
722
708
700
694
690
692
694
684
708
708
710
700
714
684
678
672
670
672
658
688
710
704
700
706
714
708
714
724
722
710
732
694
696
692
690
678
684
676
672
672
668
674
680
688
686
696
696
686
694
700
704
706
696
720
698
706
708
706
698
702
700
700
674
672
668
668
682
684
690
690
696
688
686
674
658
662
658
656
670
648
686
694
708
724
730
712
734
712
704
704
690
706
692
740
734
758
780
770
754
764
766
750
756
714
716
710
712
726
710
758
748
774
796
766
774
740
716
712
718
702
724
744
748
742
758
764
742
750
766
740
764
720
702
684
688
676
674
676
672
708
722
718
718
732
738
718
742
710
706
698
692
694
686
684
682
682
686
668
698
694
696
684
698
666
670
668
676
670
664
666
670
676
682
664
706
696
694
698
698
698
696
708
684
688
674
670
682
662
690
702
718
738
730
736
744
738
740
750
714
716
726
732
734
718
752
756
738
742
750
672
724
670
646
648
630
634
630
628
634
638
640
630
646
644
624
630
634
626
630
640
626
652
678
698
704
692
712
720
730
716
716
714
704
712
686
682
684
678
692
678
710
698
716
704
720
702
708
710
698
704
704
704
698
696
696
696
688
690
692
682
686
692
686
686
692
696
682
684
690
682
674
682
672
676
680
664
698
720
710
730
734
732
738
730
736
730
712
730
734
726
734
742
764
752
762
720
698
692
684
684
698
702
690
752
762
748
748
746
756
726
718
708
692
698
692
682
688
690
754
760
756
802
806
794
774
778
764
740
740
736
746
738
740
786
766
762
774
782
772
758
762
768
750
744
754
742
736
762
786
770
774
756
752
742
736
734
738
718
720
724
708
712
740
750
740
746
776
764
768
754
754
732
734
716
708
712
710
714
710
700
700
708
692
714
728
744
742
750
732
750
724
734
708
716
708
760
728
718
742
764
774
772
784
750
752
754
734
746
744
750
738
750
734
740
760
784
770
760
768
764
728
722
724
714
708
772
768
740
754
756
740
736
732
726
742
708
698
704
690
700
710
696
718
718
724
718
714
710
712
712
700
702
704
692
712
690
670
656
650
654
656
640
678
676
676
690
692
674
678
682
674
666
676
690
688
690
706
694
686
680
686
680
672
678
678
672
664
658
656
660
664
684
716
730
712
704
720
714
714
730
700
722
704
710
726
756
732
746
726
730
706
708
716
718
710
720
720
774
758
752
764
754
700
692
684
676
678
678
720
754
754
762
776
766
768
744
738
744
698
720
728
726
718
742
760
738
744
758
720
698
726
708
752
728
752
756
748
762
734
730
746
728
744
736
764
752
738
738
702
676
680
674
686
676
682
678
674
684
666
714
704
694
708
710
704
716
698
688
692
682
694
696
690
690
692
704
680
700
712
720
734
718
718
726
720
712
722
718
716
732
706
706
698
680
680
688
684
682
696
698
752
762
746
740
760
712
692
708
692
726
710
720
722
724
726
696
684
682
680
686
690
692
694
700
698
696
682
680
672
664
650
644
650
652
660
640
702
732
722
716
744
730
742
700
690
680
682
672
676
674
718
708
694
714
676
672
658
654
650
644
680
684
692
704
698
686
692
686
676
682
686
684
696
696
680
688
682
696
706
700
696
718
724
706
710
724
740
734
756
766
742
750
770
768
758
756
712
712
716
716
706
700
744
734
724
734
742
746
744
722
712
702
692
702
698
686
680
726
742
728
748
746
750
758
720
726
726
712
698
704
704
712
706
704
720
706
720
714
722
716
730
704
714
714
708
716
716
698
718
716
724
718
704
712
712
702
652
646
642
638
648
646
658
648
698
726
736
740
734
730
724
738
700
706
716
706
694
744
766
730
740
738
742
728
724
726
740
694
684
690
688
696
676
712
702
692
702
698
698
696
690
692
696
706
674
672
664
654
660
648
694
714
724
702
708
722
732
712
718
728
696
694
718
688
698
690
680
680
682
666
676
686
700
708
716
716
724
744
750
732
738
710
696
680
690
694
700
690
698
690
744
726
714
734
738
728
734
712
716
732
714
728
746
764
768
768
738
742
758
742
742
734
760
738
736
746
732
752
724
722
722
708
712
714
716
698
692
698
708
698
690
692
688
686
720
712
700
708
710
718
712
704
700
714
716
716
706
708
704
698
704
690
690
692
696
702
706
704
714
720
724
682
678
670
660
656
664
656
654
650
658
658
660
660
662
666
672
674
684
686
670
692
708
710
696
702
708
706
702
706
706
712
722
708
710
716
716
726
716
716
694
684
676
664
664
680
718
710
726
730
726
726
726
732
754
760
762
744
748
754
754
754
708
708
704
704
700
712
706
712
718
722
706
718
716
708
708
716
704
698
694
690
678
670
666
662
660
670
672
654
674
668
664
670
674
682
652
644
644
656
660
660
694
686
670
696
662
662
648
648
652
630
630
628
630
622
620
630
612
656
646
660
660
662
674
658
664
684
676
698
702
716
690
714
688
692
682
674
662
668
672
658
654
654
652
694
714
730
752
766
758
752
744
700
666
648
638
632
624
624
616
672
708
738
770
782
814
814
788
812
770
748
760
768
740
762
766
768
748
760
756
740
744
738
736
712
720
714
712
716
718
724
714
720
720
728
710
720
712
714
710
714
710
706
700
706
714
702
706
714
696
696
716
674
666
666
660
654
662
646
674
666
664
668
660
652
672
656
652
660
668
664
654
654
650
644
640
636
640
650
632
684
700
720
712
728
758
752
756
720
716
702
726
726
728
710
704
700
694
692
680
668
664
658
650
652
644
664
678
702
720
716
712
730
728
708
718
732
702
690
694
652
664
674
682
682
674
666
672
688
694
730
742
744
742
758
766
750
770
720
726
706
704
682
688
682
680
670
674
632
658
660
660
660
634
620
622
610
620
598
592
586
582
580
566
572
560
524
532
530
530
522
522
516
508
508
504
498
498
502
504
502
508
492
528
538
562
594
612
608
616
634
620
622
618
630
592
578
568
566
566
564
568
576
556
592
590
586
588
582
588
590
592
604
570
562
546
558
556
536
536
544
554
538
540
548
526
542
540
532
538
528
534
374
660
544
410
644
528
584
570
542
550
570
542
578
588
584
572
578
570
606
558
564
568
548
572
578
572
576
572
574
590
598
606
604
604
614
614
656
574
618
606
600
606
592
602
596
594
598
602
610
606
592
606
588
590
586
580
574
582
574
588
554
552
546
548
548
558
536
564
588
604
602
616
618
658
592
604
600
608
608
620
608
616
600
590
590
580
576
576
568
578
562
598
602
618
608
620
610
604
608
566
550
548
518
522
524
514
522
544
614
716
780
764
744
768
746
732
688
664
628
646
648
610
638
630
614
606
618
614
608
608
602
590
592
590
584
572
584
584
578
574
576
574
570
564
552
566
568
568
570
564
574
576
572
568
566
568
566
568
572
574
550
568
594
598
598
600
602
606
618
608
600
616
590
602
558
572
568
562
566
578
552
564
552
558
548
528
566
576
564
572
572
580
572
582
588
566
564
566
564
556
558
558
552
550
558
564
550
568
576
556
618
624
640
648
634
654
616
614
604
584
576
566
558
554
544
548
550
562
568
548
584
578
594
610
606
610
624
624
608
614
602
616
582
578
572
564
572
578
584
584
572
602
600
610
616
608
600
612
606
592
596
594
582
584
584
584
578
590
596
596
630
594
608
604
606
614
600
608
602
594
588
572
566
564
576
538
556
554
600
600
616
616
622
612
612
614
620
600
608
610
598
592
608
604
606
606
618
650
628
630
630
624
630
624
616
622
624
620
620
628
620
614
628
616
612
614
612
598
600
612
612
604
622
612
616
614
606
606
596
600
592
584
578
566
576
564
558
558
562
578
574
564
590
594
578
578
578
582
570
566
568
572
574
570
572
586
590
574
592
592
592
604
580
572
570
570
560
564
564
560
570
578
580
564
598
590
604
614
600
600
610
596
586
588
586
584
578
570
566
566
552
562
566
600
568
574
578
572
578
582
584
574
588
600
604
606
608
634
592
594
594
588
588
582
596
598
604
604
588
596
596
592
588
582
568
562
542
542
532
522
522
526
514
594
646
680
774
742
736
712
670
656
650
628
626
614
600
594
578
572
558
560
560
556
554
564
548
580
564
586
580
584
598
598
588
598
602
590
592
602
592
582
594
598
586
594
606
600
590
596
598
610
574
586
582
578
582
590
580
590
582
586
588
582
574
578
574
556
568
568
560
544
550
554
554
540
538
546
542
530
522
534
524
514
510
512
512
512
502
510
518
512
520
530
510
538
544
558
566
564
564
566
570
552
592
554
550
534
532
532
528
532
532
528
528
536
542
526
530
530
532
526
532
538
536
544
538
542
546
548
544
544
550
546
536
546
552
548
544
560
556
550
552
552
552
548
540
566
548
564
564
574
580
592
570
592
598
588
582
592
586
574
578
578
576
578
590
570
594
632
590
614
606
624
628
610
626
632
626
626
628
602
602
588
578
582
578
568
570
584
570
572
578
586
592
570
604
602
620
620
630
612
608
592
610
608
612
616
616
622
610
608
610
598
596
632
620
630
598
598
566
582
596
568
564
574
566
552
588
600
592
606
604
620
624
652
634
630
652
678
638
632
642
618
620
604
598
602
604
610
594
614
620
598
602
592
588
590
604
580
592
592
586
592
590
578
570
562
552
550
544
538
548
552
560
564
568
566
564
554
562
562
564
562
558
548
548
542
550
534
550
566
560
574
588
570
574
570
556
556
584
580
588
578
586
586
582
584
578
580
582
574
582
610
618
628
654
642
648
662
658
670
688
694
696
678
660
644
652
666
670
658
710
716
734
766
748
754
732
714
706
716
710
704
740
746
722
734
748
750
726
668
644
620
608
600
594
602
594
648
696
738
770
812
760
794
766
750
736
718
676
666
660
654
652
738
824
796
842
828
822
852
836
834
828
802
804
800
766
772
788
778
792
776
802
802
776
748
746
746
736
712
706
708
702
702
692
682
662
654
654
654
660
652
712
774
824
836
832
816
744
716
700
688
654
648
712
762
774
750
740
744
734
714
686
670
666
664
676
654
650
704
760
776
762
778
784
772
778
740
732
718
688
700
712
704
734
724
722
740
722
732
730
742
732
738
734
732
736
714
696
686
682
672
678
662
662
652
648
644
642
638
642
644
648
638
672
646
644
640
640
632
622
638
632
644
642
666
670
682
684
686
686
686
688
660
642
642
592
628
578
594
606
582
606
610
614
616
610
622
624
638
622
636
604
598
598
586
592
590
580
594
584
638
648
688
696
722
710
734
756
682
686
668
664
662
662
668
652
652
648
650
656
652
664
668
668
678
668
716
706
722
726
710
724
722
676
648
642
638
654
656
640
678
674
664
680
678
696
680
690
702
708
686
702
730
722
730
732
714
710
698
684
650
652
636
648
634
686
704
738
782
778
762
756
740
722
728
724
712
704
690
676
676
670
672
660
654
646
652
726
744
764
780
752
758
724
708
706
698
694
692
668
684
680
676
690
686
670
712
720
704
716
684
672
668
664
676
668
660
650
666
658
738
730
756
756
744
744
722
722
698
686
694
700
696
720
738
752
744
752
744
726
710
710
704
714
706
748
756
746
720
700
684
668
654
638
652
662
660
714
708
722
728
736
738
748
768
764
768
748
766
752
744
712
704
694
688
682
676
688
674
718
708
726
734
754
750
750
762
742
742
722
710
708
708
706
710
698
686
666
662
652
660
666
648
694
704
728
722
742
736
730
744
750
730
736
744
714
700
686
672
668
662
690
692
672
684
706
716
720
712
720
732
748
724
744
698
682
680
686
676
688
686
712
694
698
706
710
668
678
676
624
600
604
606
614
574
590
580
580
574
576
564
556
546
534
532
526
520
514
502
496
490
496
498
484
536
614
740
872
860
816
796
838
564
602
574
550
544
560
564
678
720
738
706
656
698
690
676
692
690
672
674
676
674
654
638
640
646
648
606
638
602
578
636
608
610
602
608
596
584
586
588
574
566
576
564
554
562
564
558
560
530
544
542
524
530
530
520
516
520
524
528
522
532
530
526
524
526
526
528
516
506
510
506
504
506
504
500
504
512
510
514
522
524
520
524
528
528
528
528
526
532
532
526
530
536
538
526
532
526
520
522
518
514
514
520
516
512
522
522
514
518
526
528
530
528
534
544
542
538
548
548
530
536
542
540
536
520
532
532
536
526
528
524
534
516
564
576
578
598
574
582
578
572
570
572
560
552
552
556
552
552
556
562
568
560
568
578
568
572
578
566
562
562
558
554
556
562
554
552
560
562
552
560
544
558
558
560
564
550
566
540
544
542
540
544
552
556
552
560
550
570
542
