794
764
712
704
628
596
582
582
580
570
578
590
600
596
596
588
570
572
570
548
552
544
536
540
538
532
536
538
536
540
540
536
520
518
526
556
626
652
642
640
646
660
658
668
682
682
692
694
710
702
712
708
702
692
684
674
624
606
590
568
570
562
570
594
652
654
706
670
690
676
678
684
680
684
670
674
650
618
610
580
580
590
594
604
618
628
622
610
622
594
604
604
590
602
600
598
592
590
598
590
580
582
572
566
542
552
548
534
536
536
566
590
620
608
610
622
648
640
656
674
672
666
664
666
668
668
646
658
642
600
614
590
584
590
586
586
592
590
606
622
624
630
640
632
634
636
654
640
596
610
592
606
600
608
622
632
628
660
640
670
668
674
672
690
688
676
654
660
638
576
564
568
578
618
634
700
656
696
720
714
718
736
726
726
728
712
702
700
686
608
588
584
590
604
642
644
690
716
702
744
708
702
704
668
656
664
648
626
626
630
598
604
610
604
616
640
662
676
716
734
702
706
702
686
662
662
654
624
570
582
570
560
542
546
534
540
544
560
580
606
676
616
644
648
662
690
692
704
688
678
682
660
658
614
616
596
644
622
602
620
614
574
606
670
720
696
712
720
724
738
728
700
698
666
630
580
576
560
566
586
648
680
698
680
676
688
692
706
718
722
730
702
710
708
710
710
708
682
708
720
688
708
694
678
666
620
654
608
626
660
632
666
692
666
694
674
728
720
698
708
716
734
760
742
742
738
734
716
694
698
698
708
702
662
670
618
616
604
600
604
620
642
616
610
630
618
676
668
654
660
648
622
576
596
598
598
590
608
602
612
624
648
676
684
690
626
638
658
624
632
618
626
734
750
722
724
736
766
740
778
768
754
794
782
776
804
820
824
822
786
810
804
766
776
774
744
754
728
720
728
706
712
714
710
712
708
696
660
666
620
694
650
648
608
622
662
706
772
770
714
704
748
776
752
764
754
734
748
744
742
744
754
742
744
744
724
728
732
670
672
694
678
700
724
698
728
738
712
736
730
720
760
728
740
736
720
748
752
754
794
758
750
778
752
754
756
736
750
778
766
772
786
752
744
756
736
734
726
706
710
716
706
706
710
702
696
720
734
710
736
712
702
716
720
702
722
744
720
730
746
720
726
726
722
714
720
718
702
726
764
742
798
802
758
788
742
724
688
658
678
674
728
768
758
790
852
798
784
782
750
740
762
756
762
768
762
764
778
764
762
768
752
754
762
750
758
766
764
756
766
766
762
764
764
752
760
758
758
766
766
758
780
762
752
762
758
754
758
764
754
762
760
748
756
760
750
762
772
756
762
750
738
746
744
732
746
744
736
742
744
734
748
754
746
756
752
736
748
724
724
732
726
726
722
718
700
710
704
702
704
690
704
696
676
708
704
716
722
684
668
674
746
790
796
812
786
746
750
748
736
714
714
690
686
718
720
746
758
742
756
754
736
748
726
738
744
746
724
732
720
714
722
718
712
720
708
698
708
704
706
746
748
718
724
714
704
708
714
708
712
722
712
708
716
730
726
708
718
722
696
708
688
658
660
662
674
688
714
704
718
734
724
706
728
720
704
716
724
712
718
724
698
704
710
684
700
708
694
700
708
702
696
692
662
658
672
682
694
686
672
660
692
790
796
760
758
684
674
674
664
660
686
680
686
704
690
700
698
698
724
734
728
752
746
726
722
710
680
686
690
684
674
680
682
676
682
686
674
670
680
674
684
708
700
702
706
700
670
674
674
670
672
688
686
680
690
692
678
668
674
672
664
678
694
676
682
684
676
688
700
690
698
704
700
686
698
682
672
680
682
680
680
690
676
674
668
660
652
650
654
652
664
682
676
690
702
686
678
668
654
648
636
630
616
602
616
634
648
642
656
672
654
648
656
660
656
668
676
670
696
688
680
686
686
670
688
700
674
686
698
696
674
676
676
668
676
680
668
676
694
686
702
706
698
676
674
660
634
634
616
614
596
618
664
680
710
722
692
658
646
654
678
712
694
704
696
672
674
654
650
654
636
646
644
650
654
632
624
616
602
610
594
600
600
598
580
584
590
606
616
640
656
650
664
662
656
660
648
644
646
652
654
670
688
676
672
666
666
652
660
654
646
654
666
666
666
676
676
672
676
680
676
680
698
680
680
674
662
662
660
652
658
656
658
662
662
666
664
664
658
656
654
648
646
668
680
680
684
696
698
684
690
690
688
690
696
694
694
720
708
706
704
692
682
692
686
686
706
704
698
700
700
684
682
680
674
680
682
688
688
714
708
706
720
710
706
714
696
688
698
694
682
696
706
694
720
710
690
702
706
700
692
696
674
664
662
666
670
674
686
706
704
698
702
700
684
680
682
674
674
682
688
680
686
698
684
692
714
686
688
662
644
628
602
588
584
594
624
630
642
624
618
610
578
576
570
550
544
540
534
530
536
538
560
600
620
590
614
604
616
622
612
616
626
636
648
642
660
744
700
756
714
720
728
710
680
666
638
640
624
610
610
616
626
646
642
654
672
706
684
674
656
654
660
670
698
714
722
746
694
700
694
680
674
676
662
668
668
660
646
648
648
634
644
640
632
622
648
662
680
662
660
656
658
654
652
644
618
622
626
630
650
630
644
672
676
668
670
688
686
678
702
718
694
716
716
676
696
698
674
686
688
694
672
684
684
682
666
672
686
692
672
668
678
688
666
676
694
704
686
704
698
686
682
690
688
674
682
680
692
676
686
710
706
688
706
710
698
694
734
770
728
730
718
714
720
722
704
712
718
724
718
724
678
682
658
634
628
616
618
616
658
664
674
696
728
708
750
770
746
770
762
720
718
732
730
724
730
732
712
672
680
682
698
734
754
720
746
760
726
744
740
682
678
676
680
672
684
726
708
708
738
768
724
738
760
744
716
742
754
724
710
726
730
724
728
750
782
746
764
778
738
728
730
718
696
710
720
720
716
734
744
730
740
742
738
708
718
720
696
696
718
728
712
730
750
718
728
724
724
694
712
714
692
698
704
702
696
714
722
710
702
718
728
706
702
724
730
720
738
756
726
706
722
710
698
718
734
726
708
724
738
706
724
738
730
722
734
750
722
734
746
724
718
724
740
728
742
744
738
744
750
748
736
748
756
736
746
750
746
740
752
758
744
738
752
756
742
752
748
734
732
746
746
742
752
766
752
750
754
748
728
742
750
740
748
758
748
740
756
756
752
776
774
770
764
772
768
750
756
758
748
742
756
754
748
752
764
750
760
764
758
746
758
758
754
752
760
760
744
760
764
750
758
766
768
752
772
770
756
768
764
764
754
760
760
744
756
768
776
756
772
772
758
756
770
768
758
764
764
754
754
762
770
762
774
778
764
764
772
766
750
764
762
750
764
762
754
752
766
764
758
766
774
760
746
760
754
740
760
762
754
768
774
764
748
762
754
748
758
764
768
752
754
760
760
746
766
768
752
748
760
756
746
758
766
760
758
768
772
756
764
766
756
756
772
764
754
772
768
764
756
770
766
758
766
770
760
748
766
764
748
756
760
754
746
764
762
756
752
750
748
732
746
754
742
754
764
752
752
758
752
736
754
758
744
764
766
768
766
786
790
780
786
786
778
762
778
782
764
784
778
760
760
766
756
752
770
776
766
764
774
770
756
764
772
766
758
770
774
766
762
770
774
766
770
784
772
770
776
778
766
782
786
768
774
772
752
758
762
766
762
768
776
772
758
774
778
770
756
778
782
764
760
770
774
758
752
756
742
734
748
754
746
758
766
764
758
776
772
760
770
768
750
750
754
752
744
756
768
756
764
780
766
754
772
766
750
758
742
698
678
630
632
618
614
606
612
624
630
642
650
632
632
626
624
628
626
622
632
658
660
682
734
776
722
742
744
746
742
750
766
754
758
784
786
776
784
786
768
764
774
768
762
776
776
756
764
770
764
760
778
776
764
784
780
764
780
782
782
776
784
784
774
786
786
774
778
784
778
768
786
794
772
792
786
774
770
776
770
754
766
766
762
766
774
786
774
798
798
790
786
792
790
774
784
786
774
760
770
768
752
764
768
758
756
772
770
760
766
766
764
758
762
772
756
752
760
754
744
760
758
750
748
754
750
748
754
766
768
764
782
788
780
766
780
780
772
766
772
766
742
742
752
744
742
764
772
758
776
772
768
764
778
790
790
782
786
788
766
774
770
766
762
770
774
770
772
786
788
772
778
774
754
764
768
768
770
798
798
788
810
814
804
808
814
808
786
792
796
792
784
794
794
774
774
776
766
760
772
780
772
778
792
788
774
788
794
776
762
764
764
756
762
774
770
788
802
786
802
810
806
796
812
812
800
788
796
792
784
784
786
786
768
786
784
770
780
778
770
762
772
778
764
764
768
762
746
766
774
752
748
754
744
742
758
762
762
780
786
776
794
792
788
794
798
802
788
796
790
774
786
790
766
772
768
746
752
760
762
760
778
788
784
810
820
812
802
808
806
776
788
792
786
776
794
796
784
778
786
792
778
782
788
784
774
782
776
772
760
768
768
744
748
752
750
734
744
760
754
750
754
754
754
760
776
792
782
790
810
808
800
810
806
806
798
808
810
804
786
800
786
766
766
762
748
748
764
776
772
788
812
826
816
820
834
824
808
822
814
806
794
804
800
784
780
796
790
782
792
796
796
782
794
800
788
778
792
786
772
778
774
756
744
746
746
738
746
758
760
786
798
800
800
830
836
826
840
826
806
812
806
792
786
794
792
776
784
776
756
762
766
756
748
760
756
750
762
760
758
754
752
740
736
742
750
746
766
782
788
788
810
814
800
814
818
814
810
816
818
808
794
806
802
794
792
806
806
792
788
790
778
752
764
760
740
752
770
782
782
792
812
822
812
832
832
814
824
820
802
802
808
806
798
794
796
780
762
770
760
738
754
744
768
756
778
788
794
788
802
810
802
794
802
798
776
786
786
788
786
798
800
794
786
808
810
800
808
802
800
784
792
792
788
774
788
786
782
772
776
774
768
752
766
762
740
724
726
688
704
780
768
778
782
804
814
818
814
836
844
830
840
840
820
830
814
810
798
804
798
780
786
788
788
772
784
780
776
752
744
742
748
732
756
772
778
778
804
810
806
808
818
836
818
822
832
824
810
816
812
810
794
808
808
800
790
798
798
792
784
792
794
780
768
772
768
748
756
762
754
754
758
768
770
762
768
778
770
772
770
752
734
726
720
726
740
748
764
776
770
804
812
804
820
836
840
830
826
834
826
806
824
820
812
806
814
806
792
772
780
764
736
712
686
716
750
794
768
770
800
800
796
810
814
816
808
822
826
810
818
814
806
796
790
782
776
772
778
770
752
750
764
772
766
790
796
786
794
794
786
762
766
766
754
752
766
766
756
764
778
772
778
802
798
792
816
824
806
816
818
830
808
818
802
766
764
760
756
752
762
770
766
766
788
786
782
798
800
794
794
796
796
786
774
784
792
782
780
790
784
772
772
770
776
764
772
780
776
766
776
776
778
774
782
786
790
774
782
784
780
778
782
780
756
740
732
674
652
664
796
806
762
804
810
800
816
840
838
832
844
848
836
840
842
832
814
822
810
792
784
788
788
770
774
782
772
750
752
708
682
710
826
768
792
824
838
846
840
866
868
858
854
862
860
846
844
850
830
816
828
824
804
794
806
802
782
764
768
766
756
776
784
778
782
796
798
794
816
824
810
822
826
818
808
822
826
818
798
800
782
750
760
766
768
766
786
788
786
796
810
816
810
828
838
816
812
818
812
802
818
822
812
808
814
824
808
816
824
820
804
810
802
798
782
796
792
774
756
758
720
660
672
760
838
762
786
808
802
826
838
842
846
836
842
830
822
824
814
796
802
806
800
786
802
806
798
788
798
784
764
780
776
774
772
792
804
796
828
838
842
832
838
848
824
836
848
834
820
834
828
810
798
806
804
778
768
768
716
716
780
806
780
796
812
836
826
822
834
840
826
838
842
832
820
830
826
814
808
820
818
810
806
794
794
762
768
772
766
766
784
794
804
794
812
824
826
812
830
836
826
816
812
810
794
782
788
790
776
766
776
774
772
768
788
790
780
798
806
798
798
818
822
814
806
816
808
782
786
792
782
772
784
784
774
782
778
780
780
782
794
788
774
790
792
784
782
786
792
782
768
766
748
734
748
758
766
770
808
808
810
838
850
840
864
870
864
854
866
868
848
854
848
844
810
812
804
772
758
710
712
778
842
802
822
810
834
838
834
850
860
846
834
846
844
836
842
840
824
792
806
796
772
782
778
778
764
770
780
772
774
794
808
798
808
814
806
798
808
808
796
786
798
796
788
778
792
786
776
772
778
784
778
766
784
782
778
778
788
788
764
748
748
690
704
736
818
788
794
826
834
832
854
848
856
842
852
858
834
848
846
824
832
832
818
804
808
800
768
762
726
728
756
836
808
812
820
838
844
844
870
864
858
866
874
854
856
862
850
832
826
820
786
770
764
730
754
848
810
808
824
844
856
852
864
868
858
844
850
848
826
830
830
824
806
814
818
812
806
822
820
806
816
808
810
804
810
816
806
792
806
804
788
788
788
766
762
762
746
682
694
764
848
768
820
832
824
858
866
860
862
864
870
850
850
854
836
822
828
828
828
810
822
832
816
800
806
794
778
774
784
780
772
780
792
792
786
796
802
802
794
800
806
798
796
804
810
796
798
802
800
790
796
794
778
762
754
676
650
654
732
884
772
796
820
842
828
852
874
874
864
876
880
880
854
872
868
842
852
844
830
816
820
810
792
786
800
802
788
802
796
794
780
794
800
790
794
796
802
790
796
800
794
784
790
786
772
764
776
778
784
778
792
800
806
796
806
810
804
792
806
814
806
794
798
774
750
712
686
718
756
830
790
806
804
828
846
856
844
866
872
860
852
854
854
842
838
840
820
802
820
814
804
802
814
788
764
766
712
720
764
848
802
806
844
850
844
846
876
882
868
874
876
856
838
838
842
846
828
838
836
836
818
832
834
826
782
778
772
734
750
834
806
808
816
836
842
832
846
858
836
848
854
848
838
850
854
834
820
836
830
814
826
822
810
786
792
786
766
760
776
778
772
776
794
808
806
804
834
842
814
830
836
838
834
834
840
838
818
830
824
812
802
810
812
808
766
758
718
688
730
782
828
806
814
818
854
866
854
878
892
890
862
874
876
854
862
870
862
844
850
854
838
816
838
830
804
822
818
802
782
806
804
794
776
794
802
794
790
800
806
804
796
808
820
808
794
806
812
804
790
808
816
802
788
802
802
794
778
798
808
790
784
788
780
754
736
710
736
852
770
796
818
824
820
846
870
866
842
868
874
856
842
844
854
852
824
838
838
834
814
818
824
812
788
786
796
792
784
792
808
814
790
808
830
824
820
828
832
834
810
824
836
814
798
818
812
790
788
796
778
750
734
716
748
798
780
808
818
810
836
844
844
832
854
854
838
848
848
842
818
838
836
822
800
824
824
818
804
818
824
810
796
818
810
794
790
806
812
798
788
806
808
800
800
818
824
806
810
818
808
790
806
808
802
788
800
804
796
784
792
792
756
736
702
708
768
804
786
806
800
802
838
840
822
832
852
846
830
844
852
830
822
836
834
816
814
828
822
800
792
808
800
784
790
798
798
784
782
802
804
788
786
804
804
796
786
808
804
788
796
808
812
796
802
814
810
788
792
804
800
784
788
796
788
764
766
752
674
660
674
720
898
766
788
818
820
808
838
846
834
828
846
848
840
846
860
854
830
848
844
828
816
834
836
828
810
826
820
810
788
802
806
798
778
794
800
800
796
804
814
812
790
802
804
806
790
792
806
808
786
786
806
804
784
774
790
792
786
768
800
808
798
786
802
810
802
782
804
816
802
792
800
812
816
792
782
800
798
778
774
792
800
800
794
768
760
744
714
638
638
608
616
588
594
578
590
586
584
582
576
590
590
596
608
602
600
600
594
598
604
620
628
644
648
644
642
654
722
806
786
776
784
776
782
788
790
784
792
806
794
806
822
816
808
818
824
840
828
836
850
850
836
838
840
844
822
834
838
840
828
842
848
840
834
844
844
822
822
830
834
826
832
842
832
802
804
732
676
672
662
656
652
700
900
918
852
850
872
876
872
890
904
904
890
892
892
868
882
880
862
870
874
874
864
864
864
838
850
848
822
802
762
722
706
708
704
698
706
698
764
894
982
928
890
864
876
884
864
860
872
864
842
862
844
852
836
788
726
680
644
642
664
782
978
840
884
906
882
922
940
920
930
948
948
932
934
944
934
930
938
938
908
912
910
890
882
884
880
850
858
866
848
840
852
866
856
860
876
870
854
864
866
856
846
856
868
856
850
858
858
834
824
826
820
800
806
820
830
818
842
850
844
828
816
816
800
794
850
836
830
854
866
864
864
882
888
874
886
890
882
874
882
884
870
868
878
866
858
876
884
876
876
878
876
856
878
880
866
858
862
852
816
812
762
764
790
940
846
852
858
874
888
876
896
898
886
878
886
888
882
884
896
876
870
878
870
852
850
840
820
812
820
812
812
830
832
832
826
830
838
824
828
840
842
812
814
808
802
806
806
824
824
846
870
868
898
902
890
914
914
902
890
904
892
874
902
896
878
892
892
874
868
860
848
846
858
862
846
850
852
848
836
844
856
844
834
848
848
838
844
850
844
832
836
836
834
830
840
850
846
822
818
808
778
768
800
840
828
862
874
884
886
918
920
902
908
908
892
902
908
900
882
890
876
852
856
850
816
798
714
708
748
894
948
868
882
900
910
914
916
936
932
912
922
912
888
894
892
868
880
890
874
856
876
872
856
860
862
844
844
856
852
840
848
826
800
744
692
686
730
978
884
868
890
916
924
920
946
950
940
938
948
932
916
912
892
866
850
822
714
706
750
928
944
896
904
908
940
950
934
948
952
934
934
940
914
908
900
886
866
882
880
852
844
830
760
708
734
840
946
880
894
898
894
928
938
922
932
940
926
924
930
904
896
902
894
876
882
882
870
872
874
868
846
858
860
850
840
850
848
840
844
858
856
850
856
854
848
838
836
812
724
694
702
808
960
872
892
908
920
936
930
952
970
964
966
964
948
938
944
932
914
924
902
880
890
888
866
870
870
844
856
850
836
834
850
850
832
830
828
808
758
764
860
856
838
858
854
868
882
878
880
894
894
882
892
906
882
892
894
888
878
882
884
866
866
872
856
846
850
836
810
758
694
676
708
870
960
876
902
922
924
930
946
954
932
930
924
908
912
914
914
896
906
904
882
898
904
894
900
898
890
874
888
888
882
882
878
862
848
832
790
722
732
806
982
842
878
898
892
918
932
926
932
938
934
922
922
916
896
896
904
888
896
902
892
868
882
886
880
860
878
876
844
838
782
714
734
864
994
878
912
930
912
942
940
930
940
950
940
940
950
940
926
936
940
922
914
910
882
880
890
876
866
880
882
862
862
870
860
848
862
858
846
844
852
862
852
852
842
810
750
726
776
874
930
884
898
894
914
924
930
966
964
952
958
960
946
924
944
928
906
914
910
884
882
892
878
854
868
860
848
848
862
864
844
848
854
852
844
866
876
874
872
892
888
874
886
892
880
870
882
890
876
888
894
886
876
886
886
870
866
882
872
838
818
744
706
686
678
686
700
706
738
738
730
750
784
868
974
860
856
880
878
874
882
900
880
886
904
890
870
896
896
862
846
858
848
832
858
864
836
840
866
876
866
864
890
904
902
884
896
920
908
880
890
900
900
880
886
910
912
896
894
910
914
890
902
912
914
888
882
898
894
872
876
894
904
876
876
890
898
880
862
880
890
888
862
880
898
882
838
838
730
688
666
676
734
878
1024
932
924
940
982
994
1000
984
1006
1016
1006
964
978
982
940
932
944
940
900
898
918
922
896
896
908
922
886
888
912
922
896
900
916
916
884
904
920
902
870
884
904
888
866
874
858
762
714
756
1018
874
892
944
964
934
948
976
984
966
968
996
984
948
970
976
956
922
944
940
918
900
918
922
904
878
902
918
898
872
892
908
894
886
908
926
912
886
914
928
910
896
916
932
906
894
908
912
882
862
854
794
734
788
1026
888
932
934
920
948
966
956
972
998
984
966
960
962
940
934
948
948
942
948
980
962
956
966
958
930
942
942
924
922
926
894
902
916
916
906
910
928
918
898
918
930
920
906
918
924
896
908
910
906
884
898
892
872
874
882
878
868
888
896
876
878
884
876
864
880
878
874
872
892
892
878
900
902
900
896
898
912
898
882
898
896
888
890
892
874
874
890
902
888
906
914
904
884
902
906
896
896
910
900
880
898
902
892
880
890
884
858
878
890
886
884
900
908
892
900
904
906
880
896
902
878
894
896
888
884
894
906
888
888
908
896
884
892
888
874
874
880
872
862
880
888
884
874
884
892
864
858
870
872
868
874
880
880
872
894
892
884
900
908
900
886
898
902
884
900
900
886
884
890
892
888
908
918
904
892
902
898
896
892
898
890
872
884
890
890
890
898
898
880
890
900
