1246
1260
1216
1174
1156
1154
1156
1122
1192
1090
1080
1074
1102
1078
1110
1196
1270
1196
1206
1244
1234
1146
1162
1196
1192
1166
1166
1148
1118
1086
998
1008
1022
1150
1408
1256
1456
1366
1242
1320
1276
1204
1226
1202
1194
1196
1146
1124
1126
1210
1138
1128
1202
1166
1108
1096
1192
1164
1148
1108
1202
1244
1172
1206
1210
1204
1200
1212
1218
1198
1198
1204
1206
1202
1202
1216
1224
1242
1226
1194
1186
1208
1184
1168
1194
1168
1178
1186
1168
1134
1154
1144
1094
1118
1074
996
968
990
992
1040
1564
1374
1386
1336
1206
1166
1190
1166
1136
1178
1184
1160
1126
1158
1136
1118
1136
1138
1158
1188
1156
1158
1138
1156
1166
1174
1176
1150
1160
1176
1190
1178
1188
1182
1182
1150
1166
1148
1134
1132
1128
1124
1100
1100
1062
1006
1002
1056
1106
1138
1274
1358
1236
1218
1242
1214
1222
1200
1140
1154
1152
1142
1158
1172
1110
1122
1170
1154
1146
1158
1170
1116
1158
1182
1178
1128
1168
1176
1158
1078
1136
1114
1110
1152
1180
1162
1218
1194
1212
1186
1182
1178
1186
1168
1194
1188
1170
1162
1138
1144
1124
1134
1142
1126
1128
1112
1098
1120
1140
1150
1132
1052
1116
1106
1108
1172
1196
1216
1180
1194
1184
1162
1084
1140
1150
1122
1092
1120
1120
1048
1054
1126
1108
1090
1098
1112
1092
1096
1114
1122
1110
1090
1076
1094
1070
942
960
990
1058
1102
1326
1216
1220
1260
1166
1134
1182
1138
1114
1118
1172
1126
1130
1154
1152
1194
1212
1192
1198
1196
1186
1230
1164
1162
1162
1166
1164
1152
1186
1206
1172
1190
1154
1154
1196
1190
1156
1186
1194
1124
1104
1132
1144
1122
1090
1118
1120
1130
1152
1198
1170
1118
1012
1016
994
1072
1162
1164
1202
1342
1222
1176
1230
1222
1168
1132
1166
1174
1158
1146
1194
1170
1128
1106
1166
1162
1146
1124
1140
1154
1132
1156
1166
1176
1116
1128
1140
1162
1148
1164
1220
1164
1258
1282
1214
1210
1212
1198
1208
1188
1152
1134
1078
1054
1096
1152
1168
1196
1384
1236
1242
1264
1218
1178
1224
1196
1174
1206
1178
1178
1168
1146
1148
1152
1150
1164
1180
1204
1172
1180
1186
1170
1128
1172
1148
1178
1194
1182
1190
1208
1184
1186
1194
1202
1180
1146
1120
1042
1018
1102
1110
1158
1362
1302
1228
1214
1226
1128
1162
1196
1168
1170
1190
1172
1156
1172
1178
1194
1188
1188
1202
1192
1154
1178
1198
1172
1138
1158
1158
1162
1210
1196
1192
1218
1200
1204
1242
1210
1178
1198
1146
1140
1148
1132
1184
1152
1158
1162
1166
1190
1184
1184
1202
1184
1160
1186
1178
1142
1172
1144
1160
1170
1140
1150
1162
1098
1090
1144
1136
1124
1124
1136
1140
1120
1116
1124
1118
1122
1126
1122
1118
1110
1068
1122
1120
1128
1142
1128
1054
1092
1022
1116
1170
1146
1174
1296
1210
1128
1210
1182
1136
1162
1148
1122
1154
1144
1140
1178
1164
1152
1206
1172
1164
1172
1168
1164
1172
1166
1154
1170
1168
1134
1100
1092
1118
1142
1146
1150
1216
1248
1238
1232
1192
1188
1206
1202
1224
1214
1196
1156
1168
1146
1206
1192
1196
1172
1148
1168
1160
1158
1146
1188
1174
1212
1212
1168
1156
1196
1148
1180
1132
1166
1116
1158
1146
1090
1102
1132
1118
1064
1048
1060
1008
1002
1000
1024
1010
1010
1006
962
926
914
956
1068
1444
1126
1034
1176
1044
1142
1156
1116
1134
1172
1128
1146
1096
998
978
952
974
1224
1172
1180
1182
1194
1178
1200
1204
1172
1200
1222
1210
1198
1160
1180
1160
1164
1200
1186
1148
1188
1174
1176
1184
1206
1186
1184
1154
1090
1102
1026
940
942
930
894
892
880
866
858
832
874
830
830
824
832
852
872
902
1026
1054
1008
1142
1226
1158
1150
1198
1224
1172
1132
1192
1210
1180
1146
1206
1204
1182
1192
1192
1210
1164
1206
1244
1222
1196
1210
1160
1118
1098
1152
1248
1266
1222
1344
1286
1298
1302
1278
1306
1248
1230
1218
1184
1210
1256
1240
1246
1246
1220
1196
1200
1164
1140
1152
1126
1100
1130
1118
1102
1194
1218
1182
1188
1174
1194
1190
1162
1200
1194
1182
1186
1170
1124
1132
1156
1218
1284
1224
1294
1274
1262
1242
1226
1198
1224
1250
1190
1194
1186
1172
1138
1152
1144
1110
1094
1134
1130
1138
1122
1138
1132
1158
1206
1188
1082
996
1034
1038
1098
1114
1072
1318
1320
1300
1344
1262
1210
1236
1242
1220
1160
1176
1190
1172
1156
1172
1144
1144
1130
1166
1158
1160
1164
1184
1224
1228
1196
1164
1190
1188
1178
1206
1188
1192
1218
1210
1248
1204
1234
1206
1194
1208
1214
1222
1228
1188
1164
1204
1220
1228
1240
1256
1248
1250
1222
1218
1212
1188
1204
1208
1196
1202
1196
1158
1142
1150
1132
1110
1112
1116
1120
1110
1116
1102
1086
1082
1070
1050
1096
1042
1018
1022
1074
1070
1126
1206
1192
1234
1234
1218
1198
1194
1168
1164
1170
1162
1164
1170
1140
1134
1150
1140
1136
1134
1106
1080
1076
1062
1062
1126
1152
1100
1144
1156
1126
1118
1110
1108
1098
1078
1090
1108
1098
1190
1084
1032
1020
1048
1040
1142
1194
1100
1196
1202
1208
1152
1188
1204
1158
1174
1198
1200
1118
1040
1056
1054
1118
1256
1350
1272
1266
1308
1238
1148
1164
1132
1088
1070
1092
1092
1150
1128
1174
1240
1224
1170
1200
1190
1144
1000
976
972
978
978
1106
1220
1256
1214
1232
1204
1190
1208
1184
1164
1174
1154
1164
1154
1170
1188
1172
1198
1192
1196
1200
1224
1206
1220
1214
1214
1226
1184
1156
1192
1188
1144
1180
1184
1142
1092
1126
1118
1112
1144
1150
1110
1138
1170
1170
1156
1168
1166
1152
1168
1132
1156
1152
1146
1164
1144
1132
1158
1148
1142
1136
1142
1134
1150
1160
1150
1174
1178
1156
1152
1132
1140
1140
1140
1154
1144
1142
1152
1138
1140
1142
1126
1106
1148
1138
1096
1116
1076
1070
1132
1138
1116
1122
1118
1118
1156
1052
1068
1118
1120
1238
1170
1322
1290
1252
1214
1224
1210
1186
1210
1212
1212
1218
1204
1204
1208
1198
1210
1210
1206
1220
1220
1210
1202
1198
1142
1126
1088
1074
1140
1212
1196
1354
1416
1296
1278
1304
1252
1270
1240
1210
1208
1228
1202
1216
1256
1232
1224
1212
1148
1098
1124
1128
1146
1188
1242
1228
1210
1252
1246
1214
1210
1174
1174
1206
1188
1182
1194
1154
1156
1180
1166
1146
1140
1130
1122
1136
1124
1148
1142
1134
1152
1140
1098
1090
1008
984
962
934
1212
1528
1414
1346
1244
1228
1272
1212
1180
1190
1180
1162
1174
1212
1182
1128
1168
1150
1138
1112
1130
1070
1128
1140
1074
1112
1114
1106
1112
1082
1126
1056
1022
1094
1086
1104
1178
1234
1108
1002
1020
954
912
916
926
932
922
920
906
888
890
882
864
856
852
862
832
830
840
908
990
1046
1080
1162
1166
1102
1154
1134
1120
1098
1108
1142
1148
1132
1106
1134
1140
1122
1150
1146
1108
1120
1102
1092
1120
1164
1166
1150
1192
1168
1146
1142
1158
1114
1124
1144
1108
1116
1160
1170
1150
1186
1166
1168
1172
1182
1108
1098
1088
1098
1080
1168
1100
1138
1168
1188
1168
1192
1184
1178
1186
1188
1164
1190
1168
1166
1176
1162
1142
1162
1180
1164
1176
1186
1192
1180
1194
1196
1188
1142
1078
1062
1068
1154
1106
1190
1202
1168
1184
1210
1206
1144
1158
1164
1124
1094
1160
1170
1166
1178
1166
1172
1168
1182
1184
1162
1150
1182
1164
1164
1180
1156
1166
1180
1162
1142
1156
1168
1136
1170
1162
1158
1190
1184
1190
1154
1066
1046
1042
1054
1196
1302
1246
1382
1314
1216
1220
1192
1144
1150
1158
1134
1128
1146
1130
1098
1092
1082
1058
1084
1084
1018
948
958
946
1020
1148
1262
1208
1206
1218
1198
1214
1188
1174
1212
1184
1182
1150
1112
1124
1148
1124
1114
1126
1112
1098
1182
1142
1086
1110
1112
1134
1130
1146
1126
1122
1136
1102
1082
1060
1056
1098
1116
1078
1198
1134
1162
1220
1210
1182
1158
1132
1152
1164
1152
1178
1140
1096
1076
1092
1058
1090
1046
1050
1058
1094
1184
1238
1378
1234
1228
1258
1216
1154
1156
1172
1138
1144
1162
1164
1144
1104
1112
1122
1114
1156
1152
1168
1154
1158
1152
1144
1124
1146
1162
1130
1138
1130
1120
1098
1116
1146
1132
1114
1144
1130
1096
1088
1078
1060
1022
1096
1092
1044
1102
1108
1068
1144
1172
1124
1128
1136
1132
1140
1160
1156
1150
1134
1140
1150
1146
1110
1094
1100
1092
1074
1084
1122
1122
1116
1152
1180
1142
1156
1154
1180
1180
1186
1178
1182
1190
1166
1150
1176
1178
1174
1174
1158
1182
1172
1176
1194
1224
1206
1190
1208
1194
1180
1184
1170
1158
1154
1156
1144
1114
1082
1072
1138
1156
1194
1186
1250
1244
1212
1210
1172
1152
1168
1160
1124
1140
1084
1066
1072
1118
1100
1088
1098
1128
1126
1160
1184
1148
1174
1172
1166
1154
1156
1150
1176
1162
1140
1140
1132
1102
1102
1070
1064
1116
1128
1116
1044
1148
1102
1186
1162
1138
1108
1110
1116
1134
1120
1126
1126
1114
1114
1112
1130
1126
1118
1136
1136
1142
1148
1144
1112
1148
1148
1138
1158
1126
1124
1132
1140
1148
1170
1170
1168
1170
1112
1082
1158
1190
1152
1262
1296
1170
1174
1180
1136
1118
1146
1138
1110
1130
1124
1096
1118
1142
1146
1144
1166
1180
1158
1144
1162
1142
1148
1128
1144
1164
1130
1126
1132
1142
1152
1158
1156
1134
1150
1150
1150
1156
1126
1120
1104
1094
1098
1074
1058
1076
1030
1016
1058
1048
1052
1108
1156
1180
1246
1138
1120
1120
1092
1070
1042
1052
1082
1050
1080
1146
1110
1130
1174
1132
1108
1146
1136
1130
1138
1154
1142
1144
1158
1146
1152
1160
1166
1140
1128
1148
1130
1118
1116
1108
1084
1068
1034
1088
1062
1072
1138
1156
1134
1164
1150
1110
1192
1196
1138
1158
1178
1174
1166
1192
1172
1200
1138
1126
1100
1082
1094
1092
1182
1192
1158
1166
1136
1160
1156
1108
1100
1108
1102
1070
1090
1118
1042
1114
1102
1088
1084
1096
1108
1088
1070
1094
1106
1046
1114
1108
1110
1064
1130
1120
1116
1110
1140
1130
1112
1138
1138
1130
1084
1138
1140
1166
1112
1150
1148
1126
1146
1126
1142
1154
1122
1124
1102
1082
1078
1136
1114
1104
1128
1140
1108
1140
1144
1124
1070
1092
1134
1112
1226
1184
1180
1196
1228
1202
1142
1146
1118
1088
1084
1078
1134
1134
1100
1134
1148
1098
1128
1140
1094
1120
1118
1110
1088
1094
1108
1120
1110
1110
1112
1092
1110
1130
1106
1098
1132
1122
1076
1138
1134
1128
1062
1122
1114
1100
1090
1124
1152
1146
1094
1182
1172
1138
1202
1196
1208
1184
1194
1196
1162
1146
1150
1118
1076
1106
1102
1084
1082
1124
1058
1070
1106
1140
1102
1114
1110
1104
1090
1102
1096
1080
1106
1126
1112
1116
1130
1118
1062
1132
1128
1124
1054
1128
1112
1090
1030
1092
1096
1078
1082
1102
1126
1106
1104
1120
1130
1126
1142
1172
1164
1114
1158
1106
1082
1044
1132
1136
1110
1104
1106
1106
1106
1126
1142
1090
1118
1126
1142
1102
1124
1108
1048
1050
1092
1098
1074
1108
1120
1106
1072
1106
1122
1116
1120
1136
1128
1128
1106
1122
1122
1112
1134
1152
1126
1144
1154
1150
1086
1106
1156
1126
1080
1130
1128
1124
1052
1106
1100
1098
1088
1116
1120
1096
1104
1124
1122
1118
1144
1140
1132
1124
1136
1116
1116
1148
1134
1114
1120
1130
1108
1088
1108
1098
1090
1130
1122
1098
1106
1138
1160
1132
1104
1148
1136
1080
1148
1146
1084
1086
1128
1108
1044
1106
1090
1102
1040
1096
1092
1090
1082
1114
1120
1096
1090
1010
1086
1064
1080
1122
1172
1172
1154
1168
1164
1108
1134
1162
1160
1132
1152
1164
1142
1126
1138
1134
1110
1088
1150
1118
1110
1050
1132
1122
1110
1128
1120
1054
1112
1110
1102
1046
1122
1118
1102
1036
1098
1086
1086
1064
1090
1092
1082
1030
1100
1078
1064
1012
1082
1052
1000
1070
1064
1056
1056
1096
1130
1096
1152
1142
1120
1136
1148
1144
1140
1144
1140
1086
1150
1152
1088
1098
1146
1126
1062
1134
1120
1112
1100
1110
1102
1086
1092
1098
1088
1106
1106
1110
1090
1098
1096
1080
1082
1076
1052
1006
1094
1100
1080
1080
1088
1092
1086
1076
1104
1102
1086
1098
1120
1124
1106
1104
1118
1102
1042
1116
1108
1080
1084
1098
1106
1086
1098
1078
1094
1034
1046
1098
1078
1070
1074
1086
1088
1082
1108
1122
1140
1130
1124
1132
1104
1044
1046
1088
1020
1094
1122
1152
1154
1200
1180
1130
1178
1164
1126
1124
1138
1118
1112
1154
1158
1094
1140
1136
1130
1070
1152
1132
1118
1120
1128
1122
1060
1138
1156
1138
1060
1122
1094
1086
1098
1092
1102
1114
1124
1112
1104
1128
1152
1058
1110
1104
1108
1082
1090
1124
1108
1106
1120
1110
1038
1084
1098
1042
1098
1092
1102
1050
1120
1122
1114
1106
1074
1076
1084
1034
1100
1078
1076
1070
1096
1100
1032
1044
1080
1072
1020
1042
1096
1092
1086
1090
1112
1118
1108
1114
1120
1076
1120
1112
1100
1028
1038
1078
1062
1046
1038
1066
1080
1062
1104
1126
1102
1096
1106
1086
1044
1098
1104
1084
1086
1094
1102
1092
1124
1152
1146
1134
1144
1142
1096
1148
1156
1090
1136
1126
1050
1106
1086
1072
1022
1092
1102
1102
1092
1106
1126
1116
1118
1130
1138
1122
1098
1112
1112
1106
1092
1094
1106
1076
1074
1088
1102
1080
1082
1104
1122
1094
1038
1106
1092
1076
1060
1084
1074
1066
1088
1100
1098
1092
1098
1096
1080
1072
1082
1096
1040
1094
1084
1072
1050
1070
1078
1076
1082
1098
1096
1092
1114
1104
1106
1038
1106
1104
1082
1056
1050
1066
1072
1066
1086
1112
1126
1100
1106
1094
1080
1102
1108
1092
1094
1096
1104
1096
1106
1110
1084
1100
1128
1108
1114
1122
1124
1100
1104
1098
1082
1030
1082
1016
1018
1068
1066
1064
1076
1138
1146
1122
1108
1096
1098
1090
1088
1086
1038
1110
1104
1068
1058
1076
1074
1060
1056
1084
1086
1078
1100
1098
1094
1088
1094
1084
1082
1090
1082
1080
1084
1084
1072
1086
1094
1052
1092
1104
1092
1098
1088
1084
1100
1120
1118
1098
1092
1102
1098
1084
1124
1128
1106
1090
1114
1104
1080
1070
1094
1102
1088
1086
1112
1100
1026
1088
1102
1082
1070
1086
1094
1030
1088
1108
1088
1038
1110
1110
1100
1058
1104
1110
1108
1096
1028
1118
1102
1092
1110
1128
1116
1050
1106
1114
1090
1078
1106
1124
1088
1080
1054
1050
1048
1064
1084
1074
1084
1134
1098
1120
1120
1102
1076
1092
1082
1030
1108
1106
1090
1084
1090
1090
1064
1058
1078
1060
1056
1072
1086
1072
1074
1098
1098
1088
1080
1080
1074
1010
1080
1104
1106
1096
1100
1098
1096
1064
1104
1094
1066
1060
1096
1102
1106
1102
1126
1112
1130
1126
1116
1098
1082
1078
1080
1066
1060
1074
1068
1048
1068
1072
1064
1056
1072
1080
1078
1076
1078
1074
1014
1020
1080
1078
1064
1004
1076
1054
1052
992
1070
1046
1056
1072
1096
1096
1080
1090
1084
1008
1068
1050
1072
1056
1068
1068
1078
1030
1104
1106
1096
1086
1090
1090
1080
1072
1084
1094
1080
1060
1094
1104
1082
1078
1088
1090
1074
1062
1084
1074
1006
1086
1058
1066
1060
1060
1078
1066
1014
1064
1054
1058
998
1048
1056
1050
1066
1074
1086
1076
1030
1094
1100
1094
1070
1008
1040
1018
1016
1068
1078
1062
1050
1062
1062
1066
1072
1084
1070
1098
1118
1102
1050
1106
1104
1086
1054
1040
1074
1100
1080
1116
1096
1116
1096
1102
1118
1112
1096
1110
1112
1088
1096
1098
1040
1088
1084
1010
1016
1070
1018
1020
1074
1066
1000
1010
1058
1046
1040
996
1084
1060
1048
1080
1088
1072
1022
1066
1058
1008
1062
1064
1056
1000
1004
1058
1074
1052
1062
1064
1080
1076
1078
1080
1074
1008
1088
1084
1054
996
1076
1066
1054
1062
1062
1076
1008
1094
1074
1014
1010
1070
1044
1050
1068
1068
1066
1066
1066
1072
1056
1058
1070
1050
1052
1052
1072
1066
1002
1058
1064
1052
1050
1052
1056
1042
1052
1070
1062
1066
1074
1070
1018
1080
1056
1002
1048
1046
1070
1058
1082
1096
1106
1086
1100
1110
1106
1102
1090
1098
1028
1102
1092
1066
1006
1096
1088
1072
1066
982
986
960
936
964
1050
1056
1060
1112
1138
1134
1070
1100
1106
1092
1022
1020
1068
1062
1008
1008
1024
1054
1018
1074
1072
1042
1020
1074
1062
1064
1004
1060
1066
1010
1066
1042
1042
1042
984
1060
1088
1072
1076
1098
1122
1102
1078
1102
1098
1094
1112
1086
1010
1086
1072
1080
1078
1070
1058
1076
1088
1082
1020
1100
1086
1078
1014
1084
1060
1072
1054
1068
1088
1080
1070
1078
1088
1068
1048
1074
1086
1058
1070
1074
1088
1066
1060
1094
1080
1080
1070
1082
1094
1072
1064
1092
1126
1098
1108
1104
1036
1102
1082
1066
1014
1098
1082
1068
1016
1098
1068
1084
1092
1094
1012
1024
1026
1072
1052
1058
1074
1074
1060
1072
1074
1060
1000
1072
1050
1056
1016
1074
1068
1046
1068
1062
1058
1000
1050
1064
1076
1062
1070
1100
1082
1066
1066
1068
1062
1010
1102
1076
1058
1062
1044
1000
1014
1064
1054
1048
1002
1042
1046
992
1014
1074
1010
1006
1044
1056
1036
1046
1046
1046
1042
1068
1104
1082
1046
1092
1096
1064
1048
1096
1054
1044
1096
1054
1044
1088
1010
1018
1048
1046
1066
1052
1042
1072
1078
1070
1076
1082
1090
1064
1054
1060
1086
1066
1078
1076
1080
1060
1084
1068
1000
1082
1068
1002
1072
1056
1052
1014
1116
1122
1104
1096
1102
1130
1110
1088
1090
1030
1094
1102
1042
1102
1104
1106
1024
1036
1080
1066
1054
998
1094
1082
1068
1018
1076
1072
1016
1030
1100
1058
1072
1086
1080
1088
1096
1080
1070
1056
1064
1058
1084
1094
1090
1072
1094
1108
1066
1048
1064
1090
1090
1036
1100
1090
1034
1084
1080
1102
1016
1098
1026
1040
1098
1026
1068
1064
1058
1062
1010
1076
1066
1066
996
1018
1080
1064
1068
1070
1070
1086
1044
1078
1074
1064
1006
1024
1100
1066
1008
1068
1062
1066
1018
1066
1074
1098
1024
1082
1104
1082
1072
1086
1082
1076
1006
1076
1058
1074
1008
1090
1072
1072
1062
1060
1096
1112
1050
1082
1078
1078
1078
1058
1090
1100
1062
1128
1118
1108
1038
1100
1092
1096
1024
1094
1082
1062
1014
1086
1064
998
1078
1066
1002
1076
1058
1066
1044
1100
1106
1084
1012
1092
1074
1000
1022
1084
1062
1040
1004
1092
1074
1044
1020
1066
1016
1020
1066
1058
990
998
1048
1054
1040
1006
1058
1064
1046
1018
