788
734
714
672
646
624
602
596
602
642
716
712
682
654
620
610
608
612
610
626
634
686
732
680
646
606
594
600
596
584
590
606
640
706
708
678
678
660
638
592
588
586
602
626
624
614
628
654
774
776
736
702
652
612
590
586
612
750
786
754
702
668
640
632
618
618
600
596
588
586
584
578
572
576
576
608
654
636
674
664
632
644
646
632
622
600
598
604
626
650
646
668
678
658
626
634
602
632
650
688
644
666
640
670
748
724
738
696
662
628
608
596
590
586
592
580
570
578
566
558
574
590
608
678
688
724
730
712
664
630
608
590
572
566
578
616
712
766
728
786
762
762
726
742
728
686
664
630
608
602
606
622
662
726
690
692
650
624
600
578
584
592
662
706
708
682
664
648
638
644
634
620
610
600
594
586
572
564
566
566
596
696
732
674
652
704
698
686
648
636
618
594
582
588
612
622
656
656
706
718
748
734
688
668
684
674
666
660
764
686
702
704
662
672
648
632
648
654
684
682
656
638
636
630
604
610
610
622
634
630
674
698
648
646
620
598
586
574
572
558
554
574
610
656
692
720
732
724
718
688
642
652
668
738
800
796
702
698
674
648
636
664
732
742
718
750
754
728
686
694
692
680
658
682
694
688
686
688
690
720
688
692
690
674
638
654
656
636
650
658
672
656
612
608
612
610
612
622
658
702
686
676
680
690
642
666
678
704
680
662
674
664
634
646
650
642
646
656
664
650
642
618
608
602
580
574
574
570
568
572
588
606
612
604
618
676
690
688
652
634
616
594
588
586
588
600
592
586
598
628
642
658
740
762
746
764
752
684
644
642
640
662
670
656
642
628
632
640
682
660
634
634
642
618
642
666
726
648
664
652
646
644
634
628
620
610
598
584
574
568
580
748
732
784
814
864
860
816
782
754
694
638
626
608
626
626
606
592
582
572
584
590
600
612
648
686
654
670
666
662
654
630
626
640
658
674
654
686
660
678
634
616
610
610
604
610
622
638
636
612
622
618
630
658
666
648
632
614
608
606
604
610
600
612
714
760
696
758
742
704
656
638
614
602
620
638
618
632
656
644
624
632
628
652
708
652
664
708
718
718
752
762
718
726
722
694
720
742
716
702
724
728
700
698
690
672
644
644
648
674
658
666
680
690
650
648
652
652
612
620
606
600
594
596
594
596
612
610
600
612
600
576
576
592
624
678
698
680
676
650
638
616
604
594
588
582
578
606
704
736
684
708
692
688
724
726
722
684
642
624
598
588
570
566
570
572
594
600
590
594
604
648
660
638
632
640
638
604
612
600
594
594
596
598
572
580
706
422
546
542
548
558
548
550
560
570
566
560
578
536
648
608
602
594
582
576
582
580
582
610
636
652
626
612
614
610
620
610
608
614
610
596
590
594
596
602
592
586
592
590
588
588
582
574
580
606
588
602
608
618
602
604
610
616
598
594
600
596
590
598
608
612
592
586
586
586
590
586
574
574
578
594
608
626
652
642
680
734
674
630
632
614
600
606
592
582
592
620
634
612
600
610
622
606
612
614
616
612
628
642
640
620
612
610
616
612
624
630
624
608
588
582
572
574
580
582
628
688
644
656
668
636
616
624
616
602
598
610
620
628
644
702
692
676
628
626
628
630
628
628
632
642
636
636
652
690
660
646
646
636
614
620
616
652
702
638
606
606
592
580
584
592
596
614
602
596
614
622
626
608
614
608
600
608
640
674
642
640
648
638
610
600
618
604
598
582
578
564
564
562
570
578
602
596
628
644
630
616
612
616
606
598
600
606
600
604
604
632
658
664
652
636
612
626
624
656
668
688
684
638
650
656
678
696
694
676
664
692
718
714
712
700
680
662
652
616
630
622
686
704
654
718
720
694
684
660
664
642
644
628
660
728
726
718
754
722
698
688
660
652
648
640
632
622
626
654
688
670
730
728
744
718
680
680
676
688
660
662
682
724
670
708
720
716
698
688
676
646
626
640
648
654
634
620
636
660
710
710
728
704
684
658
628
634
640
726
810
810
786
794
758
714
678
658
664
662
660
726
758
766
718
714
730
724
706
730
742
722
708
714
710
694
710
726
720
698
714
726
746
734
764
780
802
772
756
752
758
746
752
772
788
752
738
744
740
716
726
730
728
714
714
720
730
714
720
740
746
712
694
638
618
598
606
668
732
762
754
750
754
750
688
650
654
626
626
628
652
664
702
660
650
698
690
676
636
640
634
648
656
634
662
696
706
680
656
638
650
642
634
680
720
678
702
700
706
696
660
682
686
728
692
758
766
740
770
742
742
760
762
752
732
704
634
622
624
626
646
736
810
800
804
794
778
766
750
734
692
666
654
650
642
668
720
718
676
662
686
700
724
704
714
696
666
652
640
636
644
682
664
670
708
734
744
704
710
726
720
722
708
678
652
646
632
638
640
634
632
638
690
678
670
664
668
674
666
686
702
692
682
660
638
620
622
648
674
650
636
644
654
672
684
670
646
646
650
642
638
640
662
696
712
714
686
700
686
662
634
628
612
624
642
698
654
654
632
620
626
654
670
662
672
658
644
628
610
626
670
748
820
812
810
758
730
682
648
648
650
650
660
694
682
662
628
640
646
670
694
672
674
666
654
670
672
656
670
730
782
768
744
714
692
654
650
658
720
732
742
744
744
730
700
668
636
622
628
688
706
722
680
730
734
750
738
714
670
672
696
726
692
754
774
810
810
792
762
736
664
646
632
662
718
726
736
732
708
716
692
672
656
668
658
662
650
654
680
760
756
714
692
710
722
714
716
710
702
690
678
702
698
688
718
700
674
688
700
742
746
742
728
676
680
696
736
730
722
724
702
662
632
640
636
660
716
674
690
740
746
752
752
744
726
700
686
680
674
646
680
722
742
760
754
752
722
716
670
678
688
678
730
742
734
742
750
742
702
664
650
642
672
752
774
750
776
798
762
774
770
736
722
726
738
732
734
718
672
658
668
680
666
670
728
750
726
748
740
746
738
702
688
690
668
650
656
690
738
744
740
696
664
636
624
614
616
622
640
648
700
738
780
786
792
782
740
704
658
678
696
704
714
684
692
742
750
760
752
776
798
814
798
798
780
744
720
716
726
690
766
792
812
768
780
772
730
718
682
652
656
646
628
620
632
670
656
642
640
632
632
626
626
602
612
608
606
596
582
570
582
576
578
580
602
624
626
636
658
670
640
656
658
644
618
632
622
640
636
626
624
610
614
622
636
656
652
664
704
694
646
636
630
628
632
622
610
610
582
580
564
570
570
576
628
856
768
786
780
728
690
638
624
638
634
632
616
600
602
598
588
616
644
744
704
716
724
666
652
624
600
606
596
616
642
640
626
622
614
614
640
750
738
740
702
676
654
642
638
666
698
688
738
762
764
716
716
694
652
652
636
624
610
606
600
606
690
728
706
734
732
690
668
642
606
586
594
576
584
634
732
744
758
736
714
694
664
646
626
638
616
622
614
642
692
650
654
626
626
644
674
692
678
688
712
676
652
634
628
634
620
612
602
616
612
624
628
638
614
604
590
596
608
714
754
762
752
688
702
680
644
652
634
632
656
676
650
648
660
642
630
634
644
664
640
666
676
666
722
698
670
672
672
640
636
626
616
602
604
606
606
612
608
608
604
594
586
578
582
582
594
584
578
584
596
568
618
596
614
608
608
596
586
606
618
634
608
626
646
658
654
644
668
662
676
666
642
630
644
536
606
700
416
480
732
914
692
690
684
640
658
666
728
720
680
680
664
650
640
630
642
626
632
636
666
702
654
686
690
664
652
628
616
614
622
678
634
638
630
664
498
506
364
732
470
778
718
634
654
650
672
658
664
658
646
628
654
682
730
692
702
742
732
724
748
708
696
650
646
668
776
722
776
770
736
756
752
748
718
694
674
704
726
718
686
700
686
656
640
614
616
612
610
612
624
650
654
652
618
620
618
620
618
602
618
658
758
804
794
774
768
750
660
652
696
776
764
780
790
804
792
796
774
748
702
686
674
686
664
632
624
608
582
596
596
584
610
612
634
682
686
652
662
656
692
666
670
638
662
684
654
656
700
734
696
674
660
644
634
640
630
606
612
608
610
628
610
606
592
608
592
588
612
610
618
658
662
646
630
636
638
668
652
630
604
608
624
686
736
744
762
780
794
778
772
750
662
740
480
582
596
604
546
796
666
666
636
632
604
596
610
580
596
386
790
604
594
578
602
586
584
578
568
560
550
558
562
556
560
576
584
592
584
586
616
628
642
648
648
626
608
604
606
618
654
736
684
698
708
722
686
642
606
608
598
618
630
638
646
642
630
622
632
614
626
606
596
582
592
598
610
602
606
628
650
628
650
636
696
700
726
724
692
696
678
640
622
620
614
618
658
640
656
646
646
682
628
618
618
622
618
604
578
570
560
556
558
564
566
580
650
690
690
674
672
640
626
596
596
584
580
582
574
576
578
586
600
596
598
604
598
592
596
598
604
618
656
750
724
678
656
632
626
632
644
634
610
608
598
594
576
578
590
620
630
638
614
626
616
600
592
586
576
560
560
560
562
594
664
706
708
736
732
668
644
640
630
636
622
596
586
360
520
368
492
584
584
520
654
588
586
596
590
580
594
584
596
596
596
604
588
594
598
598
592
600
610
602
584
570
558
554
564
568
570
584
530
394
808
884
864
584
594
594
580
612
600
604
592
602
604
606
586
616
530
576
570
586
598
592
598
620
610
602
604
592
592
574
588
570
744
646
972
406
508
536
532
538
542
548
552
556
554
560
538
552
554
872
802
560
546
542
544
536
564
546
554
528
540
888
702
528
520
514
520
524
516
526
502
554
538
548
552
544
544
554
554
554
552
548
542
534
532
546
560
576
580
616
646
634
604
594
600
588
578
572
568
590
582
568
568
576
590
588
582
628
626
610
604
576
576
568
562
558
556
548
542
544
542
546
572
584
590
646
654
648
712
678
690
660
624
630
644
632
622
620
608
618
638
632
624
604
604
582
578
570
578
584
578
582
588
582
534
634
598
610
624
622
622
604
606
610
606
642
682
642
720
742
760
700
676
632
624
604
590
584
592
616
616
668
744
660
702
722
686
664
634
644
642
628
652
756
502
688
892
640
634
624
626
610
624
620
630
646
676
656
656
662
630
630
704
734
694
732
666
640
592
598
578
578
576
636
548
474
724
606
618
610
624
632
648
628
618
604
590
578
522
636
590
610
616
602
600
600
590
586
568
566
572
562
566
582
604
652
670
646
634
612
602
592
584
580
576
564
554
548
552
552
574
576
584
590
594
588
598
644
638
620
610
622
598
596
596
598
596
598
596
598
588
592
604
602
598
580
572
568
562
556
558
562
608
612
612
600
598
588
582
582
584
574
576
578
576
578
584
580
568
576
572
576
576
576
360
780
584
584
658
514
584
582
568
570
568
564
568
586
604
620
602
610
610
602
610
630
644
630
622
598
592
576
564
562
564
592
658
698
672
658
656
644
630
600
576
586
586
596
604
608
624
606
612
608
596
580
588
604
612
590
592
582
588
600
616
604
588
592
590
586
578
586
598
596
620
624
614
642
628
612
604
600
604
616
616
604
598
602
610
604
594
620
606
610
594
604
598
580
590
578
588
588
598
604
594
620
650
638
602
608
606
618
622
600
618
614
650
622
636
724
708
730
756
728
710
724
702
682
694
712
684
696
686
700
736
696
666
632
622
622
610
620
618
610
616
614
650
710
748
742
694
680
660
672
654
684
748
760
744
766
780
772
782
774
760
758
726
716
692
680
652
628
638
632
630
674
654
648
646
652
630
660
654
650
628
606
610
602
596
600
640
660
632
690
702
680
664
668
658
644
622
612
594
592
580
584
590
622
732
674
752
664
694
674
658
640
628
610
604
592
582
570
570
572
576
578
576
582
590
582
604
606
608
622
636
656
664
642
608
612
592
606
602
604
654
694
692
810
792
776
694
696
646
656
646
636
656
664
704
672
644
660
658
654
630
628
626
648
664
640
648
654
662
636
618
630
628
622
640
654
668
664
646
630
642
660
660
640
618
630
614
620
608
632
680
708
714
672
644
652
628
638
654
732
676
698
680
654
626
614
598
588
578
578
586
622
608
632
682
718
688
660
640
634
644
654
660
622
640
640
638
620
638
646
652
640
638
624
608
608
604
594
580
594
712
840
838
816
868
842
842
832
762
678
648
622
594
598
602
642
704
708
672
660
672
674
652
672
660
728
774
720
720
716
692
708
692
690
628
640
636
624
618
664
732
774
778
754
682
666
662
640
656
648
640
610
624
620
644
638
708
716
662
690
702
688
694
724
754
728
682
688
664
698
746
746
724
738
682
694
686
668
690
736
690
708
724
710
664
636
634
644
640
630
658
650
656
662
658
650
654
704
712
704
704
666
642
640
648
636
642
674
752
746
724
684
654
628
614
604
596
586
580
578
574
574
584
584
580
582
598
608
602
620
638
622
648
640
644
636
626
610
616
616
618
632
680
744
818
792
760
742
718
716
720
698
662
688
662
704
738
710
682
644
618
620
626
640
642
630
650
672
712
660
670
672
686
700
676
652
658
658
658
646
640
636
728
748
750
746
738
712
686
660
638
614
604
604
590
598
660
680
704
676
666
694
696
702
676
664
652
642
634
636
648
648
718
756
680
674
690
700
668
658
640
640
634
662
660
694
672
704
690
682
672
660
652
634
616
604
590
596
598
596
594
608
620
634
644
668
658
642
634
638
640
642
662
654
628
612
616
614
604
652
714
690
724
710
726
732
692
668
646
606
616
608
606
656
708
728
784
814
814
796
768
728
674
650
616
608
592
606
614
648
642
664
678
686
644
638
628
612
596
588
582
578
570
574
572
570
578
580
574
580
600
644
664
708
704
698
682
660
640
618
606
594
590
582
574
562
562
560
612
688
742
808
788
818
850
858
832
772
702
654
638
630
642
652
638
638
652
682
768
796
820
728
696
668
640
614
596
616
620
668
728
780
778
710
682
688
650
672
696
758
750
690
726
760
766
750
746
696
664
642
660
714
730
668
684
678
658
644
634
646
648
656
640
638
610
610
602
600
602
600
608
662
698
726
748
752
734
732
704
692
680
692
672
686
690
684
678
650
664
646
656
628
614
600
584
594
584
588
600
606
612
608
624
644
692
682
684
670
658
638
622
624
634
658
670
690
674
652
644
626
610
594
586
574
572
560
558
560
566
628
656
652
634
638
640
638
644
636
636
622
612
604
586
582
578
578
580
608
640
620
614
600
600
596
620
616
610
638
672
686
704
690
688
678
668
622
638
642
690
662
678
662
666
650
666
656
656
662
650
626
622
614
606
602
590
594
620
654
686
666
672
646
624
604
584
580
572
574
586
580
588
594
598
614
616
612
620
620
614
614
608
610
626
658
662
648
644
630
606
608
606
646
690
678
680
708
716
708
698
684
668
656
638
622
614
618
612
608
632
640
636
646
640
622
610
606
590
604
612
600
606
620
650
692
652
662
644
664
666
666
664
644
632
612
590
596
584
632
686
718
712
686
666
662
640
628
658
656
664
666
654
644
634
636
636
630
608
602
586
592
608
658
640
706
686
682
698
694
692
692
674
638
640
624
618
610
628
580
624
612
604
606
618
606
610
638
618
618
614
602
592
578
578
568
566
558
550
552
548
538
546
544
548
586
622
680
694
664
678
696
694
664
626
628
606
592
578
568
562
560
574
584
598
658
690
728
668
672
648
630
610
600
594
596
586
592
592
590
600
640
684
640
682
666
658
632
614
606
616
610
626
630
600
612
600
604
606
604
610
612
618
622
616
618
640
726
734
714
696
660
636
612
594
588
580
582
578
578
578
598
584
582
596
628
696
636
656
662
634
650
650
628
630
642
698
644
654
664
712
666
684
738
768
748
774
770
764
774
754
742
730
734
702
682
644
636
652
666
636
624
610
618
614
594
600
606
612
628
632
670
670
640
646
676
648
650
660
660
750
778
736
716
720
790
722
762
790
814
800
800
802
750
760
770
794
796
844
852
826
840
808
796
798
792
782
798
812
776
786
778
758
774
738
742
720
712
688
692
676
672
728
732
754
790
776
772
772
756
722
726
712
720
742
748
786
808
808
804
792
788
792
788
782
780
748
694
658
632
630
650
660
668
712
700
696
706
704
680
646
624
620
610
610
608
638
694
664
678
706
700
656
648
612
638
682
754
774
768
772
758
738
720
696
646
674
720
704
764
768
806
782
808
820
802
760
774
766
732
734
738
726
764
780
768
794
814
814
772
750
742
744
744
726
738
744
740
754
736
736
752
740
770
770
758
764
758
738
750
738
746
756
750
748
716
714
704
696
676
676
672
672
652
638
648
660
718
734
700
738
726
726
720
698
668
646
650
646
690
678
664
658
662
718
708
696
710
756
782
724
732
724
680
688
686
684
732
776
794
780
752
756
762
728
762
748
800
818
798
838
854
852
820
792
766
764
722
678
694
700
774
788
792
794
754
748
756
746
740
720
734
768
776
786
778
776
762
748
722
712
706
704
730
776
792
826
798
794
776
768
748
740
742
704
696
684
684
688
670
656
660
696
786
766
772
740
696
652
660
658
682
718
686
770
762
786
782
778
760
738
706
674
626
618
618
628
666
726
750
772
764
730
700
652
664
646
644
634
642
720
766
818
854
810
778
776
792
784
772
764
752
752
746
736
708
750
776
812
852
850
858
838
788
744
696
700
762
750
786
764
778
788
758
768
766
760
730
724
722
692
712
726
700
768
740
736
772
760
742
742
678
676
658
660
728
682
780
764
774
778
786
798
780
784
754
708
678
684
690
820
836
864
860
832
804
774
702
698
704
704
676
656
696
742
754
700
734
746
766
748
732
670
670
640
670
680
736
782
818
846
848
844
818
808
798
794
786
770
768
758
718
710
692
690
714
736
756
752
748
754
748
700
732
746
760
728
720
714
690
708
704
764
756
742
744
716
666
664
638
620
622
644
638
704
772
800
782
748
724
682
666
650
652
636
676
714
686
726
744
740
780
798
812
798
758
704
696
712
712
680
746
734
806
806
786
778
772
776
774
734
750
730
698
746
724
752
752
714
766
764
744
724
698
700
676
660
642
630
628
638
710
754
820
782
806
796
772
724
674
680
690
766
750
714
708
722
752
718
760
718
686
674
666
720
770
702
716
726
722
714
688
672
678
638
644
642
698
738
780
784
778
766
754
726
736
720
718
720
668
670
692
730
740
758
708
722
706
672
662
706
752
782
794
790
754
732
718
754
744
738
728
722
686
686
654
670
672
690
720
762
698
724
704
688
718
760
768
736
774
778
792
800
814
802
798
790
792
794
774
762
766
772
788
792
772
794
800
782
784
774
754
756
750
754
752
740
714
758
746
732
722
738
722
698
678
662
640
648
682
722
768
772
764
736
710
682
650
668
672
726
718
728
680
698
708
702
672
660
658
646
632
658
734
750
742
740
740
760
734
734
700
692
670
680
690
662
702
778
804
730
702
680
732
760
740
772
776
762
762
764
762
786
786
762
764
768
772
800
794
806
818
798
816
826
814
786
788
768
776
786
790
782
744
726
720
738
686
714
676
730
798
788
784
744
756
750
754
748
758
758
760
788
780
782
766
722
724
736
772
794
796
760
720
658
634
616
612
638
758
866
880
826
874
914
914
892
824
688
674
662
690
782
826
880
876
876
856
832
830
818
798
746
728
692
660
700
726
742
774
804
824
832
800
786
794
806
784
758
756
806
818
814
812
798
770
720
706
728
782
758
836
872
864
824
848
844
834
800
794
768
760
728
738
710
772
772
770
764
770
816
854
870
844
784
780
762
750
724
724
668
680
720
750
752
774
768
762
766
712
692
658
680
724
822
816
804
802
792
764
746
708
644
630
614
610
636
732
736
660
686
666
670
654
634
630
606
598
592
582
582
578
586
584
596
590
582
596
602
628
612
614
618
614
614
628
628
614
622
632
640
640
644
648
660
666
672
658
714
718
716
742
754
730
746
772
752
728
738
734
708
692
712
730
730
724
668
640
634
562
588
574
568
622
700
730
702
698
712
704
680
686
708
658
642
624
660
756
808
752
744
736
700
734
766
772
828
840
842
838
816
798
744
660
680
728
778
794
844
850
822
826
802
800
792
792
768
738
732
696
716
770
796
812
794
756
718
662
638
646
662
674
704
722
678
682
722
734
726
700
672
636
624
630
636
684
680
672
688
692
670
654
642
618
636
640
674
662
646
646
630
660
710
762
736
786
788
774
750
714
662
642
620
658
682
722
708
738
722
764
714
696
706
728
780
762
734
760
754
718
752
740
746
772
778
764
756
722
708
702
710
676
734
738
766
748
766
740
736
708
668
662
644
668
694
696
754
730
750
796
752
750
742
716
732
730
736
768
786
774
798
788
776
780
748
754
758
744
768
776
742
734
750
746
720
704
684
672
666
654
668
662
664
664
662
620
646
642
662
682
696
694
664
648
622
606
612
614
690
732
706
710
726
804
778
754
744
722
706
704
648
622
606
608
600
594
634
676
726
752
770
770
754
704
662
654
656
684
710
766
760
762
792
802
784
756
708
666
660
656
718
742
780
728
806
758
718
684
640
630
616
632
680
696
712
706
728
726
686
720
716
732
672
640
626
620
632
686
682
750
768
752
728
674
638
632
620
596
612
606
620
614
612
602
592
590
586
588
582
586
564
570
600
604
600
604
610
606
586
602
592
578
580
582
580
568
588
582
600
626
602
626
632
646
618
610
624
694
724
772
790
750
768
772
796
780
792
790
780
788
802
790
744
716
692
698
702
738
680
690
688
704
738
694
682
660
628
646
680
724
744
720
714
706
690
678
670
662
636
650
688
698
728
738
720
700
640
602
580
578
620
740
814
826
822
790
758
776
724
714
708
726
736
692
668
682
700
746
772
726
776
820
778
798
768
748
706
662
632
630
640
656
808
846
770
810
812
812
812
812
804
756
660
634
650
654
658
692
694
682
668
702
758
782
782
758
760
742
684
676
660
638
646
628
672
780
856
840
764
750
748
724
728
780
792
712
744
720
658
662
646
642
640
692
900
858
856
858
828
806
730
706
676
684
754
824
816
832
836
808
762
798
778
682
702
716
686
648
634
630
612
626
610
636
664
676
710
722
694
798
714
804
826
820
828
776
780
778
786
806
766
760
764
760
732
728
684
694
676
690
660
656
684
702
710
710
678
726
746
750
738
730
692
652
662
668
722
764
790
788
744
702
664
678
724
792
862
872
886
888
868
860
788
680
682
690
646
674
690
684
724
682
688
682
674
660
666
632
654
674
706
734
708
726
736
708
736
720
678
692
764
816
852
860
832
802
756
736
686
700
722
726
744
754
746
700
762
772
794
754
708
736
762
772
774
772
754
708
664
684
744
760
694
696
692
698
702
708
684
648
634
634
642
678
732
728
730
728
670
666
648
634
644
724
760
858
904
902
888
874
776
690
654
646
704
918
928
900
848
900
906
888
868
828
808
690
660
668
676
822
814
874
902
894
856
842
792
700
688
706
712
790
778
774
750
814
820
838
824
802
764
744
720
722
766
778
824
826
836
802
808
806
804
798
762
786
824
836
812
826
836
786
794
784
764
732
742
782
812
788
786
774
780
758
702
690
706
734
716
686
682
696
692
664
646
650
654
658
660
640
656
662
702
672
650
636
626
650
674
808
792
814
812
824
814
794
794
810
808
814
820
824
794
794
764
704
712
754
794
778
758
728
674
680
642
670
682
712
752
728
736
710
686
654
632
634
642
768
770
780
780
742
760
764
782
770
750
764
762
752
750
752
736
706
720
720
718
778
756
772
720
732
680
744
756
724
746
694
672
676
676
662
684
732
690
718
748
764
712
732
766
794
782
772
702
704
708
698
700
778
858
868
848
800
808
804
794
774
696
674
676
710
730
718
884
862
834
796
778
786
786
806
792
808
800
762
776
752
756
798
740
674
692
666
674
676
680
686
692
682
666
660
680
710
724
780
772
766
708
678
696
698
688
740
742
728
746
742
738
690
710
694
670
692
720
728
708
684
662
688
732
700
708
686
742
740
742
742
714
