558
592
592
606
626
636
644
658
648
648
650
658
642
644
638
640
626
620
626
622
620
636
640
638
630
628
622
640
628
602
590
586
590
596
588
606
584
618
620
620
620
618
612
614
604
622
608
588
586
584
580
576
602
616
618
628
624
620
614
622
618
624
616
610
624
598
596
596
590
594
592
584
614
618
624
636
654
658
638
646
642
642
642
636
628
620
622
616
618
618
622
622
616
612
614
612
600
630
626
624
626
638
646
636
636
628
622
616
612
612
614
612
616
608
618
626
632
628
628
624
626
630
632
632
620
616
622
622
620
620
638
640
632
648
622
612
604
596
594
578
592
636
628
646
672
636
634
636
634
644
652
656
642
632
624
624
622
614
624
610
640
634
634
628
630
632
622
632
632
640
640
630
626
632
626
620
622
626
614
612
612
608
606
596
648
656
668
668
672
656
650
652
650
650
638
650
620
596
586
572
570
576
568
576
620
626
624
648
662
704
688
684
686
690
678
680
626
608
592
578
594
586
572
624
628
610
630
640
618
616
610
624
610
594
590
592
590
582
588
594
598
590
564
566
564
564
550
560
556
570
572
586
588
600
600
604
610
598
596
592
588
566
568
568
566
564
564
552
602
604
594
600
596
592
594
604
594
598
594
592
584
604
576
576
578
558
562
578
606
584
632
624
646
622
618
640
598
600
592
600
592
606
614
610
608
608
612
602
606
602
600
602
606
600
608
612
598
616
608
606
610
612
612
640
652
646
642
640
638
626
638
630
616
630
614
590
602
578
582
582
588
576
594
596
598
596
586
582
578
584
576
588
574
622
632
644
662
676
676
664
694
668
638
636
638
638
634
644
636
648
648
638
636
650
640
666
672
662
672
638
638
636
638
650
644
634
630
644
644
644
646
650
652
638
676
670
666
662
676
632
640
652
628
668
664
656
664
678
678
658
684
660
646
644
652
634
700
664
660
656
656
648
644
650
636
658
656
664
674
668
656
658
658
664
650
646
648
660
648
642
642
642
642
650
642
642
640
630
664
670
676
668
674
658
658
668
670
676
672
668
666
664
652
648
656
668
666
658
668
670
666
656
658
656
664
650
666
656
646
652
640
648
640
676
668
668
674
664
676
670
672
684
678
670
662
668
660
660
664
676
668
670
674
668
672
678
686
688
684
682
698
680
644
646
648
678
684
668
678
674
680
652
664
660
658
662
668
656
686
666
666
642
646
644
632
634
638
634
654
674
674
686
684
688
668
668
666
656
660
664
664
658
654
682
674
670
674
676
662
670
674
672
678
674
666
660
668
666
668
668
654
650
650
652
648
644
640
652
658
650
652
650
646
648
628
628
638
628
638
652
630
640
616
620
618
612
612
616
664
676
680
686
698
698
692
702
696
690
696
690
688
680
684
688
674
682
682
686
672
658
648
652
650
668
660
654
652
646
646
628
636
634
652
646
674
674
676
670
680
668
660
650
658
654
682
686
700
710
712
702
702
706
680
680
668
652
660
664
680
676
682
684
684
688
662
652
664
666
660
656
652
666
674
670
666
676
664
664
658
666
662
682
676
684
680
672
684
658
646
646
642
662
674
678
674
674
676
676
654
668
658
670
666
670
676
680
676
680
670
674
678
664
668
668
664
658
654
632
612
606
610
600
604
604
604
658
652
662
660
662
668
680
694
718
726
712
710
718
684
672
678
680
676
684
678
700
698
704
694
694
690
698
662
662
656
666
668
654
676
680
678
680
654
666
670
660
648
652
646
650
648
650
650
680
676
678
684
674
686
658
650
638
632
632
628
632
626
652
654
656
664
672
660
666
666
670
658
670
658
662
666
664
678
694
690
686
688
672
654
640
648
654
638
666
680
678
672
676
666
678
648
638
646
650
666
660
658
658
652
664
652
652
644
646
654
654
654
650
658
646
640
644
640
632
636
628
632
606
608
604
596
598
626
624
616
644
658
648
640
656
644
652
644
642
632
656
656
652
658
652
666
662
650
652
648
652
650
644
636
628
630
624
624
624
632
636
642
652
648
632
670
664
654
656
662
648
668
674
682
682
688
688
680
670
684
668
654
654
650
682
682
674
670
668
664
642
650
644
656
648
672
682
676
676
684
672
682
652
644
636
646
640
638
676
686
676
688
688
690
692
678
680
686
684
678
674
672
664
676
670
684
680
678
688
668
660
666
672
674
664
686
684
676
688
672
664
654
648
644
652
644
656
672
682
690
678
686
676
688
654
644
646
646
642
632
644
646
636
656
662
676
672
674
676
678
670
672
672
674
646
648
648
654
650
644
672
674
680
666
666
638
638
626
636
630
652
666
670
674
666
666
672
640
644
648
638
652
676
692
688
684
686
682
676
688
654
648
650
644
644
652
650
678
670
674
678
686
690
686
686
692
692
670
670
666
652
656
666
658
668
670
666
672
638
628
636
632
666
672
670
694
688
686
656
668
664
654
654
660
664
652
662
664
664
670
660
656
664
654
648
656
658
654
650
664
662
674
664
666
670
652
650
654
658
646
668
660
656
660
654
622
624
626
630
634
628
622
644
648
646
650
654
654
654
654
660
652
646
652
648
646
652
670
666
668
674
674
672
662
648
642
650
642
642
642
644
640
644
642
658
660
664
660
672
666
672
644
644
658
654
660
648
664
658
656
664
648
660
664
654
670
642
626
586
572
576
586
568
584
582
576
568
564
558
554
548
546
540
540
544
544
542
550
568
572
624
580
602
592
606
618
620
614
618
620
612
608
602
604
592
594
608
606
604
600
612
610
612
624
634
628
616
636
616
630
634
634
630
632
628
622
624
618
628
626
624
634
628
630
622
626
630
634
616
642
644
650
642
638
656
632
634
626
616
622
614
618
612
612
610
620
602
636
632
632
642
636
626
638
604
584
592
608
630
616
642
642
634
630
610
622
606
654
632
654
650
644
650
644
640
634
638
634
640
624
642
642
650
642
640
650
660
664
672
672
672
660
658
662
668
674
668
676
700
702
698
706
718
672
650
650
644
644
648
680
676
678
684
680
674
674
674
676
690
688
680
690
690
704
700
698
694
698
682
670
654
646
654
646
674
670
666
680
688
680
684
670
670
668
670
666
686
694
694
702
702
702
682
678
684
658
644
650
650
680
680
688
692
684
686
688
644
640
644
634
662
654
642
646
654
654
650
666
680
666
668
672
680
668
666
670
664
660
672
664
670
668
662
646
644
644
640
670
682
678
684
672
668
660
662
666
668
664
658
672
680
676
670
680
688
686
678
692
692
692
694
686
674
662
658
658
664
662
660
654
660
652
636
632
646
640
648
636
636
626
626
620
616
622
598
610
652
656
662
670
664
672
654
658
660
652
648
644
644
636
632
678
694
694
688
694
694
692
692
686
698
698
688
682
688
690
678
674
682
678
680
680
676
676
634
634
638
636
628
660
676
698
694
698
696
700
698
672
660
658
660
650
638
632
636
634
648
656
674
668
660
664
666
656
654
666
600
614
618
602
602
594
596
598
578
578
576
564
586
576
574
576
582
574
572
592
588
608
614
632
646
628
644
638
646
634
652
632
632
630
622
624
628
622
616
610
604
618
622
630
614
618
612
618
608
600
620
654
684
682
676
676
670
662
674
646
620
616
616
608
604
624
664
670
668
674
680
662
658
652
644
658
646
652
654
648
644
642
642
636
634
638
636
630
628
638
634
632
638
642
642
648
646
644
656
650
640
638
636
624
642
630
622
628
658
662
658
662
628
620
614
620
620
642
620
634
622
626
622
632
658
656
668
662
662
636
634
626
630
634
632
654
662
674
674
666
662
658
654
662
644
634
636
632
660
658
652
654
644
658
620
630
630
626
636
608
622
646
612
636
632
626
620
614
614
614
580
578
574
574
570
570
566
570
560
560
570
572
604
632
660
698
698
702
692
680
686
644
654
668
656
654
640
634
624
612
616
614
608
620
612
646
644
652
650
648
650
632
628
634
622
638
636
644
658
664
660
670
674
676
650
656
652
648
648
656
648
662
648
646
646
658
656
650
650
648
656
626
642
634
652
648
654
660
650
662
622
598
584
586
564
568
558
566
564
552
578
588
584
578
560
566
576
550
564
570
562
594
608
622
632
634
644
640
634
638
630
642
626
624
612
606
610
612
610
612
616
608
604
602
598
590
588
596
594
584
610
614
620
646
616
606
604
594
594
578
580
584
592
590
598
608
584
622
630
622
628
618
614
618
612
612
610
608
612
620
620
612
622
648
652
638
634
638
638
624
646
622
590
566
572
574
572
570
556
592
694
622
662
674
674
674
674
666
682
650
656
626
626
614
596
608
602
614
618
638
614
612
616
622
604
602
592
596
606
648
656
634
644
612
602
594
602
598
634
670
664
690
682
682
702
692
694
696
674
632
630
624
626
626
628
628
622
624
626
628
618
620
630
654
650
644
648
616
600
600
594
594
590
586
598
592
630
642
654
670
672
668
676
650
642
640
638
634
628
632
624
648
638
638
638
630
636
616
606
604
596
590
586
592
592
580
602
600
600
608
602
596
602
612
612
618
624
634
638
642
638
632
636
630
630
626
624
626
618
624
640
640
630
638
644
644
638
638
634
636
634
630
638
638
630
626
634
610
598
610
622
654
650
644
638
616
598
612
588
602
588
600
598
624
614
634
646
654
648
650
660
654
658
664
642
642
644
640
632
644
630
654
658
652
664
660
660
632
632
628
628
632
624
656
680
684
670
686
658
638
630
626
622
676
678
702
678
684
688
680
684
692
680
690
680
704
714
728
726
720
718
724
700
688
678
690
694
734
710
712
676
630
634
626
610
622
622
676
708
688
684
642
624
630
634
620
632
628
594
618
606
594
600
596
600
590
592
592
586
626
612
600
606
590
576
590
580
596
602
584
618
614
624
616
606
606
604
596
594
596
604
610
612
616
616
624
664
642
634
640
632
622
608
606
714
688
660
674
638
630
624
622
612
620
626
652
640
682
700
686
696
680
676
654
674
664
654
646
638
630
630
642
650
654
636
668
662
688
690
680
672
670
662
678
664
636
636
626
628
622
658
674
674
678
688
690
690
662
660
660
640
636
644
632
654
654
654
648
644
646
644
636
648
624
628
638
654
632
642
624
618
624
624
618
606
612
662
668
672
676
676
682
662
660
652
640
640
640
630
632
632
628
634
636
626
636
638
682
638
676
694
696
686
686
690
682
676
668
664
662
650
648
662
638
626
620
618
612
640
626
698
642
670
666
660
652
670
658
638
646
650
636
646
644
650
652
652
648
658
638
642
652
648
642
640
656
642
638
646
622
626
630
632
634
682
708
712
708
710
704
708
684
664
652
656
658
648
670
682
676
678
686
686
680
684
698
696
686
696
670
642
604
612
600
598
590
644
692
688
676
702
692
682
690
678
634
644
632
640
624
624
632
626
608
604
574
590
584
594
592
600
608
616
626
620
624
646
646
654
660
652
648
658
640
626
626
618
614
614
618
636
608
668
636
620
638
644
650
634
680
688
678
688
688
680
692
660
674
648
638
634
644
644
644
644
652
648
638
628
632
636
636
668
678
648
698
680
654
650
636
640
648
668
714
724
720
722
712
706
684
682
684
656
658
658
660
654
648
678
660
650
668
646
642
640
646
650
636
654
646
644
662
658
652
654
652
654
634
636
648
640
648
650
638
650
652
654
648
640
640
630
628
632
626
626
644
620
652
662
668
670
672
658
674
640
646
630
622
636
630
662
644
650
626
622
628
632
674
682
692
688
680
692
650
654
638
640
632
646
636
648
670
686
686
668
708
680
678
640
628
626
614
616
616
650
674
690
692
690
686
696
686
692
658
640
632
644
638
670
660
650
612
588
590
604
602
586
610
602
590
610
628
628
630
622
614
608
604
610
602
596
592
594
590
590
598
618
662
618
618
596
594
582
580
606
604
630
632
620
640
644
638
648
644
642
658
636
592
584
592
588
596
598
624
600
634
660
666
670
662
648
644
606
598
600
602
594
620
654
672
668
654
644
634
632
630
632
662
642
654
648
648
642
638
632
626
628
626
622
640
672
660
654
658
652
664
650
634
630
618
634
618
626
634
626
626
646
624
684
678
692
680
678
650
650
642
628
630
640
642
680
696
666
676
674
666
670
672
648
644
636
628
634
636
680
650
684
674
656
706
730
726
710
710
682
646
630
620
616
612
608
650
676
690
668
702
704
726
724
706
714
684
642
644
658
656
654
664
664
654
642
636
628
624
626
626
658
654
662
656
654
658
656
654
660
654
640
634
632
626
604
602
616
604
664
696
690
672
696
778
726
732
704
658
642
624
604
600
598
608
610
596
644
660
678
676
686
690
702
712
692
702
702
678
656
662
672
662
644
626
620
618
622
618
624
642
684
674
664
674
684
682
672
652
662
666
652
662
652
660
630
636
642
636
642
640
646
640
640
644
626
612
616
624
624
622
666
680
680
668
680
674
680
652
656
660
648
672
668
660
674
656
664
662
668
672
668
684
676
658
668
672
662
660
656
654
658
662
654
650
654
656
652
654
646
646
642
638
644
630
658
658
680
682
674
674
668
666
672
674
662
662
658
658
656
654
656
656
656
656
656
658
648
658
646
658
638
650
640
666
690
708
692
712
702
704
672
664
656
642
636
642
632
648
682
652
666
642
634
632
632
638
634
662
632
688
668
648
644
640
638
632
642
628
634
626
626
620
618
614
616
642
626
616
642
612
612
610
610
598
650
666
682
710
716
708
698
700
686
650
640
630
624
634
620
648
650
650
662
664
662
676
686
696
694
670
666
670
660
644
638
640
638
638
638
722
732
738
738
740
738
720
708
692
668
664
662
648
646
656
652
644
644
664
666
676
692
686
686
680
676
630
630
612
616
616
670
682
686
672
678
652
650
662
646
686
706
712
708
706
718
706
714
704
664
640
630
616
608
610
608
652
654
646
664
706
722
728
724
726
684
676
674
674
662
652
652
648
644
692
708
696
780
728
758
768
750
772
776
738
740
712
700
692
690
682
676
668
664
662
668
656
676
674
678
670
674
668
672
676
666
670
668
664
650
652
634
640
640
632
660
666
666
660
674
672
664
668
646
640
648
644
674
676
672
682
648
640
634
624
616
628
626
614
632
632
646
664
690
694
692
692
684
698
694
698
704
692
680
668
648
654
656
648
646
656
652
646
638
636
636
620
632
624
624
628
620
646
656
668
664
670
674
664
666
648
652
638
634
622
636
634
612
634
628
666
678
702
702
710
690
698
690
692
684
680
676
668
662
660
650
636
634
632
630
634
626
620
692
678
676
666
682
662
680
676
680
680
672
662
666
662
652
658
648
648
642
646
652
652
670
670
668
662
668
664
664
666
646
624
632
638
628
646
628
620
664
656
672
708
722
714
724
684
652
630
624
616
620
618
660
680
696
706
714
698
704
688
652
644
652
684
682
680
688
662
658
654
648
654
660
660
648
668
672
664
670
686
674
684
660
652
646
636
634
640
634
646
650
634
660
666
682
676
666
684
690
682
690
654
656
622
604
608
614
612
616
614
604
656
630
654
650
644
640
678
678
686
688
678
670
670
660
668
670
666
652
640
650
650
638
648
670
686
704
708
690
698
696
688
714
704
696
696
706
690
698
690
696
684
698
706
704
706
712
700
708
712
710
698
700
702
690
688
684
690
682
700
702
716
736
722
724
718
726
682
678
686
680
718
716
722
730
728
732
714
700
708
688
686
690
682
674
658
662
662
674
670
676
690
684
684
682
682
678
686
678
690
708
706
698
678
678
684
672
664
654
668
664
666
672
642
644
646
646
652
640
636
628
636
640
688
726
740
764
746
768
780
760
740
720
708
684
670
660
652
660
664
716
730
738
784
750
734
708
680
678
670
648
658
650
656
646
644
612
600
608
598
604
600
600
598
590
550
568
566
550
546
544
550
540
576
594
618
634
626
646
642
660
704
712
702
698
698
704
684
650
640
660
668
680
668
664
662
682
670
678
668
678
674
678
672
670
686
690
682
684
652
644
656
648
656
678
714
744
746
746
748
752
744
730
738
732
712
708
720
696
684
688
692
686
682
674
652
620
626
622
626
632
656
668
652
636
612
616
612
662
706
728
740
752
762
752
748
692
670
668
670
670
672
722
760
738
736
744
704
690
676
666
656
654
646
610
612
622
626
680
694
698
688
694
666
652
618
610
616
620
674
738
758
756
780
774
770
750
726
692
654
630
628
640
678
728
740
738
702
688
692
702
722
734
726
708
684
658
646
668
666
678
714
730
722
724
690
654
644
638
646
638
672
694
758
766
758
754
712
670
654
652
656
662
704
758
756
734
752
710
714
718
712
706
708
722
742
758
746
724
686
670
646
642
642
636
690
726
774
780
778
782
720
698
682
660
638
636
632
628
652
692
752
756
728
740
722
708
712
682
666
662
654
656
650
720
740
732
726
736
706
698
702
682
674
660
648
656
648
684
708
726
738
738
750
746
718
740
742
724
720
710
686
654
654
654
660
656
678
668
672
636
638
626
640
620
626
640
688
696
676
680
684
682
676
672
672
672
668
672
672
690
690
678
686
686
686
686
692
688
688
684
688
678
690
682
668
658
672
672
670
668
672
662
662
654
656
704
708
740
748
748
736
750
740
740
716
710
702
692
690
672
678
670
668
672
664
692
686
706
714
704
708
696
682
664
666
654
646
648
644
638
636
640
640
642
640
636
634
634
628
644
648
660
658
664
656
656
664
670
666
670
670
660
678
662
658
666
632
616
606
608
606
620
632
616
622
624
646
644
632
642
598
586
582
584
578
574
576
576
614
620
616
616
618
608
612
622
624
630
622
628
602
594
582
568
562
562
564
552
552
592
588
584
598
592
576
584
600
646
606
646
636
662
662
664
678
682
680
670
666
634
608
604
598
594
606
656
646
642
652
680
652
720
736
720
732
742
688
706
696
660
664
650
642
660
666
660
656
654
650
654
664
670
648
670
674
676
650
646
628
626
636
638
638
638
680
702
698
690
704
658
652
656
648
656
638
636
634
622
626
644
618
642
636
648
642
638
634
628
644
626
622
620
642
670
628
630
626
612
610
608
610
598
608
592
610
608
610
586
586
594
586
592
590
584
610
636
622
638
646
634
648
616
618
620
626
620
634
630
608
600
628
662
678
688
702
692
692
648
632
620
618
630
626
622
622
640
640
642
626
666
656
650
652
652
658
660
660
660
664
654
672
652
636
628
630
630
620
642
648
666
676
684
678
664
660
650
646
636
628
628
614
620
612
622
622
626
610
654
664
660
666
650
630
614
624
620
616
624
684
684
682
670
672
640
630
624
624
630
624
652
674
686
692
690
690
686
688
670
654
670
668
670
676
642
640
636
628
628
638
668
660
652
668
642
624
630
632
654
640
670
672
728
726
702
718
686
674
668
670
668
638
648
640
646
698
686
672
680
672
680
652
648
662
640
688
686
678
674
664
682
656
638
628
626
632
630
656
666
672
696
712
712
704
702
704
670
654
646
650
652
650
654
658
650
638
644
646
640
648
636
646
644
646
652
652
656
664
670
664
644
638
636
638
628
626
638
636
670
654
666
660
670
670
660
658
668
656
658
662
654
646
642
628
634
634
638
634
644
634
638
646
644
660
680
700
692
702
706
692
686
674
664
682
672
684
680
654
628
616
590
600
606
632
662
686
686
702
678
738
694
720
706
694
716
684
646
646
638
644
636
634
632
634
632
626
664
666
668
698
720
720
700
700
674
624
616
616
628
656
656
654
638
642
634
632
646
652
688
706
718
722
730
692
664
664
656
654
650
644
626
628
630
626
636
628
658
664
680
658
742
724
732
736
726
702
658
650
636
620
608
608
602
608
588
594
596
630
650
662
686
702
714
734
752
744
730
748
700
668
658
656
638
616
624
624
618
618
612
630
622
628
688
732
716
712
732
678
638
628
632
624
650
644
640
648
626
618
618
620
620
614
620
626
612
610
604
620
660
674
680
676
668
670
636
622
612
588
584
586
602
688
650
682
674
688
690
680
668
676
680
678
672
660
632
646
630
632
630
638
636
626
624
626
654
656
664
676
680
676
682
690
686
688
696
676
672
664
662
668
666
682
684
680
686
688
674
674
666
676
658
684
686
680
674
694
658
656
670
660
684
686
692
698
704
678
664
668
642
640
652
642
652
646
672
660
668
670
662
674
658
662
660
642
628
634
632
636
626
650
684
704
724
706
712
664
660
652
634
650
654
674
672
674
666
664
638
620
608
590
596
592
658
698
726
716
718
718
694
704
698
690
678
680
654
650
628
650
648
692
690
674
676
644
622
612
590
588
588
584
636
692
708
690
726
724
730
798
792
778
778
778
742
694
666
652
646
624
636
646
696
706
706
702
668
644
642
608
608
640
692
678
678
656
648
632
648
640
646
648
670
658
660
664
666
670
646
636
628
622
628
622
614
626
622
612
600
610
604
590
596
596
588
606
606
614
668
656
684
696
696
708
684
692
698
684
672
644
640
642
638
636
672
680
686
688
688
696
702
700
696
660
640
630
628
632
672
650
670
680
672
666
668
632
608
604
592
594
606
670
704
700
706
750
746
740
730
682
658
642
614
612
618
622
628
642
654
658
668
678
662
680
676
674
678
650
652
646
638
630
634
650
684
678
664
680
662
648
644
628
622
612
610
612
612
616
644
632
622
646
646
710
698
718
722
682
664
668
672
664
660
660
650
664
658
646
646
640
656
648
644
676
656
646
666
650
658
636
616
632
620
610
616
608
604
598
596
580
594
596
580
588
582
590
584
588
586
592
596
580
582
594
590
590
588
642
676
626
602
602
598
636
632
636
632
638
612
608
610
618
606
672
678
666
698
666
666
632
652
644
622
618
616
604
578
598
588
582
580
574
596
608
628
652
668
692
676
670
676
654
646
648
654
652
646
648
648
658
652
652
662
656
648
652
654
654
658
632
626
636
634
630
638
634
622
592
596
600
594
598
602
584
622
592
610
614
614
616
602
598
626
630
644
638
626
638
652
628
660
652
646
656
652
640
638
644
640
632
626
628
644
634
632
628
622
636
640
628
636
640
648
616
610
610
590
596
602
598
632
630
648
648
634
624
618
614
634
618
610
634
606
586
594
594
594
592
600
588
594
578
594
594
584
590
582
578
584
580
580
564
560
570
578
554
560
572
566
568
572
586
590
590
598
610
612
604
618
604
600
612
610
626
606
640
630
618
644
608
616
618
614
620
604
606
622
600
606
626
646
640
646
648
664
668
664
690
692
728
672
662
644
646
644
650
656
698
712
688
754
704
712
714
708
718
688
644
648
644
632
634
660
660
664
666
652
656
656
666
676
684
698
702
690
692
686
676
660
660
666
654
652
650
656
680
702
706
700
688
696
682
650
654
640
642
636
616
598
624
618
632
710
718
720
718
716
716
722
694
684
678
680
678
670
690
678
700
694
678
702
672
676
670
686
680
660
662
698
698
680
694
652
656
640
646
654
666
712
726
730
714
710
660
664
662
658
672
670
670
644
642
652
662
692
686
686
654
644
636
652
662
718
734
690
742
754
726
752
726
692
682
676
672
666
656
638
612
604
610
610
634
670
666
652
666
652
638
632
644
626
666
662
662
660
656
664
668
672
654
668
646
646
636
636
632
622
622
620
636
620
658
682
690
688
702
716
688
698
660
614
606
596
588
584
588
592
592
574
584
594
588
584
624
612
610
614
618
614
606
606
598
592
588
610
604
602
600
606
610
620
626
628
630
632
626
636
630
630
628
634
636
646
640
640
660
658
662
654
656
656
640
640
632
648
636
616
626
620
614
676
678
678
678
668
672
676
660
664
660
658
646
640
634
626
628
622
632
638
634
630
634
628
630
632
630
638
618
622
610
610
604
648
652
664
682
664
670
684
640
654
630
632
618
614
612
606
604
604
614
656
656
674
668
674
666
664
654
670
664
634
624
628
620
616
600
606
588
584
584
576
596
602
590
664
626
626
636
628
630
618
642
650
632
632
652
624
610
616
622
630
608
644
636
636
642
650
664
652
650
668
634
628
634
614
616
614
608
610
612
616
620
606
616
620
602
602
606
602
634
644
664
662
658
662
650
646
644
640
630
612
626
600
606
604
606
598
634
658
654
662
666
686
684
686
658
644
640
626
612
604
588
582
582
592
592
578
608
622
638
640
628
620
624
610
618
624
620
614
618
628
612
624
622
632
662
658
674
662
670
668
664
674
660
664
664
654
658
658
650
664
660
666
666
658
658
654
650
646
648
652
650
650
654
656
654
646
644
646
628
620
624
624
624
632
696
670
654
726
682
680
672
636
624
610
608
622
616
650
652
668
676
690
700
708
722
720
720
720
698
688
684
674
670
670
668
666
676
664
664
660
680
666
670
644
634
626
624
622
618
622
702
712
710
706
706
664
658
638
624
620
632
636
674
706
704
696
710
678
664
650
652
646
644
646
644
648
652
650
636
646
668
656
664
632
644
638
636
642
634
636
640
642
644
626
636
622
630
616
658
656
656
650
656
630
612
608
608
608
606
596
632
658
692
714
690
684
688
686
