626
620
650
676
722
792
826
764
770
750
738
726
720
696
686
670
638
632
644
652
660
654
610
598
604
606
628
678
722
776
750
770
790
768
734
696
706
670
698
724
710
704
736
746
726
694
720
710
682
670
672
680
710
702
706
682
658
624
614
624
624
640
634
652
688
716
722
750
696
704
652
682
608
688
630
522
580
566
562
566
582
1044
700
556
574
576
558
614
586
656
636
624
616
612
550
540
594
472
650
574
578
556
548
546
602
606
640
644
616
624
662
710
686
684
710
696
648
618
622
610
602
586
586
590
618
576
712
634
624
652
654
680
682
716
740
700
682
700
686
664
682
698
674
670
698
686
654
654
636
620
602
618
616
618
632
632
672
678
668
674
672
666
634
618
604
616
618
622
608
646
754
828
880
824
840
758
792
794
730
738
754
778
728
728
754
764
722
770
788
742
722
692
708
742
708
720
734
702
720
712
730
712
692
728
712
714
686
710
704
706
692
662
656
664
688
722
696
706
732
706
696
712
626
636
628
632
612
608
612
624
636
632
650
692
698
702
684
658
644
630
614
614
612
618
630
684
372
904
632
630
600
796
756
762
810
818
838
866
862
848
804
750
696
668
682
706
734
780
802
806
800
790
718
750
742
738
734
734
720
686
686
688
704
740
824
864
854
866
794
710
686
690
678
700
710
718
730
722
694
688
696
652
638
632
632
638
654
676
702
706
722
742
738
736
724
696
708
696
686
656
646
658
662
672
664
640
638
648
690
712
746
764
784
774
752
714
686
664
652
632
614
626
668
730
712
766
778
822
834
826
744
688
718
750
764
782
708
712
736
762
802
796
786
780
754
746
706
654
644
628
638
664
714
754
780
802
798
802
814
812
790
776
720
672
660
636
656
654
686
734
750
784
770
772
760
748
734
710
684
688
682
684
690
692
704
698
672
644
668
682
716
754
782
786
784
740
688
696
698
656
654
652
660
684
714
736
756
782
764
744
724
724
736
734
758
682
668
684
694
734
774
780
784
778
768
750
732
710
708
722
758
788
818
828
816
834
810
732
746
736
738
750
764
762
758
744
726
716
656
658
658
664
686
730
746
766
734
732
702
670
680
664
670
634
658
706
754
714
730
768
738
712
742
774
752
706
714
716
706
672
688
718
774
748
816
804
774
776
772
806
784
788
754
746
716
666
658
640
636
616
612
626
694
770
816
824
778
726
722
754
758
736
716
718
718
720
726
756
784
752
738
760
766
786
804
818
772
798
770
748
762
712
690
704
728
776
836
818
820
816
816
784
770
754
748
750
752
734
708
680
676
670
668
668
664
670
638
638
626
630
646
672
722
742
754
752
688
692
676
684
684
704
732
748
762
766
744
728
710
666
648
624
620
638
650
726
760
820
830
852
852
824
778
750
712
700
692
692
696
654
644
638
644
664
692
708
712
726
718
698
690
662
624
616
618
620
636
678
712
778
792
768
696
674
712
722
740
770
804
826
792
762
766
732
746
782
750
760
792
802
814
730
746
760
796
792
798
798
796
768
764
754
686
684
692
722
790
856
880
888
876
858
784
734
762
760
778
810
838
762
748
732
774
814
832
832
790
786
768
790
762
732
710
716
744
808
866
896
912
838
718
728
730
750
758
754
810
824
798
768
772
786
790
792
784
784
782
746
692
654
630
632
640
672
766
862
892
888
880
876
824
730
732
722
764
806
836
848
852
840
784
716
714
724
726
780
770
766
814
762
838
850
840
858
858
822
796
754
714
706
736
786
842
820
828
794
766
718
716
716
728
720
724
748
728
660
684
714
756
792
812
832
854
848
826
816
786
778
754
690
684
690
704
712
702
698
664
704
778
858
902
922
892
858
828
782
752
726
752
776
778
818
828
806
820
784
776
764
734
730
728
730
736
754
736
716
708
692
678
664
662
664
650
634
652
682
712
746
776
778
716
728
726
770
782
828
746
770
736
768
770
780
782
782
776
758
732
708
700
652
652
660
682
712
758
786
780
772
746
728
684
656
644
648
654
714
768
768
840
870
878
870
866
828
740
710
664
676
646
640
672
740
768
836
860
874
802
812
820
810
740
698
700
706
756
742
774
756
796
786
802
798
790
764
710
680
690
700
732
730
774
796
804
804
800
790
764
688
660
666
666
702
728
770
780
740
716
686
694
692
698
720
730
778
800
806
720
730
748
752
774
772
768
770
730
670
652
654
626
638
648
636
654
644
644
610
594
588
580
580
584
602
604
612
620
640
664
652
610
626
608
642
656
690
684
660
668
664
674
670
632
630
608
598
590
528
650
602
618
636
710
654
682
690
694
730
692
696
670
656
658
654
654
636
666
694
700
698
660
688
730
754
734
732
740
754
752
734
688
660
640
632
642
678
724
702
742
818
804
812
812
874
576
702
468
794
622
604
620
616
648
694
704
732
740
690
692
708
720
728
722
720
668
652
708
794
794
834
796
834
804
736
708
692
680
668
698
696
698
726
742
760
756
722
728
730
726
756
728
728
738
718
726
712
712
680
644
638
644
648
682
704
722
726
728
704
634
640
626
638
654
672
658
632
620
624
618
620
604
608
608
606
600
586
580
582
584
596
596
590
620
696
796
804
856
866
850
816
762
710
684
660
692
746
706
512
436
830
822
784
698
686
700
704
716
790
812
794
770
748
700
674
678
704
744
780
730
752
776
810
806
790
798
774
720
678
666
648
638
622
638
656
682
700
724
742
762
718
686
674
686
696
732
740
772
770
750
772
774
764
754
754
738
744
742
760
754
694
672
696
712
722
710
682
656
654
634
630
646
676
628
644
672
718
802
850
858
846
748
730
756
738
752
746
748
738
694
688
692
708
716
724
762
772
790
766
776
786
782
756
734
740
714
726
726
732
748
720
694
700
696
686
686
650
624
630
634
642
670
704
724
708
692
682
692
736
766
764
784
764
770
706
692
688
692
726
758
768
774
768
682
680
686
682
700
718
706
724
734
708
666
656
674
690
722
744
756
752
752
742
726
710
702
694
692
680
678
680
696
704
724
730
720
680
652
616
614
612
614
628
676
720
742
748
754
738
696
668
662
664
702
754
824
848
842
826
776
766
750
734
738
716
706
716
750
724
742
738
696
726
722
714
728
738
736
708
694
708
706
692
684
670
668
666
664
662
664
660
650
674
656
628
634
640
658
646
616
618
646
656
642
618
608
612
600
608
596
594
598
602
616
622
616
622
622
622
618
630
650
670
696
702
708
692
674
644
634
622
620
604
614
612
650
600
918
830
864
870
860
846
798
794
726
686
628
638
630
660
726
764
790
790
738
780
666
660
634
638
642
668
656
684
702
740
772
776
776
712
696
664
668
682
698
706
710
698
664
656
666
710
774
790
808
830
786
764
740
672
664
666
676
680
678
682
660
650
642
632
640
642
662
638
618
658
688
742
774
778
724
676
680
700
698
710
714
756
712
702
706
666
688
676
670
662
624
616
610
616
642
722
756
800
826
832
842
830
808
722
694
682
698
724
746
766
798
828
846
822
746
730
698
712
686
694
740
768
814
844
858
842
814
772
734
700
694
662
666
684
696
766
826
880
888
876
854
816
384
358
714
656
688
636
612
632
670
734
844
864
838
886
878
868
856
768
716
714
674
684
654
658
666
666
684
710
722
758
706
692
702
692
704
696
684
672
678
678
656
654
662
668
404
440
716
672
694
694
672
692
680
694
720
736
738
714
756
776
736
750
776
796
814
808
810
806
786
778
778
776
746
698
690
714
710
784
718
718
706
736
786
768
742
722
730
724
708
686
676
636
648
690
678
500
792
508
384
546
654
462
360
518
776
768
750
736
738
738
734
734
724
734
728
712
716
732
800
838
880
892
872
884
856
812
788
776
696
698
700
700
716
710
764
782
862
920
906
898
846
742
716
696
700
706
736
752
712
726
742
720
714
744
802
838
860
822
708
732
736
756
792
828
850
842
832
812
750
736
754
754
738
734
740
766
778
810
822
818
746
720
724
736
778
800
720
728
774
812
774
798
794
816
830
808
856
678
770
770
752
748
754
736
744
726
716
742
708
660
660
702
732
740
552
1056
734
770
766
734
756
720
750
752
750
744
792
798
800
798
764
748
766
684
682
702
718
808
920
944
922
850
840
870
880
864
882
834
800
810
816
814
846
830
810
820
772
792
780
816
824
762
714
748
742
770
804
834
834
844
836
792
738
758
744
752
726
720
726
742
760
768
748
780
818
834
826
836
858
816
812
804
770
766
780
762
712
740
746
764
788
746
782
802
826
782
784
776
776
760
748
728
714
730
708
696
700
666
680
700
642
764
760
764
832
848
860
872
846
850
836
814
810
820
816
826
834
746
778
768
798
790
792
812
820
828
778
764
722
738
770
786
788
778
760
772
790
802
748
702
750
790
842
832
838
816
806
784
750
722
726
716
706
690
690
730
774
776
758
742
730
718
730
744
742
754
760
768
730
676
696
720
756
756
780
748
744
744
770
794
786
806
804
792
744
718
678
684
672
678
674
678
506
844
652
630
628
616
628
662
764
892
860
920
918
884
832
834
834
816
836
764
772
738
752
754
820
812
824
774
802
810
810
770
802
784
774
736
754
756
786
814
792
824
844
830
784
798
788
770
698
660
664
638
734
812
806
890
900
844
874
822
794
788
790
728
722
748
774
738
780
824
864
884
856
782
766
792
802
822
826
810
766
754
720
680
674
656
646
648
648
646
630
630
640
690
748
846
902
924
892
878
826
854
718
756
726
724
700
738
720
700
728
716
728
726
758
740
764
670
680
660
644
626
642
674
778
818
764
730
754
742
730
744
702
670
428
836
656
554
638
606
606
480
742
500
774
622
646
680
700
720
728
768
796
780
800
814
802
800
786
770
736
730
692
694
686
652
672
748
736
728
836
858
876
852
822
810
772
630
650
632
646
642
684
790
888
896
904
892
882
878
872
866
730
672
626
660
696
810
866
864
888
886
888
888
858
820
804
800
792
768
768
752
728
756
698
742
712
724
724
690
666
656
630
638
622
630
562
700
632
642
620
620
628
606
602
612
632
646
652
664
676
668
650
644
634
616
602
598
586
606
682
772
834
868
866
870
872
890
916
898
878
820
792
784
750
750
724
746
740
762
728
676
650
642
630
634
666
688
714
754
762
756
772
768
766
774
762
704
706
682
618
730
536
600
590
590
610
614
630
636
646
644
684
712
720
734
736
724
700
684
652
628
616
626
634
650
658
658
672
670
672
652
640
610
590
586
584
548
544
596
550
608
572
572
598
596
598
602
630
642
656
696
700
704
696
686
674
654
640
618
600
544
610
582
560
578
608
630
648
676
644
686
666
656
668
676
704
664
644
638
632
610
600
616
608
622
630
612
624
634
628
656
644
660
638
618
622
616
596
602
598
604
594
598
608
624
626
626
612
612
616
634
646
644
642
654
674
658
668
680
680
704
698
682
688
700
692
706
668
668
654
652
678
676
676
664
644
656
652
660
668
694
640
602
838
646
648
628
600
600
598
606
622
642
838
726
476
556
636
630
626
628
616
608
606
586
578
582
594
620
718
752
752
750
718
736
682
684
676
680
534
992
730
946
774
764
710
732
650
672
630
652
656
668
698
692
704
728
730
756
776
750
692
648
644
628
628
632
672
694
758
832
800
814
780
698
632
666
650
648
648
666
642
652
660
662
684
724
746
748
732
700
666
662
638
634
662
698
720
612
716
654
666
732
694
414
360
608
684
676
672
702
718
738
768
828
850
844
836
830
826
814
758
704
632
678
688
686
684
708
750
730
740
770
764
702
694
710
744
738
768
708
720
686
710
766
732
714
736
782
842
866
878
860
792
730
706
688
732
758
886
932
936
956
940
876
874
776
760
772
824
888
928
908
864
842
746
670
678
696
730
810
912
978
1004
988
954
830
816
830
822
782
746
768
724
726
772
772
842
874
860
812
760
750
780
802
842
768
804
828
774
762
796
794
818
794
756
744
764
818
832
880
904
886
764
814
786
836
850
844
840
748
700
714
748
792
842
866
872
848
786
786
770
766
796
804
818
812
840
774
824
746
732
708
710
700
670
706
764
838
840
844
794
812
842
832
828
834
778
802
752
772
772
784
826
838
816
766
762
772
798
852
838
858
854
842
806
740
708
680
654
652
676
750
848
862
936
936
916
894
874
818
738
712
716
746
794
810
822
796
854
772
808
736
738
786
770
814
848
842
840
794
778
798
790
794
814
766
786
744
766
778
802
844
864
786
774
792
790
816
806
796
754
698
680
708
712
774
838
878
880
866
818
722
684
694
706
774
848
904
822
756
822
906
992
970
958
870
876
806
832
858
856
854
848
816
716
704
676
688
696
710
720
760
834
822
836
866
896
888
896
898
872
884
892
872
828
836
832
776
708
780
634
734
776
780
804
866
856
834
862
872
802
806
810
804
796
788
764
706
674
704
708
704
694
674
672
692
712
758
820
852
858
876
858
782
782
800
824
862
866
796
808
812
818
840
808
806
782
786
788
786
808
848
824
806
774
786
808
838
822
784
838
854
902
934
900
928
838
840
826
820
816
814
750
780
744
754
754
750
798
854
896
920
910
898
896
848
860
864
836
808
816
812
784
808
804
784
700
670
668
668
696
762
812
864
894
882
808
830
822
814
804
752
746
726
704
676
656
664
692
758
810
854
926
956
962
934
862
850
822
782
758
776
800
754
736
726
726
760
826
872
894
906
870
890
880
884
890
860
784
792
812
806
790
808
818
814
808
794
780
792
792
806
820
780
796
802
804
748
736
796
812
830
738
762
740
756
786
818
832
848
848
848
846
840
828
822
746
756
780
816
858
854
846
864
880
866
872
866
882
844
864
850
772
794
758
730
696
660
672
708
728
692
750
850
886
912
928
910
900
868
854
840
822
774
764
784
768
750
728
672
668
666
672
676
698
738
786
834
834
840
810
800
810
812
816
812
838
836
824
784
760
758
758
746
716
716
708
694
694
738
780
830
854
842
826
790
800
738
740
748
764
812
798
792
764
758
798
792
792
706
746
750
800
818
820
802
766
754
746
746
766
780
830
818
818
838
870
870
844
786
804
780
782
816
808
774
784
720
748
736
778
836
856
816
832
778
816
672
712
704
710
756
828
854
870
836
832
818
798
728
754
730
774
804
810
804
802
776
768
782
740
728
756
754
800
848
864
862
868
868
852
792
806
778
732
694
658
656
662
680
576
1022
860
812
758
750
746
750
758
748
734
746
770
804
830
858
874
882
840
764
780
762
750
744
694
672
680
682
710
712
704
682
662
654
636
624
628
606
610
624
620
618
634
646
666
674
670
680
690
708
732
740
752
736
720
744
768
770
756
718
686
668
646
642
654
648
696
720
802
810
766
710
710
680
712
694
688
728
736
748
734
728
724
722
714
698
684
684
684
680
688
672
656
614
788
538
670
676
680
686
730
752
786
762
642
894
750
754
768
836
818
858
840
828
812
752
714
706
714
734
788
808
812
824
794
756
706
704
714
800
838
894
822
836
780
744
724
774
770
792
786
744
734
750
694
698
704
682
696
638
666
648
672
704
736
762
758
778
794
794
776
762
726
734
742
738
746
770
822
832
812
810
750
720
720
720
722
742
752
724
710
646
686
632
654
592
608
606
596
610
624
640
648
648
694
700
730
754
758
718
742
750
752
754
750
708
670
632
628
642
684
722
808
646
1046
860
878
886
876
870
920
648
750
730
742
754
762
784
766
752
758
760
736
718
718
718
716
716
718
758
766
748
748
738
744
728
712
700
700
678
648
654
670
686
696
728
754
764
780
674
850
732
698
652
644
620
620
612
632
652
702
730
780
808
832
808
798
756
750
744
748
730
732
720
722
698
684
680
678
694
656
662
704
774
818
858
800
788
768
762
746
776
736
764
756
752
756
756
726
708
680
678
696
710
708
732
744
754
752
748
724
688
708
694
722
730
726
776
800
788
784
748
724
708
716
670
666
662
644
676
674
688
710
670
764
732
724
704
682
706
686
682
680
682
666
774
744
786
884
722
816
802
792
766
782
750
754
742
756
762
740
734
732
792
800
736
778
772
752
718
724
720
720
696
672
678
646
648
634
634
648
690
710
738
750
724
702
668
696
688
686
698
704
692
652
646
674
696
728
748
770
778
760
754
768
744
720
738
704
712
718
732
724
682
702
690
674
690
724
750
728
780
768
746
744
726
714
706
688
686
688
690
710
678
740
750
730
734
704
672
680
662
646
628
620
626
624
602
636
648
672
646
630
634
646
400
762
360
464
464
360
464
630
626
610
622
628
654
656
684
666
686
720
760
778
728
690
776
608
666
680
688
712
752
724
738
738
774
794
810
816
818
802
782
788
776
732
684
704
706
728
732
760
798
800
800
826
838
792
776
792
780
756
784
764
768
776
748
736
736
732
736
694
690
706
722
710
752
760
740
746
716
680
698
694
690
732
762
728
748
756
744
752
746
700
684
648
646
654
672
710
752
804
752
776
806
796
556
602
486
772
716
686
684
692
706
726
808
838
848
870
880
844
778
750
690
666
674
700
728
788
806
842
854
836
846
848
844
804
758
778
936
526
736
710
710
688
708
720
744
774
798
784
748
726
728
684
700
694
716
730
736
724
734
748
756
778
746
724
704
676
692
718
756
798
794
792
790
734
760
770
778
750
782
800
696
732
752
780
750
696
724
682
666
680
672
678
666
672
666
758
758
786
814
786
730
708
724
750
740
770
768
728
718
706
716
716
740
730
728
748
796
746
692
668
680
680
684
698
746
756
768
750
744
700
750
912
894
598
594
600
618
652
676
764
866
882
876
884
876
890
870
758
712
734
750
798
874
876
870
840
814
786
768
788
818
820
836
852
802
806
782
798
794
748
746
778
794
728
710
722
710
730
756
798
780
806
750
726
726
718
734
776
816
862
894
900
868
844
840
832
824
804
710
690
708
718
728
754
752
816
866
874
888
862
906
846
782
736
690
668
660
664
648
672
714
806
844
832
762
762
756
726
700
668
650
650
656
656
688
736
786
712
708
724
708
722
748
768
766
804
822
810
800
782
774
754
724
768
750
734
774
758
746
778
794
772
792
770
762
766
726
730
726
724
714
746
804
758
820
774
738
760
732
718
712
688
672
664
658
646
634
676
696
720
732
768
780
762
750
734
710
720
738
744
744
728
732
714
700
658
654
634
622
638
684
776
814
856
874
856
856
862
874
806
836
854
832
830
806
800
748
718
710
716
686
688
616
690
642
614
598
600
610
634
666
694
696
730
750
758
764
766
744
738
704
666
688
688
688
694
730
730
710
710
688
720
708
702
694
686
668
668
672
652
658
626
646
614
602
606
608
620
628
650
654
668
692
668
502
822
632
630
618
622
636
636
654
648
664
664
648
640
644
660
654
660
680
704
694
710
746
762
792
804
790
794
770
732
710
686
632
634
612
612
608
608
622
616
624
646
666
650
636
616
628
626
684
678
714
688
688
644
678
672
658
678
662
676
702
756
750
742
726
676
674
648
636
642
656
664
662
710
766
678
692
724
738
760
782
814
798
790
730
696
652
676
642
678
798
788
990
866
886
874
832
782
772
722
726
724
682
704
714
708
662
680
670
672
380
360
998
720
784
694
862
568
600
540
552
564
578
590
610
652
702
716
742
758
736
720
680
666
670
574
608
602
628
638
676
710
732
566
872
644
618
596
580
564
566
564
554
576
596
640
660
706
752
768
760
510
972
668
622
554
662
604
610
624
642
816
562
620
696
688
668
662
664
682
676
708
760
734
716
706
690
688
652
648
646
650
650
642
672
666
648
646
644
630
636
634
624
620
626
634
646
662
672
606
594
762
654
654
662
664
644
636
646
644
642
630
644
660
652
684
738
780
816
848
840
816
772
700
688
670
698
756
806
846
802
726
764
778
810
866
880
854
770
726
752
788
876
846
946
970
980
968
984
924
804
764
762
734
714
750
792
864
766
982
852
836
818
732
694
658
648
672
758
884
930
818
862
830
874
898
912
912
928
932
948
940
924
904
858
860
858
806
822
854
884
930
920
898
916
842
826
802
818
874
886
860
872
790
748
782
800
814
808
744
760
788
766
736
740
772
798
840
860
838
860
880
866
832
812
806
776
772
702
690
714
702
734
730
726
750
768
818
868
796
734
802
846
866
862
888
870
760
768
764
742
760
754
762
784
796
794
812
812
764
746
756
742
746
768
796
802
812
806
754
744
732
742
762
766
802
766
754
750
774
780
802
824
804
762
756
756
756
766
804
830
848
834
826
796
768
720
670
664
654
684
712
736
728
714
712
730
784
824
794
806
836
828
860
842
744
740
764
762
762
730
728
730
738
724
770
830
844
906
904
908
876
804
812
796
786
768
704
718
736
812
858
862
796
774
782
770
756
748
710
692
672
640
664
676
706
738
810
868
922
950
930
912
836
812
820
846
866
900
894
846
840
832
820
810
808
792
804
844
870
854
808
824
820
834
824
800
836
826
822
780
794
800
766
770
794
802
754
756
780
810
782
780
788
798
812
808
732
696
724
714
732
756
772
718
682
688
676
686
676
672
664
646
654
656
700
742
780
780
788
780
780
750
712
692
682
656
638
636
642
688
794
868
918
916
904
888
864
764
728
722
738
786
806
848
878
902
910
892
890
836
768
738
702
714
684
726
786
814
758
760
780
774
758
732
752
778
776
796
802
770
770
798
824
824
830
822
804
772
730
682
678
688
712
746
768
780
794
806
804
754
732
718
708
684
680
678
728
772
850
876
890
896
882
838
752
686
704
708
734
766
752
806
832
834
820
788
760
720
682
672
684
708
758
808
826
810
832
822
828
818
812
748
690
692
708
732
802
842
876
840
828
848
882
886
876
822
794
732
680
686
696
688
714
780
818
884
894
860
874
874
880
850
860
850
844
776
766
788
792
800
782
808
822
820
818
844
844
800
804
818
816
770
748
764
766
772
774
786
806
788
786
764
724
728
740
754
742
804
826
860
816
832
850
846
798
798
808
802
778
714
710
736
764
814
826
810
778
778
798
826
818
774
804
820
836
810
846
866
790
792
810
796
770
792
776
