1002
966
966
958
938
896
884
896
872
808
840
796
772
734
688
732
742
730
734
698
746
754
816
768
734
752
768
766
722
690
760
754
732
738
688
744
754
774
764
698
710
730
738
738
692
702
746
770
776
768
754
786
778
770
728
726
736
742
748
748
696
706
710
704
718
706
692
728
724
810
760
728
724
730
750
748
684
724
734
734
732
740
712
750
766
712
578
704
644
686
676
710
1060
962
872
912
930
906
878
914
854
908
952
890
872
878
866
860
842
902
922
888
828
826
878
928
842
812
918
944
958
952
964
1062
1046
1006
998
940
820
868
912
894
888
896
920
902
846
824
860
846
768
752
806
836
872
836
824
976
1028
888
886
894
914
996
1012
982
884
922
886
794
750
810
818
800
756
730
744
772
792
786
750
762
778
772
752
710
698
730
728
726
728
700
702
720
766
772
744
690
720
742
738
726
720
718
760
800
830
792
800
810
828
776
722
718
730
744
708
704
702
736
734
748
742
680
704
730
724
714
718
700
730
740
754
752
710
690
716
736
732
742
736
744
786
886
930
872
818
852
818
792
732
702
722
738
770
758
738
700
714
740
744
748
708
760
800
804
790
720
754
760
786
756
696
734
774
848
862
820
844
1008
964
848
782
786
774
746
710
728
760
770
776
760
720
742
776
818
778
742
830
872
856
778
742
780
808
858
800
742
796
822
900
832
922
980
918
1004
940
852
854
828
780
734
730
718
722
728
712
708
728
824
808
768
752
766
786
790
764
720
772
766
776
738
730
716
732
736
778
746
698
740
748
784
756
726
752
742
764
762
742
728
762
816
816
786
736
756
756
760
712
676
672
654
632
648
668
1038
872
920
946
944
896
768
806
810
822
810
748
726
770
830
868
830
756
744
760
778
830
796
746
804
824
808
776
718
764
786
778
808
790
734
760
758
764
748
696
738
752
794
810
792
752
838
940
856
788
742
748
776
746
706
718
742
758
836
784
738
814
856
854
802
768
804
814
886
850
836
892
878
796
748
760
776
762
736
774
872
878
928
882
958
970
964
882
764
864
936
882
796
874
950
884
800
844
844
928
898
920
928
942
908
872
818
816
780
734
804
792
780
740
720
768
748
750
716
742
906
888
822
746
858
898
862
818
790
962
960
914
854
862
820
806
756
778
780
780
760
724
714
732
740
754
728
708
738
738
768
780
716
652
650
626
624
630
638
1026
982
896
800
784
864
860
844
828
752
800
906
888
896
928
926
824
794
790
766
750
750
728
724
720
656
644
634
648
880
878
790
766
850
902
842
764
830
904
900
872
844
812
804
782
756
762
774
770
768
734
710
736
746
746
758
740
702
720
718
716
726
704
688
718
736
720
720
722
720
740
732
746
730
722
756
784
778
780
796
756
848
956
866
806
800
800
800
762
730
788
838
852
806
776
822
830
808
740
738
778
786
796
778
772
814
832
860
812
742
786
788
866
820
814
880
876
840
754
718
754
778
760
772
734
724
776
814
800
778
720
754
778
790
764
690
672
692
720
774
748
752
776
818
848
820
784
716
726
756
776
766
754
764
802
896
960
844
776
866
870
890
878
872
878
858
796
798
808
822
752
740
760
768
744
722
736
744
740
750
700
730
760
754
762
758
700
736
750
752
746
688
688
716
740
744
728
702
810
826
806
804
748
794
808
802
762
728
788
808
784
746
738
778
784
792
736
714
758
760
772
710
692
712
724
736
726
690
722
738
748
770
752
732
752
756
758
716
710
762
756
792
800
772
788
824
914
826
778
812
822
772
726
744
746
738
724
688
696
724
770
782
764
778
788
800
790
722
712
740
728
732
734
712
728
788
838
862
812
758
840
868
830
786
752
748
742
706
672
672
684
700
706
702
710
738
786
824
796
724
762
810
786
780
764
744
754
768
776
742
740
772
834
856
820
836
854
856
826
740
750
742
736
722
688
718
742
740
768
752
750
862
912
868
874
872
832
770
788
782
754
734
778
816
812
786
734
774
768
798
780
720
710
744
764
878
866
804
760
838
832
816
784
732
742
784
768
808
784
720
766
778
754
694
662
642
624
610
612
664
666
774
976
942
902
762
738
812
834
832
818
720
774
770
798
776
732
778
816
834
818
746
734
746
798
794
794
760
728
772
766
832
824
784
734
780
834
890
882
842
858
882
884
844
760
764
758
764
716
688
752
746
822
762
756
714
770
876
860
782
732
786
836
864
782
716
728
744
760
834
784
792
964
922
904
850
846
854
774
792
806
798
766
784
838
990
900
914
876
894
852
772
804
808
774
758
750
770
790
794
844
784
748
752
762
758
720
688
722
736
770
804
762
698
740
754
780
758
750
704
758
748
778
760
738
774
828
892
922
858
932
934
922
800
788
840
832
806
758
774
780
748
678
662
696
734
778
748
766
996
976
902
768
720
830
826
904
876
862
872
930
922
874
786
818
800
846
842
858
836
822
828
822
764
714
748
760
754
762
764
732
768
786
776
738
712
744
756
744
724
692
686
720
728
796
824
802
798
976
982
908
852
832
846
844
834
764
746
776
794
784
774
750
810
844
854
858
832
892
884
830
758
834
828
826
802
756
782
784
796
758
750
750
766
764
728
708
736
758
756
760
768
730
722
746
748
706
684
720
726
738
760
746
700
720
720
710
694
674
670
698
722
730
774
834
810
908
884
822
738
788
822
816
818
776
812
866
830
792
808
790
732
736
728
760
740
716
730
730
750
740
722
756
786
826
794
732
722
756
756
778
732
724
772
824
846
788
722
754
760
770
734
698
722
722
736
702
672
700
728
744
724
722
682
710
680
668
670
668
722
818
858
846
820
746
812
822
808
758
756
806
788
798
788
772
792
892
808
728
666
638
616
592
570
560
550
544
552
546
544
536
596
528
640
604
582
620
606
606
606
604
614
628
632
638
646
636
694
664
716
688
654
660
744
856
872
836
734
748
826
890
872
822
732
718
772
914
846
794
738
772
790
832
800
784
712
736
804
872
866
830
740
758
776
824
846
798
718
772
788
836
830
812
742
766
792
816
796
760
716
768
836
836
814
738
772
778
760
770
666
648
648
662
682
710
1092
1018
986
940
858
836
830
800
716
688
716
732
740
746
732
740
802
780
768
758
678
670
692
644
620
620
622
618
624
622
532
622
664
596
582
580
586
526
622
892
450
890
550
552
546
550
548
548
540
476
588
538
540
490
578
904
784
954
358
456
630
360
402
464
636
556
552
560
558
376
360
436
364
580
792
746
360
744
578
522
598
552
1084
564
698
750
648
574
688
700
622
622
632
650
648
640
608
652
778
712
804
960
944
934
972
948
938
898
854
782
842
892
906
860
780
728
752
888
914
880
806
736
754
826
878
890
846
764
696
684
758
892
906
826
768
966
982
906
860
778
722
786
848
866
814
742
716
774
840
860
838
780
736
788
848
844
824
750
702
758
794
892
840
774
836
900
880
788
712
764
818
856
822
732
704
782
814
866
822
742
724
802
882
876
780
718
766
796
866
860
760
720
760
832
830
786
718
736
802
930
948
846
906
948
884
802
886
914
770
670
644
656
1112
950
876
1092
1106
1010
904
948
986
966
880
790
840
844
818
776
926
956
906
804
782
856
886
798
778
810
876
928
868
860
1046
1016
936
922
990
960
884
944
926
872
914
830
908
940
872
912
898
838
828
904
880
788
738
830
940
830
758
706
866
994
896
778
720
838
1038
962
806
732
850
902
882
854
826
944
964
924
780
862
904
906
820
782
808
882
840
822
926
940
854
810
880
844
924
920
912
900
834
830
846
780
724
734
738
730
728
696
688
700
800
730
726
754
810
858
738
698
752
812
810
748
702
722
726
716
690
712
944
838
756
766
810
848
788
742
786
800
788
742
700
756
908
874
754
736
810
850
818
774
726
772
982
908
834
884
804
746
746
744
748
706
682
694
684
722
694
690
680
740
848
900
838
890
896
790
760
740
736
714
704
768
846
804
732
790
832
784
736
762
784
820
808
740
758
752
738
710
692
704
724
762
728
692
714
748
846
780
740
750
808
870
798
752
780
776
752
702
698
712
726
742
738
808
808
776
754
850
798
800
810
840
740
780
788
756
778
768
768
736
748
748
736
722
732
752
776
744
838
806
802
808
760
752
842
808
746
732
756
748
828
842
738
716
700
732
746
728
800
836
784
740
758
784
810
750
778
828
866
776
724
744
744
758
738
982
872
880
886
844
812
800
840
818
780
742
864
770
912
892
838
772
720
704
776
754
872
886
790
744
734
774
726
712
744
700
698
710
700
688
676
678
678
678
684
668
706
714
740
718
698
738
704
702
708
726
704
690
702
674
662
656
634
620
632
628
648
642
642
658
658
676
660
658
668
710
676
650
660
650
634
622
614
614
608
612
614
614
630
634
654
648
660
652
678
710
782
720
704
714
694
682
688
690
666
658
666
664
672
660
656
672
672
678
686
676
674
684
696
696
670
668
694
702
706
698
680
684
686
696
676
656
694
690
700
706
684
686
692
702
688
680
702
752
776
762
776
804
864
768
800
806
762
770
740
708
716
712
704
694
680
694
706
704
700
686
700
722
778
766
756
758
750
722
738
722
746
742
714
680
688
694
728
702
682
700
698
728
706
694
708
720
734
692
672
688
696
698
690
698
714
762
742
736
726
728
734
736
732
712
736
728
746
728
688
694
696
712
724
698
754
802
780
752
714
708
724
742
738
742
772
774
730
744
734
714
716
740
796
736
738
756
760
724
716
724
730
714
688
692
712
748
734
720
736
800
830
780
798
788
770
724
736
746
742
712
686
702
702
720
700
678
700
712
708
698
674
702
712
724
706
676
660
678
694
694
694
666
660
674
692
696
682
668
676
714
710
704
694
666
686
706
686
680
648
638
646
728
914
864
778
734
842
1002
906
818
770
796
880
900
826
756
762
794
816
782
740
770
780
790
752
722
754
790
814
770
736
782
900
982
862
938
948
870
760
752
776
762
738
766
808
844
792
770
842
896
860
754
708
704
650
622
574
560
558
1004
672
1206
960
948
878
1040
1048
1036
970
1042
1094
1022
992
1054
1012
1014
990
920
896
992
948
948
936
914
1054
1086
988
1078
1062
916
942
932
908
770
734
1160
954
842
822
1062
1058
944
982
1036
946
942
996
982
878
854
938
858
908
952
922
808
878
920
838
790
838
998
880
810
850
872
844
762
810
982
958
900
890
840
776
814
856
792
798
868
838
772
726
774
880
874
796
740
772
856
830
746
754
734
760
720
708
766
866
852
762
730
826
1026
854
758
822
964
912
832
762
890
956
868
962
910
832
762
854
954
842
856
910
846
890
898
924
870
956
918
834
1032
1000
914
984
966
980
994
966
954
882
848
764
752
744
1036
1030
936
962
984
992
858
950
918
928
804
808
804
750
744
790
782
878
898
862
822
784
774
768
778
774
738
766
764
700
678
672
658
644
668
698
778
788
736
774
788
830
796
740
718
746
806
848
768
680
682
678
664
652
664
658
662
652
650
654
658
654
650
658
662
666
650
640
652
646
648
638
644
644
642
646
634
624
630
634
632
636
632
626
634
648
648
640
644
664
668
656
656
670
676
696
700
684
660
696
710
746
734
700
680
696
710
720
734
706
688
714
714
716
710
688
684
714
742
888
864
772
750
756
728
738
752
748
722
714
726
726
706
694
680
694
702
740
734
710
734
752
822
748
716
754
748
750
724
704
750
896
958
802
760
786
780
752
718
734
726
724
718
708
718
728
734
714
680
666
678
790
706
646
636
636
618
624
646
746
728
700
742
774
788
786
784
768
740
704
708
676
670
662
650
638
630
638
624
624
622
618
544
518
360
360
676
614
604
602
598
592
590
584
574
566
568
568
572
590
604
618
630
684
692
718
656
632
634
622
618
612
612
608
608
638
756
804
822
786
706
800
1040
922
902
854
726
782
1006
944
896
824
732
764
882
910
842
754
852
1038
926
842
766
816
894
930
930
834
784
852
872
842
786
740
788
866
890
830
764
832
880
882
840
814
780
770
760
750
706
650
658
652
664
692
668
666
728
936
956
830
812
880
894
842
772
736
778
768
814
836
774
732
768
794
812
816
778
740
778
838
786
700
680
642
634
630
640
704
588
568
662
792
514
650
654
702
746
756
726
404
714
538
460
556
444
360
442
384
378
704
888
640
626
548
360
1060
536
532
552
560
466
500
550
360
698
526
524
530
558
562
558
594
654
620
618
666
772
776
742
760
720
516
626
626
626
628
618
616
628
626
640
682
690
678
678
654
662
754
760
740
720
704
752
890
870
832
824
760
754
746
756
716
760
826
812
806
716
658
660
656
668
666
654
634
694
530
604
604
652
676
642
638
680
870
868
832
780
706
798
848
890
850
862
780
718
812
844
876
868
856
726
716
828
958
896
870
728
700
758
832
866
806
760
828
950
914
888
802
722
742
770
748
750
686
644
632
668
726
734
714
1068
1042
992
976
872
824
836
894
862
842
800
732
792
788
822
838
826
754
722
782
814
840
844
780
682
706
800
1030
900
840
764
858
866
846
776
680
726
966
898
858
810
774
762
768
768
766
706
902
938
888
866
766
800
824
796
814
794
754
786
814
828
826
764
708
716
862
932
822
772
912
926
886
832
742
798
844
902
848
784
704
770
780
768
672
632
628
666
710
674
688
700
674
670
640
640
622
600
600
594
610
632
678
652
640
620
606
612
610
610
658
830
910
920
862
808
950
958
898
844
802
744
716
822
926
866
856
760
706
794
844
874
804
682
642
634
658
740
736
712
734
850
798
666
646
682
764
976
872
864
952
916
916
858
746
792
834
876
868
838
750
814
892
882
846
756
740
812
908
836
844
778
722
772
838
898
828
742
780
846
838
850
798
688
712
786
926
826
750
656
648
640
674
650
680
688
846
1028
850
912
936
934
926
802
806
770
732
714
700
850
998
934
920
856
828
906
884
866
742
682
678
742
1010
944
898
868
928
920
908
904
846
886
892
894
894
834
814
798
824
852
826
768
720
708
738
848
826
788
954
954
894
780
682
720
784
876
806
770
842
970
904
854
732
736
778
836
838
810
734
760
758
830
778
762
790
878
878
794
730
796
906
872
816
750
814
866
868
828
732
726
770
830
816
766
696
728
752
802
814
782
714
816
946
892
836
748
806
846
852
842
744
718
764
828
840
816
764
758
804
836
860
808
718
680
716
798
798
770
1050
978
966
916
828
844
768
662
632
638
688
692
670
744
752
746
718
802
852
822
724
656
706
710
664
626
670
580
604
596
602
606
618
604
630
644
620
638
654
716
724
752
754
732
750
890
876
832
774
726
704
756
816
820
792
736
774
930
894
872
750
670
756
882
910
894
812
782
886
912
876
884
782
684
706
776
878
840
784
880
936
932
884
780
722
786
926
902
842
710
786
888
884
864
838
764
768
784
850
804
764
776
780
786
794
712
724
746
784
750
694
634
650
740
706
696
854
1058
970
874
726
778
888
970
868
840
824
798
698
670
728
998
878
848
824
858
898
892
886
806
794
826
870
842
764
840
848
854
838
784
758
794
894
876
832
738
698
760
800
852
822
746
638
624
626
688
668
666
728
1064
950
888
932
962
920
924
844
788
776
794
838
796
762
762
776
834
838
820
734
700
734
754
772
802
776
718
668
704
668
652
646
682
756
882
806
872
994
930
878
752
794
808
818
814
770
720
800
822
844
814
782
726
764
860
862
828
780
680
710
818
918
832
806
858
894
848
718
650
668
684
818
786
820
1064
972
942
910
878
910
898
870
826
768
756
812
906
846
802
726
740
810
900
886
818
740
846
902
882
850
754
736
812
856
842
830
732
728
754
800
808
792
708
690
812
1028
964
856
758
842
928
908
826
744
782
936
914
864
786
830
840
814
818
760
706
772
816
868
800
726
746
796
814
796
762
714
794
838
896
824
706
732
780
880
798
744
802
872
902
838
752
794
806
826
808
976
1000
932
874
830
924
918
898
822
758
812
842
888
838
754
770
796
784
804
722
690
722
754
804
808
1014
976
888
782
892
944
810
736
916
1040
850
762
930
942
852
756
846
980
954
912
808
948
948
930
910
796
780
862
904
886
828
782
794
832
844
806
744
800
826
852
826
744
754
764
816
842
798
776
740
778
796
838
800
718
770
798
818
786
744
756
768
838
804
764
702
778
874
776
656
624
634
700
746
688
808
1068
958
882
804
982
998
962
874
842
924
944
902
810
766
856
876
850
856
776
728
814
938
908
892
792
708
726
904
950
886
828
784
896
934
890
832
726
754
808
906
872
822
726
800
830
832
804
724
780
826
870
854
844
738
738
814
906
902
826
774
854
870
866
798
688
694
752
944
944
822
814
876
936
864
742
776
868
920
856
736
726
808
844
836
802
706
760
814
906
822
728
810
892
892
832
744
848
912
942
886
768
806
884
920
874
810
700
794
860
876
834
718
742
814
908
838
778
764
798
820
792
740
692
674
650
658
848
1098
1004
926
906
954
958
920
854
940
950
926
826
774
858
916
938
902
804
816
894
904
882
840
762
842
968
930
856
826
966
964
928
828
750
812
868
874
806
724
778
776
820
834
816
758
746
808
894
814
848
982
976
914
782
728
840
914
936
848
740
790
914
916
812
754
844
946
908
822
784
858
878
854
800
726
772
810
942
884
824
748
838
896
896
812
774
814
832
866
808
712
720
952
996
920
838
830
1002
966
892
754
780
808
820
800
754
752
898
918
858
790
766
860
924
850
696
648
626
638
1034
872
968
1058
1010
962
910
922
928
894
812
860
890
844
796
878
952
904
836
782
896
918
906
844
814
872
868
828
750
748
746
734
748
684
670
674
684
672
806
1096
976
928
928
942
906
876
808
734
806
836
860
834
746
782
812
870
830
778
752
720
658
628
636
692
710
696
934
1026
946
852
690
654
638
654
694
792
800
752
772
858
918
916
842
820
878
884
848
784
712
740
790
838
844
826
738
686
726
712
636
632
608
602
596
592
590
582
556
574
596
562
564
564
378
708
550
542
548
446
624
526
530
542
738
780
516
524
618
444
532
528
526
528
536
520
534
514
532
534
540
536
542
558
554
566
612
692
658
644
626
680
780
820
786
768
698
980
958
958
896
812
768
964
954
918
914
808
752
948
968
904
902
838
776
882
930
884
880
772
728
830
906
914
886
816
742
816
912
910
872
812
744
802
912
888
822
730
754
800
834
836
776
680
738
1010
984
954
920
904
934
936
926
844
866
834
858
872
776
744
882
990
912
840
756
842
886
900
834
804
922
918
874
818
800
872
916
856
790
732
794
846
806
758
664
662
698
736
680
730
1086
1010
944
966
988
974
906
810
860
866
878
856
764
784
812
788
804
800
754
830
902
872
872
794
760
812
914
872
832
732
810
894
888
842
742
858
950
928
894
852
908
930
890
800
744
792
872
882
840
788
830
836
832
820
710
664
686
684
666
642
668
762
896
854
1036
1008
974
954
904
948
910
880
804
770
832
884
890
872
846
810
862
900
908
886
864
906
910
878
766
744
816
938
960
924
808
806
856
944
868
946
964
932
866
826
828
780
710
654
634
634
674
656
668
1114
1036
1008
958
972
964
914
912
848
846
900
912
898
890
778
788
838
844
848
812
766
802
902
876
822
706
746
850
982
878
978
1042
988
926
848
932
922
908
820
768
784
832
924
870
818
914
974
922
904
830
902
886
878
832
772
856
918
894
880
748
816
904
892
854
788
834
846
898
850
776
744
892
984
930
830
802
900
964
910
846
718
752
726
684
690
1036
1052
1012
970
988
986
946
838
818
896
942
898
836
814
876
848
832
788
752
818
928
922
900
832
906
928
894
872
776
816
856
920
878
816
844
878
804
748
716
788
1012
978
908
892
974
964
912
822
858
890
912
866
828
914
948
902
868
916
920
912
906
806
824
960
926
908
868
758
802
838
876
838
808
764
808
842
874
844
740
782
870
922
902
838
794
878
950
890
810
736
826
868
916
826
720
726
754
764
672
672
774
1112
944
1040
1040
996
916
942
986
948
946
842
852
934
920
912
874
848
924
954
866
748
686
676
680
750
776
1012
1056
1000
992
894
932
930
934
924
842
830
912
912
894
808
762
824
924
880
848
764
778
830
882
836
830
908
924
890
836
790
760
672
644
684
1018
990
910
968
962
970
972
802
680
686
658
630
606
606
586
580
552
570
586
558
360
788
558
590
610
588
580
580
578
574
572
560
566
576
606
688
732
768
810
838
844
824
692
762
932
936
868
754
660
736
1046
976
956
904
936
996
944
876
790
762
872
894
912
902
788
802
898
982
914
870
768
836
938
944
898
788
880
938
882
782
720
794
860
858
782
808
904
950
876
792
870
930
910
874
784
866
906
912
872
758
714
822
914
906
878
798
880
940
892
838
758
848
896
916
854
754
776
776
800
808
786
706
790
866
832
784
836
856
828
718
