854
822
804
814
834
840
816
798
834
850
820
796
806
828
856
808
786
804
824
852
820
788
808
824
830
812
790
814
826
820
788
780
796
822
836
800
784
800
824
794
774
772
798
798
782
768
782
804
828
808
804
824
850
854
818
798
816
838
848
822
800
822
826
804
784
780
798
812
804
772
768
792
828
826
806
796
812
824
800
782
806
826
840
816
798
804
824
830
804
790
798
818
834
798
786
796
804
810
780
766
784
792
768
762
768
798
828
802
776
794
810
804
782
774
778
802
780
756
770
784
778
752
756
780
776
756
750
760
772
764
748
756
782
800
780
768
786
810
816
786
770
792
798
802
798
784
810
828
840
812
768
778
778
756
738
732
722
730
770
770
784
778
768
782
762
750
760
774
784
780
776
794
816
796
780
792
814
830
806
788
818
836
842
810
800
806
806
782
690
868
780
772
786
790
800
764
768
762
940
604
656
732
736
742
734
734
740
746
738
728
730
714
702
698
694
696
698
692
690
674
706
542
544
858
614
514
392
836
704
542
690
698
690
368
1026
690
680
684
674
682
666
664
664
664
658
658
650
668
678
698
720
694
726
716
700
694
688
682
672
612
710
658
668
668
666
668
678
686
698
700
722
750
730
734
750
780
770
776
808
844
800
808
834
836
790
772
748
748
736
728
744
750
766
776
792
822
828
804
802
818
836
846
844
808
812
838
844
828
818
860
880
876
840
838
870
892
842
834
866
886
854
820
846
872
868
820
836
858
868
828
830
868
870
840
818
854
870
832
812
832
850
832
800
832
860
848
820
818
838
522
1110
778
780
768
754
754
778
816
814
808
844
870
870
820
818
848
868
824
814
840
854
836
808
830
842
836
816
806
826
848
848
826
816
848
868
846
810
798
826
836
812
788
818
838
830
806
810
816
800
780
808
828
834
804
792
808
830
806
798
830
844
818
798
818
830
822
800
802
822
840
818
802
804
824
810
798
802
824
840
808
792
808
818
830
804
776
796
820
824
796
778
798
822
810
782
780
802
810
802
786
794
830
854
826
802
814
832
800
792
816
836
816
790
770
792
802
782
772
798
816
802
784
798
810
804
788
792
810
814
794
778
794
816
802
780
774
788
800
794
784
790
812
822
804
786
806
826
836
812
786
802
820
826
794
778
782
808
802
772
772
784
802
828
804
780
792
816
810
786
782
802
810
792
788
782
800
814
798
770
784
796
788
752
730
734
756
748
734
742
750
756
752
752
774
810
790
780
810
836
808
788
814
852
858
816
808
830
856
860
822
804
832
856
868
822
800
822
842
856
824
798
826
846
844
812
794
816
848
842
814
814
840
864
834
816
796
822
844
822
804
812
824
832
798
782
800
814
802
788
806
820
824
804
792
812
830
800
790
792
824
834
804
794
810
824
832
804
790
800
816
810
792
778
794
812
814
806
790
796
810
812
786
786
804
826
818
792
794
804
808
790
774
790
814
802
778
782
792
804
790
780
784
800
800
792
782
794
814
808
784
786
802
826
790
770
786
810
812
792
780
786
812
816
782
772
796
818
812
798
786
798
814
790
772
788
796
798
778
766
780
800
806
780
776
798
808
820
798
778
798
820
814
802
780
790
812
808
786
766
784
798
784
768
762
772
776
788
776
766
770
780
784
776
760
762
774
790
766
756
764
774
778
758
744
758
774
778
764
756
772
786
796
768
762
772
792
792
778
774
802
818
824
800
784
802
820
834
798
782
788
808
812
790
774
782
802
822
792
778
778
796
814
794
776
788
804
814
784
770
778
804
812
794
780
786
802
818
794
778
794
812
822
798
786
796
814
816
886
724
1050
370
732
724
722
732
764
790
778
794
834
848
808
802
830
846
832
812
792
806
834
846
814
794
810
828
838
808
784
800
814
826
798
778
796
818
792
788
798
822
804
778
796
824
820
790
780
800
810
792
790
782
792
816
816
782
782
788
802
800
790
770
792
804
814
802
786
808
822
832
812
794
798
818
832
798
774
778
798
796
776
774
804
826
834
814
804
816
840
844
816
794
800
824
826
802
780
794
814
840
808
798
804
820
834
808
790
800
812
828
808
788
800
820
826
802
780
790
796
796
778
772
786
806
818
786
778
782
792
810
794
778
798
812
820
804
788
800
818
816
790
774
784
798
800
784
780
786
792
808
786
756
762
776
784
768
760
780
810
818
794
776
782
804
814
790
774
784
802
814
782
772
796
810
794
782
790
808
812
782
770
780
792
814
782
784
796
810
786
766
766
776
780
768
768
778
788
784
786
812
840
826
804
820
842
848
816
816
838
840
806
804
826
848
818
794
816
820
790
784
808
824
808
790
816
828
806
786
798
802
808
788
784
796
800
778
782
790
802
806
782
772
774
790
806
792
780
794
806
808
784
776
778
802
786
774
764
794
798
806
776
766
776
786
794
780
760
780
804
816
786
780
784
798
808
800
782
800
812
818
782
782
798
808
790
786
782
806
806
788
776
798
812
820
798
784
796
810
812
800
784
796
810
826
812
794
794
816
828
808
790
794
822
836
816
794
808
810
812
792
788
794
808
814
804
776
792
796
798
764
742
738
736
726
718
738
766
780
760
758
776
786
774
766
776
794
798
800
784
802
820
840
802
786
800
812
816
790
776
792
806
824
792
780
794
804
816
790
766
770
792
806
784
768
782
792
798
776
772
790
812
814
788
786
788
792
810
798
782
790
804
800
786
764
772
788
798
776
762
776
800
810
784
766
748
742
748
738
720
712
700
696
690
696
696
716
738
744
752
772
790
816
804
780
810
862
870
834
822
842
856
854
822
814
824
846
828
810
834
858
862
828
810
824
828
830
816
792
804
822
834
810
790
798
812
830
838
800
788
790
802
812
796
790
808
828
844
818
804
798
788
788
784
772
794
818
830
806
788
804
826
826
794
784
796
808
822
806
790
808
814
822
796
780
790
806
794
776
770
782
798
784
760
754
756
746
736
744
752
756
776
388
1022
710
714
706
698
688
702
696
698
696
692
706
718
712
702
704
696
680
668
652
652
650
666
684
718
758
764
730
718
736
748
770
756
752
772
792
816
828
830
788
770
784
782
782
750
736
732
716
710
714
722
742
760
750
756
766
762
772
754
754
760
756
758
750
752
754
766
762
754
758
768
774
780
758
764
760
752
762
758
750
748
752
754
760
764
764
760
758
742
740
738
750
740
738
736
742
730
724
720
714
720
716
720
722
730
736
732
736
746
756
738
744
752
768
780
772
758
774
780
786
780
760
752
756
756
750
734
720
708
706
724
718
728
748
780
804
786
772
788
798
798
774
770
780
796
804
782
770
782
788
802
770
750
752
768
778
760
748
774
782
786
770
758
772
772
756
744
760
764
764
746
744
752
764
766
754
752
762
770
770
750
738
748
734
738
728
724
730
712
710
716
728
740
766
790
808
792
780
786
802
802
780
762
766
778
804
782
764
780
792
790
774
762
778
780
778
750
746
756
766
776
764
758
770
776
782
764
754
768
778
780
756
754
762
774
774
742
736
744
750
746
736
748
760
764
750
742
760
764
758
752
750
764
784
780
768
754
762
784
776
752
752
762
762
760
748
744
756
752
750
744
732
734
736
736
730
726
732
746
742
742
742
766
770
756
744
760
762
762
748
734
736
732
738
726
722
726
736
740
716
706
698
690
692
696
702
720
734
726
722
740
754
772
776
758
752
770
786
792
764
750
764
766
766
752
750
764
770
778
784
764
748
750
778
782
768
754
766
766
782
776
760
752
758
770
778
764
752
752
764
766
758
744
754
770
778
762
752
764
768
772
754
752
764
770
780
762
754
766
770
782
786
768
744
762
774
798
800
786
778
794
808
830
790
776
782
806
812
792
798
820
838
840
810
790
784
794
814
798
796
788
796
816
806
790
790
810
826
838
814
800
820
832
846
802
786
794
812
796
782
774
798
822
812
800
826
828
840
816
798
812
828
828
814
790
810
816
814
810
792
768
762
756
732
726
724
722
720
736
748
752
754
766
806
840
808
794
822
848
858
814
790
782
758
748
754
762
764
646
868
764
776
752
748
740
748
748
750
748
744
758
784
804
812
804
804
802
798
768
754
750
730
738
732
728
712
722
712
706
698
700
688
676
662
662
652
652
658
672
694
706
712
744
780
808
830
814
802
828
850
872
862
820
804
838
860
860
870
822
790
802
836
846
838
800
796
816
824
836
820
788
774
788
810
826
846
812
792
814
838
838
812
806
838
858
854
856
822
824
824
830
826
802
794
800
818
830
840
804
782
810
826
844
818
802
808
824
824
830
814
790
808
808
814
796
792
774
786
792
814
814
794
792
816
816
818
802
788
802
810
838
840
800
786
804
806
810
790
786
802
810
808
796
780
772
784
800
812
788
770
778
788
790
786
768
778
788
794
798
788
786
798
816
814
794
786
790
786
796
784
776
770
778
782
792
772
766
770
784
812
804
774
766
782
790
798
798
782
772
776
776
782
760
740
746
754
778
786
774
772
790
800
814
782
766
772
772
770
768
770
762
786
808
812
794
784
804
812
808
794
780
772
796
812
830
812
792
806
822
828
798
780
788
784
790
794
786
758
760
790
810
810
796
826
836
844
846
824
800
810
824
830
828
800
788
804
812
808
808
784
774
782
798
792
784
776
792
802
806
786
776
786
808
810
794
772
788
794
808
800
788
778
784
802
812
794
780
820
820
818
796
798
792
800
808
790
776
770
778
794
778
768
762
790
800
800
774
776
788
784
792
776
758
776
798
822
818
794
780
790
798
804
786
768
788
792
798
806
772
764
758
762
778
772
766
768
786
798
800
778
768
782
798
794
774
756
770
772
774
792
776
768
780
786
788
792
774
754
778
782
794
774
762
768
788
798
776
758
754
742
740
736
732
722
712
722
732
752
740
740
774
816
824
816
790
790
814
840
848
838
800
778
774
790
798
800
790
780
794
788
788
784
774
790
812
828
824
800
804
824
824
824
798
780
780
774
772
774
764
756
750
762
766
784
784
764
774
792
796
796
776
772
762
766
778
776
752
730
714
716
706
720
734
740
738
760
772
790
780
766
776
788
792
798
776
770
776
786
788
774
758
766
774
784
766
758
762
792
806
800
780
776
790
792
802
788
774
780
774
792
796
770
764
778
790
792
772
754
776
786
788
778
774
778
804
790
800
778
766
778
800
798
778
758
748
768
776
782
762
748
752
762
778
786
774
758
784
792
804
820
810
774
786
794
804
772
758
748
770
774
778
756
750
758
762
784
788
776
758
770
788
802
780
770
790
804
806
776
770
786
784
796
802
786
770
790
804
808
796
776
784
782
790
792
776
766
774
780
786
772
760
758
764
762
780
770
758
770
776
786
782
772
778
798
802
780
762
780
770
776
778
758
744
758
762
776
764
766
786
796
804
786
764
774
780
778
776
748
734
748
754
778
770
776
776
804
808
816
794
784
784
792
790
778
760
774
786
798
778
760
766
778
792
790
774
768
766
770
778
780
762
754
756
766
776
784
746
728
726
722
716
718
718
732
744
768
794
774
758
774
786
808
792
770
798
820
832
800
772
780
798
800
788
774
764
778
796
808
800
774
770
782
808
810
798
780
798
826
832
830
804
776
786
794
798
796
776
748
754
774
788
812
786
766
800
818
836
832
814
788
812
820
826
834
794
780
804
812
816
796
784
794
796
800
790
772
778
802
800
800
782
774
788
800
816
790
778
774
784
790
778
780
754
754
766
766
752
738
742
758
776
772
768
750
762
778
788
774
766
750
766
774
784
766
756
762
768
778
788
770
750
756
774
782
774
756
782
776
776
758
752
770
776
786
798
780
766
772
782
784
758
744
752
766
772
758
748
778
796
818
800
788
788
786
802
804
770
774
796
808
812
792
772
794
800
812
794
770
760
778
786
788
772
772
794
818
824
798
788
792
802
796
796
784
768
782
810
816
808
790
776
802
804
812
802
794
802
796
790
784
772
754
760
776
790
786
770
770
810
824
802
776
806
806
802
776
762
782
792
790
784
770
776
786
794
788
772
782
796
806
802
794
782
788
786
792
776
768
762
776
790
794
790
782
780
782
788
790
778
758
752
770
776
778
768
760
780
788
788
766
758
764
758
772
760
746
752
762
776
796
776
762
774
790
794
780
758
774
780
782
778
776
752
776
780
776
760
752
760
768
782
764
754
740
738
744
746
734
746
770
794
796
774
762
792
804
812
796
782
788
790
790
784
762
770
778
802
802
784
762
780
780
792
794
786
762
768
780
800
796
780
764
784
790
790
796
780
762
780
786
778
762
754
764
774
768
750
748
754
754
758
772
754
742
754
754
764
768
752
744
752
762
758
748
732
740
746
752
754
748
744
754
770
754
754
738
744
764
764
774
758
738
744
750
762
740
738
762
776
784
766
764
778
766
764
786
764
754
768
788
800
784
764
790
796
802
782
762
786
794
792
786
802
806
810
808
796
770
778
782
776
766
752
758
760
772
760
740
748
756
762
772
750
740
750
762
766
774
754
746
756
764
770
760
750
750
760
764
764
754
748
760
770
780
758
744
752
768
780
766
742
746
756
758
770
752
746
750
750
754
744
736
742
750
754
752
738
738
742
754
758
752
738
752
748
764
758
744
738
768
752
756
744
738
742
754
764
758
754
756
774
774
760
738
738
740
748
758
740
728
732
742
748
740
730
746
764
766
776
762
750
770
772
770
768
760
750
760
764
762
738
728
746
754
760
756
748
746
740
748
762
740
738
754
772
780
762
744
770
766
772
762
758
758
762
758
750
736
736
736
752
754
740
744
754
760
770
754
750
758
770
780
762
752
764
774
778
780
766
746
758
772
776
762
746
750
762
768
748
740
750
754
760
754
742
760
774
776
762
756
774
786
790
780
764
758
766
774
778
762
748
754
762
770
762
744
748
750
760
766
748
736
750
752
748
746
730
720
728
738
744
742
734
746
748
764
740
736
750
758
762
752
740
758
770
764
756
734
746
766
762
742
730
744
742
738
726
714
730
740
742
754
754
738
752
760
754
754
728
718
716
714
694
688
690
694
700
714
712
718
738
746
776
800
776
760
778
784
788
792
774
756
768
778
794
784
754
736
740
722
718
718
732
744
738
732
722
742
742
756
758
758
752
738
722
736
694
686
686
672
678
662
660
658
664
668
670
670
670
694
698
710
718
746
778
802
784
780
802
816
832
820
802
818
840
854
824
782
802
836
832
806
816
818
822
832
816
818
818
800
814
798
798
820
812
806
798
800
834
844
822
820
822
828
832
808
798
808
804
824
804
798
814
842
844
818
796
798
800
798
800
782
786
794
814
802
784
778
790
796
778
776
778
774
800
806
786
778
802
812
810
794
784
794
808
818
796
776
782
798
794
774
764
762
760
758
754
744
756
764
782
762
758
768
780
772
750
754
766
772
776
768
760
764
780
792
772
756
752
756
752
744
740
756
782
788
790
784
786
794
804
798
782
778
786
798
778
764
774
766
776
772
758
764
768
770
756
744
742
764
794
786
778
788
794
804
796
786
786
808
794
778
758
766
766
768
762
754
754
770
776
772
758
758
766
774
784
768
760
782
780
788
774
762
766
766
760
748
746
738
752
768
778
766
766
788
796
786
766
768
780
780
780
760
756
762
766
770
762
748
756
768
782
764
752
750
770
776
766
760
780
784
798
778
778
786
794
798
788
772
780
792
806
778
764
774
788
788
778
756
750
736
742
738
722
726
746
768
760
750
770
784
784
776
766
774
766
772
756
754
768
784
766
762
776
788
788
766
760
774
770
778
762
762
746
746
746
742
750
754
768
782
758
746
740
754
784
790
782
774
790
798
784
778
774
796
804
814
788
792
812
812
812
792
772
776
786
796
776
762
764
762
760
750
746
760
768
776
772
762
766
790
804
782
778
794
802
800
778
768
780
776
774
772
758
760
762
766
764
754
750
766
780
756
748
754
760
778
758
744
764
780
780
768
760
774
776
782
760
758
768
768
782
768
750
752
758
764
756
750
752
768
778
768
752
762
756
758
756
764
772
784
798
798
784
772
792
800
788
768
770
784
784
778
768
762
768
770
780
768
758
760
774
786
764
766
774
780
790
784
768
762
778
774
774
766
758
768
772
780
770
756
768
788
786
764
772
764
758
758
762
758
772
792
800
780
762
784
808
806
788
782
794
808
788
780
770
784
784
784
770
782
788
800
796
786
788
808
814
786
774
782
786
796
772
764
770
774
784
772
762
770
776
788
762
764
764
770
772
762
776
786
784
762
760
774
786
784
780
780
788
794
806
792
772
790
798
804
784
770
778
784
794
782
774
788
800
814
796
794
804
808
806
792
796
798
800
788
776
782
794
786
774
790
796
804
780
758
770
774
778
778
772
762
762
770
780
780
776
786
792
800
780
762
774
778
794
778
770
776
798
804
778
770
784
798
784
766
772
778
782
782
772
764
776
778
786
776
758
766
786
794
782
782
788
780
768
762
762
768
782
778
784
794
814
794
794
784
796
798
786
766
776
782
782
762
754
762
772
776
766
766
782
780
788
772
766
760
758
776
760
752
764
774
786
768
760
768
782
796
778
782
780
792
796
784
768
788
796
802
784
780
784
788
766
764
770
778
780
776
760
788
794
794
782
788
802
804
786
788
796
800
808
812
784
780
780
808
786
764
762
774
778
776
764
762
782
804
792
784
768
776
792
800
782
778
792
794
800
786
772
780
786
786
776
768
772
774
786
760
754
756
768
784
768
758
774
796
810
788
786
796
796
790
786
780
778
786
782
772
782
802
800
782
774
792
798
790
780
774
778
784
774
758
768
782
782
790
774
768
780
792
800
776
766
784
796
796
774
764
770
778
792
774
772
782
790
798
790
774
778
786
796
794
774
778
798
796
782
778
786
796
812
792
778
792
796
798
774
772
778
780
790
770
764
774
784
778
770
774
788
802
814
788
780
794
798
818
790
770
782
786
796
786
772
770
776
796
778
770
776
792
804
794
772
790
800
806
790
774
802
802
812
796
788
804
816
806
806
780
780
792
802
780
764
774
790
784
772
770
778
784
782
778
778
780
804
800
784
800
808
826
806
780
772
750
724
716
730
726
724
724
754
778
804
804
808
852
836
834
808
786
796
810
816
810
828
850
852
826
804
796
790
796
794
806
808
804
802
790
798
808
834
824
824
864
882
894
860
854
830
822
832
816
810
818
824
842
824
826
848
828
820
790
774
790
798
796
796
784
784
794
800
812
814
836
848
816
796
800
806
818
808
796
814
838
836
806
798
824
854
852
820
824
848
856
850
810
800
812
822
834
834
818
810
826
838
840
802
786
798
792
800
792
784
806
822
834
814
802
816
838
792
778
776
794
800
790
774
794
794
808
798
788
788
794
794
802
788
774
806
812
814
800
792
802
812
816
810
800
810
842
864
824
814
832
836
822
798
780
792
802
822
818
800
802
818
830
830
802
788
816
826
826
802
776
788
790
806
798
802
816
850
862
834
812
828
850
854
828
810
842
860
866
842
828
840
862
826
810
808
826
828
806
800
822
854
850
816
796
760
754
756
758
766
770
762
776
810
826
826
830
850
840
832
816
812
844
848
840
804
790
800
838
870
842
832
862
862
844
832
804
790
804
806
830
824
824
842
848
828
804
790
812
834
836
812
792
804
818
820
816
810
832
866
840
826
808
824
844
862
838
834
854
882
876
836
810
828
844
842
818
796
812
830
840
800
792
800
816
804
794
792
830
840
840
820
802
814
828
826
798
792
800
810
808
784
780
806
806
816
796
796
814
832
854
818
792
800
796
786
784
766
782
808
808
792
782
806
846
866
838
818
846
862
846
808
832
858
856
830
844
862
866
828
818
848
864
864
828
818
838
842
842
828
816
806
776
772
788
814
836
826
800
838
856
856
820
804
830
846
850
820
806
826
838
840
806
786
778
780
788
778
760
764
786
808
832
802
784
808
816
836
810
786
792
804
802
794
774
780
808
820
842
832
804
802
820
826
806
794
808
822
834
818
806
806
816
806
806
796
812
822
834
810
792
808
830
846
822
808
826
840
850
832
800
814
816
824
790
782
800
834
826
802
804
834
852
846
816
792
806
810
796
786
796
826
824
814
792
808
828
840
812
788
802
806
812
798
802
814
824
824
810
780
798
814
826
820
796
820
850
828
796
794
806
806
806
782
770
780
794
804
784
778
794
808
810
796
776
786
794
800
786
778
782
798
806
780
772
788
804
818
798
798
826
854
848
806
788
794
808
826
800
786
804
828
822
808
790
814
822
820
800
790
810
824
830
812
800
808
808
824
808
784
812
814
820
802
780
800
810
804
796
784
786
796
802
820
784
770
782
812
812
788
782
804
824
826
798
798
818
814
828
804
788
800
808
814
794
786
818
812
820
800
790
826
838
