870
846
894
886
892
892
908
898
856
830
770
722
692
692
684
698
708
716
720
708
708
692
730
696
722
706
740
720
756
760
762
782
780
814
816
834
828
808
812
818
814
818
812
814
806
828
812
794
784
744
702
688
686
684
734
742
760
782
808
792
798
804
812
800
800
792
740
724
706
668
652
658
660
660
678
730
790
794
788
800
816
822
836
854
850
852
848
834
830
818
792
776
758
768
756
768
764
756
752
732
734
736
720
716
706
688
688
688
686
698
708
710
706
738
746
782
826
784
804
804
806
820
832
828
830
798
780
716
692
706
670
698
724
762
780
808
762
798
790
816
810
808
810
792
804
800
786
786
778
794
788
760
766
736
732
732
702
690
696
682
710
734
730
738
710
708
704
696
720
710
736
738
722
712
690
708
692
698
698
688
732
742
766
782
840
796
778
782
776
734
732
720
712
726
706
748
770
780
774
774
786
770
766
734
744
726
706
696
684
690
700
728
752
732
816
796
792
800
792
796
838
848
832
818
832
832
828
830
812
804
806
806
814
830
848
862
846
852
852
844
834
836
826
816
816
820
826
824
832
830
810
804
782
724
722
730
760
810
870
834
862
866
880
884
878
882
876
862
852
846
836
820
812
800
774
746
766
754
786
824
828
836
852
876
892
886
884
858
840
840
808
784
794
818
854
864
832
850
864
868
884
870
848
822
822
830
816
836
854
856
848
808
830
828
822
774
724
714
696
724
686
696
706
720
776
818
822
806
820
836
826
840
828
832
808
824
794
790
782
760
772
764
798
802
838
830
794
818
804
806
802
778
778
746
758
760
754
792
812
788
820
830
820
778
776
758
760
712
750
758
796
832
812
828
850
850
842
838
804
808
798
784
756
764
758
788
792
782
788
786
804
816
822
826
804
770
768
748
764
746
752
750
760
754
782
788
792
726
718
694
698
686
682
672
688
692
694
704
706
692
698
682
690
666
682
662
670
652
664
636
632
638
630
630
658
664
708
716
754
772
730
752
740
714
724
734
752
780
798
752
794
762
778
762
736
758
766
770
768
764
798
834
792
808
800
808
804
810
814
820
826
828
824
836
832
832
816
804
790
804
838
804
826
792
822
828
802
838
828
876
880
922
920
950
944
958
938
932
920
900
906
882
920
916
914
924
936
930
928
948
880
898
896
912
898
898
900
870
890
914
938
916
950
936
950
946
944
926
914
912
900
912
902
920
898
896
896
916
912
910
884
858
842
828
804
832
838
812
834
810
832
800
806
834
768
760
758
816
818
792
860
880
912
894
924
890
862
828
796
822
812
826
860
832
864
834
830
876
840
874
864
880
920
912
906
898
904
898
892
900
882
874
860
876
898
886
924
940
918
928
914
936
926
924
912
880
904
886
896
894
900
906
872
872
856
884
888
866
844
852
868
886
852
870
920
934
922
928
930
934
932
914
922
900
860
882
870
892
864
844
806
828
884
872
898
896
888
880
872
888
862
844
856
832
848
846
830
854
844
882
876
886
886
864
876
844
862
830
794
788
770
784
792
752
738
752
756
750
728
724
762
778
830
822
850
810
800
814
830
844
758
836
848
854
864
856
862
874
848
832
828
814
820
844
812
826
814
804
826
820
834
828
804
772
744
712
712
722
720
752
778
822
834
836
808
830
828
826
782
722
716
732
712
730
758
776
788
790
812
850
856
840
872
856
858
854
852
840
818
776
732
718
766
792
850
822
844
846
842
808
774
762
702
716
722
738
786
882
892
858
878
846
834
868
852
838
778
746
740
782
840
890
848
788
812
760
824
860
890
918
850
862
848
852
856
862
872
876
884
878
896
886
884
820
758
770
800
828
856
866
814
794
796
800
800
822
826
850
832
840
848
824
826
818
784
734
706
706
696
704
730
800
860
856
814
812
838
842
840
852
832
772
780
744
726
722
722
692
760
828
874
846
826
808
802
774
724
722
726
722
748
846
846
830
850
878
866
902
916
926
922
924
916
896
856
812
782
816
830
866
906
874
876
874
888
898
892
870
888
876
852
880
874
870
856
820
784
782
802
846
858
918
916
918
918
888
834
800
780
778
746
808
868
914
914
868
852
814
794
788
814
808
780
756
750
782
812
858
868
866
810
794
764
750
758
724
724
758
756
802
814
778
798
800
814
822
830
826
770
774
764
746
746
754
760
746
776
768
754
796
820
866
884
884
868
874
874
874
864
864
838
806
804
814
790
792
792
788
768
750
740
720
736
756
764
824
888
912
860
872
872
864
852
802
784
772
746
728
714
732
750
790
846
846
776
810
806
806
762
742
704
686
672
634
654
660
680
726
794
846
826
870
878
892
894
892
878
868
874
868
846
844
822
818
828
842
860
904
920
914
904
864
848
842
838
816
782
770
754
726
718
706
698
666
686
682
674
688
750
798
798
848
844
830
836
836
810
784
766
760
772
782
800
818
836
816
838
818
824
780
800
780
774
742
700
744
728
746
792
778
778
798
758
772
770
770
786
784
780
798
800
808
842
842
874
856
858
860
842
844
836
840
818
784
760
752
726
718
720
722
742
784
790
796
836
808
808
790
794
796
792
762
756
742
728
750
742
776
766
780
780
806
814
802
808
782
810
818
820
788
812
790
764
736
712
712
682
674
682
768
884
886
888
898
910
886
908
890
898
898
892
870
836
798
770
762
764
754
760
770
750
766
764
798
810
782
790
768
764
756
748
746
740
744
754
796
778
832
872
858
852
844
826
772
728
724
746
746
758
790
816
850
872
866
864
882
874
852
862
824
764
732
726
734
722
730
756
766
806
822
822
798
800
760
762
734
744
782
828
838
824
810
780
766
734
758
750
788
774
772
742
758
734
730
734
722
694
676
688
692
674
684
708
740
716
740
756
774
778
794
794
802
802
762
776
776
762
786
800
782
782
796
782
812
806
806
798
800
788
720
718
726
702
690
680
690
692
676
686
712
704
730
748
740
788
778
832
798
770
770
756
764
744
768
738
754
740
684
724
696
718
734
734
760
776
752
786
794
812
844
822
862
854
860
874
862
882
850
850
846
816
836
820
840
834
816
858
864
846
830
830
768
704
700
694
694
696
738
774
760
844
868
826
798
738
756
728
726
716
706
710
686
782
866
820
824
746
700
672
716
684
680
698
686
678
682
658
686
624
642
650
652
716
752
824
766
810
832
870
860
882
866
870
856
840
856
850
848
868
844
822
854
878
880
892
874
884
832
844
802
744
772
728
758
736
790
868
796
840
866
916
808
840
788
784
754
810
762
832
870
828
894
874
770
790
734
734
752
786
756
842
814
876
882
860
814
878
850
844
876
858
868
868
792
840
834
842
822
828
816
774
720
730
762
790
780
738
732
694
714
776
856
894
798
832
840
842
788
738
762
740
780
750
722
752
796
764
796
842
864
784
792
782
732
724
740
806
826
800
730
730
694
718
712
714
766
740
768
746
758
744
716
712
738
726
734
676
672
678
678
680
674
646
658
684
670
654
650
640
628
640
664
690
666
728
704
736
768
784
728
726
712
710
714
726
726
688
696
720
710
662
670
670
670
732
792
746
776
766
820
784
814
748
736
698
688
686
682
698
690
720
704
724
696
706
694
700
686
684
682
672
680
680
674
676
670
688
734
714
704
708
664
682
636
624
616
594
582
576
556
570
576
558
570
572
572
586
578
582
592
602
602
634
642
636
672
692
678
708
678
702
686
676
680
682
686
672
628
652
624
636
640
634
688
726
718
720
726
730
780
800
784
814
808
798
788
788
792
778
782
766
774
782
772
780
790
816
828
828
838
836
830
842
840
850
852
848
860
852
870
860
882
882
884
908
890
918
900
914
902
902
894
868
872
878
874
906
898
928
938
948
960
946
954
952
934
942
930
942
964
956
968
976
976
964
942
948
950
954
968
968
980
980
960
968
964
972
990
972
986
976
960
956
924
902
894
868
868
822
814
726
702
710
700
718
764
794
806
826
802
812
780
772
744
726
756
786
836
826
800
832
816
844
862
882
882
908
890
898
880
890
874
874
842
812
710
734
726
704
728
760
786
844
856
824
826
836
850
820
816
822
822
792
788
772
746
728
718
722
706
716
714
680
738
692
734
792
756
822
810
814
818
818
790
762
758
758
782
834
854
848
800
806
808
822
822
804
814
796
786
786
778
800
782
808
798
808
824
810
832
844
832
822
800
744
758
760
820
836
832
848
820
836
844
848
870
872
864
862
834
832
826
810
820
788
788
800
792
808
826
822
830
828
800
802
784
780
782
754
784
816
808
816
792
754
760
788
788
782
792
796
800
784
766
782
774
754
756
774
778
812
790
820
836
804
820
846
802
862
870
848
874
838
854
852
826
852
860
846
880
882
878
902
908
908
920
900
894
876
802
846
854
868
900
924
896
918
922
910
900
910
904
920
940
940
958
950
950
924
926
906
920
906
920
910
926
920
934
926
920
926
906
928
928
922
916
898
916
904
918
922
956
950
962
958
966
964
938
934
918
906
902
884
902
926
934
958
956
990
982
996
982
972
944
960
960
954
902
914
862
846
818
806
864
862
922
940
924
888
822
816
820
768
766
710
710
676
782
868
910
854
834
876
886
900
924
930
924
890
882
782
716
742
744
714
784
996
848
914
952
994
1030
1018
1036
1026
1034
1038
1026
1016
982
970
946
942
940
882
920
898
864
914
900
954
922
954
936
924
940
930
942
924
944
934
946
952
946
938
940
906
846
812
816
772
720
750
740
724
760
824
848
912
954
902
902
884
858
848
824
832
818
814
808
784
826
884
934
874
882
890
902
886
888
880
744
784
772
770
782
786
796
790
790
766
744
710
732
718
736
744
784
826
912
902
890
886
858
832
782
770
754
754
744
746
790
846
852
844
864
880
906
926
906
934
924
926
912
906
896
860
790
836
866
890
876
844
824
770
770
786
798
804
784
858
918
900
864
864
884
874
874
852
864
860
846
856
844
854
842
856
850
864
856
852
814
792
804
810
796
854
816
840
850
838
836
774
812
832
832
846
866
850
858
832
830
842
888
876
868
884
888
892
908
902
906
880
878
854
802
764
768
766
808
822
818
870
832
864
870
836
860
820
838
838
794
840
826
872
886
864
888
854
854
854
804
840
836
810
778
806
810
828
816
804
806
792
790
768
774
750
764
748
762
774
796
768
806
808
782
772
794
814
802
796
776
766
768
772
784
782
804
766
786
790
766
778
778
722
710
742
724
720
714
722
702
716
712
684
704
690
692
688
670
716
736
754
754
760
768
752
722
738
724
702
690
718
694
708
706
696
726
726
716
728
724
722
712
694
676
704
696
718
740
762
786
804
784
804
794
798
816
810
806
780
752
712
726
694
664
656
650
650
652
670
702
768
836
898
952
818
876
880
876
878
866
792
748
728
726
714
808
938
810
852
876
880
912
914
898
884
864
852
816
768
732
728
756
792
874
910
876
902
884
924
928
900
910
928
948
912
890
936
946
942
938
932
884
846
812
782
760
774
778
802
854
876
858
906
896
856
824
774
744
714
646
674
652
696
716
710
808
918
868
854
856
812
782
718
666
654
628
624
616
618
604
606
604
618
608
616
622
610
630
608
590
590
574
586
574
574
584
562
580
572
578
588
582
598
626
652
666
654
688
666
696
652
658
668
652
674
664
666
672
654
666
646
664
648
658
642
618
638
624
626
624
614
600
612
594
604
586
594
600
602
630
626
640
640
646
652
638
636
616
634
630
626
658
628
642
628
620
622
614
634
624
636
630
636
650
628
626
602
612
610
606
610
598
610
620
610
602
594
602
594
598
600
598
600
594
582
572
584
578
590
596
602
624
654
648
694
696
686
718
694
706
690
702
698
686
716
674
708
690
700
702
690
714
686
706
704
678
714
696
698
668
700
730
726
756
722
728
722
754
742
762
758
760
766
752
758
754
760
754
750
768
754
762
756
756
782
768
790
796
770
788
764
776
748
736
738
704
740
758
732
758
732
770
750
766
764
794
774
800
784
784
800
780
794
786
788
768
762
772
768
792
770
788
792
790
768
710
664
632
648
612
618
594
592
586
576
562
560
564
562
554
570
570
556
576
580
564
574
606
562
596
602
572
576
606
574
612
618
578
620
602
574
600
590
598
604
570
590
588
570
570
576
560
568
574
580
554
538
542
528
528
522
516
538
548
536
540
558
550
560
568
584
572
560
554
586
616
624
648
642
618
616
612
596
596
600
616
608
614
646
640
664
656
662
690
694
692
702
690
704
686
682
664
672
662
642
666
658
654
632
644
600
672
630
672
664
646
652
648
630
604
592
570
584
582
556
576
580
580
600
588
616
632
610
650
630
618
628
628
628
616
558
562
578
544
548
542
560
576
580
554
558
564
584
592
584
606
604
610
636
614
626
630
570
644
632
612
608
642
620
626
640
660
658
696
682
690
682
674
618
628
606
588
608
592
580
576
602
686
700
668
696
712
714
748
750
776
790
796
814
822
826
846
846
842
834
820
816
818
808
814
818
824
842
856
858
876
874
870
870
828
842
826
834
856
846
854
866
858
870
844
844
830
838
824
818
846
878
854
890
886
918
920
908
926
932
916
922
912
904
908
898
880
902
900
916
906
912
920
912
922
920
922
922
908
908
898
880
896
904
912
946
940
948
956
944
938
922
920
924
908
926
928
928
942
924
922
890
888
882
886
896
898
918
912
906
898
896
888
896
872
860
820
830
818
832
830
832
818
812
808
788
788
802
784
792
788
754
764
760
762
770
776
754
786
798
778
818
806
792
794
774
784
762
772
758
766
766
768
780
772
758
734
720
706
682
692
680
690
688
670
678
668
710
704
744
754
734
764
750
770
768
774
790
772
766
748
734
730
662
656
662
658
638
646
620
620
618
584
608
594
596
594
608
618
632
644
680
674
666
678
672
654
658
658
656
664
672
656
652
662
668
664
682
696
688
708
700
696
704
700
682
694
662
690
696
702
692
682
668
638
648
638
634
626
614
630
630
634
642
652
650
656
650
618
624
624
622
610
614
616
620
616
654
660
656
684
684
652
660
644
692
728
706
714
728
728
742
742
732
740
712
716
716
706
724
720
722
748
752
760
776
800
792
820
818
826
844
828
840
808
810
804
802
808
810
820
832
800
788
800
798
768
754
760
756
764
782
780
798
826
836
830
812
794
792
762
764
746
716
714
762
810
832
798
786
790
776
774
752
662
680
654
664
636
692
692
708
672
676
680
680
684
734
756
768
748
750
770
762
788
790
798
804
800
808
802
800
778
794
788
778
790
762
762
760
728
734
730
730
692
728
708
714
716
704
718
712
702
704
704
700
672
662
640
616
600
566
576
560
558
560
554
554
592
694
680
692
714
694
724
744
752
758
782
776
790
804
794
798
790
778
782
780
768
764
756
744
714
754
736
740
748
706
696
668
656
680
694
764
754
734
702
722
688
638
656
672
644
648
642
646
624
636
618
640
620
634
616
634
624
630
634
624
612
600
614
616
622
626
614
604
576
576
566
558
562
582
600
640
616
618
620
632
616
602
588
574
614
600
594
586
576
588
606
598
618
596
628
636
622
620
598
632
616
644
612
648
680
672
674
676
658
668
656
650
612
586
590
574
582
592
590
608
634
628
636
628
600
622
618
622
628
620
592
580
568
594
574
582
584
580
582
586
588
600
622
634
678
692
618
706
658
662
650
620
628
598
594
574
586
576
608
622
646
644
660
594
648
600
638
646
640
644
640
586
616
622
608
624
644
630
654
664
644
658
650
646
644
578
632
620
620
648
664
652
530
848
602
650
628
612
630
648
584
784
638
660
698
698
716
710
688
714
722
708
680
594
832
678
698
682
668
662
688
670
676
678
656
694
684
684
724
702
708
738
738
764
746
754
754
718
714
736
714
728
730
714
736
702
716
720
726
694
712
710
692
660
644
674
670
662
678
654
688
700
674
702
684
716
694
738
740
704
734
726
748
744
762
750
770
768
768
778
752
772
758
768
776
784
780
782
778
762
744
720
734
718
710
712
734
718
748
728
736
736
728
734
712
742
730
752
746
746
736
712
682
678
634
656
654
694
670
686
656
670
668
632
670
656
674
670
632
600
620
610
616
616
614
638
662
676
670
726
634
792
676
654
676
656
712
702
754
702
728
740
746
774
784
798
776
784
758
746
762
754
732
720
700
664
660
668
658
666
668
720
718
744
718
750
696
708
750
780
764
750
748
770
762
800
804
782
798
800
804
806
794
810
804
812
818
784
802
776
764
784
774
790
802
780
802
802
812
816
838
822
838
826
810
828
820
836
826
826
810
802
808
786
810
814
836
810
840
830
842
814
832
834
820
824
812
818
822
818
840
836
854
866
816
844
830
850
842
860
864
858
872
860
866
882
860
880
876
890
902
884
888
866
866
842
844
832
798
868
874
860
848
858
854
852
862
830
848
838
842
860
860
886
896
908
926
914
924
914
920
904
900
880
884
888
908
870
896
878
858
876
848
814
860
856
860
846
776
838
864
864
884
884
872
880
860
842
828
838
828
814
804
794
700
722
736
748
802
750
786
794
814
790
744
764
770
790
754
778
794
754
730
760
770
794
788
762
728
748
764
756
740
748
720
700
692
704
730
708
704
788
814
820
802
816
816
812
798
784
782
700
710
692
722
816
806
766
802
812
834
830
822
832
836
830
804
808
806
774
848
826
828
848
844
862
884
882
870
860
856
854
856
852
860
854
854
874
872
862
850
852
824
806
762
778
822
868
894
860
886
894
894
904
892
896
876
866
854
830
840
840
850
872
872
890
906
898
916
922
914
918
904
896
904
894
888
842
824
824
752
716
742
794
836
942
858
866
890
896
894
918
918
906
906
894
868
874
860
864
878
880
888
906
926
928
936
942
940
944
946
924
938
936
938
944
950
938
950
946
922
926
930
922
932
928
926
920
926
934
930
950
948
958
956
972
976
976
982
980
974
958
968
962
962
950
914
838
852
874
836
860
902
902
950
898
902
908
902
914
914
884
874
830
756
756
730
748
744
760
796
782
808
826
906
940
908
896
902
902
906
908
922
922
936
936
932
922
920
902
892
884
850
846
840
860
920
904
898
900
910
918
910
918
920
912
900
882
866
850
854
874
898
860
854
800
766
764
748
750
736
754
820
860
916
876
906
914
908
896
896
862
842
832
818
776
828
888
858
888
916
912
918
950
952
946
924
882
818
752
718
722
696
706
718
770
880
940
866
888
894
884
826
814
816
810
758
702
702
630
718
684
682
670
676
676
702
716
728
738
738
708
724
724
734
760
816
886
826
854
844
856
870
868
894
900
892
892
860
820
762
694
726
736
870
958
898
924
952
976
976
998
990
992
992
974
978
956
960
956
934
938
938
936
942
918
924
924
920
924
914
918
884
880
834
818
778
764
712
738
732
726
700
730
788
870
924
870
886
902
906
920
918
914
918
888
854
844
842
856
864
864
860
876
896
880
898
850
876
872
864
860
860
840
850
840
854
874
858
862
864
872
866
842
850
838
844
844
842
832
812
798
778
744
792
816
850
844
816
754
710
694
690
696
748
880
822
854
866
892
918
936
952
940
942
934
928
900
896
878
818
834
842
858
866
878
902
888
888
872
826
776
752
730
728
660
730
726
742
762
778
782
746
752
758
724
728
708
714
734
756
742
770
744
778
734
760
734
776
758
772
780
766
748
730
736
726
776
752
780
766
774
768
778
740
746
742
750
748
744
762
746
772
758
762
760
774
790
778
772
750
802
788
802
816
832
826
804
786
716
688
674
668
662
678
702
796
830
840
782
780
780
772
776
788
798
776
708
684
676
656
666
688
722
764
830
786
740
772
756
776
742
748
730
754
754
732
674
668
690
712
748
756
702
718
716
706
698
684
652
662
644
640
632
636
620
628
638
674
668
700
692
666
702
710
802
752
832
812
810
816
836
848
848
866
876
876
900
894
904
912
912
918
900
910
900
870
868
862
882
892
898
908
900
904
904
910
922
924
932
948
932
936
938
930
932
914
930
940
932
948
946
952
958
950
950
940
928
932
918
926
940
938
942
936
918
930
916
924
930
904
906
896
906
916
904
908
908
914
916
898
918
910
914
916
902
904
860
878
860
868
868
862
876
868
884
900
884
912
910
904
902
886
890
892
884
896
890
896
900
888
894
880
890
878
852
844
844
836
796
792
782
856
896
896
864
852
870
866
866
878
882
870
882
894
894
900
894
896
892
858
812
742
734
734
754
810
868
952
868
910
930
934
956
942
946
938
946
946
932
934
918
918
894
764
778
792
774
778
762
784
798
832
880
840
844
806
798
818
826
802
836
882
912
878
864
882
886
906
906
900
904
878
888
868
874
864
848
864
848
892
880
888
892
890
890
864
856
832
836
810
746
768
756
764
762
774
804
780
798
806
764
788
750
