620
576
584
594
582
606
608
638
620
626
632
634
652
640
654
664
656
650
638
646
644
638
636
628
632
632
628
604
590
594
596
586
590
624
660
640
644
650
656
654
652
644
634
638
638
640
638
626
628
596
596
594
594
602
606
600
600
604
634
642
634
636
626
636
634
626
600
612
616
640
662
668
682
696
708
704
668
652
650
668
684
680
670
688
692
694
692
676
676
670
664
666
652
662
668
666
648
632
620
622
622
622
614
608
610
614
628
640
640
650
664
682
692
688
676
680
680
666
650
660
650
636
640
638
636
628
620
620
618
626
628
610
630
624
622
624
618
630
642
630
628
616
610
602
602
614
630
648
632
690
682
684
682
676
684
696
706
690
684
688
684
674
644
638
654
648
650
650
662
666
686
672
676
680
680
672
668
666
660
658
636
644
660
656
662
674
678
708
714
720
728
704
708
700
678
652
672
658
660
666
668
688
706
728
732
720
706
710
700
688
670
672
670
670
672
658
664
652
640
620
618
612
618
634
656
666
700
730
764
772
774
794
786
762
742
712
712
712
714
708
688
658
660
652
640
632
650
662
648
702
674
686
690
692
686
656
636
624
628
628
626
626
640
648
656
660
670
688
696
694
684
676
678
674
674
666
736
560
644
632
612
628
600
598
584
598
630
642
654
682
716
734
752
736
714
704
690
674
648
676
674
692
706
698
712
730
732
732
714
706
708
712
710
702
702
706
702
698
698
700
702
716
718
710
678
662
650
642
638
646
678
696
722
714
698
698
696
696
714
694
760
748
736
728
698
696
690
696
696
684
674
666
666
656
644
632
624
630
624
614
620
638
650
658
668
660
658
666
674
678
668
648
632
648
642
632
646
630
656
648
642
634
680
650
650
662
652
652
636
658
662
666
650
650
658
666
678
672
656
658
652
636
624
616
622
628
630
632
608
630
640
638
630
628
632
630
630
618
612
620
614
606
604
604
608
616
610
618
636
628
616
616
620
618
636
642
646
660
668
670
666
660
644
654
648
634
632
630
640
642
636
668
678
654
698
674
666
684
680
664
708
668
686
678
740
716
696
696
704
698
702
704
700
704
700
686
676
680
670
712
676
688
692
676
724
692
698
712
724
712
706
714
712
702
708
704
698
682
696
694
688
678
694
692
698
696
688
704
722
716
718
734
716
764
724
734
740
724
772
750
738
796
758
738
746
726
722
708
704
716
732
742
730
740
756
764
744
732
734
738
750
756
738
746
748
736
780
746
756
772
776
754
732
736
730
506
726
638
630
696
698
684
696
716
710
706
718
702
686
692
664
668
636
664
682
696
696
692
702
692
744
714
704
694
696
690
688
668
674
666
670
670
656
666
678
688
682
668
684
686
686
678
668
662
668
652
644
654
644
700
668
670
670
680
674
664
668
666
666
672
674
656
670
656
700
674
674
672
674
672
662
668
672
666
668
660
664
674
670
666
670
668
668
658
662
664
676
678
682
694
712
734
726
700
704
714
722
722
718
722
738
742
732
712
718
722
714
704
696
702
720
730
720
716
728
738
744
736
742
766
774
756
738
748
752
740
792
750
738
742
748
746
732
730
732
736
720
706
710
704
694
690
644
848
724
720
708
714
714
700
694
696
686
668
644
662
656
662
662
660
662
666
682
668
720
694
680
698
706
698
686
684
678
674
666
664
660
724
708
750
718
724
724
736
738
732
712
728
724
736
736
712
724
714
752
780
746
740
744
750
744
736
736
742
736
708
694
706
704
702
686
690
700
708
710
702
694
706
718
730
720
732
736
750
736
720
728
724
792
766
740
738
746
754
744
720
730
726
732
716
706
704
712
718
710
708
714
730
740
732
718
724
722
734
728
724
714
720
720
726
726
728
738
758
770
754
728
730
740
726
774
734
718
738
744
750
736
712
718
722
726
720
710
716
728
738
724
704
696
696
700
684
684
676
680
686
676
668
680
690
710
704
698
700
708
714
702
688
686
694
694
702
694
690
708
690
752
702
690
698
700
698
698
710
718
712
694
690
696
708
692
678
692
708
714
708
704
664
668
662
660
716
710
710
726
648
672
682
688
686
686
686
690
712
712
696
686
678
676
656
662
656
664
674
680
684
678
688
672
740
704
694
696
688
674
664
704
696
628
772
690
696
696
694
696
694
702
702
694
682
676
676
696
682
732
698
706
714
740
748
754
744
760
770
772
768
738
736
742
738
740
726
712
710
718
718
714
716
728
744
758
746
720
724
718
730
732
726
724
740
744
728
712
710
718
702
764
718
716
716
726
730
720
712
720
722
706
690
688
680
670
672
690
698
720
708
710
720
708
760
728
718
728
734
746
734
726
720
720
722
720
710
716
726
716
696
698
706
712
712
710
716
718
726
734
722
708
710
716
704
716
702
708
726
710
694
686
696
702
704
696
686
690
692
698
694
698
688
708
712
706
698
712
694
732
696
704
702
692
670
650
650
644
644
654
646
686
656
672
678
684
664
574
754
682
668
632
634
642
640
638
522
756
638
624
612
632
570
600
604
624
634
648
672
694
710
708
778
742
754
770
764
758
718
730
720
698
706
702
692
688
670
656
654
642
638
634
624
622
624
624
630
626
624
630
638
638
634
624
626
618
606
602
598
588
590
592
588
590
594
612
634
638
684
664
678
700
696
688
674
662
636
614
602
594
594
592
590
584
590
590
592
592
604
610
618
610
612
628
648
660
648
660
672
684
680
670
676
670
652
638
632
638
634
624
630
628
638
632
632
628
628
622
624
636
658
668
664
656
662
656
634
628
626
628
632
634
630
632
636
642
638
636
642
658
666
658
652
660
656
652
652
638
638
642
640
660
666
660
662
664
666
656
648
644
650
634
624
632
632
636
646
634
638
648
662
660
662
664
664
660
652
652
652
652
650
702
680
682
696
696
696
690
672
676
664
654
662
660
666
648
624
624
626
618
630
648
674
664
664
658
652
660
672
682
660
720
698
708
710
688
684
682
694
658
694
698
690
696
700
696
692
692
686
674
690
686
678
664
634
624
620
618
606
610
622
648
640
644
648
660
662
654
650
646
628
626
634
654
662
666
676
696
686
682
676
680
684
700
698
686
688
696
686
668
668
662
720
682
690
694
696
694
686
702
706
686
732
712
712
714
720
718
706
674
690
696
698
692
690
694
704
698
682
690
686
680
656
674
678
680
676
672
678
674
664
650
660
660
690
704
710
716
710
706
688
672
678
678
664
658
664
664
658
662
686
688
688
706
706
704
700
708
704
692
674
676
664
664
664
672
666
674
674
668
652
646
640
638
630
652
684
698
708
704
706
716
742
758
748
762
782
788
786
766
750
764
764
738
714
714
692
694
684
680
676
690
662
656
664
664
672
688
682
684
678
690
688
770
758
802
790
808
810
780
774
776
788
792
770
778
788
778
748
738
740
738
728
716
732
752
760
748
752
756
774
778
762
744
742
752
764
762
752
770
780
784
764
740
748
746
748
746
740
754
764
778
766
740
744
742
728
714
716
728
754
744
744
760
748
812
772
744
756
766
782
768
754
762
772
774
754
750
756
764
774
758
750
762
766
752
742
754
772
780
762
754
756
772
778
748
754
764
782
772
760
772
806
820
828
804
780
780
790
788
776
758
754
770
752
774
742
746
754
764
754
752
772
786
786
778
798
796
862
840
824
818
832
850
860
834
802
786
754
726
708
722
732
710
708
718
742
748
742
740
742
740
824
810
792
804
800
816
800
770
782
776
776
752
740
750
740
810
786
774
754
740
720
696
706
704
698
700
686
694
688
694
700
716
700
704
706
710
714
706
716
730
746
742
738
722
740
756
756
750
744
736
742
756
744
748
756
784
806
802
782
786
788
788
780
772
786
804
810
796
774
772
780
762
748
754
788
832
826
828
900
888
852
824
832
872
898
896
832
828
814
818
786
784
798
598
774
552
648
658
646
702
678
658
634
638
630
646
640
628
636
628
624
628
642
652
652
664
682
696
684
676
676
670
660
656
636
624
620
620
618
614
612
618
622
630
622
634
654
664
652
658
662
662
662
670
674
672
674
686
680
658
662
650
632
638
628
628
632
642
660
680
686
688
674
658
672
670
656
716
688
708
720
726
720
696
712
706
696
694
678
672
646
630
624
610
612
612
616
632
652
688
710
730
758
746
720
718
722
720
708
698
690
682
690
674
680
668
674
682
694
682
698
682
732
698
688
680
694
708
702
704
712
722
728
718
716
716
720
712
696
684
682
650
660
660
658
648
654
690
710
730
728
728
786
796
784
780
812
770
750
730
740
742
736
712
716
718
718
722
736
750
750
744
732
734
716
698
688
686
684
688
698
694
696
718
728
718
716
698
704
694
692
668
658
662
664
662
662
660
650
658
670
666
666
656
628
630
638
642
646
666
678
702
710
708
726
732
734
724
718
726
740
730
724
724
726
730
720
716
726
730
710
716
716
714
716
710
712
734
732
742
762
728
736
742
734
722
710
720
722
716
698
700
696
706
706
712
706
694
706
722
724
706
704
710
698
682
678
682
682
694
686
686
700
718
742
758
754
750
762
760
748
734
718
700
706
710
714
722
714
704
710
724
732
746
742
746
746
748
744
724
734
740
748
742
730
734
738
740
732
730
728
708
696
696
688
696
706
716
720
732
732
738
732
726
724
728
718
696
710
708
706
698
700
704
704
704
682
680
688
668
650
648
644
636
618
622
646
666
664
660
670
690
696
700
698
718
710
716
728
720
702
690
700
694
688
672
670
678
698
716
542
894
718
714
700
708
712
562
902
736
674
776
746
734
738
718
712
714
714
716
722
708
698
718
722
720
716
718
708
710
696
694
756
744
738
742
746
748
744
716
716
712
720
716
712
698
680
664
672
684
692
694
686
698
700
698
704
698
700
686
664
652
658
662
672
670
656
678
674
694
700
676
724
694
692
690
696
694
692
664
668
666
652
652
650
654
652
644
648
646
652
656
656
656
642
616
642
616
640
638
636
644
664
664
684
670
670
650
662
664
682
650
662
662
650
662
666
662
640
630
642
654
646
720
672
732
724
738
738
708
704
714
730
742
746
734
734
740
730
722
790
774
746
728
722
734
754
764
760
752
728
714
726
722
722
706
708
712
730
720
706
716
724
740
720
734
716
704
694
708
724
718
720
724
728
734
716
746
752
716
716
714
720
740
750
724
706
714
708
704
710
714
712
704
706
708
720
734
728
716
668
680
672
680
676
718
752
712
710
722
734
730
732
742
760
766
760
754
760
730
738
744
744
728
702
704
704
708
720
716
698
682
688
704
716
726
736
714
732
724
734
760
732
730
736
716
690
664
682
672
678
702
726
750
738
738
744
744
742
736
738
746
730
720
728
748
754
742
732
728
732
732
714
720
734
732
726
730
750
738
734
734
742
750
750
738
704
698
712
732
716
760
744
752
750
752
718
734
738
720
772
758
774
790
768
750
756
752
758
756
756
788
808
816
806
812
834
836
842
816
830
830
822
796
772
786
784
780
762
758
766
758
742
730
754
764
770
768
766
774
792
796
782
786
782
758
754
758
756
756
744
724
726
738
760
742
730
746
744
744
740
746
766
776
752
750
762
774
774
774
788
798
792
770
762
768
744
734
724
692
688
702
698
698
708
724
732
716
704
716
726
722
720
734
752
770
772
782
802
802
794
770
770
768
770
776
770
736
740
732
738
730
720
702
684
678
662
668
684
682
702
710
730
732
740
722
726
736
762
790
788
778
774
760
754
734
734
730
732
742
738
732
732
730
724
690
688
694
684
682
684
700
688
670
678
684
682
666
644
636
638
642
658
686
692
686
660
646
638
638
638
640
646
642
640
664
688
684
694
728
756
762
746
738
744
748
738
720
730
734
746
748
740
746
742
728
726
728
722
696
690
698
698
690
708
720
726
718
712
720
722
542
860
696
666
668
670
668
672
700
714
726
722
722
724
726
724
706
680
686
692
688
690
698
712
696
730
706
702
700
682
678
686
692
680
666
678
674
674
698
698
708
700
694
696
700
694
658
664
674
704
706
706
692
678
664
660
682
696
696
704
718
724
724
718
700
702
706
704
692
682
668
672
662
658
664
674
696
698
686
692
698
702
702
692
694
696
706
692
676
690
706
706
702
716
730
726
778
768
760
740
722
738
750
780
758
740
728
728
724
718
702
696
684
672
678
692
714
716
708
720
730
752
764
766
752
738
746
748
756
752
736
732
738
740
732
712
710
730
744
752
734
734
742
740
736
724
722
728
724
724
724
740
742
742
720
706
716
728
752
752
756
774
782
798
780
758
760
754
746
738
740
746
752
734
718
732
730
736
732
728
734
740
750
752
742
736
742
746
732
710
704
708
706
706
682
672
670
686
710
720
726
724
744
770
790
798
788
768
778
782
796
788
784
790
808
812
794
780
786
786
780
760
768
780
792
776
752
748
752
752
752
732
736
738
730
708
684
680
694
718
728
740
748
750
770
776
778
758
756
772
782
762
752
756
756
752
730
748
746
742
748
760
772
770
766
776
780
784
776
782
786
772
764
770
764
768
762
754
760
760
762
754
402
1112
776
768
756
742
746
752
768
768
756
766
764
770
754
758
762
766
748
724
716
732
748
734
736
746
754
756
732
706
718
722
730
748
754
744
750
758
766
766
764
768
778
774
762
748
746
756
770
762
758
770
778
770
756
756
762
776
766
752
760
760
762
754
740
744
752
756
772
786
762
768
778
786
774
770
778
800
806
794
800
822
824
822
814
816
814
804
788
770
770
778
778
764
766
762
764
746
722
732
754
762
748
718
720
718
702
686
678
654
674
692
682
682
662
674
682
664
728
694
744
722
738
746
752
726
710
720
736
758
760
736
716
728
736
750
758
740
698
734
732
766
776
840
832
834
792
802
810
814
814
792
786
792
776
782
802
810
816
816
816
798
792
790
766
748
750
752
754
750
742
732
728
736
748
736
790
756
736
720
692
706
706
688
696
694
692
698
696
698
698
716
724
730
706
694
680
674
686
682
714
726
736
734
724
718
734
762
772
776
750
742
746
730
730
742
754
760
762
756
750
688
728
724
738
726
734
752
750
786
800
808
804
798
772
764
774
792
794
794
802
800
764
726
720
728
738
720
782
732
710
706
712
716
746
760
778
782
772
762
732
710
714
718
738
744
750
736
724
716
720
718
730
756
764
772
746
738
728
736
742
744
744
728
692
682
670
686
698
720
716
714
736
734
740
740
742
720
696
690
698
696
706
706
692
676
658
650
674
680
688
704
710
710
710
710
706
680
684
710
700
786
762
778
784
790
788
752
740
750
746
748
742
714
718
752
744
806
780
778
780
780
774
760
764
766
764
752
740
746
752
764
748
732
740
748
762
760
748
740
746
740
744
744
742
738
732
744
770
784
782
776
776
768
778
766
740
710
676
660
650
636
626
610
618
646
660
666
672
698
700
686
702
690
684
680
668
676
668
660
662
664
666
658
664
648
650
650
654
650
642
638
640
626
636
640
634
636
622
634
622
622
632
630
638
632
648
642
686
686
508
856
686
648
704
686
678
680
682
682
682
670
656
650
646
646
646
648
642
630
624
624
628
634
636
634
628
624
622
614
616
622
624
626
624
624
634
642
642
642
632
624
624
624
622
612
620
622
622
622
624
624
634
630
628
628
628
630
632
630
630
626
638
652
674
658
676
678
682
678
672
670
668
668
660
652
634
622
628
628
640
638
636
630
630
632
646
648
642
642
640
636
640
642
664
648
652
660
690
692
676
704
674
664
668
676
684
674
658
660
652
664
664
658
646
638
632
640
666
634
684
656
666
704
696
688
682
666
662
646
646
650
648
650
652
680
682
698
686
668
668
678
698
682
684
672
660
646
642
632
648
652
706
674
666
674
658
694
710
728
698
674
682
692
712
708
698
694
712
720
712
692
676
682
664
654
666
660
666
668
690
716
718
706
702
710
720
732
730
704
686
704
700
696
680
660
660
674
688
682
692
684
720
684
804
734
726
704
694
710
734
716
760
772
748
706
686
694
702
712
706
696
700
716
734
718
682
684
674
660
672
682
672
676
684
690
688
716
718
732
724
708
702
710
690
678
664
662
670
680
676
664
680
694
676
674
696
720
722
700
704
708
726
738
724
728
732
736
728
692
680
666
646
656
674
680
670
670
672
684
684
684
678
668
652
646
660
662
658
660
670
686
684
676
676
678
682
678
660
650
656
652
650
646
634
650
652
650
648
658
662
650
648
658
664
670
656
652
650
650
658
650
642
650
658
648
644
670
696
674
726
688
682
694
702
692
676
668
678
680
688
690
700
684
674
678
686
680
680
662
654
654
670
688
678
696
688
734
716
700
680
686
702
726
744
724
712
730
744
738
718
678
686
692
686
696
714
720
716
698
684
680
676
676
674
664
656
648
642
652
662
666
668
680
700
722
698
688
680
690
694
680
674
672
674
668
658
662
670
686
674
668
652
660
694
680
680
694
692
750
716
704
706
712
728
720
692
686
694
694
710
706
692
668
672
684
682
674
654
664
682
672
672
686
710
718
698
696
712
726
732
728
700
694
710
730
702
678
672
676
680
684
674
680
700
714
714
694
672
684
670
716
690
700
722
730
710
698
704
702
702
680
666
680
680
704
698
682
688
696
708
698
686
672
686
684
680
680
676
692
696
684
674
686
696
704
702
692
674
660
660
662
664
662
644
644
648
648
656
694
690
704
708
692
672
672
676
676
668
654
654
658
664
658
646
658
660
654
656
660
672
672
662
662
668
664
668
660
650
654
674
686
688
684
674
674
676
656
644
660
674
658
656
674
690
696
686
684
700
712
716
704
706
708
704
694
668
664
676
668
672
684
700
704
686
680
688
696
708
702
678
680
702
714
712
680
668
664
678
694
698
688
692
694
700
706
688
676
682
672
654
668
692
710
690
694
712
724
730
720
700
704
708
696
680
666
672
674
674
670
650
662
672
666
676
680
686
668
668
684
690
696
698
684
670
666
674
678
688
680
666
668
684
694
684
676
684
686
672
660
672
682
676
680
690
720
710
694
680
672
674
672
674
674
658
648
644
664
674
686
694
678
668
678
680
700
676
668
682
684
694
698
678
680
686
698
688
664
662
670
698
698
700
692
694
708
722
726
716
702
706
708
714
728
714
700
716
728
742
700
686
680
686
690
700
690
672
672
682
670
668
696
706
690
696
714
732
738
728
736
748
768
776
772
746
744
746
756
752
732
718
736
764
764
732
712
730
732
744
734
710
704
714
720
724
718
690
708
704
714
724
710
694
698
702
670
688
720
724
708
716
722
732
734
710
698
696
700
700
702
680
668
684
670
668
658
680
690
688
690
690
688
692
700
710
718
708
688
688
696
690
676
664
656
666
668
672
662
658
664
666
678
668
658
672
654
658
686
690
686
694
698
726
716
706
698
714
726
726
706
694
698
686
682
666
652
668
698
706
702
698
704
730
702
734
712
708
724
710
676
674
672
670
670
672
674
678
684
678
668
662
668
674
680
686
666
658
670
678
686
682
676
682
684
700
686
666
670
684
688
682
684
706
734
732
710
692
696
678
676
700
722
708
714
738
756
772
756
738
742
744
762
754
720
714
716
732
726
706
714
702
758
734
728
740
756
756
734
716
722
726
740
728
702
704
714
734
730
706
702
710
706
704
708
696
678
682
688
688
688
674
664
664
678
686
694
692
702
712
724
724
698
688
700
706
718
700
688
696
704
714
682
702
742
770
776
766
764
780
810
812
814
784
734
718
690
682
656
638
648
640
634
624
630
638
652
652
680
664
668
658
652
652
640
644
636
646
666
664
666
684
692
718
718
694
692
696
700
686
676
688
710
690
724
708
704
700
702
700
654
660
658
666
694
662
676
674
702
686
712
686
696
706
662
654
636
632
644
666
660
676
676
678
672
672
676
694
706
708
698
710
714
708
700
694
690
692
682
696
712
730
704
704
718
714
714
696
690
682
682
674
682
700
710
704
692
704
676
668
682
666
666
676
672
692
706
740
746
720
726
748
742
730
708
722
740
746
704
706
726
754
752
738
740
746
748
730
712
726
722
704
684
702
716
728
706
700
700
706
694
690
700
694
686
706
708
704
720
742
742
740
738
754
764
768
762
770
778
774
758
764
764
778
762
750
764
766
760
756
760
762
786
782
786
808
820
808
782
792
784
782
752
752
764
778
774
768
776
792
786
776
794
806
818
808
794
780
742
744
748
756
752
758
756
760
764
774
760
744
754
776
758
748
740
738
752
772
782
780
774
776
786
804
808
802
828
846
854
836
810
820
830
826
810
814
826
838
808
790
804
784
798
776
776
746
738
742
740
760
782
764
764
770
764
776
750
734
720
704
716
740
742
746
772
792
810
806
802
812
830
852
836
830
836
844
884
838
846
854
858
836
804
808
818
834
818
808
828
842
850
838
826
832
840
848
840
846
842
838
808
812
818
806
794
782
790
780
748
724
724
742
770
784
772
774
796
816
802
786
788
788
792
752
734
756
764
762
744
748
762
754
738
730
714
716
730
774
772
798
774
782
806
798
848
808
796
784
800
772
750
760
772
784
762
750
756
780
764
742
736
726
708
710
716
710
704
800
792
824
824
806
820
838
848
842
818
834
844
856
850
832
832
842
844
832
810
804
828
826
800
772
786
798
808
802
792
802
816
836
824
798
796
798
824
846
826
814
820
832
846
818
792
794
800
800
776
780
808
830
814
824
820
818
784
766
768
784
780
778
802
812
826
826
796
830
842
864
862
824
786
796
774
774
800
796
776
788
798
814
794
784
778
776
794
806
794
816
820
804
814
798
768
744
720
722
716
692
684
666
672
678
696
710
716
704
724
740
722
742
756
750
724
726
732
728
722
740
766
764
732
726
744
786
800
750
760
770
778
784
776
726
708
730
722
812
792
808
804
786
740
730
704
708
732
756
766
772
752
754
760
788
780
764
742
740
748
762
770
732
698
694
716
734
768
780
830
826
812
796
802
812
828
826
828
818
762
746
754
754
752
742
736
746
756
770
776
776
772
770
744
736
730
748
752
768
772
762
810
760
718
692
684
680
716
710
714
732
708
696
734
752
776
794
792
778
746
716
742
754
776
774
772
768
748
730
742
742
728
726
764
772
802
754
730
744
760
766
770
764
766
758
740
738
724
714
734
750
764
766
760
728
728
722
732
724
722
720
718
734
742
768
768
738
750
756
740
780
790
758
740
708
696
710
720
708
708
744
748
754
748
734
744
736
822
792
856
824
804
778
770
752
750
752
752
740
716
724
730
720
724
738
760
750
758
758
750
740
730
746
740
810
780
774
740
738
746
756
762
738
722
700
672
682
692
718
732
708
690
698
706
696
750
742
744
742
724
704
716
726
762
784
790
794
778
768
802
806
772
764
756
720
736
750
768
750
728
744
764
792
764
746
772
786
806
778
744
778
822
824
828
802
786
798
798
800
768
770
788
806
788
776
784
806
804
760
770
766
730
714
726
728
730
710
704
720
