758
760
754
746
738
724
722
714
720
718
738
764
770
766
762
742
750
754
762
772
768
760
742
732
734
746
756
760
770
754
736
752
768
770
800
794
776
758
752
762
780
778
790
786
766
760
788
808
826
836
830
822
796
782
786
804
790
790
784
786
786
778
786
828
824
814
788
810
848
840
826
820
828
830
808
786
788
794
808
798
790
822
842
822
800
830
850
818
790
796
804
802
774
768
778
774
764
762
758
762
758
744
750
762
782
776
762
744
758
758
766
748
724
706
714
714
708
702
698
688
694
702
706
708
712
704
698
702
716
718
722
724
722
708
704
702
708
716
716
714
718
710
702
710
714
718
726
732
732
732
730
742
776
768
770
766
744
724
726
734
750
764
764
758
746
734
768
778
800
784
788
778
762
746
766
772
782
776
776
762
748
750
752
758
754
746
738
732
728
734
736
750
736
724
736
760
792
806
804
800
798
794
796
798
784
780
774
780
784
782
772
764
774
796
814
794
790
780
784
796
796
782
776
784
802
806
806
796
782
796
794
798
790
792
802
806
784
766
748
742
734
716
702
704
702
696
698
718
752
764
776
760
736
740
770
784
788
782
780
764
754
766
812
814
798
780
782
768
768
788
800
790
786
770
760
772
792
796
786
764
764
786
790
778
762
778
822
810
802
786
780
776
798
802
786
784
782
778
794
802
798
792
780
780
800
816
824
812
798
792
804
814
796
782
778
780
786
780
754
738
726
738
758
750
744
730
738
772
782
792
786
772
752
748
750
756
760
754
744
728
720
722
734
752
758
756
760
744
736
746
764
768
770
768
770
766
782
792
806
810
810
796
772
766
780
792
798
784
770
756
774
798
808
806
788
768
756
778
792
800
820
810
808
798
794
814
842
838
830
812
794
812
818
810
798
784
774
784
788
790
786
776
768
788
796
816
816
814
810
800
812
836
820
816
810
790
818
828
814
788
772
788
792
766
754
754
750
744
734
728
742
754
768
756
740
740
746
758
764
756
748
730
732
738
742
742
738
726
722
730
728
726
732
728
722
712
710
714
726
740
742
742
740
736
744
752
732
716
706
690
680
680
674
666
668
668
658
658
662
676
676
688
686
690
702
714
718
728
726
726
752
772
786
790
784
788
774
798
810
812
804
780
770
782
798
816
812
810
804
780
792
804
802
802
804
788
774
778
784
796
806
798
802
796
786
796
798
790
772
750
736
728
722
718
734
784
824
842
830
830
806
830
858
840
844
846
826
822
838
846
854
846
836
816
804
816
834
834
812
812
814
822
822
814
808
794
806
818
822
814
794
784
800
820
824
814
808
830
828
824
804
790
804
808
818
796
776
766
764
768
766
766
752
738
748
764
760
748
746
746
762
764
764
758
746
728
748
754
756
758
766
754
744
756
788
790
794
774
764
778
804
806
800
782
768
772
784
786
792
816
834
854
824
796
788
794
798
778
740
738
744
740
736
724
742
776
774
780
770
754
764
788
790
782
774
746
750
768
780
794
782
768
756
754
756
766
768
770
772
778
810
810
808
802
786
786
792
790
774
770
778
786
796
788
774
796
808
794
776
750
738
748
746
742
736
734
750
774
774
768
770
772
792
810
822
808
804
780
782
792
804
824
808
784
780
772
778
798
794
784
786
774
794
808
810
806
784
794
800
804
786
776
778
780
788
774
760
762
764
774
774
770
748
736
742
748
756
744
738
780
808
802
792
764
776
802
804
802
800
786
762
776
794
806
804
780
770
756
748
754
752
752
756
768
792
790
782
780
794
802
810
796
782
760
758
766
766
776
768
762
770
798
818
814
788
770
786
782
794
780
762
748
744
774
798
800
808
808
790
776
790
796
812
810
790
780
792
798
798
794
774
774
792
824
812
800
798
804
830
840
824
816
810
848
856
834
808
812
832
822
814
804
770
786
782
790
772
736
718
730
748
786
806
802
774
784
814
824
832
814
786
782
798
800
796
788
788
770
762
770
784
792
784
786
790
782
766
778
788
784
796
810
802
806
812
832
832
816
812
840
830
824
824
828
820
806
802
808
810
800
796
810
832
822
808
780
796
796
792
780
772
782
780
772
770
768
776
786
782
780
768
774
766
762
752
764
772
766
766
774
774
774
774
760
748
754
746
744
746
750
746
732
734
746
752
762
770
760
744
738
748
732
724
724
720
722
722
720
720
738
744
742
750
754
750
750
744
750
734
732
730
738
726
720
722
730
750
750
742
748
746
744
734
744
764
762
756
744
742
746
744
726
726
734
740
734
730
736
742
744
738
740
750
748
746
740
742
742
754
750
762
758
746
738
740
736
732
738
728
724
720
714
712
714
712
714
736
728
730
722
720
712
700
692
674
670
660
654
658
676
696
696
702
722
740
744
736
732
736
744
742
742
730
710
714
730
730
724
726
714
730
742
732
740
734
722
732
746
754
756
744
730
726
746
758
752
760
750
728
732
740
756
756
750
742
728
738
758
770
778
776
774
738
746
764
766
758
748
734
754
770
782
774
766
750
758
768
782
784
778
754
750
766
788
782
782
754
738
738
756
760
764
768
762
762
738
756
768
774
780
776
756
754
762
780
796
800
788
782
772
784
808
814
798
788
780
792
802
806
802
792
780
792
790
786
778
762
744
738
740
742
756
748
738
716
714
698
692
682
678
678
678
676
676
676
688
692
698
702
696
700
698
700
700
722
730
758
752
750
742
748
744
738
746
740
746
740
726
722
736
742
744
758
756
744
738
742
740
746
754
748
748
746
754
768
778
774
774
792
800
792
774
774
782
782
784
792
786
794
792
794
802
804
800
824
826
820
824
818
816
842
836
834
822
836
822
814
828
842
820
804
804
800
800
788
780
804
804
792
774
766
774
770
768
756
760
762
774
774
770
774
780
774
770
774
758
742
762
758
764
764
756
746
746
730
740
736
734
734
738
734
734
740
752
766
768
746
734
744
742
740
738
720
726
738
746
738
728
720
730
734
732
732
726
714
708
716
718
724
732
736
732
732
760
762
764
762
754
746
754
750
756
754
742
732
738
738
740
746
744
734
736
736
742
750
744
734
720
714
724
734
738
734
724
718
728
744
738
738
730
718
720
728
744
734
738
736
714
728
748
758
774
766
764
762
808
824
834
806
792
778
782
786
788
778
766
760
752
772
782
776
784
786
828
846
866
820
804
794
806
832
820
818
808
780
770
770
776
804
776
764
766
766
770
772
756
750
750
742
740
738
742
740
748
754
746
744
748
748
746
740
738
740
730
718
708
700
694
690
690
704
742
776
768
762
788
792
796
790
760
742
764
770
772
750
740
732
732
722
716
714
728
756
788
756
752
780
800
786
776
768
778
774
772
766
770
816
800
794
790
766
780
806
798
772
760
788
798
778
762
768
806
790
788
784
796
810
808
780
766
792
800
794
784
774
760
774
772
780
784
776
762
766
780
792
792
782
780
776
778
796
784
778
774
780
774
756
736
718
690
674
660
656
662
646
652
650
648
656
666
672
672
680
680
686
694
720
734
726
732
756
772
780
790
784
764
748
776
814
814
836
840
798
790
790
812
770
754
732
720
712
710
722
736
744
830
954
850
846
824
820
812
828
842
848
836
822
818
826
844
848
828
816
796
796
802
810
810
796
768
768
776
790
808
808
810
812
814
862
862
860
838
820
822
846
840
822
814
798
820
830
818
808
800
808
826
818
808
804
808
818
830
822
818
796
810
840
824
820
802
788
792
812
812
804
792
794
796
796
790
808
826
822
816
806
846
850
830
796
782
788
792
790
784
772
782
794
802
790
780
780
790
802
792
776
778
786
790
784
780
784
784
778
778
784
790
786
780
774
776
764
744
730
738
710
696
686
674
672
670
666
666
668
694
688
684
702
720
742
748
736
732
762
800
798
842
806
784
804
858
856
858
836
822
790
776
844
888
906
864
820
824
866
872
866
834
842
844
844
846
830
808
842
852
844
844
802
820
822
818
820
818
818
818
832
826
800
798
806
814
804
794
806
812
816
794
824
836
814
800
804
826
822
822
814
806
808
812
814
802
790
790
792
786
782
798
806
784
774
794
794
788
782
772
784
794
782
768
758
756
768
774
776
770
760
754
762
768
766
764
752
740
752
752
750
752
736
726
720
732
736
730
732
732
724
732
742
752
762
754
752
744
752
760
766
760
752
746
748
770
782
772
772
764
770
780
774
768
752
754
762
776
796
780
792
776
770
796
794
798
784
768
762
782
790
774
768
776
792
790
792
792
786
780
808
800
796
784
784
800
802
796
788
780
772
772
780
774
768
778
788
804
782
764
776
780
786
792
786
772
766
782
786
784
778
794
802
794
784
780
776
780
774
756
756
772
780
774
768
758
766
776
766
758
746
746
748
758
774
776
776
782
808
818
828
816
786
772
780
780
788
788
772
764
752
748
754
756
754
778
766
766
768
766
758
752
742
738
736
726
716
726
752
778
798
780
770
766
780
786
780
772
758
762
766
768
772
758
740
756
762
770
764
748
740
754
756
770
768
786
796
788
782
808
824
812
802
786
802
802
796
778
776
778
788
798
790
786
784
788
788
774
766
778
778
774
774
774
778
774
794
808
802
788
780
786
784
764
760
752
748
752
762
780
780
782
794
818
804
784
776
778
780
770
768
754
744
740
742
746
742
732
730
732
738
748
742
742
742
754
776
776
774
778
778
778
792
794
788
776
774
770
766
758
756
756
760
756
756
766
770
780
772
770
786
788
780
776
782
796
792
786
778
784
782
782
794
800
798
816
814
812
814
794
786
782
790
802
792
784
770
762
760
784
780
774
774
760
758
766
760
768
762
746
764
784
790
794
788
778
780
768
750
754
752
740
738
740
730
726
732
722
730
746
754
752
764
764
764
772
766
766
772
790
786
782
768
770
768
770
778
774
762
770
774
782
774
762
772
776
772
764
766
766
772
776
764
758
772
782
788
784
782
782
788
798
794
792
784
788
790
784
780
770
772
786
784
782
772
782
784
782
778
780
780
772
772
784
776
772
766
770
778
778
766
760
766
768
770
764
758
760
760
768
762
752
742
746
742
748
754
748
746
754
770
758
762
748
758
762
758
758
748
740
738
738
736
736
740
738
732
744
744
734
724
708
682
674
662
662
666
680
684
684
710
754
816
826
800
812
848
844
836
830
798
808
812
806
810
798
780
786
780
784
794
786
778
766
770
766
768
764
760
754
764
766
782
770
766
758
764
766
780
772
756
750
758
760
764
768
764
758
762
760
764
762
748
740
728
736
738
750
746
772
794
822
814
800
792
790
782
788
806
818
808
800
808
810
802
798
798
802
798
800
818
828
816
824
814
796
784
778
786
798
814
814
806
792
790
794
794
790
792
792
800
796
812
808
794
774
766
740
722
706
694
682
678
686
682
690
734
770
800
808
784
774
814
822
832
812
790
770
790
796
800
804
790
794
780
792
802
798
798
792
776
788
790
800
798
794
780
798
808
824
832
808
804
816
828
834
820
810
830
830
830
834
816
798
808
806
814
812
812
802
792
806
816
806
800
788
784
794
804
808
804
794
792
800
810
814
802
782
788
790
802
800
798
790
796
800
796
794
780
772
790
794
786
790
778
772
782
780
786
782
782
782
794
780
776
782
776
768
770
770
776
794
784
778
778
776
790
800
804
792
774
768
762
762
756
746
732
730
740
744
752
746
744
748
780
782
770
768
760
752
774
782
784
780
764
764
772
778
774
774
760
752
768
764
770
764
744
736
742
746
754
752
732
726
724
742
774
786
790
786
802
816
820
812
792
776
756
738
750
764
776
808
794
786
774
792
818
826
830
816
802
808
820
818
826
822
816
818
822
826
822
804
800
808
818
812
810
794
788
796
796
798
796
782
786
798
812
806
798
794
802
810
798
784
778
760
766
776
784
782
774
792
806
806
800
794
802
806
800
790
784
770
778
782
786
782
780
758
774
784
792
782
778
766
774
788
790
782
780
804
790
784
776
768
776
786
792
782
776
774
778
780
788
772
762
766
768
772
778
774
774
774
776
790
800
792
788
776
778
792
800
790
782
748
748
756
774
770
758
766
804
814
810
790
770
760
772
766
748
742
740
722
720
724
724
746
740
752
752
782
788
794
780
776
792
834
824
816
806
798
812
822
818
810
794
810
818
810
810
812
792
790
798
812
814
806
792
806
814
828
846
822
812
804
812
828
828
808
804
808
810
820
814
806
792
790
796
802
788
780
792
804
812
820
806
796
778
780
784
768
770
758
746
752
752
754
752
738
720
702
686
674
674
678
672
672
674
684
700
706
720
740
762
762
766
752
748
748
752
756
758
758
756
740
754
770
774
762
752
740
744
754
746
756
758
742
728
740
738
762
766
770
746
742
736
744
756
746
766
778
770
784
802
814
802
792
770
788
788
790
778
774
774
784
784
800
790
786
768
772
772
780
772
764
766
774
784
786
782
766
774
784
780
794
780
772
782
800
804
798
792
782
798
794
798
802
784
780
778
780
798
810
798
784
798
802
802
796
784
778
778
782
784
776
768
756
766
778
786
774
768
744
730
738
746
754
748
746
746
754
768
774
770
764
740
754
756
756
764
756
750
750
758
754
754
744
738
744
758
756
752
758
746
736
748
768
776
786
780
778
766
770
784
788
782
794
796
790
782
780
784
790
794
780
774
792
806
832
826
820
814
830
852
842
828
816
812
822
834
822
808
806
804
814
820
824
816
796
812
824
814
812
796
790
806
808
814
804
784
784
792
792
792
776
748
730
732
730
734
740
744
776
810
820
812
808
782
802
800
806
812
804
798
794
798
804
798
780
784
780
776
764
770
752
750
752
750
758
782
786
794
820
814
804
808
788
794
786
810
792
790
778
802
818
808
798
782
806
798
804
798
784
802
856
854
812
790
770
786
792
804
788
758
738
726
712
682
670
670
682
706
716
710
706
704
706
706
724
732
728
726
728
750
760
766
768
752
746
754
778
772
766
764
748
738
752
762
764
772
760
738
740
748
756
768
760
760
760
776
780
784
780
770
752
758
756
758
766
770
764
752
766
798
810
810
808
792
808
826
830
844
820
816
832
830
818
814
806
808
806
806
806
800
806
824
836
820
822
824
838
836
816
808
822
826
830
812
810
826
828
822
806
796
806
808
808
808
798
792
804
814
826
810
798
808
804
810
788
798
788
786
778
780
794
784
778
792
798
802
786
778
792
794
792
788
772
770
760
766
766
774
770
782
788
792
786
780
756
762
764
762
758
752
736
736
738
738
730
734
734
752
764
772
770
764
768
772
774
780
772
756
760
762
760
760
762
762
780
790
790
782
786
802
800
802
798
800
812
812
804
778
766
766
760
746
736
734
738
760
782
786
788
776
784
796
802
814
800
796
806
802
790
778
778
778
772
772
774
792
806
798
796
806
824
826
822
812
796
788
802
812
824
808
800
798
808
822
824
814
798
800
804
820
824
818
806
818
812
804
796
786
778
776
764
760
778
804
816
808
806
796
812
804
782
776
778
782
784
778
780
794
794
792
768
740
748
752
766
788
780
784
824
840
820
808
796
806
802
790
772
768
776
796
786
786
780
802
788
790
802
806
814
814
816
812
808
812
810
792
774
770
758
748
734
728
726
730
728
730
746
734
734
730
734
736
754
750
746
742
746
758
780
760
750
752
746
746
740
726
718
728
724
736
724
714
714
718
714
722
714
708
702
706
734
742
738
738
760
788
804
788
776
766
770
770
776
772
772
760
762
766
764
778
768
762
774
784
792
784
770
758
750
760
762
770
768
758
752
768
766
772
770
744
750
756
772
776
774
774
776
788
772
756
750
756
754
758
754
752
774
788
796
800
780
776
778
774
780
776
778
768
752
768
768
770
776
770
760
768
782
782
786
780
766
772
774
770
774
764
754
764
772
774
788
774
762
766
778
774
776
776
774
774
762
766
782
790
774
764
772
776
770
758
772
782
796
786
786
780
788
804
812
800
788
788
792
790
790
786
770
768
778
788
782
786
808
812
822
794
790
788
788
788
788
774
768
776
794
800
804
780
778
778
780
770
768
756
764
760
772
776
784
782
792
802
830
822
810
798
796
808
812
804
800
796
790
798
814
812
808
798
784
802
808
802
808
794
784
792
796
798
800
778
764
792
798
802
796
788
776
786
794
796
788
776
796
800
816
818
800
796
800
798
790
780
762
756
756
762
768
780
768
758
768
782
788
780
764
754
766
774
776
784
754
740
720
706
700
692
680
672
676
690
720
742
732
740
746
756
756
754
734
724
714
704
688
676
666
664
680
686
676
680
682
682
676
670
654
646
632
624
620
604
606
594
582
580
578
568
566
560
566
562
562
576
578
584
584
586
586
588
588
596
616
644
668
688
724
806
842
834
816
802
842
874
888
882
878
872
822
812
846
874
888
836
826
852
874
832
816
838
850
844
818
816
832
838
808
804
822
834
848
826
820
836
848
832
816
828
842
848
840
812
806
830
850
840
816
816
830
842
832
804
804
824
842
850
826
810
818
832
844
814
804
820
828
832
814
794
808
814
818
812
794
782
796
800
798
794
796
806
814
802
784
792
796
812
806
790
796
812
824
826
800
774
766
776
786
808
794
790
788
812
826
828
820
800
790
802
808
812
798
788
786
808
812
786
764
748
744
750
740
746
766
788
806
822
792
782
814
832
842
830
806
786
792
812
838
846
808
804
790
806
812
812
814
788
764
764
766
768
764
762
784
822
842
852
822
800
812
820
828
820
792
788
810
816
818
788
772
776
794
782
766
758
768
764
766
762
766
782
808
816
810
774
764
780
820
804
822
782
764
758
788
846
876
814
786
782
800
826
800
778
752
756
764
744
726
750
768
768
750
766
814
820
810
778
766
812
844
838
832
800
782
796
804
812
804
784
750
760
770
770
752
742
768
804
798
816
778
774
806
850
854
868
836
804
792
804
802
808
804
778
766
802
810
822
796
776
778
784
732
716
720
724
726
740
740
728
726
718
698
698
688
692
694
684
678
686
680
674
662
650
646
632
636
628
628
630
628
626
624
624
624
624
630
630
632
632
634
636
624
620
620
594
612
616
634
634
628
640
632
628
626
620
614
612
622
634
642
644
652
688
710
764
754
752
866
910
856
870
860
820
812
830
856
856
826
810
844
866
858
830
806
814
826
840
812
800
830
846
854
844
816
804
836
846
854
858
820
802
818
808
798
778
784
800
828
840
806
790
826
834
828
826
798
816
832
840
834
818
804
820
814
812
822
784
778
788
806
806
776
792
818
826
798
804
820
828
828
804
808
822
836
844
840
826
804
804
808
806
786
788
818
828
832
808
800
826
828
830
814
794
820
822
824
820
852
854
852
814
796
788
794
798
782
778
798
794
764
778
768
758
762
766
784
808
778
790
860
842
822
810
774
778
794
822
814
840
804
796
792
816
866
854
814
780
766
806
826
812
798
764
746
762
790
806
774
756
762
824
804
780
748
736
756
790
796
782
766
768
842
858
856
796
776
766
786
798
800
802
778
760
776
796
806
788
778
766
806
820
832
812
758
744
760
798
826
804
774
762
826
830
818
768
758
776
786
812
784
758
750
776
796
788
768
756
768
804
814
808
770
752
766
782
776
778
766
748
772
800
824
810
788
768
774
778
792
762
746
728
722
720
710
708
720
750
768
750
756
794
814
818
804
772
768
796
808
818
800
784
768
786
838
846
838
796
770
782
810
792
796
774
756
784
836
832
790
778
812
818
814
808
774
752
758
760
790
796
764
746
768
792
804
786
760
744
728
734
710
712
742
762
766
770
804
828
842
816
804
822
830
844
832
804
802
814
820
828
810
796
794
802
810
816
812
790
770
778
782
778
792
774
766
790
812
822
802
792
800
798
798
798
778
764
796
818
816
816
792
778
802
830
840
832
818
804
824
818
814
792
788
800
816
812
800
782
788
800
806
812
796
788
810
820
814
816
798
786
798
808
810
808
774
752
730
726
706
706
718
720
722
722
778
922
894
858
834
836
850
874
864
870
836
826
844
848
854
858
826
808
820
812
814
796
792
782
812
820
826
796
786
798
788
786
764
756
734
714
708
702
700
698
700
728
766
798
804
764
754
802
814
818
794
772
784
832
836
854
812
796
852
864
912
852
806
786
806
818
890
814
786
794
866
864
842
824
812
804
824
820
816
796
782
804
812
808
800
786
782
814
830
830
806
792
804
804
804
786
790
804
824
830
832
804
788
810
808
828
826
802
788
812
822
824
810
794
794
804
824
822
808
784
774
776
790
790
790
768
750
764
766
778
770
748
738
732
720
698
694
684
692
700
714
708
724
764
810
844
836
812
792
780
796
836
838
846
802
786
850
870
850
842
812
796
830
836
836
826
798
790
802
812
816
824
794
796
804
812
838
832
800
792
816
830
832
794
786
810
804
794
772
768
758
730
716
704
718
752
802
758
776
868
900
858
862
828
826
840
848
856
848
820
816
830
834
836
826
812
800
826
840
846
838
810
802
822
830
844
844
808
808
828
834
