844
868
862
830
792
784
802
788
792
742
762
750
748
738
718
728
728
744
780
768
778
778
778
738
790
872
916
896
824
784
776
794
760
726
722
740
722
718
728
828
848
882
810
790
746
704
732
830
980
892
950
940
930
854
744
806
912
928
896
864
862
872
862
818
850
894
904
860
864
876
882
838
808
868
902
914
910
858
818
846
852
854
828
798
818
790
836
872
888
872
852
846
806
760
768
704
794
788
872
942
898
852
806
834
850
822
824
820
894
936
922
918
902
898
908
876
866
874
844
798
844
858
926
924
948
932
862
840
818
786
764
782
796
870
894
830
836
784
792
754
756
760
786
826
868
862
836
830
820
788
814
810
832
820
816
810
872
864
820
840
836
830
922
864
806
846
876
900
868
868
886
872
838
866
890
838
846
856
844
778
766
828
920
982
962
886
912
918
906
832
844
860
838
888
926
892
856
816
848
832
892
884
864
860
814
846
814
824
826
856
950
966
916
992
940
872
902
888
830
816
838
878
850
882
976
938
902
912
912
882
912
972
874
896
890
826
810
796
808
846
844
854
864
870
940
946
908
840
848
840
844
838
838
882
932
914
886
898
864
820
852
840
834
848
860
896
844
864
886
804
818
826
828
822
904
904
870
872
886
846
838
794
772
770
782
856
852
898
922
888
904
904
810
780
760
754
762
758
816
984
944
904
962
978
984
976
918
926
946
912
904
910
880
872
828
866
874
866
866
916
900
896
884
868
882
876
870
882
876
890
870
878
912
906
878
880
886
892
844
846
876
954
924
916
916
930
936
942
966
952
912
938
892
896
928
924
922
914
920
882
904
904
950
996
1016
1020
990
936
874
814
784
792
788
788
818
816
808
810
744
738
778
912
842
882
954
940
926
922
872
822
828
842
846
864
904
934
992
936
964
960
890
902
890
862
876
900
912
902
924
914
882
870
834
816
830
832
832
826
850
860
844
864
858
818
794
756
714
750
780
808
876
890
856
818
854
860
848
806
896
974
940
882
842
778
740
824
890
992
1008
876
896
922
944
922
886
940
994
996
968
950
922
938
942
942
948
954
930
868
806
846
802
724
836
922
1002
966
942
972
978
968
940
972
954
972
956
962
944
958
960
996
976
948
870
854
912
942
934
936
952
952
948
944
940
948
938
932
882
908
920
944
904
828
862
864
818
870
926
896
866
892
880
868
834
848
854
858
848
870
892
854
820
858
886
872
870
872
912
940
908
846
876
874
890
868
898
972
964
930
860
908
928
902
848
894
920
886
848
868
886
914
880
892
1012
966
900
932
928
940
878
908
902
894
886
922
942
890
836
910
918
882
890
926
976
908
888
914
932
912
856
906
960
1022
962
896
916
922
930
862
868
938
968
920
844
852
870
926
896
894
940
1006
998
940
920
948
930
928
912
952
974
922
856
942
918
890
852
920
958
910
886
898
890
858
810
852
868
872
862
954
984
920
884
914
904
870
868
890
886
874
858
896
934
886
878
894
896
880
844
894
956
886
882
916
966
934
898
906
934
982
902
874
910
920
904
852
912
940
940
898
830
864
916
858
876
858
822
798
766
782
768
730
734
830
1048
906
942
1034
968
956
974
976
968
958
988
992
1002
980
960
986
974
974
940
970
916
948
938
874
858
912
1006
940
920
956
1010
950
862
900
952
932
902
926
972
1002
920
834
898
946
1004
950
910
944
936
862
834
878
902
886
876
878
918
918
890
850
904
982
900
836
882
898
886
862
870
900
954
898
910
950
990
944
890
928
932
938
936
918
974
1014
970
908
948
934
928
842
900
984
968
924
850
920
970
968
910
908
932
898
840
862
924
1018
926
890
948
956
924
858
914
932
906
918
906
910
898
910
976
1010
960
974
966
1022
978
880
956
954
906
828
896
978
952
896
946
1018
1004
988
946
970
978
908
832
890
936
920
858
890
920
974
908
840
902
902
936
896
908
934
970
910
856
918
984
962
914
892
940
980
930
872
890
918
918
902
888
978
1014
960
870
914
940
906
864
868
902
958
898
824
918
1000
970
880
852
804
718
834
808
1006
524
722
710
710
760
816
794
834
998
1010
962
942
1014
1008
980
916
982
1040
1000
938
980
984
1034
1008
936
980
978
966
956
894
932
956
918
924
940
964
934
948
894
822
820
802
762
772
792
858
1024
894
800
840
848
824
886
1026
988
908
1002
1032
1022
990
964
996
980
964
956
994
1016
982
950
946
962
966
892
826
924
970
974
932
944
1006
1004
966
880
818
934
962
910
848
974
1000
990
892
822
902
954
902
840
958
1056
944
928
956
902
826
986
966
892
854
966
1044
958
890
944
980
880
830
932
1016
986
918
922
1026
978
914
838
1002
984
950
856
846
956
952
826
802
1030
1088
972
912
936
982
976
866
938
1008
1006
930
844
916
1032
1008
910
906
966
1018
928
866
920
964
936
856
852
948
1042
938
868
948
1016
980
896
930
982
976
908
854
888
920
928
882
908
960
884
838
888
910
852
818
888
920
876
866
922
958
948
880
908
994
994
934
872
934
988
986
894
924
972
948
900
884
962
972
922
864
910
938
962
854
830
902
1056
1022
950
904
990
1012
958
898
960
1016
1006
916
898
952
954
876
804
914
1010
1044
956
922
1002
1036
948
952
976
960
864
880
972
982
910
850
976
1020
966
928
980
1002
998
938
896
996
1056
1002
942
1026
1042
996
916
1016
1034
1004
970
906
930
1018
1032
944
892
962
1002
964
938
886
1006
1034
978
900
896
898
844
796
944
1122
1012
908
988
1032
1006
932
972
1014
1008
950
944
1026
1020
998
942
892
992
1006
928
940
1004
1008
942
920
1018
1034
974
932
1002
1050
1018
948
960
1010
978
878
844
986
1066
936
880
1006
1092
1024
924
960
1018
992
890
912
1020
1012
914
926
998
1000
914
918
1006
1022
958
932
998
1004
946
898
924
1026
1024
948
882
976
1024
968
888
938
1034
1008
910
880
986
986
940
838
870
984
1010
896
878
1004
992
894
844
992
1030
976
900
954
986
956
886
976
1028
1016
980
910
916
980
1012
950
912
1004
1022
910
860
976
1016
914
898
988
974
884
904
1012
1000
932
920
1026
1018
936
918
1022
1010
922
880
986
1016
964
886
882
990
992
922
914
974
996
916
954
982
912
946
1072
1046
976
906
1004
1046
1012
934
968
1030
1022
936
950
1014
1006
902
864
1012
1004
940
900
1010
1032
986
908
950
1032
990
890
916
1002
1010
916
984
1032
1018
948
956
1036
1018
954
882
976
1026
960
878
996
1040
962
910
1012
1080
952
848
942
1082
1024
916
1000
1084
1000
906
1000
1016
940
896
1022
1012
940
940
1046
1018
982
908
962
1050
1020
928
888
1008
1010
912
880
1030
1056
964
926
1038
1022
928
910
1028
1008
896
838
1000
1092
988
884
958
1032
990
922
930
986
972
868
888
1058
982
928
1058
1086
962
962
1048
1040
930
964
1046
1010
916
906
1026
1022
916
878
1028
1048
960
956
1032
1020
926
896
1052
1062
974
924
1056
1058
970
900
1018
1056
1060
924
938
1076
1058
960
884
1004
1042
940
942
1098
1084
982
892
988
1008
938
878
952
1002
956
930
1006
1072
988
910
974
992
936
896
1018
1064
1000
934
924
1038
1050
948
926
1024
1044
954
938
1032
1036
940
890
1018
1062
1014
944
976
1024
982
898
970
1048
1006
934
986
1030
956
898
962
1026
978
910
990
1020
968
886
934
1002
1008
932
918
1020
1006
918
920
1010
1026
914
902
986
1006
924
874
1002
1006
952
914
1022
1056
974
902
976
1030
954
936
1034
1058
966
922
1014
1032
950
902
968
1018
946
878
984
1022
946
884
976
1058
948
900
990
1050
942
898
1026
1018
922
930
1010
1020
928
918
1016
1028
938
888
1016
1018
950
874
976
1002
926
886
986
1000
942
854
950
1032
970
882
922
1016
944
876
938
1050
992
904
906
998
1018
928
908
1012
1010
916
912
998
994
892
886
986
978
918
944
1014
984
894
916
1008
974
874
894
998
982
886
866
1004
1010
912
924
998
1024
942
924
996
1022
942
898
1012
1008
938
878
984
982
886
856
966
1080
948
934
1002
1028
984
892
740
756
792
840
746
726
712
734
704
696
678
694
740
948
932
892
954
978
940
866
934
978
932
832
936
994
944
898
958
990
1070
1038
1018
928
966
950
810
740
762
798
824
894
1026
932
870
914
878
842
892
838
820
900
802
804
908
986
948
918
960
960
884
948
890
806
834
914
862
868
988
946
866
888
936
916
858
914
936
904
906
928
950
904
860
890
884
838
932
968
956
882
924
950
906
842
878
912
876
810
884
966
926
868
906
932
882
816
822
848
854
764
742
734
708
694
710
718
772
886
948
922
944
950
882
800
858
904
904
888
1016
1004
996
918
960
958
896
844
920
978
890
876
932
916
850
898
934
854
848
910
874
840
948
962
902
920
966
920
846
926
952
928
836
904
952
928
858
930
952
898
822
894
968
944
866
900
966
932
856
894
946
964
898
830
916
986
966
914
910
952
926
828
886
936
918
866
936
984
952
888
928
954
944
864
838
910
916
844
930
1008
960
908
986
1012
928
870
932
954
956
872
904
962
948
886
898
946
942
874
908
960
930
892
900
958
934
860
864
942
952
928
858
832
910
962
932
918
1006
1032
962
886
918
970
956
892
848
884
938
884
794
864
932
916
850
930
832
756
784
616
684
652
656
716
858
942
886
938
976
972
920
968
994
972
908
972
968
962
894
942
998
984
924
942
984
968
896
886
914
876
972
1014
954
888
976
982
952
898
962
1004
916
820
910
1004
1002
914
984
1012
952
884
994
988
942
920
982
978
914
932
1014
972
922
926
980
984
940
882
942
948
960
902
878
1026
1020
964
898
968
990
914
846
1002
1008
948
876
984
994
926
854
924
978
936
900
938
1002
958
868
912
988
976
898
978
1050
1012
922
994
1028
972
892
938
972
968
904
906
958
932
882
880
942
974
908
938
1002
1018
950
894
946
994
1006
948
920
1004
1054
990
926
982
1000
990
928
938
1000
1000
930
890
964
974
912
868
956
994
918
930
988
1008
938
922
980
1010
924
866
946
994
982
910
984
1030
958
924
1000
1012
930
882
930
954
874
854
938
944
866
914
994
942
872
976
1006
966
912
962
1008
988
934
1014
1038
1010
950
976
996
970
890
910
996
1032
1022
948
974
1026
1092
990
910
1008
1048
974
906
1002
1022
938
912
1006
1030
984
910
974
1004
970
888
1016
1030
996
926
1002
1048
1022
954
1002
1016
1012
954
894
1026
1054
994
954
1018
1038
990
908
1012
1064
994
938
1016
1064
1014
914
986
990
918
822
954
1028
908
880
990
1036
946
934
1058
1058
960
998
1048
1014
1006
974
1014
1010
1040
1030
1012
960
1020
1104
1076
1062
1040
1010
946
950
1004
1018
966
944
994
1012
950
958
1022
1026
956
966
998
1006
930
986
1036
1016
970
902
926
956
966
906
884
974
1032
986
940
1006
1032
998
932
988
994
976
904
920
970
984
918
938
984
966
908
938
1006
1012
948
966
1042
1030
950
988
1046
1046
992
950
1014
1034
976
916
986
1042
980
904
978
1016
958
942
1022
1022
964
926
1008
1008
930
894
966
1012
914
882
950
1020
958
884
962
984
910
854
924
1012
986
900
956
984
968
902
948
1002
988
902
918
992
1024
948
892
994
1028
982
914
948
1016
972
898
926
990
1000
928
862
944
986
948
886
926
1006
974
908
932
1004
1028
946
948
1018
994
902
892
956
1012
906
882
978
962
876
908
996
1006
908
888
936
966
914
956
1024
1006
928
954
980
926
870
950
1006
942
894
982
1020
952
896
958
1010
942
926
1046
1042
988
908
988
1034
932
864
964
1018
1010
904
974
1006
966
872
952
1038
974
886
958
1018
1012
952
962
990
958
894
982
1016
982
890
922
990
948
872
984
1022
956
864
940
1010
964
904
942
1000
982
892
942
998
968
878
948
1076
996
932
940
946
886
836
1012
1046
926
992
1044
996
976
1020
1018
958
872
978
1004
942
914
976
1010
936
884
1006
1010
932
934
994
1000
948
948
1002
972
948
1022
1034
958
876
986
1008
924
994
1048
1020
1004
938
962
1064
1002
958
978
1012
1040
980
890
1034
1078
1010
926
978
1032
1010
940
958
1018
986
924
974
1036
976
892
876
980
1010
962
880
902
1028
1008
936
970
1056
1054
968
996
1034
1026
926
958
1036
984
872
988
1052
968
892
1000
1028
924
892
1046
996
900
976
1054
990
890
940
1016
972
838
868
1034
972
870
954
1048
980
904
970
986
966
872
882
1084
1080
930
952
1018
994
892
984
1066
996
966
1018
992
868
882
1066
1028
936
878
1044
1056
950
908
960
1004
924
946
1128
1048
956
990
1028
1008
936
936
1072
1030
922
1036
1076
1010
886
1004
1078
988
962
1088
1084
978
950
1044
1016
956
922
1064
1066
986
964
1088
1094
1024
978
1050
1036
964
1030
1096
1054
954
1008
1066
1018
932
996
1072
1032
948
986
1032
998
912
962
1046
982
884
1002
1054
962
964
956
1008
970
874
952
1104
1026
922
1036
1060
972
894
1034
1058
950
886
1018
1114
988
932
1022
1050
960
1040
1106
1032
1032
864
780
716
692
712
704
700
698
738
736
824
1016
940
888
988
1002
922
928
972
988
900
1044
1090
1024
944
1040
1090
1044
960
916
960
1022
940
976
1128
1092
1004
1090
1106
1040
1034
1044
1038
982
1056
1138
1090
1000
1072
1058
1020
1026
1086
1076
1042
988
1090
1118
1108
1046
1106
1136
1114
1032
1054
1108
1072
980
1008
1086
1052
988
1034
1098
1088
1022
1060
1060
1012
940
998
1042
1000
972
1048
1050
998
1006
1054
1052
996
1004
1046
1014
946
1012
1046
1018
954
1014
1004
942
844
750
778
868
982
820
858
894
834
932
886
854
908
1010
976
922
1038
1062
978
974
1062
1056
970
918
908
966
918
930
1046
1050
978
1028
1082
1160
1058
1038
1046
970
882
858
852
862
858
1138
1076
1052
1096
1056
978
1000
1028
1028
948
958
1006
1004
980
946
1012
986
920
998
1048
1026
956
940
1014
1030
944
922
1042
1028
946
870
998
1042
970
886
952
998
958
874
952
1064
996
916
942
990
980
900
1066
1132
1036
980
1064
1044
964
938
996
1054
974
938
990
1036
998
1044
1114
1094
1010
1018
1040
1016
936
950
986
1016
1032
1020
958
962
1016
1070
1018
990
1038
1058
1002
980
1012
1004
946
914
984
1028
974
968
1040
1040
994
934
978
1002
996
914
980
1010
1018
964
944
992
1026
970
930
1008
1040
990
936
994
1026
1012
950
990
1022
964
908
982
1006
960
902
990
1016
994
942
976
1038
1060
984
928
1002
1008
936
896
992
1032
972
916
976
1010
954
878
922
952
930
878
946
1012
944
890
948
946
878
860
940
962
876
890
948
906
892
990
1044
984
946
1002
1024
948
878
922
970
960
900
916
988
976
918
940
1004
1056
988
910
990
1024
1022
948
952
1036
1058
1002
1008
1024
1016
954
878
996
1044
1032
942
912
994
1022
924
956
1008
1008
962
894
984
1034
1004
930
1004
1012
994
940
952
970
990
938
904
986
1000
916
874
970
996
950
902
980
1026
990
932
1002
1016
948
902
978
998
980
920
962
1006
1018
948
912
1016
1048
990
942
984
992
918
898
1048
1080
1002
918
980
998
938
906
1018
1040
954
940
1008
1038
968
916
998
1020
952
898
990
1020
958
888
902
1012
998
912
872
974
1042
962
910
1030
1054
980
906
1012
1058
1000
918
992
1034
984
870
938
1014
956
870
992
1022
950
876
956
970
906
890
1032
1016
958
962
1024
1006
888
944
1084
1040
966
978
1088
1070
990
944
970
970
936
910
794
854
1048
950
906
1048
1076
992
1022
1042
1014
948
922
944
968
914
962
1062
1048
982
1024
1058
1080
1032
982
962
1008
996
934
978
1112
1078
976
974
1058
1052
978
992
1044
1036
958
982
1010
954
914
1020
1034
982
912
984
1030
1002
946
994
1028
1002
922
1002
1038
966
908
1016
1028
968
944
1026
1022
934
924
1002
1016
960
964
1024
1016
936
946
1020
1024
952
924
1026
1056
980
952
1012
1036
970
952
1008
1024
956
906
962
1054
1050
1024
1046
1028
956
946
1010
1040
966
1050
1102
1012
978
1048
1018
948
1000
1026
1006
942
954
1020
1040
960
948
1038
1024
1000
922
1044
1010
1090
1076
1038
980
916
920
1048
1034
876
828
760
736
728
718
824
924
956
1104
1030
1030
1082
1086
1024
970
988
996
958
978
1136
1112
1066
1004
1100
1128
1096
992
970
1054
1070
1020
1000
1116
1094
1000
1022
1048
1024
956
1002
1052
1020
958
986
1028
990
938
986
1020
998
936
944
1038
1044
962
930
1066
1062
1000
1026
1074
1016
898
892
976
972
922
992
1078
1060
984
1018
1050
1032
1000
1024
1044
1040
1008
998
1034
1040
1000
896
1022
1068
1026
1006
1074
1042
976
1068
1086
1028
1058
1094
1076
1020
924
984
1032
1046
1060
1132
1090
984
1002
1104
1050
970
1060
1076
1042
982
1040
1046
1012
960
1014
1024
998
956
968
992
992
978
920
1018
1056
1046
992
1054
1068
1024
980
978
1010
978
908
1020
1094
1042
990
1004
998
1000
1016
1116
1128
1050
1030
1066
1056
976
1010
1054
1000
918
966
1030
1006
930
948
1056
1004
994
998
964
978
946
1048
1094
1012
1024
1098
1038
988
950
1048
1046
986
984
1090
1034
972
970
1010
988
950
1046
1038
996
928
1028
1056
1004
944
1026
1060
992
906
1002
1068
1046
986
1064
1054
994
996
1022
972
878
924
1054
1016
944
1020
1058
1066
1000
1034
1048
1044
984
914
1058
1082
1000
946
1082
1070
1008
942
1006
1038
988
948
1056
1070
1024
966
1020
1050
962
956
1036
1060
974
982
1078
1050
1004
954
1006
1016
960
1012
1114
1060
984
1020
1042
1028
956
996
1038
1040
994
1060
1076
1062
996
976
1028
1052
1014
968
1048
1068
1020
950
902
984
1066
1026
964
988
1058
1040
974
974
1002
1026
1000
926
996
1038
1030
1012
1048
1036
1016
958
1036
1074
1018
962
1014
1048
1006
950
1016
1054
1026
942
988
1030
1026
964
958
1004
1000
956
934
980
992
952
950
1010
1036
982
972
1010
1000
960
942
1014
1046
1002
948
992
1036
992
956
1026
1044
992
938
1016
1018
966
966
988
974
904
970
1006
1020
970
958
1032
1010
1000
932
908
1014
1058
1008
980
1072
1060
974
990
1000
972
936
932
978
978
922
948
1030
1008
950
878
952
982
958
888
992
1010
956
894
980
1016
940
902
1036
1024
980
974
1038
1032
994
910
928
1006
1054
962
926
1028
1060
1012
938
1048
1084
1052
968
1008
1018
966
890
1046
1048
1004
970
916
890
1020
1070
992
992
1090
1036
940
922
1006
996
906
890
990
1016
918
916
1020
1040
962
902
972
1012
974
892
990
1066
996
926
982
1062
1022
946
1010
1074
