706
708
748
726
774
804
824
792
806
818
744
764
750
726
738
740
724
744
744
740
742
778
758
770
720
694
678
660
662
678
674
720
768
816
802
842
852
820
850
844
816
800
780
772
772
772
758
778
756
770
750
736
738
748
736
728
742
740
732
734
734
742
702
686
666
660
654
632
612
598
594
592
604
604
668
748
748
782
752
788
772
760
780
766
730
756
752
764
818
826
810
816
782
774
772
768
782
766
784
780
750
762
742
744
754
766
778
768
788
794
790
768
730
710
714
708
696
718
708
742
788
810
794
800
806
764
770
762
766
764
730
698
694
674
660
638
642
644
652
720
720
720
722
722
712
704
670
658
662
650
708
728
738
782
794
766
804
796
778
802
778
770
754
754
802
790
820
824
816
812
780
754
730
732
720
700
720
722
794
760
778
802
784
760
776
766
754
792
792
834
800
788
794
782
802
794
802
788
770
794
782
802
800
842
854
830
834
830
816
768
746
718
702
708
692
688
700
686
710
736
748
770
756
764
794
796
782
804
808
810
778
776
780
732
750
746
746
720
746
750
826
814
854
850
842
846
814
796
770
772
760
738
752
818
846
832
860
850
844
824
824
794
800
810
792
808
798
790
784
806
802
800
754
758
746
752
748
762
776
816
782
776
732
768
762
752
782
788
826
852
878
874
872
868
870
872
842
840
858
816
828
846
798
812
776
756
728
730
712
736
732
770
744
770
780
792
788
758
764
762
762
758
790
810
802
788
724
702
688
694
708
720
772
798
826
872
866
866
850
858
804
804
810
788
762
790
780
756
718
694
668
632
632
630
636
690
768
798
832
840
820
824
850
836
770
774
788
780
732
752
768
746
748
812
824
804
820
810
798
784
774
774
750
762
750
776
774
804
806
800
796
794
780
772
782
786
786
806
802
826
814
796
782
796
768
788
776
800
812
816
794
812
804
812
790
782
780
776
770
800
774
808
814
792
828
852
828
808
768
760
752
730
718
728
714
756
750
796
838
856
822
854
870
852
836
800
790
810
766
774
774
772
766
822
822
804
822
810
818
804
798
762
772
764
740
768
764
762
760
772
760
796
818
832
800
768
746
716
674
670
658
636
624
608
612
594
588
588
582
582
566
572
562
564
554
550
546
554
556
580
598
660
704
738
694
726
720
694
678
674
660
650
672
644
646
774
784
788
788
774
758
740
726
696
666
656
644
636
642
640
634
634
642
626
626
640
624
656
680
696
710
706
710
700
706
720
714
714
708
724
696
676
698
684
682
734
728
700
712
716
722
702
708
718
676
652
650
652
644
640
648
640
670
692
720
726
730
752
760
752
720
682
686
694
666
654
652
666
744
788
836
842
850
828
814
810
820
812
760
780
778
784
780
812
812
820
804
858
872
860
866
856
860
834
846
844
850
780
780
782
770
786
766
768
782
792
790
796
798
786
794
814
790
802
796
784
790
788
810
806
810
792
786
762
776
802
802
798
774
802
802
782
736
738
748
728
788
756
774
786
796
786
784
780
772
794
796
794
760
750
726
724
730
732
722
732
738
732
778
760
762
768
726
700
704
688
700
692
682
690
696
674
694
692
696
718
726
766
764
768
758
768
762
768
756
720
720
716
706
726
714
736
746
756
758
742
762
730
726
700
700
702
726
724
726
748
776
802
778
790
796
776
786
804
822
810
804
804
812
806
774
782
788
768
780
846
806
830
840
822
812
796
808
808
796
794
836
816
822
832
794
792
804
796
784
808
802
792
810
794
800
804
762
726
706
690
678
686
700
666
672
664
640
634
632
578
580
574
562
568
562
542
550
552
566
568
570
582
586
584
596
564
560
554
552
554
560
566
570
560
618
620
648
690
692
684
698
652
640
618
610
608
604
604
600
628
616
618
612
604
614
620
616
642
656
640
638
632
616
618
614
626
614
614
620
626
612
644
638
652
652
644
636
636
638
628
628
636
634
640
624
642
614
622
622
606
642
662
668
674
672
682
634
612
598
592
596
606
592
638
630
640
626
630
644
606
600
598
596
586
584
586
586
580
584
582
580
588
584
582
584
582
576
578
576
568
564
570
566
554
562
566
564
558
566
574
576
558
592
592
592
606
614
616
622
624
608
618
614
596
610
602
590
598
594
590
586
592
592
600
576
580
582
578
580
590
592
600
588
622
628
632
624
632
616
632
636
618
624
632
622
626
572
626
626
616
618
642
652
666
654
666
664
642
640
616
588
572
570
560
552
554
558
560
560
562
564
568
576
556
610
628
634
656
684
670
682
688
694
674
686
676
674
668
710
704
718
736
734
720
742
730
686
688
682
630
662
650
646
670
666
658
682
682
678
676
668
688
636
636
638
616
640
640
632
710
750
756
764
756
750
716
702
684
676
668
668
656
654
644
656
662
660
660
684
672
690
676
682
680
668
676
668
680
658
658
660
656
670
660
660
668
676
672
668
690
672
686
672
690
660
672
670
656
676
680
672
674
674
678
664
676
660
666
656
642
648
658
648
636
650
652
644
626
638
634
630
638
628
700
672
750
746
718
754
744
742
718
716
716
682
678
666
678
674
662
662
712
740
724
766
770
746
750
762
710
690
690
698
704
692
752
766
732
748
708
658
676
668
658
676
696
722
740
738
736
696
698
692
666
672
676
684
682
654
662
660
650
644
676
704
720
690
706
694
690
696
654
658
642
658
650
666
694
724
756
718
730
728
714
720
704
708
714
704
704
720
716
700
700
710
704
688
700
706
696
692
666
682
642
618
610
602
602
600
604
614
620
610
656
660
660
672
682
696
692
700
640
644
628
602
620
618
626
622
630
622
618
628
608
636
646
668
672
664
680
632
624
620
622
602
614
622
622
656
654
662
662
648
670
684
672
662
668
636
630
620
614
622
630
622
676
722
708
752
762
772
750
756
708
676
664
666
664
660
674
696
750
750
762
760
760
696
684
676
666
642
630
616
624
624
608
668
714
742
714
720
676
656
654
652
636
640
648
646
644
642
632
622
620
624
620
630
618
632
636
614
668
688
662
686
680
696
682
704
702
688
680
668
650
656
660
656
702
716
710
708
670
676
658
646
620
592
578
572
562
578
586
686
780
806
840
838
836
844
746
716
692
724
734
796
762
718
694
686
656
636
640
632
646
636
646
640
650
634
676
674
676
708
716
730
714
722
710
708
718
706
750
756
730
746
738
732
694
686
682
664
686
676
700
722
742
754
750
710
676
664
654
648
630
650
634
684
686
728
728
726
712
716
700
686
670
664
644
652
646
642
648
644
638
664
672
672
660
688
692
704
700
678
674
678
666
662
648
640
636
630
622
666
678
708
724
714
730
724
726
674
670
662
650
650
648
694
692
742
766
774
748
762
758
748
712
700
636
642
638
628
632
620
628
626
620
670
692
712
718
718
704
710
676
670
656
638
618
610
588
576
564
554
544
534
518
516
512
504
498
504
504
508
644
824
876
928
932
950
936
942
956
940
924
916
858
848
830
756
798
746
752
700
730
688
684
672
662
674
676
682
664
670
652
642
650
638
644
644
634
632
636
622
680
700
754
760
740
714
720
686
686
690
678
694
680
700
718
722
714
754
750
750
712
742
694
684
666
668
678
682
674
670
680
682
706
718
712
714
704
708
718
700
718
720
692
708
712
704
674
690
684
706
614
646
632
634
642
644
654
652
638
664
650
664
636
632
634
634
640
630
656
662
636
660
640
648
642
628
652
624
626
636
638
636
626
632
630
616
644
636
628
648
614
606
610
614
612
620
622
630
630
626
622
622
626
598
582
568
562
556
566
550
596
622
674
738
786
810
808
808
816
748
720
700
670
664
666
652
650
650
644
626
618
642
620
648
650
654
656
650
666
626
622
614
616
630
638
684
688
720
712
706
718
688
678
658
652
650
648
652
638
646
634
638
658
674
674
684
676
678
674
676
674
682
656
630
630
634
638
630
630
632
630
632
636
630
632
620
604
588
578
574
580
588
584
574
616
636
656
644
650
664
632
626
650
634
646
652
646
638
634
622
614
628
604
610
604
606
610
614
618
616
608
608
606
608
614
606
598
638
666
676
706
720
710
710
716
692
668
666
646
638
628
620
622
612
644
654
650
672
672
662
666
668
662
674
684
688
690
690
682
690
648
636
630
628
640
688
788
820
796
798
748
760
744
706
716
704
696
686
696
692
680
690
694
680
678
674
666
668
666
654
656
656
648
660
662
658
650
646
646
650
634
634
636
642
622
660
654
666
680
690
690
702
706
658
634
604
588
584
564
566
576
572
622
682
756
798
780
806
806
784
766
712
688
690
672
686
668
676
678
680
666
698
700
688
690
656
646
638
640
646
652
658
646
680
674
662
684
636
638
638
632
628
624
630
630
642
644
714
702
706
694
712
682
664
650
644
638
644
638
646
638
684
670
690
698
694
684
650
620
622
630
630
674
734
790
774
830
816
820
802
780
736
736
760
752
736
740
752
720
724
682
678
666
664
668
654
670
662
664
668
656
676
692
692
690
678
690
660
644
626
636
632
632
634
642
636
648
652
642
642
636
630
630
662
670
672
668
686
712
720
730
712
720
716
710
710
722
738
758
756
772
780
760
760
772
728
710
716
712
710
720
726
718
710
704
702
684
686
686
744
728
738
736
734
714
702
688
702
702
680
664
668
674
676
658
702
708
716
740
744
720
728
738
718
730
722
736
720
730
734
714
718
716
702
696
692
694
674
698
682
710
704
688
708
676
684
676
682
668
708
714
698
706
692
688
674
622
602
592
586
586
596
592
670
730
740
778
766
770
692
668
656
642
646
632
644
610
596
580
566
558
548
536
526
514
508
508
506
490
482
484
498
514
836
784
536
912
942
954
992
1044
992
974
936
932
910
840
836
848
844
782
768
766
786
772
790
726
740
734
712
676
664
654
644
644
696
712
720
722
670
648
634
606
608
604
620
620
654
660
654
644
662
634
620
630
622
682
670
668
614
598
576
558
550
548
552
578
726
788
818
800
748
716
698
702
690
678
658
662
648
654
656
648
632
630
636
636
644
650
640
672
662
660
674
672
654
684
710
712
712
694
704
696
736
704
726
726
724
702
698
698
682
700
694
736
714
712
734
716
710
692
692
676
642
662
648
636
658
640
654
614
600
600
600
586
638
730
790
834
848
838
836
782
730
708
682
672
660
650
666
670
706
780
794
784
794
766
738
718
694
674
656
640
646
646
652
650
710
708
726
702
702
714
672
654
632
610
594
586
590
594
688
808
860
848
876
884
860
760
738
712
692
668
686
690
674
690
694
698
674
656
660
674
666
682
702
708
696
708
684
670
658
662
668
660
682
696
698
718
710
718
706
720
718
688
704
702
668
660
652
652
654
658
640
630
634
638
634
680
694
708
718
714
716
672
654
648
634
640
640
636
634
674
672
694
722
740
712
746
738
728
730
712
694
684
660
652
640
644
656
640
640
630
668
670
692
716
722
728
736
724
718
712
682
684
682
670
658
664
660
648
664
648
668
720
746
720
716
726
672
650
644
630
636
634
642
638
642
636
634
624
618
614
612
606
600
652
690
752
758
740
728
692
682
668
648
642
628
622
614
604
596
610
606
652
652
664
664
684
702
710
702
702
700
704
674
666
666
642
644
642
618
636
620
628
620
620
628
632
640
644
638
632
624
634
648
660
670
664
652
668
636
626
632
634
630
632
636
642
634
660
670
686
690
696
702
692
686
688
686
684
686
684
674
686
690
650
642
644
648
652
652
644
652
658
640
654
662
674
662
658
670
628
596
596
588
580
586
570
636
664
684
684
684
656
670
668
672
678
654
646
632
622
612
608
608
608
608
604
608
614
616
618
624
626
622
630
616
658
652
664
684
714
706
708
704
698
708
666
650
628
614
608
618
616
622
694
700
726
732
734
724
724
732
698
680
676
676
662
666
670
656
650
630
606
596
588
582
600
598
686
766
844
832
866
838
838
846
802
740
732
716
710
686
696
708
686
694
696
714
712
700
708
664
640
634
612
612
612
622
608
686
732
772
754
752
722
694
672
648
630
608
606
600
606
604
648
670
708
712
762
728
746
744
732
752
694
672
644
636
632
640
640
626
674
698
734
716
728
702
686
678
674
664
650
666
670
654
686
694
702
688
706
654
656
652
642
632
624
636
642
634
660
662
678
676
658
666
654
662
652
654
650
650
644
650
668
668
698
728
752
752
758
762
688
668
640
626
616
620
622
626
632
620
672
700
710
698
664
662
660
656
650
646
638
642
652
648
688
674
664
668
670
684
678
670
680
676
684
688
686
678
702
716
714
718
692
690
686
686
674
652
632
618
614
622
616
674
704
740
782
784
774
774
734
712
700
688
680
668
670
664
670
672
658
702
694
702
698
684
692
660
652
646
634
648
654
642
668
694
696
718
700
712
724
684
678
666
644
632
634
632
628
626
616
658
658
672
698
722
698
694
708
664
638
652
664
640
678
702
692
702
688
704
672
674
650
660
660
660
652
664
664
662
662
668
658
672
682
668
662
676
646
632
642
654
640
700
746
774
758
782
786
788
746
728
706
676
682
674
648
656
668
670
670
660
688
686
680
680
680
672
662
656
656
660
656
658
648
688
694
688
676
690
640
630
620
618
622
624
674
636
692
662
620
630
636
618
654
654
672
692
704
676
696
650
644
628
608
592
582
570
558
546
554
540
606
674
720
766
790
762
748
674
632
594
576
560
552
546
566
598
696
822
878
814
850
874
876
864
850
852
854
794
776
750
712
666
638
618
604
578
570
568
576
582
656
706
728
748
736
726
666
658
642
642
638
642
636
648
634
682
698
716
742
750
732
748
756
734
756
738
732
706
724
698
710
714
718
710
756
756
738
762
706
694
670
664
660
650
638
624
620
638
628
660
672
672
664
654
616
602
576
562
546
538
524
526
514
508
500
492
486
480
478
480
480
484
490
554
650
692
742
742
724
712
684
704
718
760
756
758
702
656
628
580
578
566
558
572
562
612
618
640
674
674
696
672
694
698
694
648
626
608
604
604
590
584
578
574
582
574
570
580
586
576
584
586
584
578
580
580
582
588
584
572
596
594
596
590
582
578
570
578
580
582
584
576
594
560
554
554
550
556
566
550
562
664
638
636
642
674
646
638
650
658
652
640
640
630
620
618
598
614
596
576
594
600
596
598
586
602
598
592
586
592
594
596
590
582
570
580
576
584
584
578
566
610
608
610
614
602
614
588
602
594
588
586
576
568
570
574
574
566
564
578
580
582
588
582
590
598
586
586
566
552
540
530
518
516
512
526
502
590
736
826
802
788
746
714
674
672
636
648
650
636
636
644
624
638
646
632
642
632
644
628
640
642
638
654
620
604
596
596
598
594
598
606
598
586
620
620
644
664
670
674
676
678
666
668
658
672
646
636
628
634
634
628
632
626
616
644
632
662
670
656
670
628
606
586
562
550
548
546
558
554
618
674
742
744
830
790
798
760
744
724
678
672
656
650
646
638
618
618
614
626
616
642
636
642
632
632
642
624
628
600
592
586
584
586
602
586
646
666
458
928
682
704
670
670
656
654
614
636
644
638
634
638
646
638
626
660
664
654
644
642
642
658
620
622
624
632
636
618
628
614
620
616
606
602
606
604
594
596
592
604
604
586
596
604
612
610
624
602
614
608
596
620
586
582
582
584
580
626
626
634
642
630
644
626
646
614
600
604
602
608
610
610
622
624
618
618
618
620
608
604
614
616
604
642
648
640
630
636
604
608
608
602
614
616
598
640
644
640
640
648
610
598
596
580
574
568
574
570
566
564
562
556
550
550
548
548
552
556
556
560
566
566
576
542
584
590
582
578
588
550
550
546
538
544
530
550
568
594
602
606
622
632
626
616
634
628
612
630
594
644
506
570
570
538
562
562
564
562
576
518
550
554
552
552
556
560
566
560
568
570
560
560
568
558
572
540
532
528
522
506
508
506
496
498
498
498
500
506
510
502
556
582
600
630
626
634
622
638
606
598
600
602
592
584
584
576
572
566
560
564
566
568
572
578
560
608
608
608
620
616
610
622
588
584
568
556
548
554
556
566
572
552
606
626
624
644
650
632
638
596
572
560
548
552
544
548
544
582
576
620
682
692
662
678
682
686
692
640
620
608
588
586
574
560
562
566
558
560
560
562
570
578
558
592
594
596
598
604
596
600
614
622
630
640
634
646
650
654
656
664
620
616
612
612
604
624
646
662
680
670
702
706
698
706
710
710
660
658
656
638
624
632
642
640
638
626
626
632
626
620
608
618
628
600
628
628
642
618
640
650
634
648
626
608
620
624
616
604
584
574
580
572
566
574
558
576
590
602
630
622
632
638
624
628
620
620
628
614
624
630
624
628
630
624
638
608
600
582
578
572
572
562
572
558
660
716
812
824
792
744
750
722
660
656
626
624
604
590
592
586
602
582
622
640
658
660
656
650
668
630
636
644
638
630
620
616
612
602
602
602
606
610
610
618
606
670
640
702
694
688
686
664
652
648
644
648
656
644
656
660
656
646
620
634
634
618
650
626
656
662
656
608
616
622
604
616
600
656
684
702
706
718
720
694
692
640
654
634
640
648
582
610
608
590
636
636
654
668
684
674
680
652
632
622
618
606
616
590
590
630
624
628
650
672
692
680
678
658
644
642
638
624
636
636
632
622
674
676
648
680
642
630
630
630
620
610
616
608
608
606
618
610
622
620
610
622
610
618
602
614
606
610
624
622
604
644
648
650
654
652
650
672
666
652
672
652
670
676
676
680
662
660
656
664
662
654
670
670
658
672
680
670
684
670
672
654
630
612
598
606
612
604
644
662
652
674
670
676
684
706
710
714
720
676
668
656
658
638
640
682
694
708
734
726
720
718
714
728
712
704
690
690
680
694
708
702
652
622
624
614
612
630
618
652
682
704
700
726
730
728
682
690
664
642
616
618
612
606
610
612
598
596
602
598
610
600
644
640
674
746
794
772
784
720
680
676
664
666
666
636
644
658
670
714
708
704
718
698
702
702
704
684
666
670
662
664
656
658
658
668
658
664
668
656
648
662
642
670
686
698
682
686
684
684
696
682
688
684
676
688
688
680
686
688
692
666
682
670
674
652
656
664
644
676
656
644
652
664
644
636
648
632
690
682
706
714
730
702
712
706
704
716
714
710
702
696
712
690
700
690
694
694
700
688
706
688
678
668
688
688
674
694
690
692
660
664
636
654
664
640
660
652
660
606
600
604
602
614
622
668
668
676
684
658
662
656
694
710
740
770
738
758
758
746
746
728
716
684
692
688
682
670
656
648
646
646
646
688
698
720
730
738
736
708
706
688
686
686
700
672
686
692
684
692
698
680
696
732
736
734
720
714
696
704
700
700
696
694
694
682
672
676
654
662
652
672
686
686
694
684
680
692
664
680
670
674
668
682
670
706
696
704
710
714
722
698
694
694
690
690
700
680
718
726
728
730
726
734
718
718
702
692
688
690
670
678
680
684
694
678
688
696
704
710
716
702
700
688
694
698
688
678
686
680
694
692
692
706
688
702
710
700
692
704
672
662
648
648
656
658
640
682
674
686
686
676
672
678
678
666
684
696
692
704
716
716
702
714
710
718
682
680
694
696
694
674
676
670
706
688
688
686
694
702
692
688
682
678
688
682
680
674
690
670
686
684
672
678
682
686
680
694
688
708
708
712
712
698
646
628
626
628
636
640
626
674
704
716
728
740
726
744
698
704
710
702
680
698
698
694
696
696
698
698
696
702
688
694
702
704
704
644
640
646
640
646
630
706
708
712
704
652
648
650
658
658
666
658
702
722
710
722
722
706
730
668
644
616
598
594
592
586
642
694
758
790
810
808
800
812
772
728
734
724
714
714
694
688
690
688
688
676
720
714
706
708
692
702
684
690
686
692
690
742
758
734
732
730
736
732
746
722
720
712
704
722
712
754
752
750
764
752
754
752
752
746
754
802
804
810
798
798
794
758
744
756
748
728
738
732
716
736
720
724
728
714
708
704
716
682
676
664
658
656
672
650
704
720
722
776
800
786
792
786
774
786
748
722
724
696
672
660
654
636
616
624
628
632
636
678
696
696
686
680
684
640
620
600
590
580
576
566
560
654
784
870
870
838
856
850
824
794
778
780
784
744
758
736
726
724
694
710
712
708
698
712
718
728
738
742
734
748
734
736
750
748
746
704
706
700
698
694
680
668
670
686
674
720
726
706
708
702
718
666
664
652
646
646
640
658
638
664
670
672
676
674
660
684
670
682
688
674
686
690
672
676
676
680
664
674
672
662
654
640
634
622
634
632
624
672
706
674
682
678
688
696
700
688
682
686
688
678
692
694
696
702
712
716
704
718
706
708
718
690
678
694
692
686
684
694
678
678
662
662
664
652
696
720
710
734
734
748
750
734
726
726
698
694
682
674
694
686
696
694
754
744
760
772
782
780
766
762
750
750
756
766
746
770
772
772
748
774
776
748
752
748
736
710
702
706
710
716
716
714
694
692
688
696
680
700
726
742
748
738
750
758
752
736
730
734
724
718
710
698
696
698
700
708
698
752
732
750
752
754
764
734
722
710
700
712
706
712
702
712
708
704
700
704
702
698
710
708
694
696
706
710
714
722
764
740
758
772
754
764
768
780
762
786
780
782
754
736
712
718
714
708
708
716
702
722
750
730
750
728
728
744
704
690
690
694
694
680
702
700
690
710
668
672
676
686
684
684
730
748
750
764
772
768
728
712
690
692
686
684
674
654
634
612
594
578
568
562
550
560
582
812
764
940
1038
1000
976
900
848
820
786
754
728
746
756
756
742
740
792
788
780
758
756
720
704
704
706
690
708
706
694
714
702
742
732
714
734
686
668
668
658
666
672
664
696
718
718
732
752
766
736
756
724
730
718
718
712
702
700
702
714
712
712
700
730
712
728
738
712
724
738
702
718
706
712
720
720
706
668
674
684
688
672
718
720
732
730
750
748
730
732
744
712
692
692
698
704
692
692
694
690
666
680
686
690
682
708
688
696
704
712
684
688
674
666
680
664
682
706
722
726
738
768
778
764
744
738
728
724
706
714
718
696
698
702
710
706
720
714
726
720
720
704
696
694
694
678
684
682
688
672
698
686
708
714
720
716
692
686
686
674
660
638
630
614
600
594
610
602
610
750
814
784
828
842
826
822
834
806
764
780
768
748
760
756
796
758
796
790
788
758
748
736
736
720
716
720
692
696
702
700
732
704
698
724
692
686
678
664
648
642
626
610
598
582
574
572
570
586
574
648
710
754
734
728
668
648
656
652
626
628
626
630
634
620
662
676
706
736
738
736
760
772
770
780
738
728
708
688
688
694
704
696
734
740
724
752
744
754
728
728
742
722
730
726
722
732
718
728
738
680
656
638
624
618
618
616
630
608
658
666
704
710
704
704
710
710
698
720
688
680
678
670
678
684
682
684
690
674
716
694
686
704
678
694
694
678
684
676
698
712
718
720
730
714
722
680
654
666
664
666
704
740
770
776
768
786
788
772
748
744
722
712
712
696
692
684
676
656
640
644
618
614
614
602
592
576
594
540
566
544
506
522
500
518
502
506
516
504
558
652
792
772
840
854
836
856
834
810
762
816
828
850
826
822
808
776
752
730
744
744
720
758
788
760
756
764
764
754
788
756
728
706
674
670
674
656
640
632
626
600
602
610
606
620
596
598
590
580
568
588
586
576
574
554
546
548
544
546
546
550
534
572
578
586
594
584
590
578
570
570
564
554
556
560
554
550
566
568
552
572
572
564
578
578
586
574
580
576
568
568
558
556
564
562
548
548
550
542
542
544
556
548
548
562
562
570
562
566
566
568
574
558
572
568
572
564
560
560
558
548
544
552
552
554
560
548
546
556
542
536
528
526
528
530
522
524
522
532
536
544
532
588
582
598
632
658
632
628
650
614
598
590
586
580
578
574
570
560
566
550
560
562
560
570
576
558
558
560
564
566
570
562
570
568
564
574
568
558
560
556
554
554
554
560
558
560
562
554
568
570
576
572
582
582
578
