722
736
750
736
742
766
752
764
760
748
762
746
766
782
714
704
724
722
696
748
766
802
812
814
814
814
740
768
754
742
744
780
798
818
812
742
780
786
788
804
786
770
752
736
694
676
674
646
654
670
674
682
720
770
752
758
760
722
698
684
662
648
656
674
700
704
734
744
768
768
758
724
692
678
676
680
694
724
764
800
814
860
832
754
780
782
780
828
846
818
736
724
730
730
722
752
778
796
778
822
808
802
768
752
764
760
736
772
766
804
846
876
878
870
858
788
766
750
762
756
736
726
720
700
698
696
640
666
658
654
666
700
704
738
758
714
708
706
680
692
692
698
724
734
734
716
692
672
684
1220
634
610
890
718
546
540
360
812
700
720
704
708
716
724
738
738
736
730
736
732
738
742
738
730
708
728
722
702
678
688
702
710
686
698
714
694
690
714
704
702
718
702
706
726
730
694
702
716
708
682
708
694
700
720
726
742
714
728
706
740
750
780
796
776
754
758
742
714
716
712
716
718
742
730
718
722
716
718
720
740
746
740
776
784
788
750
710
696
686
678
664
656
648
650
672
684
718
774
810
840
866
870
876
868
860
762
740
734
720
714
688
700
680
690
694
662
684
688
688
708
746
726
740
718
696
662
664
670
654
646
638
644
646
642
666
692
730
772
814
810
788
732
692
674
648
654
632
634
672
738
756
840
776
704
554
700
1028
640
1190
1024
650
530
552
546
558
510
490
360
342
506
372
796
568
578
590
604
494
360
364
606
624
664
650
662
682
670
680
614
710
640
620
384
360
476
606
598
584
570
592
596
608
646
676
680
682
674
722
726
744
748
744
754
732
694
666
666
620
628
642
634
666
682
696
714
710
684
670
682
698
700
746
768
762
774
750
740
722
736
724
698
708
696
684
696
710
722
708
704
674
680
496
850
686
674
712
760
718
750
742
740
746
730
738
692
706
706
740
730
696
706
696
694
684
676
694
726
718
764
768
746
726
694
664
666
672
684
706
698
746
754
790
800
762
724
700
674
676
652
654
658
670
750
846
898
910
858
784
808
824
794
776
820
844
844
790
752
716
758
776
796
816
744
732
732
756
762
766
760
722
694
688
654
634
638
626
642
730
854
954
1004
968
976
972
974
962
886
864
840
860
896
932
916
856
826
870
896
920
922
906
880
826
822
834
844
870
852
846
840
780
812
834
872
900
862
894
892
880
840
800
832
772
794
824
856
868
820
790
812
790
722
716
776
812
816
862
922
936
878
874
882
882
896
886
896
890
860
758
704
722
734
758
784
804
774
796
796
790
784
766
736
722
740
770
788
778
726
708
710
722
742
762
792
508
346
722
784
740
720
712
716
720
734
746
790
874
910
928
924
892
884
874
852
790
784
798
806
838
876
854
860
844
812
756
766
716
682
716
694
686
726
786
816
798
792
750
710
706
682
656
656
660
668
730
774
788
842
900
942
948
930
906
862
876
864
868
876
892
878
898
896
882
842
856
858
778
788
832
834
804
848
870
876
868
872
852
804
828
858
866
862
834
768
750
742
704
730
706
720
710
716
678
680
664
674
658
656
656
662
694
726
746
782
818
844
848
858
832
804
790
728
702
708
718
734
756
820
868
868
796
738
734
770
778
802
868
902
854
826
830
830
832
830
828
808
818
816
826
832
786
814
814
790
830
850
866
840
794
772
768
744
742
730
740
754
740
800
854
844
860
868
872
858
792
814
814
812
778
814
798
792
836
852
816
832
830
844
770
812
812
832
836
800
818
830
840
826
802
838
850
832
856
858
858
864
866
844
798
818
802
760
788
796
838
808
816
850
856
814
822
846
824
820
850
850
792
814
824
824
774
804
822
806
788
802
816
816
778
800
742
710
686
682
692
738
782
776
830
888
894
890
872
872
874
872
866
850
850
822
776
842
870
892
896
902
912
856
854
852
838
810
798
846
862
848
848
872
842
814
842
858
846
878
900
856
798
824
834
820
868
888
890
864
882
880
866
864
792
790
798
816
796
822
864
862
868
886
874
806
810
856
890
910
888
874
812
762
724
724
734
752
782
744
708
754
796
760
726
756
782
816
836
842
862
846
854
868
870
870
874
870
834
852
846
850
836
832
812
816
820
834
824
794
762
790
756
722
704
696
684
680
688
680
682
698
732
788
852
870
876
824
844
828
834
838
832
808
828
850
840
804
830
826
796
834
858
836
846
858
866
822
832
832
834
822
828
814
810
770
786
798
828
840
828
796
812
808
798
780
806
800
810
828
842
848
834
824
824
828
836
812
776
792
792
808
786
802
818
806
754
778
778
792
744
772
784
770
740
766
762
776
804
786
798
816
800
778
798
798
816
794
808
814
808
792
814
824
818
816
818
816
788
766
786
804
804
782
808
826
808
836
852
836
806
828
838
818
826
836
826
818
834
826
778
782
810
780
802
806
796
750
778
780
768
786
798
794
794
802
794
790
792
774
750
760
760
766
756
762
778
788
748
772
784
768
740
762
772
760
756
770
782
742
754
766
756
748
776
800
796
840
844
828
866
862
818
848
840
804
806
810
808
790
802
804
792
798
810
822
810
820
798
770
796
812
820
780
806
804
784
760
792
804
788
786
808
822
780
784
794
776
744
784
806
784
820
842
858
802
820
822
780
796
812
820
806
806
830
846
798
818
828
802
756
794
808
776
814
826
842
820
828
832
836
810
826
826
802
824
842
840
830
850
854
820
828
838
868
822
844
840
826
798
808
818
784
764
788
800
782
808
818
792
770
786
784
752
776
794
744
756
784
804
788
816
834
794
824
834
794
782
796
790
790
802
828
806
834
848
834
788
816
802
742
766
768
768
772
796
808
790
798
810
816
784
796
796
764
742
778
800
826
792
818
846
828
796
822
832
830
800
830
826
766
722
740
782
824
852
818
838
848
852
840
830
870
874
880
868
864
848
834
840
830
818
828
840
836
838
854
842
792
804
794
776
752
780
770
758
786
786
746
760
760
730
748
752
756
744
764
772
746
760
784
788
766
778
784
760
750
752
768
776
774
798
796
788
804
802
794
758
774
780
758
774
808
794
778
796
794
760
764
764
764
756
766
764
750
754
762
770
730
696
720
736
760
788
802
820
818
812
802
800
804
820
844
844
844
832
792
800
772
738
762
758
782
770
808
806
794
804
818
768
782
794
782
766
782
776
740
764
760
744
764
776
776
770
762
754
768
758
778
792
788
768
780
774
752
776
772
748
756
776
788
780
796
804
776
792
768
746
750
760
752
728
758
762
778
792
816
792
776
792
770
734
760
754
736
752
762
774
750
764
776
786
774
802
786
740
768
764
776
758
782
788
806
764
750
776
796
786
810
818
794
822
844
850
822
836
836
780
810
810
812
836
810
820
832
834
794
804
796
814
786
766
792
832
828
828
832
836
778
798
828
828
800
822
862
882
842
838
870
860
856
798
828
824
848
818
852
870
854
832
872
872
852
798
842
862
850
818
824
822
816
766
794
804
800
778
816
834
822
780
812
830
822
788
818
828
816
802
830
840
810
844
882
812
850
864
838
844
846
816
798
820
832
786
816
838
856
826
868
852
800
820
742
712
710
742
788
798
812
852
888
862
884
878
856
818
834
842
840
820
852
862
878
862
880
878
854
862
866
888
852
886
894
872
858
874
870
830
830
842
816
822
842
862
832
890
926
884
892
896
858
818
850
878
854
864
880
870
832
858
834
834
870
888
856
874
884
848
822
854
868
840
872
890
850
864
878
864
844
866
842
792
826
842
810
826
854
856
776
818
810
802
782
804
846
838
842
878
844
758
806
806
846
866
868
908
922
938
922
916
866
844
864
880
894
900
892
908
886
842
876
886
884
856
874
892
890
848
850
836
834
794
816
844
854
840
882
906
892
898
870
824
868
886
854
830
846
858
824
856
864
872
832
842
850
832
834
842
850
812
836
852
866
834
864
884
866
804
836
846
872
848
872
902
870
884
880
850
840
858
906
878
908
900
892
866
890
880
838
864
884
908
874
908
918
862
882
878
874
838
860
892
876
872
898
906
802
748
770
826
892
932
930
942
968
952
944
918
910
900
886
888
890
900
878
892
902
910
866
886
874
870
804
840
866
892
844
868
876
872
818
824
838
852
814
820
828
834
802
840
856
844
856
872
890
852
872
874
848
838
848
838
786
828
864
854
850
864
838
850
862
852
834
848
856
826
832
842
834
812
828
838
858
820
840
862
862
844
824
826
830
782
806
808
782
820
846
810
846
880
866
826
850
852
834
846
864
862
844
874
888
892
874
886
876
854
866
860
836
840
870
854
834
856
870
830
832
852
864
836
850
856
818
840
850
842
808
848
866
870
816
846
832
808
762
796
804
786
814
842
866
842
860
880
892
862
880
884
872
864
880
900
864
856
872
864
826
854
880
870
810
844
876
916
922
916
878
882
880
876
840
852
856
866
846
860
874
862
830
840
848
812
828
844
852
820
850
862
858
804
824
838
808
822
836
834
814
832
856
844
854
858
848
770
798
824
818
856
894
874
860
902
902
884
898
900
902
864
884
866
876
848
874
888
870
874
856
850
830
860
864
834
848
872
884
854
876
874
836
836
856
842
800
830
832
802
786
808
826
806
844
844
822
810
824
838
822
842
852
852
820
838
838
810
816
840
854
816
846
862
866
836
832
846
834
752
722
768
702
714
718
696
680
660
676
670
660
672
688
700
696
734
752
788
796
818
792
802
810
858
876
842
858
876
886
884
882
884
886
892
896
846
866
876
898
908
882
844
874
880
880
852
896
904
872
898
910
908
848
848
850
878
906
880
920
930
866
878
886
882
804
852
882
830
856
922
922
860
932
940
844
872
898
862
868
904
912
872
918
908
876
900
902
884
852
872
878
872
846
894
916
822
852
800
770
808
826
818
842
902
940
964
898
880
896
890
908
926
948
952
950
910
866
920
940
960
926
936
930
892
916
930
894
900
900
908
818
846
866
886
864
900
910
838
854
864
856
846
874
910
916
900
908
912
920
926
938
892
872
880
878
856
902
930
936
928
944
924
854
882
892
910
874
896
920
924
916
920
902
830
860
880
852
830
896
916
864
904
930
856
878
886
836
870
866
812
848
844
798
852
874
850
876
902
896
860
880
906
916
902
904
884
830
846
868
916
942
952
954
956
906
912
920
910
898
912
896
830
866
890
854
798
846
870
802
838
876
830
814
842
870
830
868
900
922
876
898
918
880
882
892
922
930
914
932
952
958
964
968
970
896
884
884
842
858
912
882
906
954
942
926
946
964
908
930
932
914
950
958
932
892
914
924
920
920
928
914
852
896
892
860
888
900
826
878
902
850
898
908
860
882
908
882
898
902
886
870
896
906
866
898
916
864
886
888
900
918
928
962
946
964
920
878
888
888
912
944
978
992
1002
990
930
966
948
952
908
922
958
928
824
854
862
838
800
854
888
850
898
912
880
882
902
920
902
906
916
918
904
912
930
930
882
908
906
920
900
880
908
916
860
858
874
864
784
824
846
826
826
860
868
820
864
886
874
894
892
824
802
830
846
858
898
922
944
946
958
888
870
878
874
850
902
962
1008
988
1012
1012
992
984
974
948
904
906
918
834
856
860
862
794
848
896
836
848
880
852
832
866
906
902
932
948
878
904
928
938
988
982
980
984
962
974
988
950
876
902
924
930
892
942
952
870
930
940
874
814
862
852
782
836
844
804
830
874
840
846
880
882
808
826
836
864
844
882
906
910
872
874
890
900
818
758
800
824
860
880
892
908
902
922
942
948
964
970
974
996
1000
992
980
940
864
888
890
854
818
898
932
874
902
928
862
882
920
904
888
956
970
934
952
956
952
994
994
1002
1024
1012
1012
994
996
982
990
982
982
982
970
900
922
856
828
888
826
830
882
850
812
892
912
842
878
906
918
890
936
906
892
932
960
950
974
990
968
918
952
944
932
956
972
986
992
986
970
924
950
942
926
962
1000
1030
1044
1026
1028
1022
1014
984
972
982
978
910
934
956
904
846
878
828
814
890
924
858
906
932
904
884
954
980
974
932
964
956
954
990
980
938
980
1028
1046
1024
1030
1024
1002
1022
1042
1028
1024
1042
1026
986
994
990
972
934
966
960
936
848
882
878
838
858
948
996
920
978
1022
1030
930
936
922
938
954
1028
1054
1018
1022
1032
1054
1018
1022
1048
1058
1022
1034
1014
1022
946
966
970
986
938
982
980
978
942
1002
1018
960
896
940
956
910
950
984
994
934
952
980
978
938
988
982
932
966
952
912
952
968
994
972
1040
1046
980
1036
1048
962
976
1008
928
960
990
934
922
968
932
920
980
1030
978
1038
1056
1042
1030
1032
994
1004
978
912
930
948
976
892
948
980
926
950
954
972
932
972
988
998
1022
1002
968
980
962
958
972
958
954
1020
940
946
974
934
866
936
992
972
1000
1012
968
912
942
970
992
968
982
976
960
964
968
940
916
942
988
1000
960
980
982
970
956
956
966
960
960
980
978
952
976
986
966
936
962
996
964
956
966
938
888
934
962
922
976
1008
954
916
958
994
966
998
1004
966
968
1014
1012
956
996
990
988
946
968
988
966
946
990
1014
982
966
986
984
944
962
1002
956
946
1010
986
920
944
968
988
966
994
1008
976
1020
1056
1032
1000
1036
1044
986
1002
1014
1000
976
978
964
942
908
958
960
926
948
974
906
824
894
944
970
910
946
974
930
970
1016
1016
1008
1054
1036
1000
958
986
1018
1006
994
1020
1024
1006
990
1006
986
954
946
964
976
932
956
984
960
922
934
956
930
916
952
976
912
908
944
944
884
884
902
946
926
948
992
1004
982
1002
1012
984
934
936
944
954
948
960
954
918
948
964
976
932
938
916
882
864
896
878
848
902
946
938
970
970
958
934
962
956
898
932
962
954
938
958
956
898
928
982
902
872
908
886
870
928
946
914
974
960
866
882
810
776
784
782
866
932
820
864
816
786
802
812
788
776
788
818
842
802
816
806
802
774
714
716
732
744
764
776
788
802
814
830
832
832
836
842
836
764
806
814
820
840
790
762
788
778
770
748
778
814
792
818
842
864
804
808
808
806
772
802
830
842
798
824
824
816
786
808
828
794
796
798
774
744
772
800
804
818
854
866
888
870
862
858
846
832
790
824
820
784
830
812
776
812
848
800
828
854
816
792
820
854
832
816
838
872
884
900
920
940
938
934
924
926
860
894
890
830
870
842
814
842
816
798
856
848
802
848
870
810
850
846
814
810
848
874
846
880
886
904
858
882
904
886
868
874
878
858
894
938
918
918
920
918
872
916
898
834
880
886
898
830
866
884
848
826
860
890
878
894
898
844
874
890
842
836
892
880
850
912
924
884
946
938
902
942
948
904
932
960
986
966
976
996
900
922
918
938
888
918
926
892
888
904
868
896
928
888
946
972
922
990
976
914
970
944
904
934
936
970
896
916
948
922
928
952
954
942
916
966
1018
998
990
994
968
930
936
958
926
886
922
942
880
872
906
880
804
868
900
842
866
950
848
886
934
868
852
920
908
848
910
926
964
908
954
992
970
936
970
982
932
970
1008
998
1032
1014
954
902
1004
1000
908
966
1002
950
944
944
982
924
956
966
970
992
952
872
932
960
902
854
928
938
986
1036
948
1002
1026
976
978
1022
1014
960
984
1014
998
1036
1044
1024
970
984
1000
964
886
944
910
852
914
904
838
912
932
920
892
936
988
990
938
960
946
908
934
940
974
970
992
1024
992
972
1004
1006
950
954
942
980
924
938
954
872
862
926
970
960
1000
1002
994
962
1010
938
914
954
898
938
968
886
988
1014
958
1014
960
932
952
932
934
960
934
976
1000
982
1018
1042
998
950
948
928
944
966
1002
1000
1004
1004
986
954
972
972
990
942
954
952
898
890
908
872
864
904
890
858
918
924
864
906
952
896
908
928
940
942
982
970
928
960
998
996
1014
1048
1048
1056
1044
960
990
1010
970
986
1008
988
934
970
948
886
932
924
840
854
876
858
822
900
930
886
898
912
876
886
926
896
922
960
984
970
982
1002
984
974
986
992
988
1012
992
982
932
846
774
792
814
796
872
938
900
902
994
1004
924
916
952
918
880
804
762
726
738
778
854
910
876
942
972
986
972
876
846
876
906
946
966
956
958
898
906
906
888
910
892
922
946
938
954
958
962
970
946
932
922
934
904
940
960
854
862
910
928
862
900
936
884
888
900
892
858
894
912
912
890
938
960
956
952
972
986
930
912
908
892
910
944
992
988
1000
1002
996
976
984
994
896
898
910
938
878
926
970
924
882
978
1018
986
1028
1028
1030
1064
1042
944
954
986
1046
966
998
1040
1044
954
1000
1018
970
926
1006
1038
990
992
1066
1064
986
1016
1024
950
1038
1032
998
1042
1068
1032
924
986
986
900
946
994
942
980
998
956
984
994
988
1016
1032
1022
1024
1034
984
940
952
1002
1000
916
972
1000
960
946
1022
978
936
982
986
948
1020
1058
1012
1070
1058
984
996
1008
1048
1004
1052
1068
1088
1038
1052
1030
964
926
966
982
954
1042
1058
1018
1008
1028
1052
972
1016
1012
1020
1016
1068
1056
1012
1002
1004
860
804
854
842
858
804
774
762
764
744
708
738
380
750
590
498
738
718
680
720
692
676
708
620
646
640
624
620
628
612
620
620
624
628
638
642
664
610
640
652
658
668
736
732
742
778
736
712
700
718
694
686
688
692
728
756
764
728
696
710
710
730
730
712
704
684
664
664
668
658
668
696
710
720
730
732
722
700
698
666
674
650
680
652
668
666
688
712
714
752
708
704
718
756
794
806
772
792
788
754
726
728
724
752
796
650
1072
812
782
794
792
788
768
778
740
712
716
752
762
796
822
858
818
782
796
828
846
894
844
848
864
902
824
784
786
816
886
920
910
880
890
854
776
740
766
730
722
718
722
772
890
750
1076
802
762
730
718
738
782
860
934
976
1004
996
986
976
904
910
944
980
992
972
948
866
898
914
922
966
960
966
962
956
946
810
768
754
716
696
704
698
794
920
1002
992
984
1006
1030
970
1000
984
938
838
766
798
804
864
926
958
974
956
944
944
938
928
882
768
774
810
852
878
874
892
908
908
924
844
802
814
846
864
872
866
884
898
910
906
882
886
884
884
892
912
886
832
756
780
826
888
920
932
978
956
956
954
958
904
890
892
930
940
892
902
902
846
878
892
866
834
866
878
834
844
868
776
766
744
730
686
684
676
696
704
698
730
774
828
794
750
754
770
808
834
856
884
892
914
902
928
934
924
938
930
948
964
936
962
996
972
966
978
950
942
922
860
862
852
848
848
876
896
918
884
870
822
840
838
850
868
884
902
918
922
908
902
902
864
852
864
884
894
846
866
862
828
812
826
822
800
812
810
782
788
826
852
828
838
852
840
824
846
862
868
836
844
842
858
836
832
844
844
804
820
812
762
786
808
812
838
902
908
880
858
812
774
784
798
846
860
912
940
942
890
906
912
914
864
860
876
886
920
872
910
918
886
794
786
776
756
776
550
360
694
728
722
722
742
736
768
808
810
756
736
696
696
706
702
672
670
680
674
660
674
658
646
656
636
626
636
616
638
640
638
650
656
664
670
664
646
664
612
626
542
686
612
604
592
588
574
578
584
596
594
598
594
600
604
588
594
586
592
590
596
620
660
660
650
650
652
616
630
604
592
586
590
610
638
664
650
474
860
660
652
646
652
628
644
654
676
702
720
726
714
698
686
654
648
650
644
660
696
744
778
788
746
694
686
672
640
642
644
636
638
640
648
660
656
642
658
638
618
646
626
638
640
598
594
600
600
598
596
576
586
592
612
640
664
672
682
724
722
724
732
704
694
702
684
672
680
664
670
686
698
692
708
718
706
716
706
700
692
684
