604
402
932
410
1008
694
628
660
664
676
696
642
628
648
638
634
574
660
710
730
736
736
702
664
690
662
636
646
656
666
642
668
672
684
668
646
666
650
656
652
668
682
678
684
640
654
608
612
752
690
672
682
674
680
672
624
554
584
668
706
698
688
696
658
628
620
618
626
628
672
648
646
646
642
628
640
648
640
678
656
662
664
642
648
674
662
644
662
662
644
670
652
618
634
628
648
690
656
634
636
616
612
614
610
604
560
590
556
552
554
558
566
558
586
586
598
578
586
584
588
592
588
586
578
598
582
612
590
576
594
600
598
592
632
654
632
630
646
646
638
560
668
1016
1044
624
624
672
680
646
650
644
628
636
612
686
730
632
658
632
606
630
598
916
964
606
618
572
560
484
422
352
514
602
622
598
576
618
662
612
600
606
604
612
608
634
612
620
610
604
590
632
646
618
648
646
642
624
656
638
628
638
632
624
664
688
666
668
694
704
678
684
668
642
652
512
750
614
600
628
606
598
542
666
640
642
666
640
648
650
584
610
606
654
636
666
670
664
650
642
622
606
592
594
600
624
702
714
726
716
690
684
694
672
704
602
632
632
630
668
662
646
704
722
728
736
728
728
710
696
650
634
640
638
680
434
410
594
746
740
724
688
688
686
686
688
712
726
736
736
724
672
676
666
672
674
694
702
680
662
676
668
714
718
728
738
738
696
660
642
622
636
650
694
718
726
722
714
692
646
640
654
650
698
706
686
702
676
676
682
646
658
704
662
666
686
704
682
710
748
704
714
724
722
724
706
694
690
724
696
702
732
754
734
732
746
730
710
732
720
716
730
722
724
730
728
714
730
726
720
716
764
746
740
740
766
746
772
758
728
738
736
714
716
716
718
712
718
716
694
704
716
724
714
698
698
644
628
616
632
634
632
618
702
696
696
696
718
740
744
742
764
774
750
750
764
758
746
760
768
742
752
736
682
710
704
702
688
704
700
708
698
708
738
748
736
746
740
748
752
754
750
758
714
742
736
704
714
730
734
726
754
738
708
724
722
718
718
716
698
712
716
714
720
716
710
714
710
702
724
736
706
720
700
674
676
678
672
646
664
650
660
666
656
656
666
660
690
690
680
674
630
624
616
598
602
626
650
630
628
630
708
706
728
752
726
760
786
764
742
750
730
722
734
730
740
762
748
736
744
730
736
734
714
724
744
712
730
722
724
748
722
750
738
720
720
724
698
678
680
686
654
644
664
652
654
678
690
684
692
700
714
694
708
708
704
702
734
750
724
760
752
736
750
748
740
742
734
740
746
744
742
740
736
738
732
730
706
724
718
716
742
748
732
734
736
736
734
734
728
758
744
686
680
668
656
624
632
622
616
600
612
646
622
682
714
690
706
716
702
656
684
696
696
714
722
702
712
716
732
724
718
728
700
722
698
704
720
700
726
742
720
728
734
720
732
726
756
730
718
680
706
714
706
710
700
676
674
678
680
684
682
682
674
706
708
696
684
680
686
672
680
650
646
656
676
672
704
764
746
738
754
766
754
762
740
726
694
690
698
694
696
718
692
700
696
678
644
644
654
648
654
678
678
686
708
696
686
696
702
688
718
716
704
696
708
694
730
714
720
714
690
690
668
684
688
676
698
686
706
700
704
686
678
654
674
648
638
652
648
636
648
650
636
654
634
612
622
624
618
624
614
614
614
612
638
642
662
672
690
682
692
706
706
696
712
718
714
712
726
710
722
710
702
686
690
706
700
692
710
700
710
706
678
704
706
690
706
708
694
722
710
690
704
702
688
694
694
676
688
688
690
708
692
702
684
684
670
674
674
658
670
666
662
704
688
702
714
722
698
700
690
674
690
678
682
712
686
686
710
702
684
694
698
708
728
732
728
716
692
700
712
704
726
728
712
698
702
702
704
710
688
700
684
662
676
650
646
654
648
650
668
686
638
630
662
674
654
696
690
686
682
726
700
688
704
692
680
692
680
666
676
644
656
648
640
648
622
610
590
604
592
628
602
624
650
640
642
644
638
668
664
694
708
694
704
712
706
700
720
706
670
688
686
706
710
738
722
728
738
730
740
726
720
714
726
716
714
718
708
710
734
700
682
690
658
652
670
650
652
656
662
658
696
678
676
706
678
686
710
686
684
692
688
678
654
674
668
632
654
640
622
632
618
616
628
612
620
654
678
686
688
720
732
718
726
752
728
758
758
740
764
772
764
760
744
720
712
712
702
694
704
718
712
706
720
686
698
726
692
698
736
732
714
734
730
714
702
660
668
678
656
664
688
670
662
672
698
702
732
724
712
724
714
688
692
692
710
688
692
726
722
710
710
700
684
678
682
710
706
700
720
714
704
716
702
698
710
704
700
718
708
698
698
702
670
684
700
692
690
710
698
702
706
712
694
708
682
692
694
672
678
684
666
666
666
660
664
650
624
644
650
652
646
652
656
634
644
646
642
646
652
646
626
650
676
658
648
688
686
676
686
684
678
714
688
718
714
710
700
712
698
668
666
670
690
672
672
686
698
700
692
702
694
700
716
732
730
730
722
740
732
710
722
782
774
754
734
702
720
714
704
708
710
716
728
732
734
740
730
734
742
734
744
744
746
712
738
740
724
726
738
710
726
702
718
714
732
712
712
728
724
702
708
702
690
690
710
686
730
714
694
700
702
728
718
704
708
704
690
660
660
646
640
654
640
638
644
668
674
656
684
682
666
688
704
692
696
688
708
698
696
722
714
748
742
734
738
724
704
718
706
694
694
692
698
690
722
720
714
720
712
706
708
734
722
726
734
726
728
730
710
702
716
708
716
716
734
712
734
720
716
714
714
698
700
714
692
686
692
692
640
650
660
656
656
640
624
622
632
666
682
664
676
678
692
688
700
714
702
688
706
704
698
678
654
678
668
668
672
708
698
694
692
706
690
706
706
694
722
722
696
702
660
648
648
662
658
642
656
656
672
658
662
688
682
684
658
660
638
638
636
674
698
682
726
738
730
714
702
716
710
700
710
710
714
708
716
712
742
726
750
736
730
730
718
690
708
708
704
684
686
694
704
694
722
716
704
690
688
684
686
684
698
694
688
710
680
682
684
712
688
682
678
682
658
666
660
666
670
708
692
712
734
728
724
726
724
702
714
744
726
768
742
738
740
732
704
722
710
672
682
680
708
712
712
722
708
726
732
722
722
728
722
694
698
688
676
668
670
646
646
662
672
694
684
678
644
680
716
716
728
712
734
724
672
688
686
680
712
724
702
718
720
710
708
708
700
730
720
722
726
716
702
696
708
730
706
720
726
748
724
722
730
732
698
726
720
708
662
694
690
724
730
684
706
674
664
678
674
680
674
682
672
678
690
704
704
692
700
710
704
710
726
716
714
710
738
718
690
720
724
744
736
734
748
716
726
730
680
680
650
614
622
590
610
606
610
622
620
616
626
640
622
638
624
616
622
668
706
692
682
676
676
678
644
628
624
636
668
668
704
684
670
682
636
654
536
684
616
588
408
752
588
608
576
588
572
402
728
564
576
552
576
614
628
610
634
642
602
626
586
584
564
534
560
552
548
558
558
594
590
556
576
562
554
556
628
512
568
572
584
622
640
666
692
692
698
708
720
676
668
666
676
672
672
650
652
650
678
662
650
632
636
620
608
584
594
578
566
604
622
634
650
632
612
624
590
602
596
588
640
686
708
698
712
666
618
598
570
582
588
584
632
678
680
670
690
702
628
726
678
694
688
714
684
678
688
734
698
410
1036
680
680
682
682
574
750
654
632
600
616
626
642
624
628
630
694
684
696
712
696
698
668
682
668
656
666
650
656
654
664
662
670
642
650
654
634
634
634
628
656
680
638
598
650
668
724
700
688
722
724
696
706
704
734
714
722
730
736
714
706
714
684
692
704
710
706
708
716
700
672
700
690
684
702
702
688
658
672
672
662
646
664
700
668
678
676
670
680
678
688
670
678
710
696
728
738
722
728
728
698
714
724
710
746
732
726
730
734
732
750
740
742
692
724
738
714
728
728
720
740
748
728
740
730
736
726
768
734
740
752
740
742
750
700
704
744
716
678
702
696
658
682
688
684
692
688
746
754
722
750
788
758
792
800
768
764
774
740
764
760
746
750
760
744
772
774
756
764
746
682
680
702
662
672
706
698
702
728
720
720
718
728
718
746
732
728
762
746
742
776
760
754
758
760
784
752
744
752
702
728
718
712
744
760
730
762
756
756
750
756
762
764
738
738
754
752
780
766
768
762
756
754
748
740
752
746
726
736
738
740
738
742
744
748
730
724
734
752
732
748
744
712
732
726
722
720
728
730
732
720
714
716
702
714
706
690
700
720
704
722
718
710
714
732
710
708
708
690
710
710
696
674
688
674
660
656
634
644
670
650
666
686
676
684
688
680
676
676
702
678
678
680
704
682
718
724
724
718
730
724
724
720
712
684
708
704
684
696
700
674
692
698
714
706
726
726
718
734
736
730
742
734
738
736
730
710
710
716
684
710
710
692
694
694
702
694
718
696
710
718
704
706
704
672
672
688
682
670
680
682
650
622
654
644
632
656
650
642
662
660
654
670
662
666
674
652
658
666
654
652
654
670
692
718
722
716
734
716
732
732
730
718
708
682
706
686
668
694
678
674
678
668
666
678
682
682
696
680
692
692
656
686
668
658
664
686
682
694
678
700
714
694
722
712
716
712
698
678
698
682
682
672
670
642
648
662
652
634
646
644
646
652
686
682
672
692
696
686
708
694
678
692
686
678
690
686
674
686
678
652
668
674
664
666
680
666
670
702
692
690
702
698
692
698
680
662
682
658
664
668
656
666
660
648
658
662
638
648
652
660
652
678
672
658
688
680
676
672
664
656
664
686
670
686
694
656
658
638
620
600
586
588
592
590
598
582
592
584
570
578
576
572
610
632
632
700
726
712
770
778
786
756
782
776
744
768
756
742
770
758
754
770
746
764
772
726
758
782
748
770
762
738
768
750
736
792
758
724
774
750
718
762
734
726
744
696
706
720
674
694
708
674
684
728
716
710
748
736
730
762
736
746
770
752
740
768
754
744
788
742
726
760
758
752
776
762
746
778
754
750
800
762
746
780
758
752
798
776
750
770
756
758
804
782
780
782
798
764
770
778
760
730
758
720
716
732
730
720
726
708
712
706
710
702
666
680
660
656
660
708
674
700
744
714
730
774
754
750
772
776
760
760
760
744
754
776
750
790
768
768
780
744
716
744
702
716
724
678
664
682
734
706
724
770
774
758
770
772
744
770
770
768
770
786
772
772
772
760
762
772
758
770
766
740
752
766
760
772
778
766
780
748
722
750
760
746
784
778
768
776
782
742
758
768
744
758
712
712
740
752
738
758
764
760
768
768
744
776
766
748
762
754
742
772
764
754
794
768
762
774
750
726
754
774
752
790
768
766
766
760
760
764
768
748
762
764
752
778
750
742
764
742
744
748
748
754
792
774
766
778
736
718
740
708
714
722
732
716
726
770
740
746
778
758
760
726
694
726
748
784
772
770
818
818
798
810
786
760
788
764
758
782
768
760
788
788
766
786
768
748
770
744
724
746
732
736
734
734
730
704
662
654
678
676
668
670
700
684
688
714
730
722
750
726
732
760
764
752
788
768
776
814
830
802
828
816
808
810
798
770
790
780
782
818
788
792
814
798
784
802
758
778
804
792
814
800
806
810
770
794
794
790
800
790
792
794
766
780
778
776
776
780
768
796
778
756
768
774
768
776
770
778
788
788
804
760
758
780
778
764
788
776
778
774
776
798
810
798
810
804
800
808
794
806
794
802
800
792
784
798
780
776
778
780
780
796
786
786
808
786
794
792
798
794
802
776
798
796
784
804
792
786
800
770
774
784
776
752
776
780
796
804
788
776
792
776
782
790
788
782
802
782
786
782
784
808
796
802
806
778
756
796
778
760
772
766
762
764
774
790
792
790
782
796
782
780
780
786
812
790
806
810
806
790
738
770
794
726
694
710
696
648
634
652
614
600
592
596
596
598
586
596
608
602
626
666
668
672
704
708
722
710
738
724
724
718
714
722
726
726
736
722
732
724
732
720
726
708
718
700
698
706
698
694
694
676
666
640
628
640
612
614
614
598
610
626
612
612
614
602
650
578
410
820
604
574
700
642
634
630
640
660
652
674
700
672
676
668
642
656
578
644
626
604
594
588
600
588
516
902
848
556
540
528
538
532
504
542
538
544
550
548
574
570
612
634
612
632
620
594
600
584
568
576
826
858
584
562
582
560
562
558
550
562
576
558
554
558
548
554
560
524
548
584
580
554
580
564
542
554
558
546
548
544
560
550
538
544
546
540
546
540
558
564
572
596
586
610
638
578
596
600
588
594
590
614
574
570
578
544
554
546
554
566
568
568
612
592
634
652
638
630
578
664
646
620
630
624
610
604
606
580
574
580
624
608
650
664
644
654
694
696
682
676
658
672
660
664
666
636
656
632
634
636
642
642
654
646
654
648
622
638
640
412
812
628
610
636
622
634
654
660
626
644
626
620
636
618
628
630
628
632
654
644
620
538
600
678
678
686
670
674
690
700
726
746
760
722
742
752
772
752
776
770
758
766
760
762
768
768
732
744
740
688
694
708
700
694
700
694
684
688
696
684
688
672
684
654
652
656
646
660
674
632
632
642
616
638
670
690
692
766
776
782
792
790
792
846
810
808
840
798
814
826
808
822
826
784
814
792
778
802
792
778
792
792
776
790
772
782
780
754
772
772
758
774
778
750
770
718
736
696
686
702
690
694
752
742
732
782
782
756
808
788
776
784
770
748
762
770
764
798
776
768
812
780
782
800
778
766
780
778
774
798
774
776
784
776
776
788
770
774
790
768
782
772
756
772
766
756
762
758
748
778
752
752
786
758
770
766
762
744
750
746
762
754
752
760
754
730
744
748
730
752
738
748
762
744
776
752
756
758
756
752
760
750
746
772
802
778
780
780
770
780
784
776
790
772
758
772
748
766
788
772
766
770
750
760
762
752
760
758
738
764
744
754
760
752
748
780
762
732
758
722
752
778
744
752
770
758
744
754
750
738
756
750
728
710
686
692
698
684
694
704
690
726
714
702
720
712
710
750
732
728
746
742
722
738
736
726
742
734
730
722
714
700
712
710
710
736
746
748
762
738
706
722
712
704
706
706
686
698
692
684
712
696
708
736
704
692
700
684
662
660
642
634
650
666
652
658
686
658
670
678
672
678
682
690
684
686
698
692
684
692
692
692
698
684
690
696
690
682
694
698
692
708
700
686
696
700
682
650
674
674
666
672
660
642
670
658
666
680
674
656
668
666
654
680
680
680
666
692
670
654
678
644
632
640
636
628
634
636
628
640
660
652
678
674
668
658
668
664
646
668
658
664
658
694
668
682
722
692
676
690
686
650
664
682
662
658
672
652
648
658
652
646
640
640
658
648
668
656
646
670
658
650
666
660
642
660
650
648
654
664
660
668
698
674
662
676
674
654
676
676
662
686
676
666
680
674
672
682
672
666
656
654
662
656
650
678
660
662
686
654
658
658
646
632
646
640
642
654
666
660
690
668
662
670
670
658
660
656
664
668
678
662
658
668
650
656
658
658
636
646
640
658
652
644
674
658
662
676
658
664
660
682
666
682
702
672
672
682
676
672
686
686
684
716
704
692
684
696
698
696
696
692
692
690
700
686
692
688
696
678
682
688
680
678
700
700
698
688
688
690
680
686
672
656
658
660
636
652
656
650
648
662
656
650
652
668
650
656
670
662
662
634
658
652
666
696
718
690
706
732
702
716
722
712
698
706
722
700
734
710
712
714
706
718
716
704
708
704
702
704
720
754
732
742
738
718
702
698
676
688
696
696
724
724
708
720
724
724
720
730
712
692
712
710
702
704
726
704
706
706
678
678
678
678
694
698
682
710
714
708
712
716
684
704
692
700
720
708
714
716
716
700
706
700
704
708
706
694
706
700
678
696
682
692
684
686
696
696
694
700
700
686
686
690
700
736
744
734
754
740
736
726
732
702
650
708
688
692
694
678
654
644
638
602
586
578
562
556
552
554
558
554
598
596
618
628
630
678
696
708
706
738
740
734
738
734
728
726
730
714
716
746
734
736
748
742
748
774
768
764
772
754
730
740
728
726
752
742
738
752
748
732
734
720
730
734
732
726
728
732
726
738
724
746
744
730
748
724
734
758
748
748
740
736
748
732
714
726
748
736
760
758
748
754
754
748
754
764
744
756
808
768
758
772
754
732
744
762
740
752
746
738
748
746
742
744
742
744
722
736
736
758
778
774
776
774
790
776
784
784
774
778
788
778
790
792
768
786
742
760
762
748
748
758
756
786
772
776
776
754
756
770
734
738
746
742
730
740
732
728
768
744
770
774
760
726
728
718
732
738
742
758
784
758
758
724
730
736
730
776
776
784
794
794
796
798
786
782
792
804
790
798
798
796
790
788
796
798
796
800
786
774
792
766
768
790
774
784
800
780
810
820
806
820
782
790
796
792
784
808
788
808
802
784
788
734
716
734
730
708
712
696
736
752
742
768
784
774
782
804
796
796
802
790
798
794
790
782
792
784
766
784
770
778
776
772
762
766
772
758
776
762
766
776
766
766
772
774
778
762
776
768
770
802
788
788
806
802
788
796
782
784
782
794
784
800
792
784
808
764
750
758
716
688
694
690
672
650
658
652
632
648
652
618
630
640
622
630
626
620
630
608
626
622
618
624
636
694
720
742
738
770
782
776
778
806
794
786
792
800
794
786
796
784
794
794
780
780
802
802
824
822
810
834
816
804
776
778
786
782
782
780
768
770
766
776
788
812
790
800
788
790
772
786
770
752
754
752
744
750
734
740
746
768
758
778
782
774
800
842
376
402
726
756
728
736
710
714
662
648
672
670
690
688
682
686
700
712
700
700
704
702
702
694
722
736
724
742
748
738
738
720
730
722
700
710
708
704
702
700
720
688
670
692
684
670
680
652
662
650
660
658
658
664
686
698
666
668
616
640
620
610
604
612
610
616
614
626
670
690
682
728
752
736
740
770
722
752
758
744
744
754
742
752
742
748
746
720
720
732
750
758
760
748
754
752
774
764
770
778
764
770
778
752
772
764
746
756
758
746
760
766
752
764
772
740
724
710
726
702
704
730
708
728
738
718
728
738
722
750
756
736
768
762
758
754
750
716
728
684
690
694
724
694
722
740
734
738
772
762
750
764
762
744
754
788
758
762
764
752
754
772
756
754
750
710
692
688
682
660
674
694
694
694
702
704
674
696
722
744
756
746
742
764
772
766
760
758
762
754
752
768
758
774
760
762
764
768
736
742
752
740
736
744
734
746
746
742
752
734
738
758
750
754
750
736
746
740
718
734
738
730
726
752
732
738
716
706
708
718
704
716
698
696
708
724
758
748
746
758
752
746
750
760
750
768
780
772
756
764
750
764
762
762
758
790
764
776
766
772
750
766
758
748
750
758
752
760
758
752
758
756
776
760
752
766
758
740
746
760
748
738
748
736
738
742
756
736
756
772
746
762
758
730
752
756
750
746
756
758
758
738
732
736
730
740
756
738
746
740
722
720
730
752
744
760
764
762
752
758
756
756
754
776
754
762
772
746
768
758
752
776
772
766
770
768
760
748
754
754
738
738
736
756
744
770
748
746
754
760
746
756
746
752
754
742
742
752
736
742
762
758
748
768
766
752
774
730
740
756
752
748
770
782
762
762
772
768
752
758
760
766
752
752
760
762
770
770
738
734
726
718
718
720
738
712
702
704
696
688
702
698
702
700
710
742
710
736
754
734
748
764
748
750
772
768
762
764
772
760
776
774
744
762
752
756
752
744
754
744
752
740
742
742
766
754
760
766
768
766
772
762
750
764
764
740
752
776
756
764
752
748
728
740
732
742
746
750
762
750
770
754
724
726
726
734
752
740
746
742
746
738
744
750
750
744
762
752
744
752
768
750
758
776
758
778
784
768
772
790
780
774
784
778
772
772
780
764
774
776
772
772
780
766
726
754
728
700
726
718
714
736
756
734
742
780
752
760
764
756
756
764
762
716
702
706
734
774
780
802
794
798
792
796
770
784
776
760
764
784
772
766
772
772
778
770
778
768
802
784
776
780
768
774
770
782
772
792
796
786
782
786
780
772
740
754
752
726
734
728
700
710
706
712
728
744
722
728
736
740
732
746
774
770
774
780
776
780
786
810
796
800
800
784
786
782
794
792
782
808
800
788
802
766
782
780
786
786
804
790
770
776
770
758
764
786
772
794
796
792
794
786
782
786
788
756
774
770
768
792
786
770
774
792
786
754
776
766
730
718
694
720
728
738
752
756
740
774
776
766
768
764
772
768
768
776
762
784
782
780
786
770
782
786
762
766
778
760
768
790
772
784
798
782
780
774
740
732
750
736
740
752
744
752
772
772
766
790
796
782
792
808
798
784
780
760
774
764
724
698
708
736
790
800
768
790
804
800
806
802
804
800
798
814
812
804
818
812
802
812
806
792
790
790
770
782
766
772
776
774
756
768
746
738
752
740
732
734
740
734
754
738
742
760
764
762
770
750
752
760
748
726
744
742
744
768
776
760
774
780
782
788
782
778
778
752
738
760
748
744
754
766
756
746
744
742
750
762
760
786
770
762
776
762
762
762
742
732
742
762
742
762
760
734
686
702
718
744
778
774
760
776
768
770
776
754
746
758
752
760
754
754
736
740
752
742
764
768
758
784
778
778
770
782
752
768
770
750
754
774
752
766
762
758
756
756
760
750
772
756
782
786
772
766
774
740
752
748
758
752
772
754
740
762
758
748
764
784
766
786
794
778
788
794
762
772
774
748
770
756
764
782
788
780
786
776
780
782
790
782
744
768
760
732
750
782
758
792
798
788
770
782
736
764
764
740
748
790
764
772
774
778
752
740
700
716
718
690
702
704
714
708
700
702
710
714
750
728
746
750
738
752
754
744
742
774
764
760
766
758
756
774
784
762
768
778
768
778
772
748
762
784
762
774
772
758
752
758
748
748
754
750
754
762
748
748
780
778
774
766
756
728
736
720
684
658
684
668
632
652
646
644
624
626
620
602
600
608
606
604
614
592
620
688
724
726
708
698
690
700
694
702
664
686
702
718
716
712
742
752
762
742
754
776
788
768
774
780
780
764
764
768
760
760
760
746
716
742
750
732
746
764
716
738
716
684
684
642
644
620
594
616
604
592
602
606
600
600
594
600
606
600
648
646
662
670
654
654
684
692
668
700
708
772
574
706
706
674
692
680
660
678
668
704
688
672
678
674
686
718
692
712
712
702
708
698
706
718
742
690
702
708
712
704
662
640
636
618
614
610
612
596
588
604
596
600
592
588
598
588
592
588
584
632
652
646
654
674
700
716
704
706
716
708
732
708
690
704
692
692
686
690
716
728
712
696
698
684
658
668
684
678
674
710
718
690
658
688
680
652
668
660
652
666
688
670
674
684
684
654
654
682
650
624
644
638
618
628
654
674
656
690
