834
974
1002
936
980
990
918
904
936
926
844
844
892
896
840
834
874
886
820
818
858
882
834
798
842
854
832
822
850
884
854
836
860
886
862
864
934
936
910
828
878
896
874
850
892
922
868
826
874
892
864
872
910
926
884
828
858
862
874
818
848
876
892
842
804
822
846
834
786
822
868
874
824
840
870
862
816
814
846
860
816
812
846
860
818
796
840
860
832
788
814
832
818
782
792
828
864
828
866
908
924
864
894
896
864
820
856
858
828
818
880
888
844
804
856
880
854
820
850
854
842
830
878
922
886
836
882
882
858
810
852
888
872
806
808
830
846
816
858
926
922
872
880
890
856
792
808
832
854
812
800
846
860
806
784
808
826
834
800
816
848
820
812
800
818
820
808
792
784
720
686
678
706
768
840
810
814
750
704
668
682
740
846
890
856
832
884
896
876
830
868
874
866
808
806
832
856
828
778
758
794
840
804
814
900
928
868
812
868
870
850
774
794
832
860
820
822
834
842
802
784
816
826
784
762
788
850
828
796
872
926
876
868
904
918
874
820
870
888
870
814
834
852
860
824
840
802
766
756
814
882
856
836
866
880
852
804
804
826
824
784
798
836
844
814
818
848
850
778
760
802
798
776
802
814
806
788
808
854
868
822
832
842
868
810
772
816
824
810
806
796
824
842
818
784
814
826
796
772
800
858
842
796
826
832
810
782
800
802
798
788
828
866
856
832
826
858
850
810
810
846
860
828
834
842
842
804
814
866
870
830
840
840
820
794
792
804
832
816
838
880
860
826
844
876
874
832
834
846
838
800
796
824
840
808
774
806
838
798
764
838
862
842
804
810
854
850
818
812
852
850
808
784
824
846
808
802
830
846
840
802
780
826
856
838
812
858
872
848
818
868
880
868
838
848
850
802
806
842
848
822
808
868
892
860
826
886
878
858
820
822
834
824
802
830
864
872
830
828
852
818
798
790
800
798
770
776
832
874
834
840
848
856
820
834
878
880
818
806
838
854
844
806
834
856
846
814
804
810
824
808
778
820
842
836
788
814
830
830
800
796
808
820
804
780
830
876
836
830
862
862
804
818
838
840
814
842
860
844
816
834
854
824
792
826
838
810
778
814
818
800
782
822
840
832
782
796
806
806
784
794
834
832
804
820
830
804
770
806
832
822
810
838
882
854
798
836
856
850
808
828
840
838
798
788
826
834
818
778
818
834
842
806
828
890
882
826
854
876
878
824
840
872
860
816
806
824
826
822
826
868
886
828
814
844
866
836
822
858
860
816
818
824
832
790
762
810
836
826
792
822
842
844
800
816
828
834
784
812
846
860
828
804
820
830
798
776
818
834
826
808
840
876
842
806
812
836
830
790
786
828
818
766
772
800
820
798
784
830
840
818
798
832
856
822
806
842
858
824
776
796
822
824
774
796
804
738
684
652
628
624
642
588
612
602
606
606
612
608
606
600
622
664
674
734
786
826
844
818
852
912
930
856
820
886
902
890
868
928
932
902
844
906
928
896
844
844
892
890
842
894
930
910
860
892
902
894
824
842
872
876
824
828
842
768
734
736
838
912
876
904
940
954
882
902
936
912
844
884
892
910
848
860
894
874
830
816
856
866
826
848
850
826
782
808
844
860
806
794
804
840
832
822
886
910
866
828
868
874
852
806
854
860
838
818
850
876
848
810
850
888
844
810
814
830
818
786
824
856
822
810
854
860
836
830
854
844
802
810
830
850
828
836
858
880
822
804
834
838
818
794
836
860
836
820
838
856
842
824
842
868
858
810
808
822
832
812
808
856
876
848
850
878
896
844
792
826
840
812
770
804
838
822
830
842
850
812
814
834
880
844
832
866
884
846
848
860
904
852
850
884
866
836
840
846
866
834
838
862
872
824
808
834
846
830
828
848
868
830
836
864
872
822
818
834
828
782
786
798
814
816
810
858
896
862
838
862
874
836
788
838
880
842
812
834
852
838
796
802
818
836
820
810
834
880
832
844
868
900
846
828
858
864
838
818
850
860
830
816
844
864
848
834
848
866
826
800
828
868
834
810
826
832
832
824
838
876
852
824
850
852
832
794
816
852
840
800
820
828
812
796
810
848
858
826
846
876
838
804
820
858
840
808
830
848
842
800
804
822
854
808
786
816
864
842
816
842
906
908
848
874
894
880
838
860
876
866
840
846
864
874
814
808
832
868
822
800
822
828
814
778
814
838
820
806
812
816
818
794
808
824
826
816
786
806
802
778
776
798
814
824
804
824
826
814
792
810
826
842
820
808
824
822
808
802
832
838
824
792
820
832
818
798
810
816
830
816
812
820
812
798
820
854
850
832
858
868
842
808
814
842
860
848
822
854
856
838
816
850
862
852
828
840
840
834
806
804
816
816
792
796
810
800
790
764
800
822
826
796
824
834
832
816
848
854
858
814
818
830
826
816
806
834
838
814
778
802
812
818
806
802
834
826
810
804
832
838
822
832
840
840
810
792
826
852
820
800
806
808
804
800
804
810
826
810
814
842
862
836
818
846
834
812
792
774
724
688
660
642
662
658
696
800
888
838
750
744
758
776
814
850
878
898
896
898
880
876
872
874
878
876
866
870
844
854
848
850
818
810
814
830
820
804
838
844
854
818
812
828
830
798
824
832
828
812
794
808
804
758
780
794
806
798
844
866
858
830
850
852
832
806
818
812
812
800
814
832
828
812
804
824
820
796
788
800
816
798
800
822
826
822
810
818
838
842
818
798
790
796
778
788
836
844
822
838
852
872
842
826
858
832
814
804
824
840
812
822
844
860
842
852
850
842
804
790
828
836
828
826
834
852
832
804
830
834
836
816
808
828
840
808
804
834
840
828
806
834
846
840
816
834
860
858
830
832
860
864
838
748
710
670
650
644
678
756
720
732
862
1002
934
990
988
918
934
902
882
860
864
870
866
844
848
876
882
868
856
868
866
838
830
850
846
836
832
854
866
840
826
856
860
852
850
864
862
822
784
796
836
860
806
774
796
794
776
754
782
814
826
790
802
838
842
820
814
846
868
850
822
850
864
846
828
860
884
858
822
846
880
820
788
808
836
832
850
942
950
910
894
926
918
846
866
850
814
794
832
846
840
808
816
840
848
818
862
880
860
816
842
848
834
790
814
806
800
788
770
794
812
826
800
828
858
846
820
846
878
846
798
824
824
828
802
806
812
812
808
828
846
846
814
820
816
818
806
788
802
812
832
820
826
854
878
852
834
850
874
856
842
818
830
828
802
840
884
854
842
882
916
866
844
864
854
822
804
816
828
812
778
820
832
846
826
800
812
818
814
790
814
834
830
812
836
868
852
830
836
850
838
810
814
832
826
798
818
834
816
780
804
816
844
832
828
840
856
840
802
832
874
882
860
856
852
844
800
814
828
844
834
848
866
834
782
792
802
828
826
816
834
860
830
818
844
876
850
830
828
814
794
772
804
844
874
844
810
842
884
852
814
852
862
862
816
820
822
822
796
814
840
836
830
824
840
832
818
856
866
848
834
858
884
856
824
852
872
890
798
764
708
660
634
618
596
586
586
588
610
606
600
612
628
654
680
712
782
818
842
810
882
924
900
884
934
942
894
880
918
928
910
862
930
928
900
838
842
820
812
772
842
884
862
832
900
912
890
838
868
872
874
822
784
846
886
860
832
750
768
804
810
866
958
960
918
928
934
922
840
862
854
858
830
820
866
870
826
820
858
864
862
810
798
838
844
824
810
862
858
868
894
850
830
806
814
800
796
806
818
822
782
786
798
798
820
824
786
772
756
784
776
754
766
790
766
754
796
782
768
782
804
782
760
738
754
742
720
704
724
726
730
732
720
716
724
718
706
704
714
718
730
714
694
702
702
702
698
692
716
722
720
704
702
714
718
716
716
712
710
716
726
726
724
720
734
738
738
738
734
758
746
758
752
752
752
758
768
774
772
778
774
750
738
754
754
752
768
764
762
754
750
756
754
746
740
734
740
732
732
716
692
704
708
708
704
704
726
730
728
716
706
728
746
746
730
724
744
744
736
696
670
658
656
676
712
722
704
708
662
670
616
638
638
644
642
646
642
644
648
632
646
618
584
592
600
594
588
584
582
584
582
446
358
370
584
524
632
564
556
546
544
548
548
546
546
548
576
624
648
726
844
864
816
910
942
870
800
888
906
820
788
874
902
828
840
866
858
814
836
878
840
782
770
838
848
828
850
912
878
824
832
876
848
812
794
810
808
806
800
842
836
836
828
790
804
824
820
794
810
872
900
888
850
878
888
842
826
830
824
786
754
788
798
780
766
780
764
762
738
732
748
728
730
724
740
784
806
794
812
788
762
764
792
722
708
718
774
888
910
856
848
902
922
862
858
880
876
860
858
870
852
812
792
844
848
838
824
810
872
852
842
808
788
820
830
800
792
812
824
824
804
798
822
814
782
790
798
790
762
740
770
780
740
730
750
768
762
764
768
766
766
730
742
738
728
722
716
758
774
790
780
774
822
822
806
840
840
822
806
830
828
788
762
782
778
774
748
728
752
758
752
730
736
736
712
706
710
776
820
816
804
812
840
848
812
824
834
828
804
784
804
812
792
812
816
780
800
808
782
804
794
762
740
788
794
748
730
712
692
688
668
680
748
792
804
784
794
824
826
806
780
828
848
790
766
800
770
788
772
754
774
734
714
696
702
704
702
712
848
970
906
952
966
932
866
884
898
894
842
848
898
900
870
838
866
874
860
824
812
820
826
806
794
808
862
852
834
840
862
828
792
814
828
820
792
796
786
786
754
728
766
806
760
762
866
960
928
866
894
856
810
776
804
798
798
770
774
806
834
806
792
820
814
818
778
760
784
798
810
790
754
762
762
766
754
762
822
860
856
836
840
844
842
788
772
808
834
836
810
802
848
852
816
838
870
834
790
808
842
794
790
812
798
820
840
836
826
830
804
778
804
812
772
744
772
784
768
768
792
840
846
804
772
796
796
774
750
760
760
760
744
724
744
756
766
742
720
742
748
748
746
736
772
804
824
804
794
808
810
814
792
794
820
846
820
776
810
814
818
776
758
784
788
794
732
712
706
712
736
740
736
784
834
840
816
800
860
874
848
816
820
830
836
800
772
802
830
818
800
798
828
832
818
830
854
830
796
826
840
824
798
814
824
820
800
774
810
818
792
762
768
776
784
770
738
726
760
758
758
736
724
758
790
796
778
760
786
786
788
756
744
736
718
734
726
718
748
776
796
800
792
816
814
788
758
758
764
774
742
740
732
730
736
738
732
730
730
730
724
710
726
734
710
714
738
720
728
710
704
734
772
782
772
832
834
838
814
794
798
796
758
750
768
762
772
746
708
730
720
710
698
700
712
742
756
750
722
718
720
730
710
706
692
700
698
694
696
760
842
862
826
828
870
872
826
772
786
798
790
762
762
806
846
856
828
826
858
832
808
794
812
826
794
754
746
782
814
806
774
762
806
830
814
782
772
824
856
848
822
804
850
850
820
806
812
814
774
742
778
788
786
758
754
786
804
802
762
756
778
804
816
776
754
770
764
768
742
730
758
772
794
764
768
800
810
778
764
782
792
768
758
774
776
754
752
754
738
728
712
702
714
752
790
784
778
822
828
814
776
760
792
816
796
768
760
790
792
774
760
794
798
784
790
778
756
784
800
780
764
786
794
784
770
756
782
794
748
724
764
772
768
752
744
758
750
746
716
720
712
700
712
714
704
728
746
752
760
776
800
800
776
768
740
720
714
724
724
740
756
774
766
754
716
700
686
682
682
696
738
762
736
776
790
774
776
784
730
700
670
634
608
588
592
650
668
668
720
754
714
728
750
718
698
718
730
720
704
736
756
732
716
746
794
772
744
764
774
772
748
732
758
770
728
720
740
766
754
736
762
774
778
752
728
758
768
754
722
702
706
728
740
724
718
754
794
766
746
776
802
778
742
734
748
742
716
724
744
748
730
722
752
782
780
782
768
802
808
778
750
754
754
746
716
692
696
704
724
724
710
686
702
706
704
700
716
720
736
718
712
726
718
722
710
704
714
734
740
748
756
766
756
746
748
772
764
734
716
724
714
696
672
662
680
700
700
708
792
828
836
788
812
826
788
760
782
776
768
754
760
754
766
748
732
758
758
760
752
736
758
760
760
742
736
752
766
776
746
724
742
726
722
712
702
734
762
764
780
784
830
846
854
814
800
832
830
798
776
804
816
800
752
710
702
698
698
682
676
662
654
664
646
642
636
630
660
684
690
728
750
760
756
800
846
870
874
822
850
874
874
850
772
806
836
832
810
786
820
808
796
770
768
784
802
792
752
734
778
788
790
764
740
768
780
758
728
750
736
738
736
746
802
824
796
816
814
794
800
830
816
782
776
792
782
750
756
776
786
772
736
708
714
718
712
692
726
744
746
740
738
740
752
742
708
702
726
742
760
742
726
748
748
722
700
696
726
752
776
744
736
778
820
852
824
846
852
834
804
754
714
724
760
766
758
810
814
792
752
768
796
778
726
690
686
674
672
666
726
878
862
808
846
884
864
800
832
840
830
772
754
786
800
814
784
730
762
776
756
732
738
734
748
740
714
716
746
764
766
742
718
742
782
792
784
868
892
874
850
842
858
852
802
768
796
804
772
748
784
802
792
766
746
794
802
790
756
744
768
782
776
758
742
754
754
746
708
694
722
762
786
774
784
816
822
802
776
810
826
814
780
758
784
794
780
744
720
744
758
774
746
730
732
762
806
810
790
794
828
830
772
734
754
766
766
740
740
756
756
734
712
720
726
730
728
702
708
680
664
646
630
628
658
698
664
702
698
746
736
794
766
730
688
686
684
704
736
738
820
896
946
914
916
854
878
890
890
870
818
858
878
888
852
778
810
798
736
726
738
750
764
748
778
818
810
780
768
806
846
838
796
792
800
788
802
786
770
836
852
834
792
780
796
792
788
756
736
756
768
760
770
790
824
834
790
764
796
806
802
766
748
774
786
786
750
750
780
796
818
782
748
768
770
750
734
756
772
764
740
762
792
804
758
722
744
760
756
730
700
714
718
728
734
736
784
818
826
806
808
838
856
846
806
830
852
854
814
804
832
842
814
786
826
818
778
764
786
792
762
730
748
782
788
774
772
794
810
778
750
750
762
776
770
744
766
768
758
736
730
760
784
804
774
762
806
806
784
734
742
748
760
730
716
758
786
784
746
738
774
796
758
740
766
768
782
760
768
798
814
808
768
786
800
808
770
782
814
828
790
764
794
802
788
760
784
778
776
778
764
760
782
806
782
764
782
786
786
756
740
764
792
790
768
726
734
738
726
702
704
740
764
778
760
740
766
762
720
698
722
716
748
734
788
826
858
828
866
874
874
830
808
812
804
790
768
792
818
836
796
776
802
804
818
802
786
818
814
814
808
788
788
798
802
784
780
804
818
800
776
782
804
816
800
764
768
782
788
804
768
768
800
802
790
802
804
802
784
792
810
814
792
766
792
790
798
784
776
802
804
806
786
788
780
796
788
768
788
796
788
784
776
814
830
832
820
808
826
816
808
774
798
814
824
812
786
808
806
804
794
786
808
820
814
792
788
792
790
774
760
778
794
800
788
762
786
804
798
782
794
818
820
810
782
800
802
784
764
786
798
792
762
746
766
780
732
716
768
812
808
790
776
812
810
800
788
784
784
776
764
758
768
778
782
774
750
766
780
762
742
770
786
792
772
784
776
776
762
752
776
778
780
758
770
760
758
732
726
746
762
764
760
766
778
790
766
770
798
792
784
774
800
820
814
796
788
802
824
828
800
800
798
774
778
848
858
836
842
872
886
834
850
860
840
808
820
822
816
792
768
788
800
810
808
792
808
796
800
784
788
794
810
796
780
800
800
796
760
764
776
784
764
768
810
838
816
790
826
834
822
790
798
802
796
766
744
776
788
776
776
800
824
834
810
828
836
818
782
804
798
794
780
790
792
806
776
774
784
804
798
786
802
824
812
806
812
800
812
788
782
802
816
792
780
796
798
806
778
774
802
808
790
770
790
798
802
766
788
794
798
778
772
772
780
776
764
790
806
786
756
730
758
762
764
758
782
794
794
796
752
764
740
744
766
804
814
806
828
836
804
824
834
812
796
832
834
808
810
816
824
812
798
822
830
822
814
800
814
812
812
794
786
796
812
808
770
800
820
818
786
802
818
838
808
796
828
826
816
794
804
808
802
778
812
828
832
804
772
774
784
758
762
782
798
780
760
778
788
790
786
798
812
790
752
784
782
786
756
758
770
786
770
744
772
802
800
786
772
798
804
786
764
790
804
812
790
808
818
816
774
786
780
790
776
782
794
798
782
758
690
708
706
720
736
750
780
818
872
858
862
862
852
844
844
832
824
812
820
824
814
814
816
788
798
800
812
784
772
810
818
804
772
798
792
788
774
766
784
796
794
788
788
774
782
784
778
798
796
800
782
790
792
804
782
792
810
808
800
790
784
784
788
762
780
802
778
764
786
800
796
774
792
796
778
772
786
780
766
762
784
790
770
784
786
766
744
768
782
782
774
790
798
788
768
784
782
800
786
800
804
798
756
760
780
790
760
746
778
774
770
736
748
764
766
744
776
804
780
764
782
796
804
784
788
806
804
776
770
782
798
768
762
776
788
762
758
784
778
768
750
766
772
770
742
766
782
786
764
760
778
792
778
776
790
790
786
778
774
780
788
768
768
760
764
754
772
782
790
770
762
752
766
750
750
796
832
810
786
786
792
760
738
764
782
796
764
792
800
792
762
784
798
804
796
802
804
784
778
786
792
786
772
802
806
778
768
800
818
796
774
800
806
804
770
772
780
770
744
752
782
804
768
752
778
792
768
760
766
770
756
740
790
816
770
784
828
828
798
828
838
810
788
812
814
812
800
810
772
734
716
750
774
788
776
822
846
834
810
824
840
840
820
832
830
808
804
816
822
820
810
818
828
798
762
786
786
786
772
780
794
768
738
758
764
770
758
754
786
810
774
756
776
780
764
758
768
772
748
738
762
782
748
742
776
790
770
786
806
812
796
798
820
822
786
810
832
812
788
784
802
790
774
768
776
824
834
788
790
840
854
830
832
832
830
800
782
804
806
798
800
814
822
800
774
794
798
788
788
814
792
772
748
762
774
756
764
784
794
774
798
806
790
764
798
814
792
750
768
776
764
738
776
798
780
762
788
806
792
766
804
828
804
780
802
814
780
760
796
824
824
786
810
822
800
772
792
790
788
762
784
798
784
756
770
794
788
766
796
798
796
766
786
790
792
774
796
808
800
766
778
774
782
756
758
780
796
774
766
780
790
768
734
756
792
778
762
794
818
782
774
814
840
806
800
804
800
750
750
760
790
790
788
826
844
806
788
820
838
806
804
818
796
766
766
778
808
778
774
792
802
768
770
780
802
776
768
788
796
760
780
798
796
768
776
780
792
764
734
776
784
754
748
784
816
782
780
788
802
780
780
806
800
780
788
812
794
774
760
766
772
768
762
780
794
772
750
774
782
782
770
794
814
794
772
788
794
786
762
788
796
778
762
776
772
762
762
784
796
770
746
766
760
742
756
778
786
780
784
800
742
698
668
644
622
630
628
626
630
638
676
684
666
666
712
774
782
794
818
816
802
808
834
844
838
824
840
836
814
790
812
796
774
750
762
766
794
784
796
838
850
832
812
820
826
818
798
816
826
820
812
816
816
826
798
778
802
802
802
794
788
780
770
750
774
794
778
770
796
796
796
772
788
800
808
794
790
798
800
776
748
774
782
782
766
760
772
784
770
748
774
804
808
788
776
792
786
770
766
790
800
784
764
770
774
774
770
790
796
794
780
790
794
802
792
796
800
824
804
808
800
790
768
770
774
780
774
776
792
786
774
782
774
770
764
780
794
774
758
768
760
740
734
768
782
794
780
828
860
836
816
838
850
840
804
814
824
786
790
786
798
790
778
788
760
678
660
640
642
658
668
668
704
692
688
702
688
666
662
648
642
630
628
632
660
714
748
734
798
862
908
914
856
876
882
900
884
810
856
874
874
810
800
846
856
796
820
870
894
832
800
850
870
820
786
838
866
840
794
852
862
850
796
814
826
852
794
760
804
850
826
782
806
820
842
792
810
834
854
810
810
828
832
782
790
816
848
824
792
804
802
780
760
798
810
814
778
792
812
828
792
790
824
838
800
810
808
758
724
768
792
776
774
812
814
770
780
800
820
800
820
846
818
792
808
810
778
758
786
794
778
758
786
802
