1070
1126
1050
1016
1042
1014
992
1084
1044
1112
1126
1050
1072
1134
1044
1032
1034
994
1092
1082
1030
1062
1068
1024
1096
1126
1044
1094
1112
1050
1080
1092
1038
1028
1088
1016
1040
1088
1020
1044
1028
1008
1002
1070
1024
1026
1084
1000
950
992
1038
990
1120
1166
1094
1156
1108
1090
1154
1090
1038
1076
1070
1042
1078
1064
1032
1136
1078
1066
1146
1108
1040
1074
1066
1004
1044
1070
1030
1028
1076
1006
980
994
1028
996
1156
1104
1034
1124
1154
1088
1096
1076
1088
1120
1054
1092
1126
1058
1056
1112
1092
1022
1078
1056
994
1000
996
948
996
1076
1018
1100
1102
1058
1104
1070
1044
1100
1068
1036
1076
1042
1022
1064
1084
988
1034
1052
1006
1050
1096
1042
1062
1118
1046
1052
1072
1060
1010
1084
1070
1018
1040
1046
970
990
1066
994
1046
1092
1086
1160
1090
1020
1084
1116
1056
1098
1128
1046
1086
1092
1036
1070
1088
988
1022
1060
986
1030
1084
1024
1032
1096
1032
1038
1072
1038
1022
1044
1074
994
950
1052
1120
1034
1128
1098
1044
1116
1090
1068
1128
1056
1048
1094
1068
1018
1052
1054
992
1032
1024
978
1082
1112
1030
1112
1094
1028
1072
1064
1014
1066
1088
1022
1072
1052
1026
1070
1050
998
1036
1038
958
1012
1018
984
1034
1102
1032
1042
1094
1068
1018
1070
1052
1004
1040
1100
1052
1056
1066
1034
1102
1066
1006
1070
1072
1006
1048
1050
1028
1082
1080
1056
1114
1072
1046
1076
1054
1044
1100
1086
1034
1094
1070
1024
1066
1090
1016
1066
1112
1014
1040
1040
996
1078
1108
1022
1078
1102
1036
1072
1068
1006
1042
1028
974
1038
1078
1010
1090
1118
1064
1034
1074
1080
1012
1068
1056
1004
1034
1026
984
1054
1076
1018
954
1020
1092
1040
1008
1056
1042
1012
1140
1118
1064
1148
1122
1050
1108
1104
1018
1068
1078
1002
992
1076
1012
976
1038
1026
1008
1098
1108
1046
1090
1068
1024
1098
1084
1036
1074
1064
1018
1044
1072
1016
1074
1050
1006
1070
1080
1024
1086
1066
1010
1058
1078
1042
1076
1106
1028
1028
1092
1048
1010
1076
1090
1044
1118
1110
1042
1066
1060
1002
1048
1062
996
986
1064
1046
1014
1066
1058
1024
1076
1064
1046
1106
1058
992
1058
1056
998
1054
1062
998
1060
1034
986
1048
1050
1012
1080
1046
996
1008
1016
950
1006
1028
980
990
1028
992
1034
1086
1034
1072
1110
1038
1020
1068
1020
1022
1046
990
950
1006
1046
998
1058
1098
1042
1058
1034
994
1058
1090
1014
1106
1102
1026
1052
1064
1000
1044
1040
976
1028
1076
980
1030
1050
998
1070
1078
1026
1084
1094
1018
996
1054
1054
1010
1066
1052
990
1038
1052
980
1016
992
914
932
990
986
1064
1132
1108
1078
1170
1120
1070
1130
1096
1042
1094
1074
1014
1064
1038
992
1018
1098
1028
1122
1110
1020
1050
1074
996
1028
1058
998
1018
1068
1030
1028
1104
1040
1022
1074
1048
1012
1026
1068
986
1056
1054
1004
1070
1080
998
1014
1056
1016
1002
1074
1048
1006
1012
1044
1020
1104
1124
1052
1110
1062
1010
1040
1050
1012
1084
1096
1006
1008
1054
1016
996
1062
1010
1052
1090
1028
1026
1090
1044
974
1050
1042
994
1020
1014
968
1052
1078
1032
1096
1066
990
1036
1050
1010
1088
1076
1020
1054
1024
1006
1138
1060
1058
1124
1074
1026
1106
1066
984
1036
1060
1024
1026
1094
1092
1032
1072
1084
1006
1054
1080
1050
980
1058
1060
1008
1032
1056
990
1038
1048
978
1026
1052
1000
960
984
1018
958
1002
1034
1010
988
1048
1032
998
1082
1044
984
1030
1042
990
1052
1048
998
1010
1018
984
1088
1102
1038
1084
1126
1016
1030
1060
1026
1062
1144
1056
1074
1126
1086
1032
1114
1074
1036
1114
1094
1010
1034
1022
960
982
980
984
1038
1050
1032
1086
1092
1064
1110
1098
1020
1074
1080
1008
1072
1094
1040
1088
1122
1060
1072
1076
1048
990
880
954
1062
1132
1084
1180
1202
1130
1164
1188
1136
1116
1160
1132
1128
1152
1124
1112
1138
1102
1048
1070
1074
1004
1060
1062
988
1032
1064
1020
1072
1056
1014
1106
1066
1014
1076
1058
1014
1062
1046
984
1064
1038
1014
1060
1042
1018
1058
1042
1010
1058
1090
1048
1066
1058
1012
1056
1060
1018
1060
1008
984
1032
1008
1008
1122
1084
1114
1152
1112
1150
1092
1078
1100
1056
1034
1096
1028
1084
1102
1060
1122
1086
1022
1070
1050
1022
1062
1076
1028
1076
1020
948
1000
1012
1006
1158
1124
1118
1160
1124
1102
1156
1080
1088
1086
1024
1044
1046
996
1066
1052
1018
1094
1098
1028
1092
1100
1054
1128
1118
1098
1178
1112
1058
1128
1098
1076
1120
1098
1086
1134
1054
978
1032
1066
994
1096
1140
1106
1186
1098
1138
1118
1044
1094
1090
1026
1068
1086
1038
1058
1090
1004
1030
1048
1000
1068
1064
1010
1064
1070
1030
1086
1048
992
1042
1056
1010
1070
1046
1042
1088
1066
1008
1056
1058
1016
1098
1080
996
1006
1014
934
1010
1074
1020
1110
1150
1070
1108
1114
1066
1096
1088
1032
1074
1056
1010
1084
1048
1048
1090
1066
1020
1012
1018
988
1036
1076
1022
1136
1124
1064
1128
1124
1070
1116
1086
1016
1028
1050
970
1016
1102
1058
1128
1084
1062
1014
1088
1120
1064
1058
1116
1110
1058
1124
1094
1050
1036
1010
976
1082
1108
1064
1118
1118
1062
1116
1100
1042
1070
1104
1040
1070
1094
1034
1076
1084
1040
1078
1082
1022
1058
1102
1034
984
964
988
946
1052
1168
1116
1198
1240
1162
1164
1142
1100
1138
1120
990
1044
1086
1044
1118
1172
1094
1170
1150
1082
1140
1118
1060
1116
1096
1074
1150
1110
1068
1100
1094
1018
1050
1108
1058
1086
1124
1078
1098
1104
1092
1058
1140
1098
1056
1118
1078
1016
1070
1078
1048
1084
1080
990
1034
1058
1024
1032
1086
1072
1072
1152
1100
1018
1076
1068
1022
960
1064
1088
1036
1132
1114
1064
1096
1080
1024
1110
1078
1066
1130
1086
1018
1086
1098
1062
1018
1094
1018
978
1056
1048
1026
1128
1054
1066
1104
1054
1026
1120
1068
1044
1066
1032
954
964
1018
1006
1160
1172
1084
1180
1126
1094
1134
1106
1044
1096
1096
986
1052
1100
1046
1110
1182
1110
1124
1134
1106
1078
1134
1060
980
992
1034
1028
1122
1124
1064
1130
1114
1062
1142
1120
1032
1036
1038
1022
998
1102
1106
1070
1140
1132
1064
1136
1132
1090
1138
1102
1016
1092
1070
1022
972
1066
1096
1064
1132
1098
1076
1120
1084
1040
1140
1138
1084
1120
1112
1048
1078
1042
984
1044
1098
1036
1058
1086
1046
992
1100
1058
1012
1020
1064
1028
994
1084
1064
986
1034
1080
1012
1054
1090
1050
1012
1072
1048
1000
1062
1128
1066
1052
1118
1100
1012
1060
1044
976
1034
1046
984
1014
1046
1014
944
1006
1082
1042
1134
1104
1042
1148
1080
1042
1144
1146
1068
1126
1106
1032
1074
1070
1022
940
956
980
956
1022
1136
1060
1076
1140
1072
1034
1130
1092
1050
1104
1086
1020
1016
1048
990
950
1046
1070
1020
988
1082
1046
986
1054
1142
1062
1128
1174
1086
1038
1084
1000
1042
1104
1032
1078
1120
1048
996
1062
1032
992
1036
1068
994
1020
1066
1010
972
1064
1122
1054
1082
1152
1096
1040
1096
1082
982
954
992
980
968
1050
1100
1026
1074
1102
986
968
1058
1110
1048
1116
1146
1068
1076
1054
980
1030
1072
1032
1028
1042
996
912
922
972
936
894
934
996
894
866
856
830
806
802
816
834
832
812
820
810
814
802
800
804
806
804
808
824
826
874
938
896
928
970
1036
1030
1000
1054
514
824
802
776
768
778
764
764
756
758
756
746
738
752
806
898
962
1060
1134
1140
1160
1152
1150
1122
1048
1064
1096
1044
980
1094
1082
962
998
1032
962
994
1036
942
958
1050
1020
1054
1088
1048
1082
1098
1066
1074
1074
1044
1022
1038
1000
1034
1068
1030
1110
1114
1094
1066
1062
940
876
888
864
876
938
936
1000
1098
1052
1120
1262
1174
1214
1186
1112
1166
1152
1090
1120
1108
1068
1090
1078
966
1008
1060
1072
1160
1088
1078
1122
1090
1036
1064
1030
1024
1078
1068
1066
1094
1066
986
1022
1018
996
926
932
1122
1156
1252
1168
1190
1198
1092
1114
1124
1050
1106
1100
1082
1126
1102
1074
1220
1174
1166
1216
1176
1084
1126
1064
1042
1072
1100
1044
1054
1090
1048
1070
1092
1050
1084
1096
1042
1016
1062
974
962
1006
932
908
1038
1160
1158
1232
1180
1126
1214
1160
1074
1146
1128
1122
1164
1130
1178
1166
1082
1114
1118
1060
1092
1082
1038
1068
1072
970
976
1052
1060
1076
1214
1114
1138
1168
1116
1074
1176
1144
1110
1168
1120
1032
1096
1114
1094
1154
1140
1116
1174
1106
1054
1132
1072
1034
1126
1088
1074
1108
1060
1030
1062
1060
994
1056
1074
1038
1022
1042
972
992
1034
1004
988
1066
1058
996
966
964
900
852
886
860
832
860
890
958
990
1192
1252
1180
1244
1218
1174
1212
1192
1114
1160
1162
1126
1156
1188
1144
1094
1142
1036
1084
1080
1052
1050
1104
1056
994
1048
1058
1030
1050
1112
1046
1100
1112
1050
1048
1084
1030
1032
1042
1028
1018
1024
1102
1046
1158
1110
1098
1140
1112
970
1014
1042
1014
1140
1110
1096
1120
1108
1078
1112
1148
1096
1096
1084
1004
1046
1034
986
1024
1066
1028
1012
1074
1094
1064
1134
1116
1084
1070
1084
968
980
1004
982
924
928
1112
1110
1268
1160
1128
1204
1156
1196
1228
1134
1104
1170
1082
1062
1126
1094
1120
1182
1126
1058
1130
1038
1048
1066
1036
994
1058
1054
1020
1064
1100
1058
1068
1102
1044
1040
1064
1012
1002
1074
1016
986
1018
1008
968
972
1046
1062
1152
1152
1098
1078
1116
1020
1078
1148
1038
962
970
948
936
1196
1138
1184
1224
1116
1110
1122
1032
1094
1112
1102
1172
1188
1116
1110
1138
1054
1082
1100
1066
1070
1106
1052
970
998
1004
970
1014
1186
1122
1152
1172
1074
1006
1026
1026
958
1020
1060
1014
1034
1066
1042
1138
1132
1118
1126
1116
1088
1072
1082
1050
1066
1060
1014
984
1002
952
1056
1180
1128
1220
1222
1134
1146
1174
1076
1102
1130
1072
1094
1112
1080
1064
1056
984
1000
1044
1054
1202
1288
1186
1180
1196
1132
1190
1144
1074
1158
1090
1064
1114
1092
1050
1088
1070
1018
1056
1046
1004
992
976
940
970
1040
998
1072
1090
1044
1080
1080
1030
1034
1044
1032
1078
1102
1062
1076
1090
994
1036
1068
1012
1002
1060
1012
956
972
982
964
1012
1110
1054
1130
1078
1048
1060
1040
1060
1094
1014
996
1000
1014
944
960
890
870
860
998
1296
1292
1328
1200
1224
1204
1108
1174
1054
932
924
978
1002
1216
1240
1208
1290
1212
1204
1236
1174
1166
1198
1136
1078
1110
1060
1058
1092
1022
972
990
1022
950
902
894
866
892
1196
1164
1236
1288
1164
1134
1082
1118
1070
1138
1108
1106
1156
1164
1106
1120
1112
1050
1096
1082
1010
978
1020
1076
1054
1190
1148
1124
1130
1146
1042
1068
1068
912
896
904
968
1476
1300
1272
1286
1128
1108
1154
1060
1166
1158
1118
1188
1142
1076
1130
1122
1002
1022
1052
1062
1148
1092
1094
1126
1124
1100
1082
1090
996
1042
1110
1044
1064
1094
1064
1044
1072
1068
1020
1024
1006
916
872
896
1220
1172
1216
1264
1194
1196
1256
1164
1162
1192
1080
1110
1162
1104
1138
1214
1152
1156
1164
1130
1086
1100
1080
996
1032
1032
1020
1082
1082
1052
1110
1136
1076
1092
1126
1096
1106
1140
1114
1164
1170
1078
1090
1110
1070
1086
1082
1018
1054
1098
1046
1046
1088
1056
1002
1022
1088
1042
1052
1074
1038
944
910
858
838
804
818
1084
1268
1284
986
884
860
856
836
816
828
828
858
1050
1130
1082
1098
1164
1162
1146
1106
1158
1144
1102
1146
1134
1070
1024
1078
1110
1060
1062
1080
1062
1010
1064
1134
1068
1146
1140
1122
1114
1076
1028
1042
1104
1056
1042
1110
1052
1012
1070
1042
950
1008
990
986
978
1170
1164
1132
1214
1180
1084
1150
1132
1104
1136
1122
1104
1120
1144
1098
1088
1120
1070
1090
1120
1050
1050
1100
1048
1000
1054
1026
1008
1064
1108
1012
1032
1092
1068
1074
1168
1116
1092
1110
1118
1056
1148
1168
1068
1054
1134
1090
1044
1110
1086
1040
1054
1054
966
976
1038
1042
1152
1158
1118
1108
1124
1030
1074
1124
1068
1082
1090
1038
1022
1042
988
1036
1110
1042
1142
1188
1122
1070
1112
1058
1050
1080
1060
1130
1140
1100
1062
1074
1058
1054
1010
1004
1032
1018
994
1014
988
1016
1012
954
924
912
882
940
732
864
820
814
848
848
892
924
944
924
918
890
864
840
836
818
832
854
892
1064
1154
1118
1122
1132
1132
1066
1020
1074
1142
1008
960
1000
1086
1046
1126
1126
1064
1078
1096
1012
1032
1066
998
980
1036
1000
972
994
1058
1028
1100
1176
1110
1036
1064
1076
1018
1032
1048
980
956
1018
1002
1040
1120
1052
1070
1172
1098
1032
1054
1036
986
994
1006
984
982
1042
1000
950
996
1046
1002
1004
1090
1062
1054
1100
1074
934
922
918
926
1276
1246
1258
1288
1196
1146
1182
1128
1112
1196
1124
1074
1128
1090
1038
1078
1064
996
1038
1056
1004
980
988
1004
1024
1122
1064
1066
1082
1120
1034
1032
1054
994
1050
1082
1042
1108
1082
1044
1050
1052
996
1006
1014
1014
1014
1072
1102
1054
1064
1070
1004
1018
1114
1056
1062
1138
1096
1020
1068
1076
1058
1162
1162
1086
1056
1048
968
998
1092
1046
1012
936
896
878
904
1004
968
1010
1076
1030
1074
1204
1108
1086
1144
1112
1118
1140
1082
1066
1072
1082
1070
1102
1156
1090
1112
1064
1010
1040
1078
1044
1116
1096
1064
1038
1058
994
948
966
982
974
964
1086
1204
1100
1088
1070
1022
1016
1106
1118
1084
1106
1080
1056
1080
1066
1092
1142
1098
1052
1048
1028
1006
1030
1030
992
1016
1012
992
1000
998
990
932
952
980
976
1098
1046
1038
1064
1076
1028
1078
1092
1056
1114
1130
1062
1014
1058
1048
1018
1080
1092
1070
1110
1130
1070
1092
1122
1088
1092
1122
1098
1024
1048
984
1044
1138
1056
1138
1158
1076
1058
1082
1014
1008
988
1000
904
870
836
822
906
1418
1222
1328
1272
1210
1278
1206
1152
1160
1154
1146
1218
1168
1158
1200
1154
1108
1136
1108
1020
1024
1024
978
1048
1096
1014
1084
1130
1082
1186
1158
1104
1106
1126
1032
1022
1102
1042
1108
1116
1066
1076
1096
1064
1068
1120
1068
1064
1096
1010
1008
1042
1020
1028
1096
1048
1064
1086
1064
1118
1094
1024
1058
1078
1044
1086
1100
1058
1052
1110
1060
1030
1098
1086
1086
1108
1132
1108
1120
1124
1070
1012
1044
982
1058
1126
1080
1130
1152
1102
1104
1140
1088
1100
1124
1086
1070
1084
1038
1058
1092
1056
1062
1074
998
1016
1022
1008
1012
1076
1062
1064
1120
1126
1102
1108
1098
1012
1030
1070
1032
1092
1162
1080
1052
1072
1002
1018
1064
1038
1050
1096
1020
1010
1018
1012
956
1032
1104
1058
1116
1160
1104
1116
1134
1044
1092
1086
1028
1032
1062
1002
1010
1090
1064
1072
1100
1078
1078
1078
1084
1034
1042
1072
1054
1004
1022
1028
996
1002
1056
1010
1026
1052
1072
1040
1054
1084
1050
1074
1102
1054
1090
1140
1070
1064
1094
1064
990
1012
1020
1060
1144
1072
1052
1114
1108
1086
1112
1112
1050
1072
1040
934
944
1016
1016
1208
1190
1100
1148
1100
1008
1084
1058
1016
1056
1046
1010
1014
1028
992
1006
1018
984
984
1022
1008
888
884
866
838
856
912
930
1046
1074
1028
1148
1080
1010
1078
1072
1028
1078
1170
980
900
750
816
810
772
816
770
778
764
768
768
774
786
792
820
844
902
964
946
976
1076
1086
1128
956
872
888
946
956
1206
1214
1186
1284
1170
1102
1180
1146
1122
1158
1082
1148
1156
1080
1148
1164
1070
1140
1126
1070
1016
1074
1052
1068
1126
1140
1106
1158
1114
1048
1118
1088
1036
1092
1064
1014
1060
1064
990
1064
1112
1050
1126
1112
1070
1130
1088
1042
1138
1088
1036
1076
1048
1002
1012
1030
968
1012
1062
1072
1026
1082
1062
1014
1036
1068
1000
1036
1100
1060
1078
1088
1072
1024
1088
1038
972
1022
1042
1010
1054
1040
978
1012
996
962
1018
1076
1036
1082
1110
1038
1092
1084
1034
1104
1084
1038
1084
1090
1036
1102
1092
1042
1082
1082
1018
1054
1096
1056
1084
1156
1102
1094
1132
1088
1052
1112
1084
1056
1094
1084
1036
1092
1082
1034
1082
1100
1042
1076
1084
1026
1100
1080
1026
1076
1084
1014
1092
1096
1064
1124
1094
1040
1106
1098
1050
1092
1094
1038
1074
1012
996
956
1084
1160
1180
1268
1218
1220
1194
1136
1204
1182
1104
1140
1126
1090
1174
1130
1118
1150
1122
1060
1116
1082
1032
1094
1080
1040
1104
1100
1060
1116
1094
1032
1082
1102
1024
1076
1092
1022
1058
1106
1024
1078
1070
996
1048
1082
1040
1126
1094
1082
1154
1094
1126
1148
1080
1046
1086
1056
1052
1140
1120
1094
1156
1124
1118
1178
1098
1066
1150
1076
1082
1142
1080
1044
1114
1092
1058
1090
1102
1048
1102
1084
1028
1090
1062
1000
1066
1078
1042
1118
1090
1054
1088
1070
1022
1094
1092
1056
1104
1084
1062
1104
1050
1016
1096
1074
1056
1114
1102
1056
1120
1076
1026
1072
1040
994
1062
1102
1036
1118
1116
1034
1084
1124
1054
1096
1088
1084
1044
1164
1148
1122
1198
1118
1132
1176
1092
1110
1156
1078
1116
1152
1064
1068
1094
1038
1056
1126
1084
1082
1138
1118
1094
1146
1114
1030
1046
1082
1048
1146
1152
1088
1154
1130
1112
1168
1128
1130
1162
1094
1096
1118
1042
1062
1104
1052
1058
1094
1066
1086
1124
1060
1092
1124
1072
1102
1124
1058
1074
1096
1042
1066
1088
1042
1082
1096
1048
1076
1094
1050
1142
1116
1072
1122
1122
1064
1130
1096
1030
1104
1064
1048
1086
1086
1038
1102
1078
1036
1084
1078
1006
1060
1094
1050
1120
1124
1038
1100
1106
1056
1120
1116
1042
1116
1118
1040
1098
1116
1070
1126
1098
1018
1084
1066
1046
1112
1096
1030
1106
1086
1060
1116
1104
1022
1090
1110
1024
1114
1134
1048
1070
1102
1064
1056
1092
1102
1036
1102
1100
1048
1106
1108
1042
1106
1086
1044
1114
1100
1068
1108
1092
1056
1118
1072
1068
1112
1076
1028
1084
1070
1026
1062
1092
1034
1090
1088
1038
1104
1074
1028
1084
1064
1024
1098
1080
1028
1062
1046
1010
1030
1014
978
1024
1078
1034
1160
1106
1132
1172
1134
1126
1172
1114
1138
1146
1098
1100
1134
1076
1066
1108
1080
1066
1110
1068
1080
1132
1090
1056
1088
1080
1040
1110
1048
996
1042
1108
1088
1192
1108
1106
1172
1110
1104
1158
1098
1096
1146
1082
1108
1130
1062
1068
1098
1098
1036
1082
1066
1064
1104
1076
1044
1080
1062
996
1056
1076
1014
1068
1088
1022
1060
1112
1054
1072
1112
1072
1062
1118
1078
1088
1140
1102
1090
1158
1094
1038
1082
1094
1060
1158
1124
1036
1110
1106
1050
1166
1130
1140
1174
1094
1070
1144
1070
1024
1054
1066
1000
1066
1076
1040
1110
1104
1076
1148
1116
1076
1164
1110
1072
1132
1088
1014
1054
1066
1046
1116
1142
1082
1146
1142
1064
1136
1114
1056
1110
