742
768
752
790
776
768
788
834
864
834
814
836
850
834
826
872
894
878
842
860
874
854
828
854
876
864
840
816
842
858
886
852
800
820
844
822
800
812
832
832
810
812
838
892
842
806
848
858
838
814
856
854
834
806
828
860
856
824
810
838
846
824
788
808
848
848
826
802
816
834
822
800
782
798
826
822
796
774
808
816
778
760
764
738
736
734
724
718
710
694
692
688
674
666
660
646
652
650
658
662
676
700
730
724
686
706
704
694
684
696
714
728
712
704
700
706
754
784
792
790
796
778
756
716
740
736
728
750
756
774
790
806
780
758
764
766
752
750
744
718
730
766
796
778
772
800
784
780
760
736
748
814
816
802
806
818
834
824
804
810
818
828
818
818
828
838
852
826
834
844
842
860
836
814
834
838
844
826
828
832
832
820
840
862
862
842
836
844
852
834
822
832
844
868
864
844
850
848
826
816
840
888
862
858
884
892
880
848
874
864
856
828
828
840
864
864
848
858
864
870
848
854
858
864
852
844
860
854
846
816
830
830
820
790
766
742
738
740
736
752
768
762
756
760
786
818
808
802
814
860
858
846
832
844
852
814
788
794
794
794
802
818
850
840
840
832
834
844
868
846
830
840
848
860
848
836
850
846
858
840
848
870
880
860
838
858
860
852
830
840
848
850
832
826
834
836
836
826
828
838
850
832
820
846
854
862
840
830
842
842
846
828
838
856
882
870
834
842
862
854
844
822
834
832
822
804
824
842
884
852
856
866
910
874
868
884
888
870
852
872
870
846
828
842
856
856
842
838
846
850
840
824
848
848
846
836
836
836
822
808
796
808
832
864
834
852
876
914
884
870
892
894
882
860
858
876
864
856
872
888
854
846
858
868
860
842
856
852
852
832
828
836
856
838
822
832
850
864
840
854
864
852
830
808
830
850
850
844
870
904
886
876
888
890
892
882
852
876
870
860
838
848
856
860
842
836
844
850
842
818
826
846
852
842
836
844
850
836
824
840
860
862
838
830
844
858
844
824
824
828
816
806
810
834
870
846
850
878
906
878
870
882
888
876
840
862
870
878
854
862
902
902
892
874
880
868
844
866
886
868
870
878
900
862
854
874
898
880
850
840
852
860
842
860
890
902
886
908
920
882
884
894
894
880
858
878
884
862
864
880
892
870
850
870
864
860
842
854
866
866
842
834
842
850
848
826
830
846
854
838
820
836
846
828
822
840
854
872
850
850
876
890
876
846
850
850
836
826
836
856
880
862
888
902
884
874
882
886
870
844
858
860
856
842
850
852
856
826
818
834
856
850
834
850
866
854
840
846
860
854
838
848
858
864
858
834
860
880
860
828
820
832
854
870
854
860
888
908
868
864
884
890
858
862
884
904
868
854
872
862
850
842
858
860
868
848
826
854
880
862
846
838
848
874
858
846
850
874
872
844
846
854
868
856
852
872
884
860
854
872
890
878
852
872
878
892
866
856
878
886
872
848
862
868
858
838
856
870
874
854
842
850
856
836
830
846
854
842
838
842
850
840
828
848
858
858
824
804
806
816
846
824
828
870
908
870
886
912
928
888
894
906
902
884
878
888
890
860
870
882
892
860
848
868
882
902
870
854
882
884
868
854
872
886
866
848
862
860
874
852
836
846
844
832
818
826
852
846
830
840
840
840
824
820
832
856
834
830
852
870
854
832
850
860
852
824
806
816
812
776
768
740
726
716
702
702
688
688
682
672
678
676
678
682
676
672
698
712
736
768
770
758
802
832
848
848
864
866
848
844
740
772
772
786
770
764
752
758
766
760
754
770
832
802
800
822
860
872
852
852
876
884
864
840
864
880
898
868
864
884
922
902
880
890
910
928
880
856
878
858
840
798
836
848
836
834
826
804
804
818
840
820
840
868
918
916
922
908
918
934
934
906
902
912
906
884
866
896
894
880
846
872
880
874
848
866
892
878
858
884
910
896
866
898
936
938
896
890
916
924
884
862
888
898
892
876
898
906
904
872
886
892
900
868
852
874
902
904
878
884
894
914
884
862
892
900
882
852
868
874
886
860
852
888
886
866
842
854
874
884
862
886
894
880
856
878
904
894
868
894
896
886
860
886
902
908
872
852
870
884
874
852
866
870
862
846
842
876
872
856
840
864
886
894
850
858
872
884
876
894
918
896
886
900
922
900
870
896
904
904
876
852
862
872
862
858
888
938
906
888
910
900
888
902
910
886
858
868
882
886
862
842
822
798
782
762
754
742
726
712
712
766
760
744
802
842
820
812
822
828
818
818
824
842
826
820
820
798
812
864
852
860
894
910
904
866
868
892
906
874
824
818
804
798
796
790
798
832
820
816
834
830
832
820
830
842
824
800
822
830
858
864
914
878
846
878
906
912
880
874
864
886
850
838
876
926
892
882
898
922
964
912
884
864
870
864
850
848
880
894
870
856
886
898
880
868
858
878
896
886
862
872
856
860
838
824
816
804
836
898
874
864
906
932
894
868
904
930
934
898
860
892
886
906
872
852
862
888
930
892
876
908
948
964
924
906
870
910
950
956
916
890
894
938
938
900
876
882
914
922
884
862
858
886
896
864
844
866
902
914
882
866
886
930
918
882
854
866
900
918
876
856
856
872
884
854
852
846
874
876
854
844
886
910
898
872
862
852
874
866
846
830
862
902
918
876
854
888
926
908
884
868
888
904
884
856
868
910
924
886
852
872
908
910
868
840
864
888
908
872
858
902
926
896
866
898
912
926
882
852
842
864
908
892
872
850
886
942
958
904
874
892
926
938
894
860
890
910
898
870
862
904
924
876
860
886
914
926
876
846
886
920
918
878
850
844
862
914
882
866
862
900
914
882
860
860
888
910
884
854
830
852
884
866
866
832
826
840
878
854
840
862
914
936
884
850
890
934
928
896
866
898
932
922
878
868
898
922
892
870
866
898
924
888
858
856
880
886
862
840
832
840
848
852
838
838
866
912
872
844
868
896
912
866
844
886
920
924
872
848
864
890
874
860
846
890
938
886
864
866
904
910
882
860
844
882
920
914
880
850
882
912
896
860
852
894
920
888
856
832
842
838
802
870
700
734
708
716
720
706
710
710
704
700
698
698
816
548
678
672
670
650
642
648
644
636
628
628
628
632
650
648
656
676
690
714
742
764
768
778
778
760
788
866
856
822
864
930
914
844
842
870
886
866
830
900
922
900
878
852
882
894
892
870
852
872
894
864
854
878
888
866
850
878
892
880
862
858
862
846
836
854
876
856
858
876
886
878
862
896
906
918
886
874
894
914
894
876
896
924
926
886
886
912
924
904
866
890
912
916
876
878
896
914
892
876
902
908
902
876
884
894
880
838
828
838
848
858
850
864
892
936
898
896
924
948
928
904
920
928
896
890
926
900
888
856
872
880
892
876
896
906
922
898
892
916
930
898
886
906
906
906
874
872
904
916
886
856
870
870
864
854
860
878
898
878
880
888
946
906
878
906
896
864
874
884
910
876
860
884
898
890
868
884
908
922
908
884
904
918
880
864
884
898
918
872
858
882
888
896
868
878
896
912
896
860
888
890
904
886
872
892
898
894
866
872
886
892
870
852
876
870
890
874
870
882
898
914
880
882
898
912
868
836
826
834
862
868
854
872
942
894
876
906
928
922
904
926
942
930
890
894
910
924
896
884
900
918
896
886
902
916
902
880
898
908
898
872
864
878
894
884
868
892
912
908
884
898
904
906
910
878
912
924
894
874
900
908
916
884
874
888
902
872
862
878
890
902
870
866
878
886
864
846
862
868
854
854
862
880
856
848
866
878
874
860
872
894
904
882
872
898
904
874
856
874
878
898
876
884
906
896
900
870
890
912
910
892
880
898
904
898
882
878
898
918
894
872
880
900
910
878
882
902
906
874
872
906
924
898
898
916
930
894
904
926
934
900
896
912
908
886
874
892
914
900
874
884
902
906
892
860
880
892
884
864
882
902
910
890
902
918
904
902
910
902
878
898
918
918
886
876
896
904
880
884
886
896
870
882
904
898
882
870
902
914
892
864
880
890
904
866
866
880
900
862
840
862
864
868
864
886
902
908
890
910
922
912
898
928
938
926
914
924
944
912
902
924
932
902
906
918
936
890
882
900
906
898
870
892
892
884
868
882
892
880
860
874
874
888
868
862
866
864
860
850
884
914
900
900
934
964
934
910
936
938
916
896
908
932
914
888
908
918
932
902
892
918
916
890
896
916
918
878
880
892
902
892
870
872
892
904
868
858
886
890
904
876
878
900
902
892
890
890
898
880
862
880
884
884
860
870
892
900
880
864
892
908
878
884
896
890
866
878
898
906
874
870
894
910
878
862
906
916
910
880
900
896
866
854
876
890
890
878
910
900
908
882
906
920
908
874
892
910
908
882
902
922
904
878
882
900
916
888
884
910
918
914
878
874
880
908
882
874
918
942
930
918
932
954
924
914
936
956
936
914
942
952
952
902
912
928
938
926
892
918
928
920
896
892
918
900
870
894
894
880
868
878
884
884
852
848
860
886
866
854
886
902
898
880
890
914
910
916
884
904
916
884
864
876
894
890
868
878
904
906
888
914
926
932
902
920
932
906
902
932
948
908
886
900
908
898
874
890
900
908
878
890
914
906
880
892
898
896
882
880
908
908
918
866
838
820
822
846
866
850
858
876
914
794
924
832
786
876
660
754
738
732
734
732
738
748
758
748
748
754
778
782
758
760
796
854
838
836
806
812
824
838
824
798
800
808
822
812
814
856
880
860
848
864
884
896
874
884
914
930
894
864
884
892
874
850
860
880
906
870
852
862
886
900
852
848
874
894
868
850
872
904
922
894
874
900
922
928
892
878
922
922
904
870
892
912
908
900
866
868
882
906
886
862
886
910
912
882
872
864
898
916
890
868
886
904
886
876
894
928
934
898
886
910
926
896
868
888
904
904
868
858
892
892
878
866
858
876
886
864
862
906
962
894
884
926
958
950
906
904
928
948
926
884
896
928
950
912
878
900
906
932
886
868
892
908
910
872
878
920
926
890
860
870
882
892
860
848
858
894
910
864
850
866
902
922
866
854
880
906
914
872
870
902
920
888
858
890
904
914
874
856
884
926
920
882
878
900
900
876
864
880
896
864
864
888
908
898
870
886
910
914
888
874
906
926
902
874
872
900
922
906
870
842
854
866
856
850
882
912
928
874
878
900
912
888
888
914
934
888
878
904
932
914
886
896
928
940
896
874
914
932
934
896
874
910
940
930
888
886
914
930
890
884
912
924
882
862
882
892
878
856
878
900
914
876
858
880
892
910
870
850
880
894
894
852
850
868
898
872
866
884
920
928
882
884
912
928
876
870
898
916
882
872
898
930
888
876
848
860
894
948
906
900
948
958
916
898
934
948
942
900
878
906
906
882
860
884
888
870
876
912
938
894
878
900
918
922
900
874
884
892
900
864
866
874
874
870
842
856
864
884
852
830
850
864
878
858
840
866
892
876
870
904
918
910
876
878
894
888
868
864
886
910
878
868
890
908
872
864
892
904
886
856
852
862
868
860
846
858
858
864
846
858
904
884
880
896
914
904
890
912
920
904
866
894
906
906
872
860
894
902
910
864
858
894
918
878
858
880
898
886
860
886
910
918
880
876
914
922
904
866
858
892
910
870
858
888
914
888
872
894
910
902
860
862
880
902
902
870
872
896
910
866
854
876
892
892
868
854
874
900
888
868
868
892
914
880
868
898
914
894
864
878
904
912
878
870
898
914
916
884
854
876
888
898
868
870
902
922
888
880
896
916
918
882
868
884
924
900
868
868
884
908
870
852
890
900
900
876
890
902
914
882
862
878
882
854
844
860
882
894
854
854
880
886
866
846
856
874
878
868
854
868
898
888
880
866
894
902
870
870
882
874
856
842
872
892
890
862
854
880
896
862
850
866
870
872
844
840
860
888
866
846
854
854
864
860
850
866
876
894
868
860
892
900
872
866
882
880
874
856
872
906
894
880
868
898
910
888
870
880
880
890
856
848
862
870
862
844
852
864
870
852
852
884
904
878
862
870
896
898
856
856
878
892
882
856
856
866
872
860
842
854
882
878
862
862
886
908
876
878
902
916
902
870
872
884
906
862
842
858
868
884
854
854
892
896
870
862
878
904
876
862
868
896
890
880
854
876
894
874
864
864
886
898
866
868
890
900
886
856
868
876
882
854
854
876
892
866
852
872
876
868
848
848
866
900
856
840
856
856
878
866
818
812
776
760
750
740
740
740
736
730
746
744
742
736
740
748
768
766
774
754
762
770
790
790
786
824
844
852
874
892
912
908
920
914
918
892
902
916
924
908
874
846
800
788
788
778
776
798
824
830
818
814
838
870
830
800
782
774
758
762
760
754
760
760
778
786
782
770
774
764
826
840
868
850
876
896
904
898
872
878
906
922
902
872
860
880
890
882
862
864
876
886
866
856
882
902
912
920
876
836
846
858
874
852
876
934
968
912
912
950
962
928
900
918
924
942
906
886
890
902
904
882
894
928
926
916
888
928
948
960
932
880
856
882
888
896
874
900
928
938
902
888
926
932
914
896
918
928
912
880
892
910
924
898
874
884
888
912
884
856
838
856
892
892
866
892
922
944
902
892
930
928
916
894
908
910
910
888
886
914
906
886
882
912
924
908
884
906
922
930
894
890
922
948
934
906
890
918
886
876
886
866
880
902
886
878
880
896
884
870
882
880
874
866
872
890
876
868
878
896
900
868
860
858
864
874
846
844
864
886
880
856
864
868
884
882
896
884
870
848
856
858
854
846
850
870
888
870
860
880
900
892
866
878
878
896
866
854
884
892
864
856
856
868
884
866
866
856
862
854
840
892
890
908
870
852
882
906
892
882
880
872
882
874
888
918
924
910
888
928
928
936
904
890
906
908
894
882
898
910
898
880
878
886
888
884
858
854
874
890
872
868
878
898
888
862
840
846
846
846
826
838
854
868
848
836
850
876
864
858
864
878
914
884
854
844
854
880
872
880
930
942
954
908
946
956
958
930
894
934
954
930
916
916
902
876
882
898
922
888
882
922
942
896
890
908
928
902
880
890
890
890
884
862
878
888
892
866
870
882
872
860
852
860
882
892
874
886
902
916
884
884
904
914
906
904
926
928
888
888
902
916
900
884
908
896
908
880
856
890
900
884
868
884
904
888
876
864
872
884
898
878
868
886
908
894
880
872
902
908
874
858
882
882
888
868
848
874
886
866
848
856
856
846
836
854
866
862
854
862
878
884
876
862
880
886
912
894
864
872
886
896
884
880
874
862
864
880
880
864
880
902
882
874
884
890
884
874
882
890
886
866
872
876
854
852
862
856
854
838
834
832
844
836
824
828
852
872
848
836
864
880
888
864
848
846
852
862
838
830
808
772
762
746
770
820
796
846
876
892
890
870
884
894
906
880
864
884
894
894
880
876
894
910
892
876
872
890
894
870
868
882
888
870
854
870
864
866
854
854
858
876
858
856
850
848
862
870
860
860
870
870
846
844
854
848
848
838
852
874
844
840
854
868
880
862
846
866
870
872
860
848
870
878
862
844
852
868
870
850
840
838
846
860
840
836
848
854
860
844
838
844
854
876
858
854
858
858
874
852
850
870
878
886
872
864
862
882
888
868
854
870
866
888
858
856
888
894
876
866
866
874
880
868
854
868
874
880
862
858
866
876
868
858
876
876
858
848
868
882
864
856
866
864
868
846
840
858
872
868
846
840
854
854
850
844
832
850
850
846
830
816
806
808
806
814
826
892
932
904
912
914
952
956
922
912
922
894
896
912
926
900
886
920
908
908
912
884
870
886
896
900
876
872
896
908
884
866
872
864
876
862
858
878
896
880
874
884
896
870
882
890
886
874
870
880
880
866
874
858
856
862
864
860
860
866
872
870
872
856
842
872
888
868
864
876
880
854
860
876
870
866
870
872
870
850
876
882
870
872
850
864
862
850
842
852
862
852
834
848
862
848
844
840
852
860
848
830
834
842
856
846
846
836
864
870
880
858
852
850
868
868
852
844
848
854
848
834
832
828
824
818
800
796
798
802
826
822
816
836
846
840
830
814
796
770
754
752
726
718
708
706
698
700
700
704
700
708
720
722
732
754
780
790
800
790
780
760
786
830
852
854
836
816
836
836
842
832
822
822
864
664
744
724
700
698
690
658
692
702
716
718
728
760
812
836
822
828
852
882
864
872
860
884
884
886
878
864
860
866
872
866
844
850
852
844
842
836
832
832
806
804
800
800
830
798
788
886
862
890
862
880
890
888
876
878
908
928
890
884
900
910
892
882
894
888
896
884
872
882
900
896
882
872
854
854
862
864
870
868
864
844
838
822
832
812
808
796
762
772
858
850
840
868
890
910
880
864
894
894
870
850
864
848
848
842
836
854
882
872
864
868
884
900
884
874
878
878
878
856
848
862
858
872
856
852
874
888
904
880
868
880
912
916
882
870
886
890
868
852
868
884
872
854
868
874
870
870
872
900
894
870
850
860
874
892
870
846
866
876
862
848
838
844
854
864
840
844
852
870
862
858
856
862
872
848
838
846
852
860
852
848
858
880
888
874
856
874
886
888
870
860
874
890
876
860
852
872
878
872
848
840
846
852
850
848
858
860
872
854
840
852
856
858
842
824
828
830
832
826
818
826
840
844
838
822
824
838
850
830
820
832
836
854
842
844
848
860
852
846
850
862
858
856
856
860
846
830
842
846
850
838
834
856
864
848
850
848
868
874
862
852
834
848
860
856
840
830
842
854
838
830
856
858
848
836
834
852
848
842
830
840
844
842
826
822
820
818
820
820
816
812
826
844
858
838
838
844
862
862
850
852
854
860
854
848
852
852
850
840
830
846
858
836
836
842
856
856
844
856
862
856
860
858
844
856
866
886
882
860
880
882
882
854
842
854
834
824
810
808
848
886
870
878
910
948
924
894
916
930
928
902
876
886
880
884
862
856
880
890
870
850
864
862
860
852
844
842
860
870
872
850
842
852
844
842
830
824
860
866
872
868
864
870
882
870
866
852
866
860
852
846
842
846
844
836
840
848
846
840
838
824
828
830
824
850
856
848
822
812
808
812
814
828
868
940
920
890
914
930
944
936
908
936
944
916
892
900
914
916
886
872
890
894
882
874
874
888
896
878
864
878
900
904
882
866
880
878
884
868
862
872
886
872
856
862
864
868
864
854
864
888
882
914
894
880
894
908
894
876
890
898
886
864
858
878
888
856
858
860
854
838
842
854
864
852
858
876
886
888
890
888
896
880
862
878
890
860
856
876
874
848
830
838
848
858
848
856
876
912
888
874
896
906
892
870
868
888
894
868
856
874
878
874
856
852
860
882
862
846
864
874
880
860
856
862
856
844
838
844
846
840
828
846
852
856
838
834
848
852
864
850
836
854
846
856
848
832
842
864
880
874
858
858
874
