596
518
940
656
644
646
632
654
666
702
728
794
864
860
808
770
726
678
666
650
638
652
660
692
750
832
886
842
852
804
778
774
728
682
670
656
638
630
650
676
716
748
734
772
810
800
794
782
750
732
730
712
708
708
710
728
714
730
748
754
748
770
750
750
774
744
766
742
734
746
724
708
700
664
648
650
660
728
830
822
890
876
838
790
756
728
712
696
690
688
686
692
702
738
764
752
752
754
738
720
700
694
652
646
634
626
628
644
678
746
856
882
986
972
964
928
908
858
850
776
734
736
730
714
696
676
662
648
648
662
718
958
864
852
878
864
812
772
726
694
668
668
658
670
718
764
826
772
748
708
686
688
662
644
644
644
646
664
678
678
680
676
694
730
722
742
768
766
764
780
788
810
802
760
736
716
694
678
686
992
854
860
846
824
796
730
696
674
682
692
784
880
866
866
842
796
758
750
726
728
714
706
716
772
784
774
740
734
718
714
710
704
706
700
688
710
744
766
788
776
760
726
706
716
708
710
704
702
712
748
746
750
748
718
706
696
686
696
706
702
732
748
752
806
776
762
736
690
696
698
692
688
674
672
664
670
660
654
658
664
660
662
736
706
716
754
752
762
746
714
688
682
656
644
632
634
618
620
620
612
620
616
606
608
612
604
596
594
592
586
590
584
578
582
568
572
576
584
576
572
580
572
568
562
572
570
568
560
552
556
542
542
542
548
546
538
530
534
536
536
532
530
546
542
544
544
554
546
542
540
546
542
534
536
536
532
534
538
540
548
544
546
548
548
542
544
542
542
542
540
540
548
544
540
542
538
534
530
534
548
546
538
550
552
548
550
552
552
522
564
546
546
546
546
552
548
558
550
546
548
544
548
546
546
554
554
550
548
548
572
594
602
602
582
590
592
582
570
576
568
560
552
558
558
560
566
564
562
566
566
560
558
560
558
558
558
560
554
552
550
552
560
568
566
596
596
588
594
598
598
596
600
592
580
588
588
590
580
586
582
568
584
598
626
614
612
618
604
596
614
604
602
590
590
588
566
580
566
572
564
584
636
628
636
638
626
624
628
618
606
600
592
578
568
582
578
576
570
578
590
586
598
618
594
634
640
614
618
628
620
616
608
612
610
612
626
610
612
616
614
616
604
598
594
586
584
592
594
592
592
600
600
596
606
600
588
598
600
596
596
606
602
610
626
606
614
628
622
610
620
616
594
596
600
572
580
578
576
568
582
606
584
592
602
598
594
598
596
596
598
596
592
584
582
588
598
594
592
600
600
598
606
594
586
592
586
582
574
584
576
576
570
570
564
580
588
588
584
586
598
590
590
590
596
584
572
592
594
600
600
596
590
590
586
582
580
576
572
578
578
594
598
594
604
614
614
604
600
594
598
598
610
626
628
628
630
624
622
616
612
612
602
588
588
586
588
588
598
616
632
624
650
658
644
634
626
620
604
612
622
626
636
652
652
634
640
644
624
616
616
600
600
630
656
678
692
714
718
704
694
706
686
668
664
656
662
682
676
678
686
684
694
692
706
700
704
702
702
708
698
714
736
726
706
698
694
694
684
678
690
688
718
772
754
754
760
736
738
734
726
726
746
760
752
770
794
776
782
770
742
736
712
696
678
666
646
668
690
706
762
778
790
788
756
720
704
676
698
710
694
664
650
634
630
628
650
658
658
704
714
710
712
712
702
722
742
792
774
752
774
776
768
824
840
800
774
804
806
802
786
800
830
822
810
838
866
868
828
814
804
806
790
794
782
800
790
788
796
774
752
744
732
730
748
762
784
764
756
742
730
712
698
712
716
716
728
736
746
762
784
782
764
736
720
710
692
686
684
686
674
678
682
692
698
710
710
704
708
692
686
684
684
684
676
700
690
680
712
706
716
746
748
724
724
704
694
696
694
712
750
762
758
768
764
754
738
730
736
772
772
790
802
802
766
764
750
734
728
724
732
752
764
796
816
808
780
760
730
722
722
708
734
750
742
774
788
778
784
790
794
778
756
750
710
686
678
674
676
700
724
720
742
760
754
790
784
784
776
748
742
714
700
690
674
660
674
672
672
706
724
732
750
762
752
742
712
694
702
702
718
730
746
770
742
746
750
742
754
764
772
772
760
758
750
746
744
740
730
724
712
710
726
722
726
738
746
722
720
704
698
688
676
682
670
656
688
734
744
770
760
726
730
692
642
654
630
592
580
622
582
588
764
996
580
592
592
582
588
592
608
600
610
612
630
626
644
648
654
660
650
638
650
626
624
618
614
618
634
638
662
678
668
664
672
664
654
648
646
632
624
626
620
632
652
654
678
708
698
734
694
694
706
694
684
678
654
662
646
958
958
686
596
636
650
666
638
636
642
610
620
634
632
634
644
644
644
652
668
648
656
658
654
658
656
644
644
638
632
632
640
670
674
692
728
758
742
744
748
730
714
714
710
672
670
658
652
662
658
674
694
736
738
726
732
748
718
704
700
678
676
682
688
676
688
706
708
688
688
852
794
780
752
732
706
706
710
734
748
730
732
708
696
690
694
692
712
732
758
756
784
758
742
736
720
714
724
720
738
746
772
780
776
772
774
752
738
736
718
696
728
736
744
754
780
786
756
734
718
692
696
668
668
694
698
716
728
762
740
746
742
750
728
724
720
708
716
728
730
744
754
750
750
746
758
758
748
726
734
722
722
744
762
766
736
714
694
692
684
692
724
754
768
774
752
760
778
780
766
738
728
710
690
706
702
690
706
722
740
734
738
722
712
688
700
718
714
720
748
746
740
750
740
730
716
692
690
688
674
684
696
730
768
790
810
794
800
764
742
734
726
700
718
730
724
738
756
740
722
704
690
672
672
660
660
648
652
644
642
662
688
700
722
742
764
770
754
750
752
730
714
702
686
672
660
664
666
672
688
718
744
742
740
722
718
720
712
714
704
708
710
700
708
720
732
728
740
742
736
738
726
708
700
716
728
754
774
800
824
818
818
804
776
734
738
716
716
708
740
772
810
816
828
846
814
768
748
728
712
712
708
740
756
752
744
744
742
732
720
728
728
738
752
764
750
754
764
776
764
756
754
754
728
708
698
694
708
750
792
806
810
836
816
796
776
764
746
754
758
762
804
788
766
754
752
748
734
740
720
720
714
718
726
742
758
794
850
812
810
792
762
742
736
716
698
692
696
702
718
744
778
792
776
768
768
748
740
726
726
720
716
718
720
746
764
788
812
810
806
820
792
786
764
734
712
706
696
672
674
682
676
692
736
756
798
820
822
800
780
764
732
724
824
770
740
724
700
696
692
696
730
758
792
782
764
752
736
718
704
688
694
694
710
738
752
766
764
756
746
742
720
726
720
712
730
730
740
734
708
710
702
702
704
722
728
730
730
726
718
704
708
716
724
736
734
736
754
758
746
764
756
726
726
726
712
708
718
734
744
756
752
746
742
728
718
704
688
694
686
680
686
704
706
704
716
766
796
810
788
774
758
728
720
702
688
690
678
674
674
668
672
670
666
672
686
694
700
700
704
702
692
678
676
682
652
654
662
678
754
832
808
830
852
830
808
778
764
726
718
708
710
714
700
688
716
752
772
794
772
752
730
714
712
724
732
724
726
724
742
772
786
798
828
874
852
842
840
816
810
794
778
792
798
818
828
834
804
768
758
752
724
720
732
736
730
744
752
760
750
748
754
750
742
732
742
740
742
744
744
744
790
810
798
794
790
768
760
760
764
768
758
762
794
790
776
780
774
756
732
728
714
694
686
698
728
734
756
750
762
736
728
720
696
706
702
686
700
698
682
676
684
676
666
682
696
730
764
780
778
778
758
726
718
704
696
698
710
710
732
756
766
752
766
760
744
720
682
794
776
738
734
706
694
690
682
668
676
672
664
646
660
676
688
704
716
712
710
718
718
714
720
720
770
830
834
774
740
724
710
712
722
744
772
766
766
770
784
798
836
834
832
836
826
812
788
790
786
794
780
794
822
802
812
798
788
770
740
738
726
722
742
790
810
806
798
794
810
808
782
784
780
790
802
782
790
794
788
800
802
804
794
774
756
768
762
762
750
752
750
768
762
760
798
822
790
776
764
742
742
742
730
750
770
766
790
806
816
830
812
808
784
768
748
756
736
748
758
746
754
770
760
798
806
806
824
808
812
834
836
870
856
830
818
774
786
812
870
884
912
892
838
810
760
758
732
738
780
820
876
892
864
848
832
824
790
774
750
726
728
734
742
794
780
818
844
806
784
772
768
742
734
746
742
748
740
744
760
754
744
752
766
802
788
748
752
746
732
728
738
744
762
784
788
796
790
768
760
742
744
740
738
754
766
776
772
786
788
776
790
786
780
778
750
760
758
766
772
782
788
778
792
788
776
770
760
748
744
734
750
752
804
806
806
774
784
780
756
760
748
736
722
734
742
726
854
930
872
830
778
764
752
740
754
746
748
772
794
812
816
796
788
778
756
756
756
744
746
762
784
768
782
780
752
756
782
810
808
820
824
798
784
768
756
762
766
750
766
782
774
798
816
822
812
804
784
776
756
726
722
714
704
738
776
810
862
846
862
856
796
786
784
772
776
764
770
798
792
810
820
812
792
776
780
758
740
718
714
688
670
666
648
650
646
620
630
632
626
632
638
642
640
662
672
670
682
682
678
684
690
690
694
714
734
730
770
782
808
834
810
794
786
762
748
750
750
748
802
800
826
818
780
746
726
718
720
714
718
720
732
748
754
758
756
756
744
724
732
728
730
722
728
736
746
748
752
762
838
792
750
740
722
726
748
784
812
836
832
820
822
800
810
792
744
734
712
716
710
688
664
670
656
630
630
632
620
612
614
606
596
600
602
600
602
626
654
674
716
734
728
696
668
648
646
622
620
604
584
576
586
598
634
626
618
606
604
608
606
606
598
612
602
604
590
598
592
578
588
590
590
590
590
598
602
596
602
600
598
594
586
584
582
584
582
582
582
582
580
572
590
592
584
590
610
604
610
618
624
624
634
624
610
622
618
600
604
596
588
586
590
588
588
596
622
622
630
612
608
616
614
618
620
614
610
616
594
584
582
588
580
580
590
584
576
592
584
578
578
580
574
568
574
574
580
582
576
574
572
574
578
580
590
582
584
582
584
582
580
578
576
576
564
574
576
580
586
588
594
586
580
594
598
592
586
582
580
572
558
564
560
546
542
538
542
532
524
526
526
520
522
512
510
516
514
508
510
520
514
516
516
514
510
510
510
512
508
510
510
510
510
512
510
512
514
512
516
516
516
524
522
526
528
536
544
536
536
540
546
554
548
600
610
586
590
572
558
552
548
498
556
598
638
678
690
686
660
628
640
626
620
598
594
594
588
574
574
578
576
568
566
564
572
572
572
590
598
620
612
616
618
610
598
608
604
608
602
604
620
624
660
692
718
720
706
672
662
646
616
600
608
608
614
608
592
604
602
596
630
632
660
710
736
706
710
716
702
702
700
680
658
646
638
624
626
634
638
666
698
696
712
714
706
712
694
694
650
648
640
612
616
636
660
656
652
664
710
722
716
694
688
688
678
666
650
646
654
664
692
794
634
684
674
652
646
628
618
614
602
592
592
580
580
586
586
572
576
580
570
604
656
712
672
680
648
618
610
606
592
592
598
602
654
754
830
870
798
710
674
668
676
658
664
654
650
632
646
632
644
666
682
674
660
724
734
730
734
728
734
722
696
664
652
664
688
728
758
784
808
792
804
754
734
718
696
710
704
736
732
760
760
766
790
772
746
728
706
696
704
700
700
728
726
744
770
768
766
744
736
740
744
726
698
698
708
698
696
1082
854
804
752
740
746
746
730
732
716
720
712
698
682
680
660
678
702
714
698
698
704
750
822
788
744
746
728
704
700
712
706
706
720
720
704
694
678
654
634
642
626
660
708
734
882
1062
924
866
794
714
674
654
642
638
646
638
624
628
630
662
700
734
706
712
694
660
664
676
704
740
750
738
748
742
740
732
722
686
670
640
668
692
686
786
1036
900
870
824
820
802
718
704
684
682
686
704
700
742
750
772
820
784
760
734
700
676
660
648
642
636
638
650
660
662
680
660
656
664
676
660
664
658
662
662
668
662
642
658
662
676
680
658
656
652
672
716
848
888
848
836
842
782
758
728
738
730
724
746
756
748
730
714
702
698
680
674
670
668
690
706
722
722
718
720
720
738
722
724
720
700
696
686
678
694
724
724
736
742
730
754
752
740
734
726
738
734
720
706
700
688
660
660
658
674
682
690
736
788
806
818
810
800
766
734
728
710
692
680
678
664
644
660
678
694
732
776
782
830
814
814
826
842
814
790
766
724
718
674
674
676
670
654
652
654
644
650
698
714
718
704
844
906
886
812
740
740
730
732
734
732
722
692
688
692
722
782
782
802
788
790
770
732
720
708
698
698
698
692
666
692
722
774
800
772
736
720
694
684
676
668
656
632
640
614
632
688
1014
928
834
756
724
714
686
674
666
652
652
652
692
762
862
794
818
778
748
744
740
716
696
684
682
682
704
750
732
736
700
700
684
670
686
706
726
758
748
762
802
796
798
796
770
762
736
722
780
812
798
764
756
760
760
756
728
708
694
694
684
700
700
704
716
710
686
680
664
666
666
676
674
692
694
718
756
774
800
816
806
796
794
764
742
772
774
764
758
742
732
764
832
820
832
792
782
778
770
756
734
758
774
786
766
756
730
712
716
724
786
870
852
822
846
828
770
764
790
788
752
732
720
716
684
684
718
790
780
826
830
820
788
758
756
776
782
774
768
756
758
774
780
782
774
776
776
796
792
798
780
778
806
858
854
838
764
744
724
718
712
724
734
770
870
936
912
882
842
804
776
748
722
714
694
718
720
718
748
780
790
750
718
694
690
676
678
708
798
802
786
810
858
828
796
766
732
716
700
702
698
694
730
798
770
748
736
722
722
716
722
726
726
754
782
796
818
800
756
748
724
704
684
670
676
678
702
728
754
746
752
774
824
802
776
738
724
718
728
740
732
724
722
750
804
888
834
810
768
758
750
782
814
836
782
766
764
784
792
822
820
822
800
802
808
808
816
814
814
808
794
790
800
794
770
768
756
758
762
774
772
780
776
748
766
762
698
822
740
720
698
684
670
658
672
728
808
858
832
828
826
792
786
780
770
740
744
714
688
690
686
686
686
706
736
750
806
818
742
728
716
706
680
676
672
666
656
670
668
684
746
770
746
738
712
698
680
662
658
660
686
704
716
734
750
758
762
752
740
716
710
696
678
694
684
656
658
658
650
638
638
632
642
652
672
664
684
698
708
708
734
716
700
712
700
680
674
692
688
684
690
684
682
704
710
718
754
738
730
718
720
720
714
714
708
730
756
756
756
750
724
728
726
722
746
782
780
788
786
748
736
722
708
716
714
732
760
774
798
784
756
736
718
736
730
720
744
764
778
780
764
746
732
730
748
752
744
766
852
850
838
818
790
776
764
758
778
830
824
786
764
754
744
736
734
738
732
732
712
720
716
716
708
724
774
772
758
748
722
702
692
696
712
732
728
740
702
708
706
704
732
754
758
760
864
836
790
770
758
748
734
722
710
718
716
718
720
726
758
790
784
778
750
756
758
754
740
748
778
780
760
752
748
732
714
712
718
718
718
714
732
724
730
726
764
778
754
752
764
756
740
726
714
698
694
688
686
680
712
726
772
808
800
790
774
748
724
700
688
684
702
696
722
768
820
818
792
754
738
714
708
664
672
680
714
744
776
800
754
750
728
702
690
686
670
686
682
694
724
770
768
758
752
752
750
726
722
700
690
674
682
672
694
748
768
790
814
766
762
742
740
718
710
684
672
672
680
700
752
770
792
806
804
802
768
782
766
738
734
712
712
718
688
694
718
730
730
746
768
784
754
716
706
686
688
720
776
760
806
820
852
814
750
738
732
748
756
744
738
708
706
700
718
712
728
762
794
802
786
760
736
732
742
762
786
814
902
806
788
790
780
768
732
722
692
690
702
728
766
792
798
804
808
780
766
750
746
754
764
770
782
772
772
764
758
738
718
696
702
698
694
694
728
784
768
780
802
786
766
748
724
710
700
686
692
696
734
738
762
778
760
740
748
728
724
726
726
712
704
706
706
714
730
734
780
832
858
820
810
758
734
720
702
696
694
698
706
706
718
728
730
766
774
778
798
764
748
736
702
686
684
672
682
698
712
710
728
728
732
734
724
704
680
664
680
682
708
700
716
724
712
724
746
742
738
730
714
694
702
702
744
766
738
778
758
756
802
810
802
804
808
820
810
818
818
828
810
774
718
738
732
720
728
724
732
730
726
700
696
698
712
704
728
728
722
710
704
698
680
678
668
692
718
782
776
800
792
786
752
722
712
694
674
672
680
678
694
726
772
794
788
768
754
734
710
694
692
690
688
686
690
686
676
684
682
698
722
760
752
736
698
696
680
662
670
674
704
702
730
730
730
730
732
746
758
736
720
714
688
680
678
674
672
658
672
686
680
692
796
844
858
810
754
728
718
714
706
714
714
700
696
708
710
718
720
706
694
718
770
814
798
780
750
744
716
714
712
708
706
694
702
716
706
712
724
714
702
714
710
708
714
688
676
674
660
666
662
656
662
682
674
678
728
866
866
840
814
764
724
718
688
682
670
662
660
666
702
736
790
796
812
792
792
776
742
730
702
684
688
684
684
684
688
688
716
752
738
722
728
718
704
686
680
658
662
652
648
650
678
702
710
728
748
754
756
740
722
704
692
676
680
678
674
678
682
666
684
700
710
728
750
750
742
738
724
696
698
680
668
676
714
770
800
760
746
736
720
724
730
720
724
736
772
782
856
842
822
792
746
736
724
708
696
696
686
704
732
778
774
778
758
738
724
718
722
714
696
710
718
746
766
746
760
762
750
746
732
714
720
704
684
712
730
748
748
762
770
760
734
730
712
694
690
682
694
698
696
738
820
832
850
828
784
762
732
718
704
694
702
712
720
706
690
686
660
666
662
686
726
762
814
812
784
770
754
734
706
690
682
678
674
668
666
672
688
702
710
708
722
712
710
702
700
718
712
710
730
738
730
716
704
680
674
664
666
664
674
708
736
736
734
726
718
728
728
724
722
698
710
718
718
724
720
690
678
670
660
644
658
654
654
660
666
718
744
740
782
804
822
800
792
772
734
712
702
694
688
696
692
694
696
714
714
694
692
704
710
700
688
704
720
714
706
710
690
686
706
738
772
788
772
786
758
748
710
698
702
696
698
698
714
748
768
756
732
728
740
732
734
736
736
742
756
754
754
754
746
730
744
740
740
748
722
704
700
688
694
706
732
722
736
728
708
722
728
742
740
728
728
728
724
716
718
726
762
758
758
732
720
704
702
692
698
688
714
726
710
706
720
722
736
730
736
736
740
732
734
734
736
740
744
762
742
740
756
766
776
754
708
692
680
662
666
678
688
682
700
706
744
810
798
762
754
722
684
692
694
710
862
1086
948
864
790
726
698
682
680
686
712
738
742
728
732
754
760
764
796
794
784
826
780
752
722
720
710
694
694
688
690
766
810
820
772
740
712
720
752
808
812
800
776
762
770
756
770
786
812
824
792
780
778
776
740
746
738
730
732
746
814
842
812
806
772
756
742
728
742
732
714
700
684
652
660
650
640
646
646
630
616
622
618
604
596
598
600
600
636
676
718
774
738
694
680
668
658
668
660
662
694
674
698
690
700
706
716
702
692
678
666
670
666
682
678
698
716
702
694
692
698
696
702
704
716
694
714
692
680
678
670
664
678
678
684
698
702
704
698
674
670
680
666
656
666
664
678
682
692
686
682
686
658
646
654
670
654
674
680
670
658
656
640
624
624
624
608
600
608
602
596
594
598
610
616
630
628
664
664
674
670
670
652
630
620
616
598
590
586
582
580
584
584
598
606
634
612
632
646
634
660
662
650
632
636
622
616
612
614
614
616
618
626
650
638
628
636
634
622
610
610
598
600
590
606
612
646
668
678
684
688
676
702
672
660
654
656
632
624
620
616
618
618
630
648
658
682
692
662
664
648
634
618
624
622
624
638
646
642
662
656
664
658
648
654
648
650
644
646
640
642
658
650
666
670
688
982
862
818
772
694
672
668
674
680
702
748
736
744
770
808
748
722
678
672
652
638
636
634
630
644
642
640
640
634
622
618
630
632
664
700
704
724
728
708
690
694
706
686
684
676
658
664
702
724
740
718
736
770
764
734
720
688
678
680
704
726
758
778
758
772
770
742
726
746
762
760
712
714
696
704
722
764
790
812
776
736
734
714
694
684
660
648
662
656
660
718
768
758
752
724
688
664
664
652
652
656
640
632
616
608
600
602
644
748
910
870
836
760
718
702
698
670
666
658
634
628
620
612
596
600
600
598
598
614
638
642
648
662
652
686
668
690
688
690
682
666
662
650
622
626
620
590
596
606
632
670
702
690
684
694
722
678
684
666
650
656
646
656
656
688
682
674
698
732
766
764
746
732
728
734
734
750
710
694
688
676
648
660
650
658
672
690
750
854
828
798
762
730
698
682
660
656
652
652
664
686
716
838
888
884
940
962
882
824
784
750
750
744
756
786
766
768
758
764
752
752
740
740
732
744
746
766
790
812
814
766
768
776
764
762
728
694
688
678
682
694
704
720
720
718
718
672
672
666
652
644
648
650
666
738
810
766
770
770
758
722
694
672
650
642
628
604
614
626
650
670
702
726
764
796
832
798
784
778
796
802
756
734
708
676
664
654
644
648
650
668
688
738
748
730
708
668
666
658
664
680
706
728
768
790
760
716
694
650
646
620
628
636
676
714
754
696
678
706
696
708
710
692
668
672
686
704
756
792
768
736
738
712
694
696
658
654
668
668
668
692
722
744
786
768
740
726
706
666
666
648
632
644
664
710
722
730
738
734
744
724
704
704
688
684
680
662
658
668
640
638
642
642
630
634
634
642
718
754
778
786
746
730
722
712
684
676
666
664
658
662
650
614
616
618
610
622
676
722
712
728
704
696
698
710
726
732
730
728
728
704
710
712
722
732
722
708
690
668
652
642
636
618
610
618
626
718
778
884
898
882
870
810
768
738
706
692
692
676
664
666
682
690
690
678
676
664
672
670
670
684
690
700
692
676
638
638
632
630
636
638
672
770
1024
912
848
860
774
760
744
722
694
678
656
654
640
644
632
630
610
618
600
592
598
590
590
580
588
586
590
612
622
652
668
708
724
752
730
746
730
678
698
720
722
708
670
656
650
632
632
636
762
764
752
742
730
704
688
676
674
666
674
640
612
620
614
594
594
582
586
602
646
722
736
856
860
864
804
752
712
698
672
644
660
658
664
672
676
670
656
654
654
650
672
692
688
698
706
696
702
676
650
640
620
628
628
632
650
652
678
732
746
720
692
678
650
636
642
640
630
634
642
658
654
672
674
666
712
728
728
710
672
656
638
626
616
622
740
1088
868
846
848
806
782
740
732
720
694
676
676
688
694
674
674
686
678
672
680
676
690
692
730
752
754
780
790
772
832
804
768
772
762
800
804
774
738
728
706
720
748
778
800
928
932
