1034
1084
1074
1066
1072
1060
958
956
1028
1018
972
1020
992
984
998
996
1028
916
972
1044
978
870
970
998
952
966
1020
934
916
1044
998
954
1076
1074
954
1032
1026
888
984
1026
922
950
992
996
876
956
1096
1066
1080
1074
1050
1066
1050
978
928
960
952
934
1078
1070
1072
1006
1048
1044
930
988
1024
976
952
992
980
858
940
972
928
950
1018
954
978
1018
968
948
960
964
902
938
938
966
932
948
998
926
882
950
990
934
938
1070
980
1032
1108
1084
1006
1042
1076
1016
974
1036
1084
884
970
1040
976
936
950
948
884
916
962
990
928
1002
1060
980
910
1042
1086
952
1004
1064
1006
868
990
1050
934
964
982
932
952
954
934
988
1068
964
982
1024
998
902
948
972
914
1072
1106
1068
1038
1044
1056
934
974
1074
1026
920
890
1032
1114
1022
1016
1052
956
1022
976
1014
1050
946
984
1078
1070
928
942
1034
990
906
966
1032
978
936
1060
1066
922
1026
1034
930
966
1044
1006
926
952
1006
954
936
1026
1066
922
980
1064
992
888
1014
956
952
1030
1002
936
980
932
870
930
1004
928
930
984
1024
910
934
948
964
938
878
1036
1076
1004
1112
1082
1066
1076
1080
1062
1070
1088
990
918
1028
1100
912
944
978
988
884
942
986
932
900
998
982
916
968
964
924
854
910
978
906
936
996
1014
896
924
948
894
876
950
934
892
962
1002
928
966
970
888
938
924
912
924
1036
960
900
962
1000
894
946
1054
994
916
1010
1062
942
1030
1102
1062
960
1066
1006
930
1024
1026
910
970
976
942
886
926
992
886
904
1018
1026
924
1008
1022
990
894
968
1044
1006
906
1060
1076
1056
920
872
972
1040
1050
896
842
920
948
894
982
1116
1060
966
970
958
878
1070
1086
1016
1038
1046
1010
984
1086
1082
1012
978
982
932
940
1004
980
920
976
1032
940
948
984
988
894
902
934
910
874
934
1020
954
920
1022
984
950
970
996
978
976
1052
1068
984
1016
1024
928
898
936
918
920
926
1076
1110
1058
1086
1084
1074
1082
1044
934
1032
1062
1012
924
1058
1088
1006
1014
1048
990
882
956
1052
932
956
954
848
864
920
924
870
928
1000
946
1062
1074
1032
910
1010
1108
1066
1048
1012
912
1034
1094
1012
890
1000
916
954
1066
980
974
1028
992
894
1072
1076
972
886
900
992
948
934
1012
972
922
966
954
936
980
1030
962
1006
1110
1028
926
1000
1038
972
888
1030
1012
980
1056
1006
886
1026
1114
978
886
992
964
940
1028
980
912
900
920
902
992
1098
1064
978
974
1012
960
986
1098
1070
908
918
1004
1000
940
1078
1070
1068
1072
1078
944
966
954
950
870
942
1100
986
882
916
986
916
954
1096
980
872
924
1014
958
944
970
976
892
906
988
940
882
970
1036
958
926
974
1004
896
948
1094
1080
988
852
850
1070
1086
1076
1098
1098
1100
1096
1098
1088
1072
988
1000
920
970
1090
1064
1060
1064
1040
968
1016
1000
926
990
982
930
974
998
944
952
986
1000
934
936
962
954
922
938
1024
962
954
970
948
912
934
944
926
928
990
938
932
1032
970
930
986
964
912
1026
1046
966
998
992
958
976
962
1002
956
1014
1096
1068
1076
1082
1068
1068
1014
980
858
958
1080
970
964
954
970
910
940
1012
984
930
968
988
880
928
986
924
818
902
954
908
934
1004
946
884
1010
1102
988
1092
1092
1020
1054
1096
974
1036
1086
984
1070
1084
930
986
1024
918
974
984
946
896
1006
972
894
894
942
998
892
946
1100
1084
1046
1082
1066
1012
924
1000
1012
972
1026
1076
998
958
1062
1072
1030
1108
1070
960
1012
1012
924
1046
1100
1034
908
1010
1010
1052
924
964
1084
1082
1028
996
1072
1064
950
1036
1104
1082
1078
1042
998
956
906
1010
1076
950
896
1016
1006
874
916
956
920
1052
1102
1060
1062
1066
1058
996
1006
1008
902
904
1008
1018
902
962
962
878
902
920
876
818
872
892
894
1078
1066
1060
1068
1066
1060
988
1072
946
920
958
928
1024
1078
934
990
982
886
986
1014
922
1008
996
922
1048
988
884
966
1092
1056
952
1084
1086
1042
874
946
952
906
1064
1072
1010
1100
1068
1052
1034
1062
910
1002
1038
920
960
964
934
880
932
986
908
946
1032
970
874
944
962
894
926
980
980
952
1038
1056
962
1012
1040
966
982
1008
952
884
1018
1094
918
974
1084
1074
948
906
1042
1088
1028
1070
1056
1062
1060
1046
946
966
984
958
1040
1074
980
1032
1024
886
904
938
980
930
958
1000
912
922
982
912
898
958
938
890
1014
1054
898
878
1066
1064
1050
1064
1066
980
968
980
902
898
1062
1046
1002
1020
988
924
1004
1122
966
964
1040
974
900
968
910
862
918
898
838
902
1006
932
1072
1066
970
1024
1010
962
980
996
932
974
1036
978
976
1040
1050
982
978
992
950
872
954
1080
948
996
1122
950
998
1042
988
904
986
1048
934
944
1004
952
932
1010
1014
928
990
970
910
964
1072
986
884
988
992
954
876
942
1024
952
982
1048
1006
912
1012
1096
1028
1008
1042
996
896
1012
1006
918
854
958
1010
914
930
1006
950
992
1006
946
912
1040
990
904
1022
1074
924
986
1016
954
888
946
936
928
946
932
930
972
956
916
948
1068
950
980
1004
928
914
918
876
826
888
1044
882
896
1070
974
902
1036
1032
900
970
1048
938
916
966
950
950
1012
960
966
982
952
898
820
838
1060
1054
970
992
982
916
892
1070
1082
1064
1076
1072
1072
1064
832
880
1060
928
1074
1078
1062
1052
1034
1050
914
998
992
974
882
892
948
966
866
922
930
924
854
898
948
978
864
932
966
982
884
928
1008
944
880
996
1026
902
950
1068
1076
1064
1074
1084
1028
984
924
854
1028
1096
926
956
998
922
918
978
1006
900
988
1104
1078
974
970
1054
1094
1014
1038
994
876
924
1016
1016
894
988
1042
912
914
968
922
926
996
946
898
1004
1034
928
984
1094
954
932
924
904
1072
1044
912
1010
1066
956
1012
1078
1066
970
1018
1016
952
1018
1108
1074
1060
994
1052
1074
1058
1080
1080
994
914
922
836
856
958
936
898
1016
1032
946
970
1064
976
926
1006
966
824
764
722
688
680
668
654
656
648
628
640
646
642
630
632
620
618
614
622
620
614
620
620
618
618
626
626
622
624
628
628
626
638
620
660
718
686
696
824
1280
678
656
668
626
648
618
638
644
672
656
652
664
694
684
670
702
676
680
682
668
668
670
664
650
658
644
680
678
716
766
716
722
738
736
752
738
750
800
834
784
796
792
996
918
850
878
910
902
872
934
1066
1026
876
844
998
1034
896
838
970
1012
916
808
844
898
964
842
796
862
994
1004
872
910
938
970
844
830
926
1080
884
788
874
1132
934
986
1096
1006
868
992
1026
970
840
926
1062
944
846
952
1072
930
870
924
910
854
826
944
1016
934
1112
1120
944
1038
1032
942
914
1056
1062
912
1006
1052
992
848
922
1148
1084
966
1058
1040
884
810
1166
1194
936
856
1128
1186
1008
1124
1144
1018
1052
1032
908
876
940
1070
972
880
958
988
952
892
944
1000
926
968
1026
968
862
906
1176
1044
1104
1164
1074
858
946
1088
990
1004
1136
1042
936
1014
1072
1004
908
1002
1062
942
992
1066
996
878
984
1058
960
914
988
1106
978
1028
1048
932
898
978
1028
970
1138
1120
976
888
1146
1162
1038
1122
1102
996
946
1108
1102
984
1004
1022
926
886
1064
1066
960
990
1010
878
846
912
1038
992
1178
1126
1086
1132
1086
942
1002
1022
1032
926
940
1064
1094
954
908
1104
1078
1030
1088
1086
934
974
1088
1086
938
1020
1022
924
980
1006
944
982
1050
980
858
968
1022
940
974
1056
982
820
870
900
996
878
934
1036
960
876
928
980
928
940
968
982
938
960
1066
992
982
1066
1030
1028
1096
1078
1066
1040
1060
1058
930
964
1020
924
940
1014
968
960
1052
1056
1030
992
992
996
1058
1078
1062
1070
1070
1072
1068
1062
1062
1074
848
900
1024
1042
1052
1050
888
872
922
822
802
830
842
848
830
840
910
892
868
886
1032
964
992
992
984
906
850
916
954
888
866
914
916
894
896
930
1006
1016
1054
992
962
970
936
958
954
942
984
904
914
932
848
898
930
914
882
904
952
902
860
900
1000
904
912
988
1032
1002
1008
958
900
922
924
910
928
934
894
918
938
924
934
908
852
842
854
810
834
850
890
882
948
924
982
944
904
900
900
854
888
950
904
910
892
870
880
978
910
830
868
876
840
810
834
952
864
896
1040
944
888
854
896
826
858
894
892
864
868
874
874
834
870
922
864
904
974
870
868
922
910
882
908
966
898
888
904
978
1100
934
988
964
874
942
1000
898
900
882
890
832
870
954
886
902
890
854
802
822
824
818
788
770
756
782
778
818
902
928
888
936
970
926
902
934
884
890
894
886
968
944
938
972
960
980
954
902
952
884
916
990
926
944
1000
928
924
944
860
888
908
896
954
932
894
952
1024
1090
1002
942
998
904
886
894
878
832
860
1006
928
888
902
912
844
812
858
904
878
924
1012
952
1008
1016
1012
994
1000
1046
1012
1028
976
910
892
930
1004
938
896
846
820
760
738
760
872
786
858
1296
1180
978
1112
1096
1002
838
910
920
930
894
906
1168
1062
898
1002
1016
904
972
1000
950
1076
1092
1004
1040
1012
898
988
1000
948
1000
1026
960
1062
1028
1020
1112
1004
1106
1030
928
1046
984
984
1076
972
1000
974
976
892
904
918
868
890
892
882
890
900
892
896
874
786
758
764
1104
880
762
758
756
754
764
756
754
714
732
726
814
1036
848
862
984
974
876
792
892
942
900
870
954
1156
936
816
892
892
868
790
842
1094
1016
886
858
926
926
922
824
870
918
940
866
862
914
1030
920
930
1074
1154
904
944
1004
956
940
1182
1186
996
918
1028
1018
988
878
940
948
926
878
852
990
1000
944
844
770
838
954
930
880
928
1196
1042
926
1102
1166
1010
874
966
972
984
854
912
904
934
834
876
1156
1140
902
966
1008
962
848
846
914
1056
822
778
770
736
722
696
722
704
728
848
858
820
826
786
776
760
724
716
682
676
688
650
668
666
652
546
362
592
766
726
710
720
712
708
714
678
700
694
692
700
714
698
670
708
722
744
730
702
670
660
678
778
822
864
802
764
750
944
966
834
804
800
812
728
714
726
716
706
674
666
676
682
744
720
724
762
798
776
726
718
732
736
722
732
744
744
728
740
732
702
686
656
672
666
648
618
638
614
610
608
608
604
618
616
626
612
652
668
634
654
660
698
686
670
672
670
682
688
686
674
662
670
666
722
702
732
808
846
776
766
724
762
712
704
718
714
726
718
710
658
694
666
630
646
652
664
750
740
726
710
718
790
730
728
714
692
686
696
658
652
638
622
608
622
642
694
674
662
686
676
688
674
678
668
660
668
660
644
640
616
628
620
618
620
626
640
756
688
682
692
670
674
674
678
740
806
816
770
734
756
724
732
744
746
728
676
686
698
700
704
742
704
694
712
702
694
692
694
682
680
726
718
706
762
856
816
772
750
764
756
746
700
676
684
694
714
702
692
700
716
714
718
704
680
702
686
692
682
688
748
720
690
680
684
670
666
670
666
654
660
672
656
706
714
712
766
742
744
714
678
710
684
690
684
676
694
698
686
696
684
664
656
648
628
638
630
638
638
648
638
634
638
646
640
634
630
628
640
652
742
818
806
742
720
710
746
858
830
782
738
692
728
710
702
714
710
678
698
700
688
700
684
676
712
708
742
760
738
738
738
736
726
738
768
756
720
714
688
676
670
688
830
864
840
770
786
802
812
834
778
744
728
718
696
668
644
666
624
614
584
598
588
640
636
612
602
614
682
800
714
720
694
674
690
692
776
716
712
678
684
672
676
712
690
686
734
806
750
782
768
760
718
690
682
670
646
618
642
616
604
600
600
590
580
578
584
570
590
636
606
616
614
666
664
638
662
644
618
606
594
600
604
586
608
606
604
606
578
594
592
576
598
602
598
608
616
604
612
630
634
634
626
618
614
630
616
586
562
560
546
556
556
574
568
554
616
660
652
648
630
646
652
652
652
636
634
628
630
638
676
638
644
680
694
668
660
676
748
700
696
728
838
868
892
794
736
748
758
706
694
688
666
638
636
624
606
616
666
666
650
648
644
636
670
652
660
714
754
700
726
766
760
730
734
714
724
690
682
720
704
686
690
688
666
662
678
686
662
686
674
648
646
662
654
658
654
652
622
628
642
658
650
676
738
762
726
698
714
664
642
636
632
638
632
632
646
700
750
710
734
722
716
676
678
658
646
628
602
626
610
628
696
736
872
896
842
772
770
774
716
710
730
720
696
688
704
752
788
824
878
790
770
784
770
734
756
762
796
766
708
696
682
686
682
670
676
674
678
674
632
660
656
670
656
686
764
844
742
718
748
752
836
784
778
794
786
734
760
768
760
764
746
752
702
696
718
750
714
726
734
726
718
694
668
658
662
676
826
826
776
770
796
714
758
758
750
706
712
770
920
990
1044
992
828
790
790
790
736
704
698
690
696
688
676
690
746
750
734
742
780
850
788
742
760
772
762
762
762
768
794
840
794
782
744
770
798
764
728
750
746
708
672
694
682
668
672
642
648
680
686
672
670
646
656
664
652
672
650
670
702
682
714
754
784
752
726
728
734
690
670
674
682
674
676
660
664
666
684
664
672
660
680
662
676
654
656
672
658
646
654
652
638
640
634
640
638
660
626
640
640
632
628
634
630
620
626
632
614
650
630
624
628
638
642
636
640
654
662
650
642
644
642
634
650
640
634
624
638
622
618
620
610
612
616
620
608
642
622
624
630
640
636
622
630
644
650
636
638
648
660
682
656
670
658
666
658
638
636
626
612
606
590
598
608
602
654
652
656
646
636
636
634
602
628
604
608
616
644
754
756
756
756
770
712
708
670
644
624
598
630
600
596
626
648
716
740
694
746
764
732
730
740
762
806
754
718
694
698
670
692
760
772
718
752
846
880
818
814
734
738
710
706
686
678
682
684
702
688
704
700
700
688
700
692
678
692
682
672
682
672
680
674
720
686
688
690
700
672
658
668
666
656
680
676
738
704
736
734
730
694
680
668
674
738
790
732
756
752
782
762
724
706
678
638
670
640
650
636
630
738
874
930
822
796
804
826
848
832
758
714
702
726
690
672
680
674
672
664
670
668
644
632
636
632
684
752
706
712
702
718
702
700
686
678
652
652
652
650
706
668
680
672
684
672
674
680
680
670
644
634
622
628
636
636
650
654
644
644
648
664
664
670
656
658
660
658
638
636
644
634
636
640
622
616
616
610
600
650
648
652
692
730
748
718
682
666
662
648
630
624
606
626
628
610
628
606
616
620
616
626
610
658
652
644
654
644
644
656
646
618
628
620
628
614
620
610
616
612
620
612
610
606
608
600
590
588
598
586
612
608
616
628
654
612
616
618
606
606
598
618
606
630
664
766
942
972
900
792
756
710
684
666
668
638
638
650
630
650
670
698
684
690
672
694
706
698
706
696
694
772
724
726
714
712
748
718
696
678
660
644
640
652
686
702
698
702
706
682
684
696
676
752
850
930
870
892
904
788
758
754
752
702
682
680
690
794
726
820
876
830
798
764
764
748
694
686
676
716
760
812
926
1028
842
854
962
958
816
806
848
826
788
802
856
824
786
820
872
928
906
802
716
752
734
688
718
692
672
650
674
650
636
620
612
608
598
596
616
610
642
698
732
722
780
774
742
742
746
736
728
768
828
788
714
762
760
784
760
744
736
734
714
686
710
752
778
736
738
732
732
694
678
698
710
700
672
676
674
672
648
656
684
660
696
696
686
700
692
678
654
648
642
646
642
632
638
642
626
666
676
658
654
658
666
648
658
682
702
670
686
710
722
716
686
710
712
734
706
706
702
698
694
678
662
664
660
654
684
660
672
668
644
634
652
652
638
646
624
622
626
624
618
624
704
722
686
670
678
634
626
652
644
726
738
734
740
692
654
634
622
600
626
604
630
624
628
644
666
668
678
662
654
656
644
658
636
614
620
624
618
618
616
650
670
702
676
682
676
682
676
668
688
648
630
616
600
568
588
596
594
588
624
620
618
620
626
610
628
610
610
630
628
626
618
660
634
632
636
638
644
636
644
690
762
722
736
770
788
822
860
822
792
740
760
754
734
746
740
734
718
726
716
714
742
748
748
744
684
696
646
624
606
612
604
594
608
678
692
704
748
772
732
764
742
692
728
768
754
788
866
810
800
826
730
734
728
702
690
712
716
798
738
796
854
792
826
818
814
734
758
752
704
690
718
710
692
702
708
698
690
706
698
686
702
696
720
694
702
716
756
728
718
748
748
802
742
740
742
722
688
692
702
746
718
720
700
720
708
680
686
698
684
688
676
688
674
648
664
660
648
656
642
642
650
660
678
664
674
676
674
658
642
636
638
646
660
684
682
672
678
650
620
610
610
602
636
656
686
702
670
686
684
672
676
656
676
660
664
680
692
688
766
782
788
790
732
704
704
720
782
804
742
722
728
730
690
668
690
706
696
686
658
692
666
684
676
678
676
686
728
740
722
716
714
696
674
672
666
660
646
660
650
658
658
648
698
696
686
704
720
724
718
704
666
620
658
652
666
722
676
690
672
670
702
680
678
672
632
606
630
604
612
610
638
732
814
864
800
782
772
782
732
678
668
682
714
856
838
788
706
718
736
722
758
740
702
680
700
704
786
732
740
746
750
696
692
696
674
656
682
674
672
686
702
730
706
718
714
714
768
760
742
712
728
720
732
736
804
772
752
744
754
810
758
754
760
740
688
684
686
686
708
684
706
714
754
712
770
762
806
832
818
804
770
760
724
740
772
768
774
786
748
758
812
864
924
880
818
794
804
794
826
796
722
736
746
722
684
678
668
670
638
670
656
690
674
664
666
698
680
698
768
796
758
732
738
716
696
710
694
706
706
730
718
734
790
804
770
738
756
754
722
724
738
826
760
776
744
726
688
710
706
710
710
712
700
752
726
726
728
726
724
706
708
706
698
716
694
654
694
726
748
714
724
738
718
714
716
710
730
800
880
806
832
844
806
740
792
782
760
738
724
734
714
688
710
718
726
714
774
896
812
832
806
728
712
740
730
734
758
814
810
802
748
742
694
688
654
684
674
698
676
688
752
732
752
750
750
736
750
722
706
698
700
722
696
720
700
754
714
732
728
732
738
708
702
694
718
720
718
740
762
740
746
720
736
726
710
712
718
728
738
732
720
732
738
736
732
708
716
696
732
766
728
744
760
710
690
676
678
684
656
658
676
714
710
738
766
768
744
738
702
716
712
702
704
718
692
696
712
714
694
710
698
700
722
732
736
754
732
728
704
698
686
660
650
648
640
648
654
646
662
674
664
674
654
666
654
650
670
656
692
660
660
672
676
668
680
664
772
732
768
774
746
758
740
708
706
706
708
676
670
676
644
638
654
638
646
644
668
708
722
708
732
730
736
716
684
682
644
638
640
634
636
642
704
794
730
732
738
740
748
732
730
716
672
654
624
644
630
688
656
648
680
694
700
690
672
676
686
670
688
664
668
678
662
656
672
680
686
666
686
678
676
680
674
658
678
696
664
668
672
678
682
684
668
662
662
668
650
654
654
658
664
668
682
694
668
686
666
678
658
660
664
660
650
632
614
606
624
620
624
614
664
658
648
652
668
662
666
652
670
676
642
654
650
732
738
694
728
700
694
670
676
682
692
680
748
792
744
764
794
788
786
794
760
734
746
744
730
754
744
738
744
722
724
710
674
692
672
682
698
688
698
702
700
676
660
660
648
656
664
714
702
690
698
704
686
688
684
666
642
642
634
634
630
630
630
642
638
668
676
690
682
690
728
702
754
748
742
714
704
672
648
628
610
620
606
616
610
618
614
660
704
726
686
698
700
686
702
672
688
694
676
700
702
696
694
740
764
736
700
696
674
666
666
652
656
692
686
690
672
652
682
754
818
834
766
710
706
684
706
694
742
818
786
848
886
814
768
746
796
774
840
790
802
726
714
746
778
840
836
802
704
708
692
704
674
678
670
668
668
658
682
676
678
674
704
714
698
716
750
750
736
728
712
688
702
690
700
698
710
706
704
668
678
656
652
638
650
654
650
638
634
628
628
626
620
608
606
614
618
608
620
618
634
672
742
744
724
712
720
752
736
680
680
676
666
656
660
682
710
704
710
674
658
652
638
642
668
744
858
746
744
694
750
752
842
860
886
798
744
748
724
678
694
694
652
654
648
650
644
630
624
622
620
624
612
622
632
636
650
636
652
636
630
702
670
666
682
672
664
674
658
666
662
626
654
638
642
650
638
638
684
718
678
678
662
656
648
656
638
642
628
630
624
658
712
674
696
710
706
674
672
676
682
708
708
700
702
700
692
660
632
642
658
746
756
944
818
884
836
748
694
688
674
680
706
696
730
750
718
732
718
712
696
698
672
682
678
686
754
710
730
746
814
752
724
724
744
748
740
706
684
684
698
680
686
730
828
