858
852
842
902
864
858
832
850
836
834
842
860
852
830
840
844
836
846
850
850
812
828
830
808
812
822
822
806
804
810
798
812
798
820
804
816
822
816
810
826
836
832
838
832
856
840
836
844
824
822
798
824
832
820
830
844
858
842
872
872
854
862
856
868
860
870
872
818
754
734
688
666
696
634
632
612
610
602
592
594
622
640
642
680
708
726
744
752
758
768
788
800
816
814
814
820
812
810
834
828
816
822
814
812
808
782
800
790
786
786
766
734
780
850
800
908
928
880
884
890
882
850
868
862
836
848
868
852
864
878
866
856
862
852
852
848
856
838
850
848
870
862
880
872
868
876
870
866
874
880
874
882
870
880
842
868
874
874
866
838
850
844
828
846
832
832
844
838
846
838
862
856
848
864
864
830
858
848
838
852
842
828
830
838
850
844
870
872
856
866
866
884
868
878
876
858
812
822
824
854
830
844
836
832
840
836
856
840
864
854
854
828
840
848
832
842
838
846
834
830
844
848
840
848
856
850
866
892
866
882
868
876
844
844
854
838
852
860
848
850
858
852
854
852
856
848
830
834
828
852
838
848
858
852
816
844
836
830
838
836
834
856
878
860
868
862
870
840
864
840
828
830
838
816
822
834
856
840
886
886
872
892
878
874
872
868
862
818
822
840
830
828
876
880
882
926
920
908
912
938
924
928
924
896
872
894
888
862
872
868
846
838
842
850
838
848
854
852
834
840
844
834
858
854
852
850
850
850
852
852
844
820
846
838
848
844
882
882
872
866
864
838
850
848
844
870
854
852
838
838
844
834
850
890
872
866
908
900
882
892
888
862
822
852
866
846
858
856
868
880
908
912
890
894
886
856
854
870
854
856
840
852
832
820
828
848
840
846
842
834
846
836
846
892
852
870
876
864
870
862
894
886
882
878
884
876
876
898
874
872
864
846
842
854
892
862
874
880
870
830
854
844
836
842
870
862
854
884
884
876
872
864
846
838
844
838
844
840
858
840
840
838
838
824
818
822
814
820
818
850
854
840
852
858
850
848
834
848
842
842
824
830
830
816
814
850
862
840
866
886
856
874
902
900
890
896
920
896
900
924
910
912
910
888
880
898
902
892
880
882
842
858
864
832
854
856
828
826
832
836
838
770
808
844
798
844
864
836
842
860
868
862
892
914
898
926
938
924
920
906
892
884
888
866
842
868
856
834
854
846
840
850
842
816
832
828
848
832
800
762
736
736
770
806
858
938
898
890
924
912
902
908
882
822
832
822
822
828
840
878
858
864
884
874
846
874
906
896
890
898
850
844
842
794
772
804
816
830
854
890
884
876
874
844
844
882
912
880
904
884
832
840
834
774
740
764
736
700
708
646
658
660
656
666
662
654
652
620
610
584
584
572
564
562
566
574
628
688
760
808
844
872
906
916
918
928
920
920
900
916
910
886
896
896
884
872
880
872
834
858
844
806
840
846
834
846
870
850
882
892
872
874
884
922
896
906
912
896
908
904
878
896
894
886
844
856
860
870
910
926
932
914
932
924
914
912
898
888
884
878
862
862
894
946
926
944
940
922
918
924
922
926
958
938
932
942
934
980
980
960
950
918
896
916
900
868
876
860
846
860
858
846
838
850
850
846
864
868
858
896
906
894
902
916
912
918
942
924
936
934
912
918
890
914
928
914
946
924
926
924
892
918
904
884
900
926
930
936
926
922
938
952
934
930
938
938
924
932
910
908
918
886
894
906
900
908
932
918
932
968
926
942
944
934
962
932
956
952
918
934
906
880
894
870
864
880
872
870
892
884
884
888
898
922
920
926
926
924
926
926
926
922
914
910
912
914
910
914
934
920
918
926
916
906
908
878
886
884
858
850
848
828
814
796
794
766
768
764
758
750
756
766
768
780
778
778
774
788
784
780
780
808
802
806
810
832
830
812
822
816
832
828
828
846
844
840
844
862
844
854
836
836
838
820
814
844
862
860
852
906
908
898
910
928
920
942
930
936
942
920
920
916
900
906
906
896
900
888
862
874
884
884
894
894
890
884
882
910
912
896
884
880
882
882
882
896
882
882
884
870
866
874
854
848
864
862
858
856
856
840
834
830
808
810
816
812
828
866
858
874
892
900
886
898
894
894
896
878
878
868
880
864
852
860
852
830
840
844
834
838
842
840
810
818
850
846
844
850
840
836
838
832
788
830
816
806
824
870
890
904
884
874
890
868
838
862
854
842
832
842
842
818
830
830
812
824
834
834
834
854
850
852
858
854
856
856
868
868
882
876
884
876
874
892
878
870
864
846
848
846
818
838
836
830
836
830
832
834
846
850
866
862
854
856
846
836
858
864
852
876
882
872
848
852
852
852
850
854
852
836
872
852
850
860
852
856
842
840
846
876
870
860
872
862
862
866
866
856
866
856
858
864
850
880
864
846
854
852
862
858
884
870
868
872
862
864
866
862
866
876
864
864
862
866
852
862
864
848
862
834
826
834
816
802
806
814
820
810
858
842
828
840
830
798
786
786
792
784
832
826
810
836
894
948
926
940
930
922
934
916
926
936
928
918
922
922
906
912
912
892
896
882
870
852
872
868
856
878
878
868
884
896
918
916
914
918
904
916
912
906
906
898
912
900
894
904
886
872
866
864
854
862
856
824
832
814
792
774
788
798
788
820
836
838
828
878
866
850
868
882
866
874
872
890
876
900
898
896
914
904
904
904
900
886
874
888
876
870
894
902
890
906
904
912
910
908
902
906
886
876
888
912
888
906
874
888
888
870
868
872
858
838
856
846
832
842
862
844
852
830
828
800
822
822
814
830
846
838
844
882
862
846
852
836
818
830
840
826
830
852
840
832
844
840
846
890
874
874
876
864
862
866
842
852
852
886
886
898
902
908
896
876
882
858
878
878
874
872
918
876
878
888
900
912
910
914
912
906
912
904
896
900
904
894
876
886
890
886
888
866
876
880
874
908
908
892
908
892
874
892
882
884
892
886
854
866
840
846
850
830
820
836
834
834
834
834
818
816
808
794
784
798
800
772
774
776
776
774
804
802
802
822
842
880
884
894
900
910
892
894
892
878
886
884
868
874
868
882
894
882
878
884
880
886
888
890
884
892
890
888
900
890
884
860
852
872
864
872
868
842
846
854
856
868
884
872
862
870
872
862
872
866
854
862
858
842
858
850
842
834
838
820
818
846
836
804
808
798
796
814
860
866
876
874
872
870
872
870
870
864
878
866
882
872
854
868
864
864
878
900
898
890
890
886
868
862
874
860
856
830
816
812
820
842
868
840
884
904
878
888
890
884
908
918
908
912
908
882
880
882
868
874
876
880
872
872
848
840
852
850
832
846
846
854
892
884
892
890
884
894
900
882
896
900
894
902
866
874
878
876
892
890
880
882
884
900
892
900
896
894
892
878
886
882
878
862
840
854
882
878
882
882
860
870
872
858
878
890
874
884
886
846
848
854
830
842
838
828
836
866
846
852
850
866
852
856
848
822
818
820
814
814
826
820
814
830
824
822
828
816
770
748
738
748
742
778
764
764
822
904
918
914
928
924
890
908
894
872
886
886
860
874
872
880
858
870
870
848
860
898
922
916
940
944
924
932
920
894
884
888
886
894
890
888
878
884
904
930
924
908
894
906
918
918
916
916
894
888
874
892
904
930
914
918
922
936
922
920
906
894
902
900
894
898
916
904
896
880
880
868
864
866
858
862
870
850
866
888
894
906
898
900
894
886
884
868
868
868
844
858
840
820
822
826
816
828
846
830
854
856
848
834
842
840
822
838
828
806
814
824
808
802
838
838
834
838
852
854
834
830
838
834
836
884
898
884
934
936
942
940
938
942
938
936
924
924
910
894
910
884
842
850
840
830
848
858
842
872
888
882
868
886
888
878
856
856
830
828
834
832
852
854
854
848
888
860
864
878
886
866
856
838
802
790
784
764
748
784
798
794
850
870
862
882
898
882
850
850
860
872
864
854
838
824
838
828
836
842
846
844
838
842
852
842
842
836
792
804
788
810
834
826
860
866
858
882
868
870
872
856
868
854
850
854
862
848
840
836
798
766
738
712
714
732
812
848
848
902
880
874
886
880
862
876
872
848
854
834
818
834
824
818
854
832
826
836
826
818
822
820
824
822
818
812
820
812
806
812
852
866
862
880
876
876
842
856
858
846
846
862
858
850
856
840
850
810
820
818
812
814
818
826
822
832
828
820
830
824
856
836
840
844
840
810
822
810
818
808
798
780
794
822
816
862
850
838
850
842
846
824
818
806
804
804
806
836
824
822
834
846
832
866
866
846
846
844
830
808
814
806
804
810
816
826
812
846
834
842
838
842
838
836
812
824
810
800
808
806
802
792
794
798
804
828
830
820
830
826
828
818
820
820
822
848
828
834
830
816
816
822
822
822
806
818
808
792
804
802
814
806
784
796
798
776
792
800
812
816
840
834
834
836
846
838
820
828
822
808
814
806
800
800
792
800
790
808
818
808
834
840
828
836
856
858
860
882
868
868
874
870
850
864
868
844
852
836
834
836
864
868
860
882
880
882
914
888
872
880
852
844
854
850
882
852
860
850
820
800
810
794
790
780
792
800
794
824
816
806
796
800
800
790
800
798
790
790
788
790
782
802
816
810
806
812
822
812
812
822
846
838
852
874
866
856
862
876
866
866
866
868
866
870
886
866
876
876
876
876
878
888
858
852
840
838
806
822
838
820
826
858
874
864
884
888
876
862
860
842
828
842
832
830
834
836
854
836
838
846
826
832
834
828
832
826
824
822
822
840
854
842
854
856
854
858
856
850
836
850
844
828
846
848
836
852
846
838
824
822
824
820
808
830
822
840
856
860
844
896
892
874
888
898
892
882
896
888
856
850
860
848
850
862
862
856
884
884
868
882
876
858
852
860
864
860
856
850
836
846
846
844
844
838
838
830
836
832
820
812
816
806
800
804
798
798
796
816
832
814
832
858
830
842
844
834
820
830
830
806
798
826
806
802
812
814
840
818
842
836
836
850
860
836
836
828
800
788
780
788
786
788
846
826
802
780
788
820
856
854
840
882
872
868
870
842
818
816
804
798
760
740
754
772
776
824
844
846
850
876
870
854
860
858
854
840
852
852
840
846
844
842
850
856
850
850
850
842
830
842
840
832
836
858
856
840
860
866
858
840
852
842
834
838
850
844
860
878
854
856
860
840
850
858
846
826
838
834
812
812
820
814
816
820
812
822
852
842
874
844
848
854
818
806
828
826
800
790
806
810
826
874
868
860
902
886
878
900
884
876
872
860
838
848
850
840
832
852
840
836
842
840
858
850
866
862
860
842
868
864
856
864
864
856
870
860
864
872
862
860
860
868
860
840
854
848
832
840
860
830
838
846
842
842
866
840
830
834
828
820
804
816
810
808
812
838
854
858
870
878
858
870
886
866
850
862
856
842
830
820
806
818
832
816
834
852
840
836
850
878
852
856
872
874
872
892
892
862
862
868
852
844
852
848
838
844
850
834
846
856
858
852
860
876
852
852
858
836
824
836
820
814
820
820
816
806
814
826
810
816
824
826
826
830
856
834
834
838
844
828
814
824
820
814
832
838
830
846
850
842
826
830
826
816
822
834
822
826
822
828
822
820
820
824
820
850
832
824
830
828
826
830
828
830
820
842
856
842
880
868
876
870
868
880
860
862
850
840
834
844
852
842
844
848
842
840
824
836
836
824
834
842
834
830
838
828
832
832
850
828
820
836
834
828
830
830
824
820
832
830
824
828
826
816
820
826
824
814
822
824
804
818
824
836
828
848
860
848
846
852
860
846
852
862
854
840
850
844
834
830
844
850
834
842
846
838
840
846
842
842
834
836
836
820
834
840
830
824
832
842
834
816
836
824
826
816
818
820
824
844
848
836
824
834
840
818
826
826
818
818
816
818
806
814
816
804
806
828
802
794
808
800
796
814
820
818
808
814
812
812
824
842
844
834
854
868
854
854
864
856
840
852
856
836
832
834
834
826
834
838
828
836
848
846
836
826
830
822
808
824
822
820
818
814
802
806
810
822
816
816
818
826
816
834
842
828
828
820
798
808
808
816
812
812
812
784
780
786
778
786
804
812
802
796
822
818
826
830
834
824
826
818
802
810
814
806
818
810
822
812
810
832
820
840
830
828
856
844
842
872
866
856
856
858
854
846
858
844
822
818
842
842
838
868
872
860
862
864
858
844
862
854
856
848
844
854
840
832
832
824
812
824
814
810
806
824
820
814
818
838
820
826
824
826
822
798
790
788
814
826
808
818
834
828
816
840
846
836
844
848
842
834
838
834
832
854
850
840
816
836
834
818
820
836
826
824
828
826
810
822
820
826
846
844
842
816
832
826
818
820
826
820
814
836
838
826
818
826
836
824
828
828
824
828
824
810
816
790
816
828
818
822
842
832
832
830
830
832
834
846
838
826
832
834
838
840
846
848
832
830
852
840
842
842
854
836
840
838
840
824
832
832
806
820
820
800
812
814
816
822
834
832
816
818
822
814
798
806
806
802
796
796
784
794
796
818
804
830
832
844
838
840
840
842
810
830
838
820
818
822
838
826
850
840
852
832
844
842
824
832
846
838
846
888
878
862
872
866
866
854
862
872
846
832
850
840
830
858
860
842
824
840
854
842
846
854
848
852
852
842
848
850
846
858
848
840
822
832
848
826
824
824
816
800
818
812
820
844
870
848
846
854
850
848
852
846
840
840
842
828
824
838
860
834
824
826
810
806
824
822
820
834
826
824
834
840
828
826
832
838
834
832
838
794
738
688
680
672
688
760
804
804
862
876
888
904
924
924
908
910
882
870
822
784
796
808
804
824
814
826
822
818
846
858
852
866
878
886
884
910
902
890
878
888
884
854
858
850
824
814
826
820
816
850
858
844
852
866
858
856
860
856
850
838
848
824
830
836
838
836
854
848
840
844
848
854
824
828
824
810
814
834
864
852
856
888
868
862
876
868
834
842
830
812
816
820
818
796
776
736
712
714
760
784
860
894
880
876
912
896
884
884
882
858
858
862
842
852
852
866
854
880
874
870
852
874
866
840
858
856
848
846
848
848
846
814
834
854
846
840
852
864
856
860
874
898
876
884
894
882
886
896
888
866
876
854
858
860
866
854
860
874
866
864
864
860
830
848
844
838
828
834
844
836
832
826
824
826
826
844
834
850
846
840
858
860
854
856
844
832
846
844
842
840
840
828
868
858
846
846
850
836
830
840
838
842
860
854
852
846
846
838
816
826
838
824
858
876
852
816
788
788
766
782
814
856
846
848
846
858
852
852
872
884
870
872
870
872
856
864
866
832
854
846
846
848
850
834
828
850
848
828
826
832
826
812
832
830
826
826
832
840
826
830
836
834
832
836
848
856
850
860
852
832
826
822
826
818
826
854
828
832
852
832
830
850
840
846
858
852
840
840
838
820
822
830
780
786
788
804
840
848
846
882
870
864
888
876
874
864
874
870
858
866
870
862
886
878
864
864
858
852
844
846
844
822
830
832
824
826
830
838
834
848
870
846
848
854
848
844
858
848
840
812
836
852
828
862
854
850
842
854
846
844
846
846
826
830
838
832
836
832
824
810
818
828
828
834
850
842
828
838
830
816
838
840
828
834
842
858
840
854
846
836
836
834
816
834
830
830
826
844
836
814
828
834
820
832
828
826
820
816
814
812
820
834
822
834
836
840
838
856
870
852
858
854
846
826
838
838
830
836
856
840
822
798
812
838
830
852
876
862
880
878
870
874
868
872
854
866
862
862
862
866
862
864
868
876
872
860
860
838
828
844
832
836
836
836
824
818
824
820
828
850
866
852
858
860
868
866
862
856
828
830
836
816
806
816
808
800
804
818
824
830
848
840
844
850
840
836
844
850
840
860
856
848
850
850
844
844
876
858
852
860
842
832
840
832
814
824
850
830
842
842
854
846
854
860
856
860
876
860
840
854
852
830
848
844
838
842
848
838
840
836
834
816
802
812
802
782
798
796
778
780
796
794
796
818
822
814
824
830
820
818
822
812
828
828
830
826
830
826
810
818
818
816
818
842
838
836
850
870
860
858
862
866
860
846
832
812
826
844
842
844
866
872
858
866
864
860
862
864
864
852
840
842
842
834
838
840
814
830
828
822
814
826
830
826
826
826
822
816
820
830
822
824
830
824
832
842
842
838
828
842
826
806
814
808
800
798
810
798
814
806
816
804
810
814
816
818
834
828
824
826
832
826
828
824
836
830
826
830
810
824
818
816
806
808
820
806
810
838
834
832
856
856
844
854
842
818
802
812
792
778
794
802
816
814
842
842
838
846
854
850
848
848
850
840
828
834
830
812
822
836
818
824
824
824
816
822
844
822
826
836
826
822
834
846
838
840
858
844
842
848
854
844
850
864
864
854
858
850
850
814
818
800
794
792
806
824
814
804
810
818
828
822
838
842
836
848
864
886
856
834
836
838
836
812
802
814
812
800
808
808
808
812
832
836
830
832
814
798
808
806
792
794
804
798
800
814
824
816
820
822
832
822
848
842
822
832
830
826
798
794
804
816
822
816
822
846
840
846
864
846
836
844
846
846
826
842
842
836
836
836
820
830
824
826
828
844
842
838
838
830
808
804
826
812
818
818
824
822
818
850
830
832
830
834
814
808
818
816
812
824
828
814
810
812
812
806
808
810
806
806
806
804
788
796
792
780
778
772
764
768
784
800
802
828
812
816
818
828
830
822
842
836
832
832
830
824
818
844
840
818
812
814
814
796
810
802
794
800
800
796
786
786
788
772
752
744
742
720
728
730
718
712
702
682
650
666
636
614
606
584
550
608
576
572
558
580
1072
550
552
540
538
410
634
536
560
558
544
580
602
626
658
670
680
724
766
776
792
790
782
792
796
770
750
780
754
758
752
780
764
762
768
770
758
732
748
714
682
684
672
688
676
692
738
754
756
758
748
768
756
758
768
778
780
756
770
780
762
736
764
756
752
732
762
774
750
782
772
778
762
760
762
740
714
738
752
732
726
736
740
768
750
786
794
776
788
810
800
792
776
768
754
736
752
762
746
732
766
794
758
778
792
776
746
774
752
740
730
778
752
758
780
802
774
792
804
770
764
764
766
754
748
772
750
754
766
800
794
796
822
828
810
818
796
812
772
770
768
776
764
748
764
748
746
748
778
754
740
742
736
728
716
756
740
742
784
750
750
770
764
764
768
776
750
740
760
742
734
754
788
764
778
788
798
788
770
788
766
756
770
786
764
766
782
796
774
796
794
802
774
792
788
782
760
774
792
770
772
786
790
776
758
776
768
764
758
770
776
756
750
776
760
760
778
794
776
790
770
790
778
778
822
810
816
804
808
822
796
796
806
816
836
800
812
754
738
772
742
764
776
814
794
786
816
812
798
790
808
824
816
822
842
832
822
818
808
816
814
814
826
840
808
814
816
830
818
808
822
816
790
814
816
798
794
812
806
794
796
800
790
782
794
798
786
782
782
808
788
802
818
822
800
800
804
806
780
800
800
796
790
802
796
780
804
814
794
786
808
800
778
804
812
810
810
838
826
804
810
810
830
806
830
842
852
822
828
846
826
814
820
840
824
820
848
844
822
848
850
834
816
832
826
804
794
842
818
834
850
842
820
796
820
828
808
804
830
812
798
836
834
822
806
810
808
804
796
806
780
762
760
704
724
698
684
676
668
662
656
642
604
662
542
598
576
1100
572
586
542
566
566
572
576
606
576
590
592
598
606
