588
582
592
622
634
622
600
600
612
620
622
614
612
602
614
624
642
658
640
630
644
646
650
626
624
634
634
610
606
612
618
602
600
630
648
636
626
652
664
646
628
640
632
616
618
632
636
626
642
650
644
622
632
628
616
612
612
622
626
622
610
558
558
602
630
604
592
568
554
554
558
554
550
542
542
540
528
516
510
502
502
492
484
476
476
472
472
470
472
480
476
466
482
494
530
526
544
562
560
548
556
582
566
560
566
562
558
552
546
540
552
554
550
540
550
554
562
542
536
540
540
544
548
554
576
572
562
566
562
564
552
564
570
580
564
548
556
540
536
536
542
526
524
526
554
566
602
634
632
626
606
596
570
558
548
520
498
492
478
462
462
450
452
450
454
440
452
504
622
648
628
602
620
654
660
646
616
596
568
556
562
566
570
568
552
542
538
524
522
526
530
552
574
562
548
538
534
530
518
518
538
534
530
536
542
544
546
548
542
544
540
536
542
540
540
546
548
580
600
614
626
616
588
582
582
588
568
564
564
562
584
576
566
564
548
524
522
520
520
524
530
530
522
514
518
520
516
506
498
486
476
476
470
482
498
492
488
496
508
524
534
526
524
528
514
496
492
486
500
508
518
504
506
512
504
500
490
494
484
484
504
520
542
542
532
548
556
566
586
590
612
632
646
648
630
610
576
564
554
540
532
526
508
512
526
528
542
568
590
620
598
560
558
572
580
602
598
610
616
604
580
560
544
538
546
562
540
528
532
548
574
592
580
588
578
582
580
570
542
534
532
528
516
516
508
510
520
524
556
580
588
600
600
596
582
550
542
538
546
548
544
544
532
518
504
498
506
516
530
572
646
654
640
654
650
630
644
624
598
570
580
592
592
580
598
596
610
570
570
572
580
578
570
570
580
566
560
556
528
516
504
500
496
490
478
490
526
580
608
648
672
672
668
670
660
436
828
580
566
550
550
544
530
536
538
532
520
518
508
506
496
484
494
518
558
572
608
636
646
630
622
586
572
536
532
532
526
530
512
504
498
492
488
494
502
514
526
552
592
578
550
552
540
538
546
538
550
558
578
604
596
568
596
600
616
580
590
596
594
568
542
548
578
552
532
528
552
564
584
608
616
618
600
600
580
564
556
544
548
558
572
594
610
574
570
574
562
564
570
568
568
554
556
550
546
550
560
570
574
570
572
584
602
572
596
588
594
574
556
570
554
564
576
588
594
574
548
538
528
508
500
496
498
496
496
502
518
508
504
514
530
538
578
598
604
588
572
542
524
508
502
502
502
502
506
514
524
542
572
602
604
584
572
572
568
566
570
568
558
550
552
528
510
504
504
508
514
512
532
530
530
540
538
538
536
524
532
544
548
540
552
546
548
540
538
528
528
522
524
544
548
542
536
548
550
538
532
534
540
524
526
540
546
536
532
538
546
546
538
550
546
542
550
556
568
556
552
558
566
544
532
522
526
540
534
532
514
506
496
506
524
534
520
530
524
532
560
578
588
568
576
578
556
548
540
520
506
508
510
502
492
494
496
510
504
496
506
522
526
528
540
550
532
524
526
530
522
522
518
522
516
516
510
498
494
484
482
486
492
494
508
516
520
520
518
526
542
530
516
528
506
520
552
586
596
592
568
536
520
510
500
494
484
482
478
478
498
506
512
538
560
562
572
592
570
534
536
528
534
544
552
564
554
572
582
546
566
578
566
602
672
662
640
670
662
598
624
582
592
590
570
562
560
558
542
548
536
522
516
520
516
512
520
526
520
528
542
546
522
518
528
530
524
534
534
536
528
540
558
590
610
618
582
586
584
562
540
544
562
568
550
536
526
522
532
544
528
510
498
498
498
510
518
538
558
558
554
560
554
550
542
534
552
542
552
524
508
504
494
492
484
526
540
592
598
602
620
626
602
620
592
574
552
540
534
504
484
470
476
500
548
568
624
594
600
642
660
654
646
622
604
582
558
558
548
546
540
550
554
552
548
574
570
578
580
562
568
554
576
564
580
580
590
588
570
558
548
546
556
532
534
540
542
554
572
570
578
570
548
534
512
498
484
468
458
450
448
482
526
660
662
684
686
700
686
662
630
598
592
586
588
564
562
562
568
568
572
580
576
568
562
544
538
528
512
500
502
514
530
538
530
520
518
526
532
522
508
510
504
502
508
522
532
534
528
522
530
524
508
502
506
510
528
540
562
564
564
536
524
538
536
534
530
524
510
506
494
492
506
556
602
632
670
706
716
714
706
694
666
654
626
552
546
556
582
658
708
722
718
704
682
654
640
626
608
598
596
566
580
560
564
560
614
610
628
624
594
584
572
566
554
526
530
530
540
574
556
600
594
612
608
596
586
572
572
568
536
548
540
536
560
582
558
598
580
594
590
592
582
572
546
554
552
554
552
562
552
558
542
548
552
554
544
562
568
580
560
574
574
564
556
566
530
544
542
526
536
536
538
544
534
520
496
488
482
472
484
510
554
610
606
604
610
586
574
566
558
550
532
520
520
520
532
560
570
566
574
586
610
574
560
568
570
560
572
572
570
560
556
554
538
536
534
530
524
522
514
522
516
522
522
524
520
536
532
528
538
550
554
544
538
538
542
528
508
514
530
522
520
530
540
536
522
526
532
534
534
520
518
520
520
530
512
518
520
520
520
526
528
520
532
532
534
540
554
540
552
554
542
526
526
526
524
522
530
526
518
522
526
550
562
564
554
540
524
514
494
490
478
472
468
466
462
456
468
492
514
534
536
522
508
500
502
502
504
490
494
490
488
488
498
502
502
502
506
510
510
500
492
486
482
480
490
492
492
494
490
484
496
500
520
530
512
492
492
488
490
504
512
510
510
506
494
486
492
490
488
484
484
490
484
500
508
510
516
526
530
524
522
520
522
524
538
538
534
522
510
502
494
490
480
486
490
488
502
502
522
566
582
594
602
618
610
596
602
584
570
562
562
564
560
554
552
544
538
510
504
506
494
504
512
534
570
606
578
580
578
558
530
512
508
508
492
482
480
480
476
478
474
490
482
476
504
580
660
672
694
682
656
622
588
554
528
508
500
482
480
490
500
506
514
506
498
504
504
510
528
520
522
542
558
564
562
542
524
498
482
476
466
466
466
462
460
454
448
440
444
440
438
430
422
428
452
480
530
590
572
548
548
566
554
546
544
532
520
502
488
482
468
464
464
452
454
442
440
434
428
428
428
442
466
470
480
514
556
590
580
558
550
542
522
498
498
494
498
500
488
486
478
468
460
456
456
436
428
420
432
482
556
606
580
582
564
558
586
576
578
556
546
536
526
522
514
518
506
500
496
496
498
500
514
558
572
560
536
540
552
558
538
534
540
540
536
530
530
518
502
516
504
528
572
596
608
622
618
606
564
508
542
372
736
570
590
578
566
554
534
526
510
508
508
510
492
486
486
484
498
500
502
512
518
516
514
530
542
542
590
624
572
582
566
572
568
530
522
520
512
514
524
534
522
524
520
504
510
512
522
528
508
508
496
500
502
506
506
502
514
516
504
514
534
558
526
538
552
540
532
522
504
510
514
526
514
528
538
526
542
550
558
554
580
572
562
546
542
536
532
524
532
530
520
530
546
544
554
568
578
558
568
574
560
564
566
560
550
552
560
560
576
578
568
566
566
558
546
560
562
534
554
570
568
566
580
590
562
576
580
556
566
564
558
550
558
546
540
546
542
524
526
514
510
504
506
512
508
516
516
510
518
504
500
484
484
486
492
496
500
520
500
498
498
502
508
514
532
532
542
556
552
530
524
538
530
518
520
524
510
504
512
522
518
530
546
526
540
552
532
522
518
504
500
508
512
520
514
518
524
524
532
530
526
538
530
528
526
532
534
528
526
528
516
506
500
494
488
482
482
486
492
482
484
496
506
504
504
496
504
512
506
514
506
502
492
486
480
482
494
494
492
490
492
502
514
488
488
500
498
486
490
498
492
500
488
486
484
484
490
480
506
520
516
516
534
534
520
534
544
530
532
528
524
518
518
530
514
514
524
558
552
556
576
574
558
586
586
550
550
534
540
522
520
520
510
518
524
526
542
562
534
542
540
550
542
530
512
518
520
516
496
494
500
510
510
510
520
528
520
528
514
504
502
496
490
496
502
510
506
512
502
510
516
506
496
494
492
486
492
492
504
504
510
510
522
520
508
500
508
492
498
504
512
512
516
528
524
522
516
518
498
486
488
476
466
476
496
550
606
630
608
594
596
576
558
546
520
504
490
486
484
498
516
530
550
554
550
572
576
556
574
580
578
548
580
556
560
558
544
542
520
510
498
496
476
472
470
478
490
494
490
494
502
504
492
506
546
554
568
576
566
596
576
610
596
576
586
556
556
562
570
562
560
566
556
562
564
568
548
538
546
534
524
512
506
500
498
494
504
504
516
522
530
530
526
524
516
504
508
506
498
496
496
512
518
506
518
544
538
556
568
598
570
564
538
524
506
502
502
508
516
508
510
502
502
512
508
520
524
514
518
528
528
534
548
554
542
558
566
562
548
556
568
550
546
560
584
572
578
580
540
528
514
512
510
506
514
530
516
538
536
530
532
554
554
554
536
532
522
512
510
502
494
486
486
480
484
474
478
478
490
494
500
526
528
536
540
530
536
554
544
540
532
512
514
516
516
506
516
516
504
520
524
524
504
512
514
518
516
514
514
508
504
510
506
510
520
502
508
514
510
494
496
496
500
510
512
514
514
518
514
516
518
514
512
508
506
510
528
522
516
536
550
540
526
522
516
508
498
504
500
512
522
516
532
548
530
516
518
516
512
510
504
502
508
494
488
492
496
496
496
500
488
492
494
492
482
492
500
492
500
504
504
512
520
506
512
510
494
500
494
494
504
512
494
492
496
496
490
504
512
498
494
504
498
512
522
524
516
516
512
506
506
494
486
480
490
496
524
532
520
520
542
546
528
526
528
532
518
528
526
528
518
520
538
538
532
530
530
538
530
524
532
530
526
534
540
538
550
556
558
540
544
546
544
542
542
546
540
528
534
536
512
516
526
522
516
524
520
504
514
528
516
512
514
516
508
508
520
514
510
520
538
524
540
558
554
548
566
556
542
548
550
534
548
548
530
522
520
524
510
502
504
500
512
518
534
532
534
536
518
542
540
536
532
520
512
510
508
510
504
510
528
534
532
550
562
564
558
560
556
532
518
530
548
526
516
528
514
508
518
510
502
506
498
496
488
504
514
514
506
514
520
508
504
520
506
492
502
502
496
506
520
512
518
518
518
506
498
492
486
484
480
470
480
480
486
504
520
512
506
508
520
520
522
524
528
516
516
524
512
506
512
508
496
498
498
496
488
492
496
502
506
520
526
520
520
516
514
502
502
484
488
492
488
494
488
494
482
486
490
502
496
502
516
518
508
518
522
514
504
506
510
498
486
492
490
486
490
502
498
496
500
498
500
508
498
494
488
492
506
498
496
504
506
502
498
498
502
490
492
486
488
490
504
502
502
500
518
524
524
510
520
524
508
500
504
508
502
498
506
516
504
488
472
476
474
468
480
490
508
506
522
516
512
536
530
530
516
520
522
522
500
508
502
492
488
484
478
482
490
480
494
514
510
504
510
526
520
518
516
502
500
500
504
504
508
520
524
518
526
536
526
508
514
510
500
504
502
502
498
498
496
498
504
500
506
498
494
508
508
506
522
512
502
500
506
490
476
468
470
482
478
490
500
502
498
506
512
496
490
486
486
484
470
478
482
478
476
482
486
492
504
502
492
482
480
486
478
474
474
472
468
468
472
468
468
466
480
490
502
482
488
484
488
486
498
512
496
496
488
488
482
488
492
496
484
486
490
488
484
494
500
500
484
470
470
476
474
482
490
526
542
554
466
646
558
542
510
504
494
484
480
474
472
470
484
490
498
504
518
508
502
500
492
482
476
472
478
458
456
458
448
452
458
462
454
456
446
456
466
468
462
460
476
478
478
478
480
476
470
456
450
452
456
448
450
448
456
456
458
468
458
470
466
460
452
452
440
442
430
424
422
416
416
416
412
408
406
408
408
404
404
402
400
418
438
424
418
418
422
436
440
452
438
452
644
414
704
428
434
426
440
450
450
578
758
432
436
440
432
428
424
422
422
416
420
420
422
420
424
426
438
436
434
434
438
434
436
448
448
442
448
448
444
444
448
442
444
444
450
440
440
442
450
446
446
438
438
442
446
444
442
436
444
454
448
456
452
452
466
468
446
458
452
460
458
454
456
460
464
464
462
450
454
452
450
448
456
470
486
490
504
518
524
508
502
500
496
486
478
468
470
474
500
518
518
556
586
568
550
554
542
536
510
484
474
470
456
462
472
482
478
470
470
478
478
478
488
508
502
532
558
536
546
564
552
530
524
512
496
490
494
496
498
502
506
508
508
524
512
502
508
522
524
536
554
552
526
532
524
526
536
510
498
506
492
486
488
506
498
492
486
482
482
492
498
504
486
496
494
478
488
492
484
490
500
498
514
514
534
514
510
512
506
492
472
468
470
464
480
486
480
478
484
478
492
508
508
500
508
518
508
504
494
504
500
530
530
526
592
590
574
560
568
536
532
536
528
524
526
524
512
496
488
468
470
462
456
458
468
472
478
472
472
474
480
490
432
540
500
484
484
478
468
490
486
484
480
484
476
484
482
466
476
468
480
498
492
488
486
474
468
462
462
468
474
470
468
464
472
470
470
472
482
498
510
482
474
472
478
472
464
466
478
470
474
474
474
476
486
488
476
470
482
490
486
478
500
512
530
518
524
522
508
504
492
496
494
490
496
484
486
490
488
482
486
476
480
470
462
462
472
470
460
466
464
472
468
476
476
474
472
474
470
470
476
474
464
464
468
466
484
494
502
516
516
538
564
582
556
558
550
522
536
522
526
518
508
518
534
534
544
546
536
534
522
510
512
524
548
546
552
560
572
550
552
554
544
542
538
548
562
552
562
574
566
562
588
570
544
542
546
544
542
560
570
560
550
560
564
532
524
532
546
532
544
554
558
540
542
572
586
562
558
562
562
536
528
522
528
536
530
504
500
480
470
466
476
468
480
482
508
528
526
528
512
516
518
506
488
486
480
482
498
486
508
524
508
516
516
502
504
504
494
494
506
492
494
494
496
486
486
478
472
482
486
476
464
480
484
482
492
492
486
496
498
494
494
500
494
478
496
508
518
518
526
540
524
526
524
508
508
510
524
528
536
554
552
544
546
512
526
512
498
506
500
484
506
512
496
514
522
512
512
520
504
474
480
476
470
468
468
472
474
486
496
504
514
516
502
494
492
486
468
464
450
450
454
448
448
444
452
462
470
474
466
468
464
452
446
450
450
456
466
482
484
474
464
470
466
454
456
454
452
446
452
456
456
448
456
466
460
468
466
456
452
464
450
444
452
460
462
462
466
474
474
482
488
458
468
468
464
474
466
470
464
458
454
452
456
460
456
450
440
440
438
444
448
440
438
448
446
446
450
444
446
454
462
456
470
474
486
470
472
480
488
484
498
480
484
480
486
484
482
486
486
480
462
462
460
454
454
462
460
464
470
480
470
466
470
472
464
468
470
462
462
468
466
466
466
468
472
466
460
456
458
460
454
450
456
464
452
458
466
466
454
486
466
466
474
474
462
472
476
478
474
482
486
476
478
476
464
472
480
468
470
472
466
470
480
474
476
474
468
476
480
490
478
480
472
466
480
480
478
482
480
478
478
474
476
482
466
484
492
504
494
522
522
510
520
514
508
494
492
494
480
480
472
462
470
472
472
472
490
512
510
500
508
510
498
504
496
482
478
482
476
490
484
486
494
486
478
476
472
464
452
458
470
472
482
486
480
480
488
484
476
482
502
522
492
496
514
514
488
482
484
470
464
464
460
450
450
452
440
444
450
452
454
460
464
452
464
464
458
450
452
454
446
452
454
450
454
462
472
454
466
476
466
466
458
458
452
462
464
454
442
450
456
464
462
468
478
476
460
470
478
468
460
464
468
460
462
468
470
466
460
470
476
456
466
466
458
454
456
466
452
466
458
458
454
462
464
458
468
458
458
456
452
456
456
454
464
464
456
462
470
466
456
460
466
468
462
454
464
476
460
462
464
470
464
470
462
468
460
462
466
472
470
470
472
476
462
468
476
470
452
454
454
454
448
458
462
466
462
474
474
468
466
478
480
462
464
464
466
454
460
460
454
444
456
454
444
450
462
470
458
460
468
460
456
460
444
454
458
464
460
442
444
456
462
454
458
460
458
442
444
440
444
452
460
458
450
446
456
456
448
452
452
456
460
446
456
456
466
474
446
458
456
448
456
454
458
446
454
456
454
438
432
438
446
450
444
446
460
458
452
442
454
456
462
456
448
452
454
440
462
460
454
464
454
464
458
456
450
450
448
426
438
438
440
428
432
440
444
444
450
452
442
426
434
434
428
430
442
448
448
438
448
446
446
446
454
452
436
446
442
434
430
438
438
434
432
428
434
446
448
446
450
436
438
438
436
424
428
430
438
428
446
442
438
434
428
422
422
432
440
440
448
440
432
450
454
442
460
460
452
454
460
456
448
458
450
448
444
444
446
438
446
446
444
438
446
440
432
432
432
430
416
420
422
416
426
424
406
406
418
426
426
430
438
448
436
434
444
442
448
450
454
440
440
442
432
434
432
428
420
428
428
422
416
424
424
420
418
412
420
412
420
418
422
420
414
408
414
420
416
406
408
412
422
424
418
426
434
436
426
426
426
426
416
418
416
412
406
412
416
424
414
420
426
426
420
432
424
430
418
428
424
418
414
420
426
422
416
430
426
422
424
432
434
420
414
422
424
412
420
426
426
428
430
434
428
430
444
446
432
440
446
448
428
446
442
440
434
442
438
436
432
434
432
424
430
428
428
424
418
422
418
408
408
412
410
418
408
408
412
410
404
406
422
426
422
420
424
426
424
430
438
442
438
450
460
466
442
462
462
456
442
456
454
454
452
450
446
442
440
448
448
436
440
456
448
438
446
454
452
436
440
440
450
434
458
452
448
448
454
458
452
450
460
464
470
458
464
468
466
458
466
460
468
466
456
442
444
436
438
448
456
454
462
476
462
470
470
482
486
478
454
454
454
452
454
458
462
466
456
456
448
454
448
446
442
444
460
470
460
478
490
492
480
486
506
530
536
520
496
492
502
500
496
484
470
466
468
470
474
466
458
456
450
438
432
430
444
442
440
446
438
446
462
488
478
506
568
614
598
568
542
516
498
486
498
496
510
518
520
522
520
516
520
528
524
532
530
538
518
534
548
538
558
570
580
572
562
552
538
526
510
502
480
466
460
464
472
476
488
474
480
482
494
528
598
626
604
568
570
570
552
534
532
522
522
512
520
530
522
508
502
508
504
516
510
520
532
542
540
542
548
552
552
542
532
536
534
550
586
598
572
546
514
514
490
508
540
566
582
558
572
590
572
572
572
558
568
600
566
568
548
548
560
576
582
582
554
546
534
538
534
530
546
558
568
564
564
578
576
564
548
548
546
550
554
582
572
554
542
552
540
546
544
538
548
566
544
550
570
572
558
532
512
512
518
518
538
554
538
532
522
522
512
504
498
500
574
648
742
754
720
702
684
660
634
622
590
578
574
566
560
548
542
532
518
502
502
514
542
568
546
558
572
574
550
556
538
550
556
544
540
546
534
550
556
604
634
592
592
584
590
590
570
572
562
562
562
570
570
554
564
548
552
558
566
574
564
556
544
514
496
484
482
478
474
484
490
526
580
594
584
560
532
514
502
508
518
520
510
510
518
526
534
520
522
514
500
516
522
534
548
552
576
566
580
568
576
568
552
528
518
500
486
476
476
494
506
508
482
486
482
510
546
562
580
518
504
510
490
498
510
514
526
522
528
546
538
524
520
520
508
512
514
508
502
496
498
488
466
464
470
486
490
508
520
532
524
518
514
514
540
582
578
636
642
656
662
650
626
568
562
554
556
550
554
560
592
622
634
638
628
572
560
558
562
572
588
606
566
594
588
624
644
636
596
562
548
548
536
534
550
562
592
574
592
598
602
608
618
594
568
546
532
524
510
506
512
510
570
580
592
608
596
586
582
584
586
560
562
548
550
540
546
532
516
506
498
510
520
526
508
504
510
502
502
506
556
576
562
548
562
570
566
614
660
676
664
622
570
554
542
530
520
522
508
504
500
510
520
526
514
508
524
528
524
546
580
586
558
562
546
528
518
506
506
506
520
536
552
558
572
566
550
534
522
510
508
504
510
514
514
512
512
510
530
558
592
614
596
598
604
598
588
570
558
538
530
536
536
526
526
540
566
580
576
560
544
528
510
494
492
496
486
494
484
500
536
560
552
544
530
538
552
540
524
516
514
524
522
530
520
522
518
516
498
494
490
484
486
494
484
488
488
526
586
608
574
550
536
534
530
524
514
508
506
502
498
502
528
540
544
580
606
612
620
584
584
576
570
570
540
532
512
510
524
504
512
510
526
536
516
510
510
516
514
508
504
486
488
480
486
514
534
550
542
528
526
518
504
504
494
494
520
586
618
618
600
590
580
584
568
560
552
540
522
530
552
578
594
584
580
560
538
514
496
492
498
490
472
474
476
488
498
502
510
524
538
538
548
570
566
560
550
540
526
514
510
520
540
542
548
540
562
564
552
568
590
590
598
610
618
614
602
598
590
590
592
590
566
552
556
558
552
552
552
554
532
532
524
520
532
556
638
678
672
626
600
586
556
540
544
538
530
526
518
504
508
492
482
490
496
522
544
556
564
570
562
564
556
546
526
528
526
530
534
538
546
566
590
606
602
592
578
568
560
542
538
548
556
550
550
556
560
562
556
524
536
548
556
536
540
542
546
552
558
548
538
524
526
524
512
512
510
522
528
532
546
554
564
574
538
546
550
532
518
524
540
544
532
554
554
540
536
548
556
536
550
552
558
558
562
560
558
568
568
576
558
560
560
552
566
558
550
548
542
540
544
542
558
572
576
562
582
582
564
556
566
576
560
556
556
528
516
528
532
586
614
624
622
604
580
554
534
532
518
526
540
572
592
596
580
590
568
576
586
592
574
570
558
542
550
546
562
572
568
584
590
596
584
554
568
578
586
568
580
586
564
560
560
550
528
536
540
528
512
526
550
586
570
588
602
586
608
612
584
590
584
566
570
582
578
556
570
574
578
586
564
552
566
540
544
518
504
494
492
496
484
478
486
496
488
488
500
510
532
558
556
534
548
540
528
538
540
556
560
552
544
538
534
540
528
534
532
560
560
564
584
570
588
598
610
582
554
530
524
516
506
506
492
502
514
542
578
618
602
670
676
622
638
646
604
616
618
606
570
556
562
554
550
546
540
556
572
572
562
558
552
548
530
532
522
526
532
538
544
560
590
598
554
552
524
510
506
512
530
562
572
554
536
532
538
536
552
578
580
556
566
558
552
538
542
546
540
540
528
532
524
518
522
522
514
512
512
514
512
518
532
532
530
526
508
504
510
510
530
558
550
550
550
532
518
522
516
492
484
478
478
478
482
500
498
500
516
516
534
530
534
540
540
550
546
540
534
536
542
552
554
530
544
534
538
518
502
500
500
496
502
528
540
550
594
612
594
590
552
556
542
532
532
540
540
514
518
520
504
500
506
514
536
540
554
574
578
576
568
566
550
536
524
514
518
530
534
530
540
538
560
570
552
554
552
554
548
534
536
540
532
534
548
556
544
546
546
544
542
526
514
504
502
502
522
522
520
530
530
526
556
556
566
544
544
550
548
536
522
522
508
518
516
528
544
530
526
530
538
540
546
556
566
558
524
512
500
496
492
488
492
496
502
514
516
522
532
526
514
528
540
548
556
544
532
522
518
522
518
526
524
504
516
516
530
532
522
530
544
568
568
556
556
556
550
542
536
526
512
512
502
492
478
480
494
522
570
586
614
576
570
546
552
548
554
568
564
550
536
532
548
554
542
552
552
570
590
558
542
540
536
544
556
566
566
552
534
534
524
532
540
552
572
592
602
638
616
628
634
622
620
598
566
558
546
520
544
548
576
596
586
584
576
556
538
548
550
556
540
556
584
608
624
630
604
594
590
564
552
548
550
548
546
540
538
552
572
590
638
600
604
608
570
592
598
582
580
576
562
558
562
546
554
556
558
546
542
522
504
500
502
516
548
582
594
606
626
694
682
714
726
666
618
584
556
546
542
532
540
538
540
534
554
550
562
590
588
578
588
586
586
578
558
554
548
534
534
520
538
530
536
538
550
560
566
580
608
626
628
582
566
564
572
562
562
562
562
564
576
586
592
580
582
572
566
560
564
560
534
546
546
538
552
568
588
564
574
580
560
556
560
564
560
572
576
566
562
568
558
562
558
556
556
566
584
562
538
534
536
526
542
560
578
566
570
570
582
590
596
586
572
554
540
534
544
556
560
572
570
568
554
550
530
520
502
516
526
550
522
526
502
518
532
552
578
586
578
574
568
566
558
562
562
564
548
562
580
598
610
584
616
636
660
618
640
630
622
574
598
596
604
564
586
588
584
564
580
594
576
580
590
606
588
604
598
574
576
558
558
552
572
570
594
616
670
670
630
620
626
614
594
612
606
582
606
626
636
632
648
652
642
602
606
616
612
618
590
620
626
616
624
620
608
602
628
654
612
622
636
584
562
574
570
582
598
610
632
584
598
604
618
614
594
604
584
598
602
606
610
604
594
580
580
584
580
600
608
580
552
550
532
534
546
580
570
574
558
582
584
594
590
580
584
594
606
614
606
630
640
640
626
596
576
546
526
510
510
524
536
584
632
654
648
644
640
634
632
632
606
588
574
544
534
510
512
510
524
562
580
606
590
588
588
568
586
586
562
550
554
548
554
534
506
502
506
502
510
524
518
534
552
570
554
574
582
572
548
558
558
548
530
536
540
540
588
606
636
602
598
600
604
594
568
580
584
570
544
568
580
590
582
596
588
586
574
598
600
618
602
632
628
608
598
608
608
606
602
594
548
556
552
582
628
688
706
644
628
626
640
630
590
614
614
612
606
622
628
594
604
606
620
602
592
612
632
636
602
616
616
608
584
590
586
582
618
622
618
608
586
564
538
538
528
524
504
516
512
518
546
556
586
604
642
652
638
616
566
542
538
534
546
566
572
566
554
548
536
532
540
526
518
524
550
586
622
638
646
600
586
580
572
588
566
576
610
642
630
614
606
590
580
572
576
592
588
630
648
648
614
576
550
534
520
520
542
560
604
648
714
668
602
594
578
572
570
570
564
560
566
592
612
628
630
628
598
586
610
574
588
580
588
600
578
566
568
578
578
584
584
558
562
570
604
582
590
576
586
598
606
570
582
578
576
572
568
556
558
554
560
542
524
518
506
498
500
490
492
528
534
576
626
662
614
610
628
658
664
616
626
642
622
648
638
664
602
626
614
598
584
554
532
512
498
488
484
520
566
592
614
632
650
596
612
614
658
668
620
610
592
592
582
566
544
544
526
518
516
536
568
612
610
576
566
568
588
612
630
646
654
628
624
612
616
624
620
598
590
572
552
542
532
526
536
568
618
660
676
678
654
614
572
550
538
546
558
596
634
674
700
688
662
652
638
616
600
574
570
572
588
576
568
556
572
608
628
636
672
674
662
648
640
640
584
570
552
550
554
554
566
586
604
622
604
612
602
618
584
578
586
594
592
592
570
562
562
570
572
590
614
604
644
652
630
642
624
618
592
562
556
558
550
572
598
600
624
640
646
598
598
594
580
564
556
568
576
570
570
548
538
534
542
558
564
552
548
542
536
528
520
526
554
582
548
562
550
528
534
538
544
540
530
510
510
514
524
532
538
558
576
588
584
566
566
574
580
596
604
610
618
586
598
600
594
588
564
570
560
554
544
550
552
560
580
600
594
582
588
598
590
584
582
582
572
558
550
554
568
570
562
542
552
560
560
586
594
618
626
642
650
628
592
580
566
556
556
572
562
566
564
588
610
614
618
616
622
612
602
588
574
584
594
592
584
562
548
542
534
536
544
536
540
542
550
580
578
564
558
552
548
542
542
548
542
512
520
514
534
572
592
570
582
600
614
656
642
588
618
652
632
614
596
578
558
546
520
504
500
490
492
504
542
594
624
656
676
648
640
652
654
666
682
696
660
656
612
630
656
670
662
604
584
586
598
592
620
628
632
628
584
570
560
552
536
522
530
538
576
620
626
634
622
590
578
554
548
538
530
538
550
564
582
642
644
614
608
650
650
650
652
664
652
634
628
622
628
636
636
638
628
604
612
604
594
588
600
628
638
624
636
704
676
662
658
638
610
614
582
562
552
570
584
610
580
588
598
608
616
614
632
632
622
640
640
634
602
602
594
600
576
600
596
606
570
592
594
578
576
582
608
590
596
580
614
612
620
572
586
576
580
586
562
552
554
568
600
564
584
604
606
594
604
584
580
586
584
584
596
602
592
582
582
586
594
576
588
582
576
596
600
600
614
640
630
606
600
588
602
608
604
578
572
558
580
606
612
610
610
610
614
584
580
590
604
628
638
650
654
612
616
630
662
680
690
656
670
656
668
640
594
610
606
574
590
618
682
656
662
670
678
650
582
600
588
600
592
608
618
632
646
602
590
576
578
572
590
584
600
624
636
630
624
624
648
670
628
606
592
584
594
600
558
550
556
560
542
558
552
530
530
536
548
550
558
584
626
650
630
632
612
566
566
562
566
596
572
588
586
572
578
598
626
660
602
602
586
592
604
600
564
552
558
568
572
596
638
698
734
738
720
684
682
654
634
632
628
596
600
604
620
618
600
612
606
628
632
664
678
676
624
620
608
598
604
582
580
588
598
592
606
632
650
632
588
592
586
586
578
588
600
592
560
566
574
572
594
594
576
570
548
536
528
526
548
592
618
652
664
688
684
634
630
630
602
596
602
578
558
564
566
576
578
570
556
546
522
520
536
566
554
576
596
658
690
686
684
666
636
594
564
536
530
526
532
546
546
538
522
514
516
522
512
524
542
552
562
566
564
542
538
522
524
534
542
552
538
536
546
540
538
544
554
576
596
616
642
644
614
626
624
620
618
574
572
552
548
538
538
542
564
582
584
576
592
576
574
570
562
572
602
634
640
628
614
558
570
558
556
562
566
560
546
534
534
538
566
626
628
632
642
648
660
624
590
558
540
536
542
570
570
550
554
580
598
618
616
618
620
612
586
606
622
656
678
654
676
674
706
708
714
692
640
654
654
696
670
632
654
662
658
686
690
672
606
578
574
540
532
556
618
662
680
684
660
658
644
690
690
678
678
654
616
568
544
538
520
526
548
570
594
