684
712
700
680
700
708
680
672
662
638
630
632
632
630
652
684
770
728
694
690
680
652
642
658
658
656
636
642
634
646
632
630
634
636
634
632
636
650
638
636
622
616
622
632
640
640
646
644
646
644
646
626
616
610
608
606
610
624
654
720
674
680
686
680
658
670
672
636
640
624
614
610
610
620
616
628
628
620
618
622
614
616
616
626
618
624
624
604
610
598
604
622
632
646
648
618
636
612
596
602
590
596
602
622
610
622
632
634
638
632
646
648
626
654
676
660
656
640
646
628
620
620
620
610
614
614
612
608
610
618
612
608
612
632
644
670
686
686
664
654
668
658
642
632
640
628
632
646
666
670
678
658
652
658
652
630
626
630
616
628
646
630
636
660
648
666
672
650
644
640
642
622
628
632
650
648
664
668
676
670
646
658
666
684
658
656
660
650
646
658
672
674
664
674
718
688
710
704
682
694
692
690
720
790
812
730
724
722
682
678
658
638
640
646
694
744
712
732
716
686
700
694
668
656
650
632
620
622
618
622
646
646
646
666
674
676
688
702
682
674
676
678
668
666
660
662
662
660
646
652
646
648
670
704
710
694
688
690
676
666
670
636
632
624
616
602
600
604
612
628
616
630
642
670
666
654
664
678
666
668
686
696
684
672
660
644
620
610
602
630
652
636
658
658
660
642
638
648
650
644
620
616
614
624
632
620
622
618
606
616
616
624
626
622
624
612
608
608
646
734
700
692
706
696
672
666
662
662
642
646
642
676
674
660
646
620
610
604
586
600
616
674
662
704
676
664
654
658
654
636
622
620
616
604
608
610
606
644
648
648
652
686
738
712
768
768
714
712
720
684
722
740
716
726
728
724
690
700
702
676
704
702
666
648
640
624
612
610
616
632
706
674
666
660
658
678
674
680
688
692
696
704
714
684
680
688
670
670
674
666
674
688
680
680
678
660
642
644
642
630
640
640
636
640
646
642
646
654
646
626
632
620
610
602
588
580
588
590
588
588
606
626
614
632
636
622
640
646
676
654
650
652
650
650
640
642
658
662
670
662
666
654
646
652
644
644
650
656
652
654
662
668
644
646
632
640
628
612
608
596
596
600
620
612
632
668
660
666
680
664
656
654
668
670
664
668
636
640
660
666
700
742
736
728
726
710
670
672
638
620
624
626
646
630
630
634
630
626
622
626
616
620
624
640
636
656
674
650
662
636
632
632
612
620
614
602
614
608
598
596
590
582
572
562
564
582
598
594
600
616
622
618
624
644
632
646
640
634
640
650
634
632
638
640
632
636
650
640
642
662
658
660
662
646
636
638
642
634
632
636
646
650
640
614
610
606
604
600
612
642
638
660
688
692
668
670
670
644
638
636
636
630
628
636
646
644
650
646
636
630
636
628
632
630
610
618
618
616
638
620
610
612
602
620
640
650
662
740
782
748
774
756
718
724
692
686
712
718
688
692
694
686
674
686
694
668
684
696
676
676
688
692
668
684
692
694
706
744
768
734
720
728
690
668
658
654
634
636
628
608
610
614
612
614
638
658
654
642
636
658
668
668
662
638
646
644
620
632
642
660
712
800
700
748
694
690
656
650
648
644
644
626
632
638
656
678
702
700
668
656
656
660
650
664
696
702
660
662
652
624
656
666
686
820
824
874
780
780
736
708
696
670
658
656
636
616
618
618
608
616
618
624
620
630
646
640
660
680
664
678
706
692
662
666
670
644
660
664
658
666
702
682
676
664
640
636
634
616
620
624
650
634
648
670
660
666
686
674
674
696
678
672
676
666
670
682
670
666
666
660
642
644
650
640
646
652
654
652
668
660
646
658
662
654
668
666
650
654
658
646
636
634
618
606
592
600
600
614
604
598
602
602
600
612
624
622
664
716
750
704
716
700
686
674
660
634
620
620
630
630
634
646
634
638
654
696
678
670
678
686
684
672
656
634
628
636
636
628
624
622
630
680
642
664
692
778
686
672
676
668
644
634
624
620
618
638
738
696
758
770
810
778
712
700
672
664
666
646
660
664
750
844
786
716
708
698
658
662
648
646
640
642
616
622
616
594
608
636
638
674
728
744
760
724
662
644
644
638
670
684
704
742
814
744
748
740
730
700
672
648
652
626
640
652
678
780
706
758
768
756
702
686
656
650
644
650
676
660
670
688
700
672
654
656
648
640
632
644
646
640
630
610
592
596
594
594
594
598
616
688
692
650
668
668
670
654
650
640
626
614
612
618
610
618
624
618
624
622
626
628
634
628
628
630
656
684
696
706
696
658
656
660
658
658
656
630
632
630
616
634
658
688
716
746
706
724
698
680
644
644
626
632
618
618
628
630
632
630
636
654
644
646
646
652
662
646
652
698
712
684
716
714
694
684
688
674
664
666
668
646
658
662
656
638
636
634
630
622
624
630
636
658
674
706
742
708
730
728
682
692
666
642
650
660
646
646
644
650
654
658
672
638
638
636
628
632
652
648
662
684
684
678
672
644
652
650
642
648
648
642
636
642
656
688
664
684
666
666
654
650
658
668
666
702
678
696
682
656
680
682
668
680
682
656
672
672
646
642
650
638
638
644
634
642
642
650
642
644
646
656
646
644
622
608
606
598
590
598
598
620
642
628
650
660
636
630
638
618
626
626
628
628
628
640
664
644
632
614
618
616
618
638
648
660
662
690
706
682
662
652
646
662
672
682
682
672
642
640
634
652
648
672
714
772
732
716
724
712
694
708
694
666
672
678
696
704
684
690
708
698
684
690
690
666
670
668
662
680
712
720
688
686
676
668
672
668
662
656
658
650
636
638
642
654
674
674
674
674
684
670
662
666
668
670
670
694
706
692
702
702
702
676
670
668
650
650
650
666
682
664
672
678
684
666
656
644
642
634
628
636
644
680
742
776
716
738
726
692
692
678
664
660
664
660
644
650
644
638
624
634
666
696
728
714
700
696
696
690
672
658
642
636
638
648
674
676
676
682
720
752
760
764
730
670
680
658
656
662
670
662
662
632
646
646
654
652
650
650
650
650
630
626
624
606
616
614
614
622
622
610
604
614
614
624
616
602
608
604
602
606
602
600
594
590
578
572
568
574
588
606
596
612
624
630
618
620
610
616
618
630
644
644
628
618
600
590
580
580
576
580
662
730
740
774
740
774
792
758
706
700
678
670
668
666
656
646
638
620
622
638
674
654
718
748
768
714
744
690
708
694
656
656
630
620
618
620
630
630
636
640
646
640
664
672
700
680
702
704
680
692
678
652
670
650
656
650
638
638
614
612
612
610
604
598
614
612
610
622
642
634
658
658
680
670
664
674
670
686
662
674
678
686
676
704
702
686
706
704
676
700
692
670
672
642
638
642
648
646
648
658
650
632
632
630
622
636
650
636
652
668
658
654
650
626
632
622
612
616
600
614
612
604
608
600
604
602
600
598
600
602
602
602
598
588
596
598
598
602
614
604
608
614
610
590
596
600
594
598
612
616
620
628
646
660
638
638
644
650
658
636
668
648
632
628
632
624
622
628
634
634
652
646
650
642
656
650
646
656
656
638
634
628
630
630
652
638
656
706
684
720
684
674
672
670
636
636
644
634
656
686
658
680
680
650
662
654
628
618
606
616
612
614
618
620
616
612
604
600
598
592
592
594
590
584
586
576
586
590
582
590
590
592
598
606
632
646
630
646
652
666
654
634
636
616
622
606
610
612
620
614
622
628
630
620
608
608
612
614
608
610
614
616
630
632
620
630
626
612
620
606
604
604
616
614
612
604
600
600
600
594
592
594
598
594
590
596
602
600
590
584
578
570
570
560
564
560
556
556
558
558
556
552
556
552
550
548
546
548
548
548
552
554
550
544
548
548
546
544
546
552
548
552
552
546
538
532
536
536
530
530
530
532
530
534
534
532
522
526
520
514
516
516
536
510
520
522
530
530
526
526
514
514
516
510
504
510
510
510
504
504
500
498
494
494
492
490
492
492
490
494
494
492
492
496
502
510
510
508
506
514
510
516
512
512
518
516
518
516
514
514
512
512
512
514
514
510
514
510
510
508
510
510
510
512
512
510
512
508
510
508
506
508
506
512
510
512
512
512
510
508
508
508
510
508
506
500
506
500
506
508
512
508
510
510
514
492
496
494
494
494
494
496
502
500
504
502
502
502
502
502
504
502
506
510
514
512
512
518
518
516
516
514
502
502
508
508
506
508
510
512
520
520
510
516
514
508
512
512
516
518
514
516
516
512
514
518
518
516
524
522
520
522
522
518
510
516
516
510
510
504
506
506
496
496
498
496
496
500
500
510
508
514
522
534
524
528
530
540
544
550
548
538
540
536
524
520
522
520
514
516
516
516
516
518
520
528
520
522
524
524
522
524
522
522
518
520
518
518
516
516
520
518
518
518
522
518
518
516
516
518
516
530
538
532
534
536
544
554
560
558
552
542
544
552
542
540
544
540
540
540
550
552
550
560
564
560
552
550
544
536
536
538
538
538
540
548
548
546
556
560
556
550
556
560
564
560
550
552
554
552
546
548
556
562
550
560
556
554
562
562
566
552
554
548
550
556
552
550
552
550
552
550
548
546
544
546
546
542
546
542
540
546
552
546
536
532
544
554
558
556
562
560
558
572
564
562
564
558
558
558
556
556
556
558
558
560
566
566
564
574
558
560
558
556
546
548
544
546
552
544
540
546
542
540
544
550
550
552
554
554
550
550
550
548
550
544
536
538
530
526
514
516
520
522
524
526
532
528
528
536
540
532
538
538
540
542
544
552
552
548
562
556
554
552
550
544
536
540
536
532
528
540
532
534
530
532
532
538
538
534
532
536
534
526
530
528
528
524
526
526
530
526
528
528
526
526
534
534
532
538
540
536
534
536
534
532
528
522
528
530
528
524
526
530
540
542
544
540
534
536
530
538
536
534
538
536
536
534
528
526
528
528
520
522
522
528
530
532
538
536
540
548
548
544
550
548
546
550
548
548
548
552
550
552
554
552
550
554
558
554
556
564
560
560
560
556
558
554
566
572
576
578
576
568
570
568
560
562
556
558
554
556
556
570
570
564
562
566
562
562
562
560
558
568
544
552
554
550
552
554
554
556
564
574
572
584
586
578
584
584
596
588
574
570
564
554
556
558
550
554
556
562
560
566
570
564
574
580
572
570
570
570
576
576
568
568
568
558
552
554
556
554
550
548
558
568
558
560
560
572
596
582
580
576
580
584
586
590
598
596
610
618
608
600
598
598
586
588
588
584
574
580
578
570
568
572
568
572
586
576
586
586
608
594
606
632
644
646
648
630
620
608
598
600
602
608
604
602
598
586
590
590
590
582
582
588
594
622
682
752
730
734
734
722
728
730
708
724
696
654
636
646
632
628
636
652
632
636
648
660
662
678
666
648
648
644
628
632
638
634
648
676
690
678
688
686
656
652
644
638
630
626
634
644
654
660
640
642
634
618
620
634
656
654
668
688
680
698
680
656
652
648
652
636
646
654
688
684
640
630
618
620
618
636
662
684
686
750
706
666
662
640
626
630
626
620
624
660
646
672
674
666
666
632
640
662
660
662
678
688
676
698
750
728
756
756
700
676
684
664
674
710
718
698
704
694
664
678
684
674
682
716
690
698
756
766
724
764
764
720
736
738
718
704
724
710
692
714
704
664
662
658
646
638
638
664
648
652
666
656
658
664
668
664
684
684
692
658
646
638
620
610
610
600
612
630
642
630
654
672
652
664
680
668
662
662
672
676
646
640
632
638
630
648
662
660
708
712
678
668
656
642
618
610
598
598
622
626
658
684
710
692
722
746
728
736
740
760
748
758
754
726
716
686
644
662
658
650
692
764
702
774
794
716
712
690
648
658
632
612
646
616
622
622
620
604
612
614
594
600
594
594
594
614
596
604
610
604
608
612
600
612
612
614
614
630
650
634
668
702
684
672
686
656
660
662
644
648
622
618
634
646
664
668
680
682
696
686
690
700
720
688
688
696
716
700
682
708
728
690
714
712
670
694
688
684
664
688
688
664
678
684
678
672
686
698
704
716
676
698
696
678
720
732
712
752
712
726
718
708
738
740
718
740
750
714
740
754
734
750
746
734
736
736
716
748
754
740
770
780
762
794
810
790
814
830
800
824
826
800
822
834
804
822
806
766
784
784
780
800
808
796
822
828
814
838
852
858
820
840
840
832
848
862
872
826
842
848
810
824
826
792
826
826
802
830
818
826
814
776
804
744
718
748
770
732
770
788
748
768
784
766
734
766
756
722
746
752
736
744
708
718
742
736
804
806
768
804
808
780
806
810
790
806
808
776
798
800
774
812
856
852
850
860
824
838
840
834
802
832
822
810
824
838
810
828
832
826
812
834
862
838
856
870
832
854
858
834
838
850
854
840
860
868
836
832
846
824
812
844
844
824
844
848
790
830
824
784
798
806
816
788
804
814
798
808
838
832
818
832
842
806
826
836
848
806
830
832
802
758
724
754
758
788
796
798
806
800
800
788
768
774
770
762
768
762
736
710
708
722
710
732
748
778
810
780
804
800
792
762
760
758
732
754
752
784
750
778
792
772
780
798
810
790
808
810
802
798
808
814
786
802
800
788
798
802
790
808
832
794
812
808
788
814
804
782
798
768
754
764
770
754
782
768
780
806
798
800
752
780
770
780
792
758
782
794
774
800
796
784
760
752
722
744
738
702
720
722
708
744
770
782
786
776
748
736
750
754
766
748
778
782
768
758
766
768
766
766
760
762
742
764
778
762
780
786
798
780
794
800
792
782
784
774
754
762
762
746
756
762
752
748
764
760
754
770
784
762
774
776
790
770
784
796
780
764
758
746
712
692
690
692
708
726
720
736
758
776
758
770
772
782
766
772
776
784
774
760
768
778
780
766
780
788
776
786
800
798
784
796
808
786
768
786
794
784
780
794
788
768
788
804
776
786
792
780
756
778
782
762
780
794
752
750
742
726
736
748
752
740
782
804
782
802
824
814
790
790
782
752
768
758
744
748
728
712
742
754
760
788
796
774
786
784
792
764
778
778
778
768
776
796
782
800
820
820
790
806
806
798
768
782
778
754
782
800
780
808
812
776
790
792
762
778
784
756
746
750
750
724
748
752
776
760
756
770
778
760
780
784
768
776
774
748
734
760
760
778
802
814
786
814
840
836
818
834
842
824
824
824
820
784
792
786
754
778
784
780
818
844
814
834
838
794
810
800
792
768
786
782
770
778
796
780
796
812
794
800
834
824
802
810
804
764
780
772
768
758
784
780
768
784
788
756
764
748
726
748
758
756
758
782
772
754
738
728
746
746
738
752
764
754
756
772
784
770
784
796
784
790
792
786
794
806
792
802
814
808
788
816
818
816
844
852
822
838
846
816
822
834
862
808
838
846
808
826
832
844
828
834
828
814
824
814
798
814
804
784
808
798
770
776
780
770
792
804
782
802
794
770
776
786
762
796
796
774
788
786
768
770
762
760
744
752
710
696
726
754
772
746
784
792
772
800
810
786
790
790
790
768
786
790
768
766
774
772
784
808
822
788
804
804
794
756
762
748
732
750
760
736
728
706
688
674
658
672
680
702
686
702
720
734
742
742
746
724
698
682
676
670
680
706
726
706
752
784
776
752
764
758
718
726
724
696
704
702
728
724
710
720
768
778
782
788
728
732
706
704
706
728
778
830
822
790
814
802
778
780
766
746
766
782
766
766
770
770
726
748
752
744
746
766
768
728
698
726
722
752
732
710
732
766
784
770
770
746
720
726
728
748
764
734
754
744
750
742
744
766
794
766
816
842
806
810
774
740
730
730
738
710
750
772
734
770
786
812
778
794
806
798
766
788
798
806
776
792
798
798
772
794
828
828
816
826
832
800
814
804
790
762
772
756
750
788
812
774
814
830
800
810
810
790
778
818
856
850
830
842
850
826
810
824
820
790
810
814
818
794
808
810
772
784
774
762
750
778
798
764
782
778
734
754
744
722
752
738
722
704
688
700
700
752
804
842
776
798
810
786
766
768
722
746
758
744
786
828
798
784
804
810
788
800
794
772
780
768
772
738
740
740
732
778
734
720
736
752
706
732
736
708
726
754
758
732
760
766
752
742
748
752
748
714
746
744
758
750
742
726
710
694
682
670
650
646
664
676
666
684
684
660
648
628
624
622
614
612
598
598
596
586
584
578
580
570
578
576
574
592
576
582
582
592
598
604
602
596
602
596
586
590
586
592
590
578
586
580
568
578
574
572
578
590
588
590
580
582
580
572
576
568
562
552
556
552
550
546
550
552
560
564
558
558
562
554
546
538
546
542
558
552
564
566
564
564
566
566
558
560
558
556
554
556
554
556
560
558
562
550
556
554
546
548
550
546
544
538
540
542
538
540
540
546
546
548
556
562
556
566
566
562
560
564
570
566
574
570
568
564
572
570
570
570
564
572
574
572
586
594
584
594
594
586
590
590
588
584
570
586
592
596
596
602
604
590
572
582
572
560
556
550
538
530
534
528
522
522
522
518
522
530
532
528
532
546
540
534
530
534
526
530
530
520
518
514
518
510
508
512
510
504
500
500
496
496
496
500
496
500
508
504
504
506
512
508
508
512
510
512
512
516
516
516
514
518
518
520
518
518
520
518
522
530
530
530
530
534
540
544
542
548
554
566
556
562
576
580
582
578
580
568
562
560
558
560
562
566
574
578
580
576
576
576
586
588
598
614
602
612
612
598
602
610
594
600
606
618
600
598
604
602
608
618
670
692
672
646
614
576
576
558
564
568
570
586
652
732
664
710
712
686
652
656
664
656
658
726
708
716
678
704
730
744
710
654
668
642
640
670
720
694
724
678
714
702
648
624
620
618
616
622
622
604
602
646
646
642
626
624
632
632
648
640
636
622
638
646
668
670
676
676
716
664
648
658
674
662
692
800
758
710
726
706
658
644
634
684
688
700
674
648
648
646
632
626
616
612
614
632
666
644
660
684
652
670
658
660
674
706
676
688
722
676
702
726
702
710
730
758
710
446
406
532
666
664
676
718
710
788
772
732
764
740
718
722
704
760
766
732
700
748
772
798
870
838
832
816
828
796
812
796
798
750
742
682
656
688
738
778
848
828
786
798
818
824
790
800
792
762
752
772
782
770
798
802
784
810
804
788
794
792
742
670
656
636
624
622
616
612
622
632
630
630
638
638
626
632
634
652
640
634
638
638
620
626
614
612
604
598
594
626
652
660
668
664
666
638
650
662
692
722
684
730
784
844
758
748
702
646
646
624
614
612
612
620
640
626
626
630
628
622
624
622
610
612
596
592
582
594
596
616
608
638
620
638
650
658
652
650
638
608
612
618
640
688
730
698
702
672
698
710
674
684
708
696
718
762
788
722
744
740
694
710
716
688
698
706
716
704
676
648
640
632
618
618
630
638
670
684
776
820
784
778
770
770
758
744
726
694
714
736
718
808
870
834
834
782
764
674
664
642
654
656
710
706
724
700
716
736
762
736
768
770
812
808
780
708
730
730
760
826
812
762
784
764
748
756
742
750
778
796
734
736
710
702
742
724
802
806
826
820
804
776
772
760
734
752
770
784
826
832
800
818
822
762
774
702
716
720
746
706
752
760
768
810
824
828
796
816
812
772
808
866
922
898
864
856
848
830
812
818
828
808
790
772
746
694
692
704
706
706
682
698
700
702
690
706
730
724
716
738
734
712
728
734
716
734
704
686
706
700
686
668
676
654
656
648
628
638
628
620
622
618
654
678
658
706
690
732
708
740
782
766
762
786
790
726
722
698
698
680
694
722
690
736
764
722
726
736
722
672
688
666
652
666
672
662
686
690
670
686
700
666
646
634
642
666
748
670
672
650
634
622
612
616
608
604
608
614
620
616
618
626
622
614
624
624
622
602
600
596
588
594
598
596
598
622
624
636
652
656
666
686
664
672
676
666
666
632
638
634
622
628
636
648
638
652
662
650
662
670
654
670
672
656
676
696
678
720
720
692
708
674
664
666
658
658
664
660
648
658
642
654
664
686
658
654
650
628
636
636
636
630
638
638
634
638
646
638
640
646
654
648
662
656
644
642
644
624
636
642
628
642
648
628
618
628
626
626
618
634
636
628
632
634
628
612
622
618
608
620
632
646
654
662
658
644
618
620
608
614
618
632
628
618
626
624
622
624
614
602
604
604
598
602
616
628
632
632
644
648
632
646
632
638
648
656
630
646
646
624
630
632
628
628
672
722
804
788
714
714
678
654
642
624
648
692
856
816
798
752
764
728
712
702
688
664
678
692
764
778
758
796
774
778
780
742
688
694
708
722
746
774
792
770
712
688
672
696
704
722
712
736
722
722
696
678
692
760
834
766
810
816
812
778
782
748
732
764
766
756
702
686
664
654
636
652
666
674
708
726
780
750
732
682
668
650
652
668
708
726
714
682
668
656
668
688
696
750
788
814
780
810
852
816
826
818
768
764
684
704
714
710
710
758
778
774
814
800
778
768
762
752
730
738
756
768
746
768
768
736
760
764
756
778
790
782
772
774
778
772
754
736
708
718
686
684
718
728
722
760
778
730
708
682
664
686
718
736
712
736
754
784
760
798
796
814
814
790
766
758
756
766
760
776
788
804
806
792
754
748
726
720
704
694
706
694
678
684
686
688
676
692
702
680
700
712
700
682
706
702
714
712
690
698
728
766
710
768
770
722
750
748
794
722
748
762
774
714
766
812
740
784
794
772
734
766
762
720
756
782
780
750
784
778
726
762
758
708
722
724
688
700
696
686
660
666
644
630
634
636
656
676
720
686
674
698
674
714
758
816
784
794
810
824
804
794
798
792
760
760
746
730
706
750
758
740
734
758
772
738
744
742
720
734
760
802
768
772
768
740
722
734
718
692
718
680
702
698
672
672
664
654
626
630
628
622
612
622
632
638
630
624
632
630
652
652
646
660
680
678
700
708
686
700
682
680
660
640
650
644
638
644
650
642
654
660
650
670
698
672
692
698
702
696
714
692
678
678
680
654
666
656
672
672
684
766
702
684
700
714
674
632
680
652
656
664
662
644
648
650
670
686
668
696
702
676
688
698
730
726
750
748
816
758
816
822
764
800
794
778
788
750
704
732
766
736
782
798
784
738
732
732
710
720
732
708
728
776
796
772
806
820
800
794
804
804
774
792
798
784
796
828
820
782
812
808
778
796
766
758
758
706
730
740
722
732
706
694
754
810
808
822
862
844
828
852
858
862
856
856
780
816
816
760
768
780
738
778
830
828
792
822
862
900
872
884
900
904
884
830
854
848
842
822
850
858
838
836
848
816
798
730
730
812
838
804
840
858
848
812
820
828
798
810
822
838
804
832
806
806
814
788
774
786
786
748
772
770
756
778
802
792
798
824
830
786
802
804
746
760
722
690
720
716
710
736
710
706
732
752
730
702
716
726
750
718
750
756
716
694
704
704
722
718
744
736
732
738
744
718
722
722
710
714
700
694
706
728
756
730
724
734
748
740
714
712
712
726
742
726
754
754
702
694
686
690
692
670
672
680
684
682
698
724
728
690
700
674
656
670
660
648
648
656
670
658
662
664
650
660
658
678
692
674
668
678
684
662
674
694
676
690
670
664
674
690
704
696
668
692
702
684
694
694
700
716
738
706
722
748
786
744
758
764
728
696
704
778
722
748
796
876
830
814
842
854
806
830
822
800
836
872
826
844
852
794
814
820
840
806
844
874
850
886
906
898
854
864
872
840
836
848
850
822
838
852
828
822
848
854
826
842
862
822
804
806
816
772
802
828
818
796
816
816
804
752
770
774
756
774
790
754
722
718
760
802
844
854
872
882
848
814
788
774
748
762
760
784
814
776
800
826
826
790
810
784
744
750
758
746
778
786
776
746
766
798
830
808
836
836
800
790
762
718
720
692
670
668
684
710
706
778
802
788
788
786
778
742
766
780
784
782
828
846
858
850
818
826
838
830
816
834
846
824
822
838
862
822
838
842
860
826
838
840
808
798
804
808
772
802
828
820
790
810
810
774
804
800
814
772
780
788
814
782
806
816
788
782
756
724
718
686
692
728
716
766
800
780
788
816
836
810
784
784
776
738
746
