798
810
900
1010
970
878
874
866
800
800
822
834
818
782
792
802
832
808
826
826
834
800
790
830
862
842
806
820
826
838
802
788
824
838
806
792
812
816
802
786
810
846
824
790
812
822
844
818
814
852
870
836
804
838
844
834
800
802
814
814
782
790
804
824
798
800
856
882
858
808
822
828
814
780
808
822
826
796
810
824
824
792
808
826
820
800
792
818
820
806
790
806
828
836
810
786
804
806
810
790
800
824
846
824
794
816
830
818
784
780
782
790
784
780
824
856
848
802
806
834
836
810
794
824
858
858
818
810
834
842
822
788
806
822
834
798
810
796
814
800
778
794
826
832
814
814
836
838
804
826
830
826
800
810
818
824
810
800
820
836
822
794
802
816
814
790
770
794
818
810
788
786
820
840
810
796
832
854
822
790
812
842
812
774
766
776
826
892
876
914
982
958
884
906
906
892
876
878
878
876
844
834
836
828
796
804
814
820
798
788
816
834
816
814
824
854
854
812
818
842
860
824
806
830
828
822
790
804
820
836
808
802
820
826
818
790
804
812
812
782
792
812
834
812
794
812
828
820
790
786
798
806
790
774
800
834
832
794
796
826
842
822
796
818
824
828
794
814
812
806
792
810
838
832
808
816
812
812
798
790
822
864
856
814
820
842
868
838
820
838
842
812
780
790
806
808
794
784
810
814
798
780
796
814
840
822
796
808
812
808
794
800
812
828
798
794
814
822
806
786
804
814
800
778
794
818
804
774
770
788
806
788
802
838
848
810
818
850
832
802
804
830
832
818
772
780
798
828
806
796
814
822
870
808
828
834
838
796
784
814
836
826
808
830
850
862
818
802
820
838
818
796
832
848
836
804
798
818
836
816
822
784
758
722
702
688
668
684
680
682
684
676
672
664
670
688
720
732
780
778
788
848
828
826
806
836
842
822
790
816
844
840
814
806
832
852
846
788
790
818
844
802
776
816
838
812
790
808
826
814
784
810
854
842
798
768
804
822
798
770
796
814
856
792
784
818
852
824
794
838
848
832
792
816
824
844
798
784
804
824
818
784
808
854
872
820
784
812
838
836
814
802
830
816
808
770
768
798
856
836
830
906
944
870
818
848
844
818
782
804
816
814
784
780
798
824
826
796
798
816
822
792
776
798
818
822
786
782
814
834
816
790
834
838
850
820
806
824
846
828
786
784
796
796
798
758
774
790
822
810
800
848
888
878
832
830
822
828
786
782
796
806
776
782
796
816
808
772
760
780
812
788
780
808
820
826
792
778
814
816
806
788
798
806
808
782
788
794
806
788
772
788
806
796
778
776
786
808
790
776
800
832
818
794
808
836
850
824
782
802
814
806
786
790
802
814
792
772
794
816
802
776
790
806
816
794
776
778
798
810
776
752
778
796
792
790
802
832
816
800
834
836
820
788
804
806
822
796
786
792
802
794
776
788
806
818
794
764
790
790
782
760
762
778
798
772
770
792
826
806
790
792
816
820
796
772
790
792
794
770
758
776
822
798
774
792
818
836
766
752
784
810
838
810
834
940
970
854
802
820
832
802
784
812
858
888
830
840
850
840
810
790
806
808
792
770
782
792
806
784
766
794
798
780
752
764
766
766
764
794
810
814
788
782
806
812
810
786
784
768
770
752
754
800
852
838
820
854
870
866
820
788
816
818
806
776
768
780
776
762
758
770
788
770
762
780
796
772
752
742
770
796
776
766
794
810
814
780
790
814
834
810
780
784
790
786
768
768
786
824
808
786
798
828
806
778
772
800
804
774
770
784
792
784
760
768
782
810
786
774
782
798
792
776
786
794
788
762
780
788
808
792
760
788
798
786
772
778
790
792
770
772
796
826
800
790
808
820
820
786
770
786
790
784
776
782
784
788
768
754
770
766
762
766
784
802
772
756
782
804
820
792
762
790
792
794
770
780
778
788
776
752
768
770
778
764
750
786
798
782
760
776
790
806
770
752
762
778
776
762
764
794
834
806
786
808
810
804
766
724
712
696
672
670
668
668
638
698
666
676
706
708
728
726
704
710
698
688
680
684
676
672
670
676
698
724
756
792
806
800
826
846
866
830
806
812
816
816
806
776
802
804
812
782
800
832
860
844
820
832
822
818
790
782
816
838
832
810
790
806
808
788
756
758
806
846
782
766
800
812
818
792
792
824
838
832
794
816
832
840
798
798
810
802
784
784
814
834
828
800
794
834
836
802
778
806
812
810
800
820
848
858
840
834
856
864
842
798
814
814
788
780
786
806
840
812
800
820
838
838
806
820
816
822
802
812
842
832
804
778
784
800
798
784
760
768
788
812
778
768
788
814
814
788
770
790
820
818
790
802
808
814
782
780
808
808
802
780
784
790
786
776
746
768
798
828
804
810
850
884
852
816
820
828
832
808
786
782
798
798
770
762
778
772
796
776
766
810
852
836
802
816
822
806
774
782
788
802
790
764
762
764
774
766
750
762
782
790
776
788
818
802
792
788
822
796
780
762
766
798
834
828
806
838
858
846
810
796
816
818
794
764
786
790
798
768
746
768
760
760
748
744
762
770
760
764
778
798
774
752
758
768
774
760
744
764
782
790
774
764
786
806
802
776
790
802
814
786
774
778
782
772
754
774
796
790
780
774
784
782
768
752
776
788
790
770
762
784
794
804
782
772
790
810
782
760
784
814
800
790
800
832
818
788
796
808
818
782
774
798
802
792
778
782
814
828
830
802
816
838
834
808
838
830
840
812
766
790
794
798
782
804
846
876
840
818
850
850
822
782
794
798
800
772
764
782
792
784
772
808
842
828
808
824
836
820
784
790
798
800
780
774
794
804
784
764
784
794
800
768
762
776
786
764
756
772
792
804
790
770
788
808
806
788
766
788
800
792
770
798
818
826
804
770
798
808
824
784
762
788
796
790
776
776
790
804
778
766
774
778
794
766
760
774
786
780
758
758
766
778
766
746
764
792
836
808
854
922
934
862
840
846
836
790
794
808
820
804
788
798
812
814
784
760
774
782
774
760
768
768
790
764
764
754
752
758
742
734
762
794
796
774
812
864
856
820
860
866
848
804
816
822
822
796
762
782
800
802
772
758
770
780
784
770
750
768
786
778
770
782
802
800
784
758
778
784
788
770
782
812
840
812
826
850
840
812
806
820
824
796
764
776
780
808
778
766
788
810
820
780
758
786
796
820
788
770
780
786
796
784
764
788
806
792
768
768
778
786
772
760
766
772
784
760
746
768
786
780
764
776
772
786
750
740
750
772
790
776
786
818
830
812
786
796
804
800
782
778
788
798
774
758
770
780
782
774
782
800
810
786
756
784
780
768
760
772
798
792
770
790
814
822
800
770
790
812
808
784
762
780
794
780
764
770
760
764
778
756
758
786
816
800
780
802
812
824
786
760
772
784
790
778
770
794
814
798
778
784
790
800
776
756
776
774
770
756
768
794
806
784
778
792
808
800
772
770
782
800
780
768
778
788
788
772
762
778
812
786
760
772
784
800
782
774
816
838
818
790
780
804
824
798
768
780
798
820
790
768
784
800
814
782
758
774
786
790
772
762
786
796
780
762
772
796
804
776
768
784
786
778
754
762
762
778
766
752
762
784
790
778
768
790
814
822
768
756
772
790
780
778
776
798
812
788
762
782
796
790
766
780
784
802
776
756
766
776
778
764
766
788
806
798
774
760
782
808
790
776
792
800
786
772
760
772
798
776
756
756
754
770
758
750
760
770
784
762
762
788
850
818
794
820
826
812
792
786
796
824
790
774
794
798
800
774
754
776
774
788
764
756
784
810
826
800
790
802
802
792
764
770
784
786
754
736
748
760
748
744
760
794
804
782
764
782
828
824
788
776
796
802
784
764
774
776
776
762
756
770
784
770
756
752
790
804
784
784
746
766
768
754
760
756
790
834
828
802
826
862
856
826
770
780
790
796
782
768
798
828
824
802
794
810
816
804
758
758
770
786
776
760
758
792
802
796
780
786
808
822
790
780
790
786
780
768
758
770
772
762
758
768
784
776
764
782
820
832
806
782
794
820
820
800
774
798
810
796
762
774
776
790
762
756
768
790
812
790
764
792
806
806
784
792
814
812
794
768
784
792
794
778
760
778
774
776
764
748
752
778
802
790
770
788
812
834
798
780
816
820
804
772
778
786
786
764
746
762
762
758
748
742
754
770
760
760
762
766
776
758
754
762
780
774
762
774
788
820
790
768
784
798
816
790
772
786
796
794
764
746
762
784
804
782
774
794
820
812
794
792
822
840
812
780
732
726
732
754
770
780
782
830
940
944
902
838
840
840
832
794
788
788
790
790
766
750
760
764
770
766
756
770
798
784
780
772
788
800
780
762
780
776
786
766
750
764
778
770
754
752
758
772
760
758
782
790
792
774
776
802
810
798
774
778
788
798
778
758
768
772
782
762
750
766
784
798
774
770
788
810
798
772
776
798
800
778
766
778
784
782
760
750
768
780
782
776
758
772
782
772
762
756
770
788
772
756
774
802
794
788
806
828
812
792
804
806
792
774
776
782
790
780
774
776
778
768
742
742
752
784
818
812
872
908
882
838
850
832
822
776
776
796
834
826
796
800
822
828
822
768
730
716
690
680
668
670
678
744
856
898
848
904
910
866
822
836
834
822
780
782
796
818
790
776
814
796
806
794
776
798
822
832
798
772
792
788
786
780
770
794
812
780
768
766
776
774
768
802
880
916
864
852
860
826
788
804
808
808
792
794
806
816
798
774
796
792
786
776
754
778
792
796
784
804
834
824
796
786
762
764
770
764
774
840
900
888
792
758
728
708
688
674
670
672
656
662
670
680
670
678
680
686
704
734
738
772
820
858
884
874
804
804
804
798
790
768
758
778
806
804
776
760
784
808
778
756
756
730
706
688
674
656
660
644
650
664
680
698
730
870
948
860
906
930
942
902
926
922
908
888
882
894
892
882
864
860
846
816
804
830
876
892
884
888
904
906
908
890
892
888
884
878
842
834
840
810
790
772
792
796
824
772
750
778
836
860
850
1028
976
906
902
914
906
886
876
862
858
830
832
828
818
786
778
794
802
784
764
744
770
802
836
828
812
834
862
848
826
864
884
844
814
846
850
834
812
816
850
864
836
806
838
794
756
738
700
698
694
704
714
698
712
362
366
702
706
702
692
682
678
680
654
664
666
686
718
752
808
828
808
816
848
842
824
776
786
796
804
774
776
848
894
832
798
764
728
710
696
686
680
686
922
906
892
918
946
942
920
970
960
914
948
946
958
922
910
868
846
822
798
810
830
844
814
826
862
892
880
852
834
892
898
896
854
790
834
826
828
804
796
844
914
874
824
848
850
828
804
824
844
828
796
806
796
772
742
738
764
828
922
892
850
950
916
866
800
798
828
860
848
842
906
892
886
834
842
840
850
832
804
826
828
842
816
780
822
846
864
814
774
776
796
828
812
822
918
976
946
896
932
862
826
784
782
820
896
864
814
832
840
828
798
810
828
842
814
788
798
828
834
814
788
786
792
788
786
760
764
792
818
806
784
804
854
896
860
820
860
878
854
806
796
810
830
796
770
784
746
724
704
690
684
682
680
684
684
686
688
696
692
696
736
828
830
890
948
924
918
888
894
912
908
890
864
878
874
880
874
876
858
852
822
846
898
900
880
894
918
894
886
906
900
892
878
886
878
878
852
830
836
866
844
824
840
860
856
832
832
854
852
818
812
836
844
810
788
808
822
800
784
774
800
822
818
812
868
918
936
890
854
880
884
860
816
818
844
840
816
800
838
850
834
788
796
812
824
806
814
838
850
834
790
796
810
848
816
796
818
836
824
826
782
810
830
838
818
798
840
854
824
786
808
820
840
806
782
818
842
828
808
822
824
858
834
800
828
838
822
806
810
834
816
790
796
816
832
814
788
802
792
808
794
784
812
816
828
812
782
818
848
850
826
800
822
844
840
800
780
804
800
788
760
770
782
800
780
786
788
796
782
776
794
846
854
828
800
828
844
822
796
818
812
814
790
768
786
802
814
790
762
788
804
786
780
794
832
830
802
810
812
822
786
790
818
804
760
728
706
696
686
676
676
680
692
692
688
686
706
740
756
764
874
884
846
824
856
882
862
820
822
840
838
824
784
810
818
820
788
788
816
848
854
810
794
840
870
828
782
802
808
854
848
822
864
922
912
864
898
892
862
830
794
814
832
804
794
838
846
858
810
792
814
852
852
828
856
850
852
818
838
908
918
856
824
860
862
834
788
798
818
822
800
810
810
840
826
772
752
738
726
718
726
800
1010
944
906
908
906
882
874
878
870
876
848
834
840
838
808
790
808
792
808
790
788
816
830
820
790
750
764
780
826
814
826
916
976
962
896
888
882
822
804
802
816
814
820
816
846
856
848
816
798
816
818
814
802
798
808
814
804
786
802
832
814
788
780
804
814
804
786
812
830
822
798
794
800
806
802
788
798
784
796
778
760
790
804
812
782
804
812
842
850
808
834
864
864
834
822
840
852
828
796
808
812
790
786
812
824
818
802
778
798
828
796
788
784
784
804
798
800
862
890
904
840
768
776
754
728
714
746
826
832
1062
966
926
874
880
874
854
820
812
814
806
784
748
766
786
780
772
782
804
816
812
784
784
794
806
794
778
760
780
806
826
804
792
818
818
794
780
750
770
774
776
756
764
770
804
808
784
788
834
864
840
804
808
824
828
804
782
786
790
790
776
750
778
814
806
818
758
730
742
774
838
852
912
960
950
920
934
928
910
856
836
808
802
772
772
820
856
866
824
828
870
862
828
796
818
828
804
786
798
802
804
774
750
760
760
764
770
808
860
844
836
844
884
850
830
768
772
792
852
846
844
906
946
896
848
868
816
788
762
742
764
802
864
834
862
946
958
914
884
902
858
818
810
812
812
796
790
804
778
750
720
702
704
758
866
900
1016
962
966
918
930
930
914
876
886
888
872
844
840
846
862
850
820
808
808
814
794
788
812
844
830
804
806
840
842
804
786
812
814
804
786
798
810
834
816
806
826
910
882
854
872
868
844
798
788
796
804
778
766
796
810
826
806
784
804
826
806
794
820
824
856
810
786
792
804
792
764
754
778
804
812
798
786
816
850
818
812
790
780
768
786
856
888
888
898
822
1134
890
862
878
862
788
788
812
844
816
802
820
848
820
802
822
840
822
788
776
802
834
822
802
814
824
824
792
788
790
804
810
796
786
824
836
838
802
782
800
796
778
764
792
836
838
814
812
870
888
854
814
836
838
828
792
800
802
796
800
774
766
792
820
818
798
818
850
862
828
818
852
868
846
794
812
816
812
782
780
804
816
804
784
792
792
814
804
790
808
852
860
834
798
816
822
842
790
768
790
808
818
786
790
814
826
818
802
828
848
856
810
812
828
826
816
782
806
828
856
836
804
824
840
834
824
784
814
828
796
784
806
848
830
792
786
806
804
782
760
788
798
820
796
748
758
788
820
812
844
898
980
940
900
912
904
852
816
840
866
894
818
792
832
876
874
856
800
846
884
866
830
854
886
896
852
836
836
840
808
796
808
804
814
786
768
778
792
792
770
758
786
812
812
790
778
812
828
804
826
784
796
812
820
800
780
816
830
836
810
812
838
848
814
790
798
802
824
810
806
826
856
828
804
824
834
830
812
802
822
840
804
768
790
800
822
786
792
826
824
824
810
844
860
910
870
820
850
866
834
776
790
818
836
824
806
848
884
864
834
792
790
808
796
786
836
840
846
830
826
874
916
868
852
840
854
852
824
806
830
836
820
798
814
828
826
796
780
788
800
824
802
818
906
928
884
836
870
888
864
820
848
850
824
800
820
822
814
808
770
762
754
764
778
880
980
952
846
762
736
722
700
664
606
704
618
664
646
642
652
632
606
712
640
636
642
628
622
620
620
622
612
618
638
682
726
778
812
846
856
876
812
790
836
882
820
762
756
782
824
804
852
1102
1038
868
798
824
866
848
810
906
1002
922
882
908
898
870
892
894
892
856
864
870
878
870
850
852
870
888
884
880
900
896
888
854
870
870
866
846
862
880
882
862
854
878
886
876
850
854
846
842
824
802
812
846
848
814
840
856
872
822
814
844
856
798
782
828
860
862
828
806
772
736
716
690
678
690
686
690
692
722
744
752
714
750
730
726
702
716
714
722
730
776
774
754
742
722
702
694
622
716
632
664
648
646
632
638
630
634
648
640
640
668
708
782
844
868
896
872
880
906
908
918
896
900
880
856
818
826
886
924
908
922
956
956
902
894
904
886
862
894
922
908
884
914
914
894
866
888
886
898
884
856
880
892
898
882
896
922
910
908
904
888
894
866
876
878
896
886
886
916
920
902
864
864
798
746
714
728
724
748
714
734
770
816
780
776
768
760
736
734
728
744
746
754
762
722
734
710
704
712
684
676
624
758
694
704
708
698
708
706
748
766
776
792
868
912
900
862
892
894
900
900
890
896
910
876
870
878
886
870
854
848
852
860
842
828
840
848
840
824
838
846
818
838
868
836
826
812
808
832
796
800
796
828
822
810
832
882
868
838
878
896
880
826
834
860
842
830
848
856
838
790
808
822
820
754
756
726
714
678
706
684
686
690
684
686
700
764
1012
992
970
932
948
948
962
904
906
916
916
906
886
880
890
878
860
874
894
882
878
884
898
886
880
860
868
880
864
838
824
852
894
846
826
850
894
832
822
842
850
854
832
816
834
864
808
796
812
842
830
836
834
912
900
824
762
764
778
828
862
942
1034
960
926
962
966
954
910
928
920
906
884
882
892
886
844
796
770
774
808
810
852
1072
980
958
956
958
950
922
914
916
910
872
890
882
886
868
848
820
806
796
762
786
878
946
892
900
930
908
902
894
894
852
870
860
882
868
848
836
862
808
810
812
842
896
848
826
816
838
862
826
812
804
834
816
794
814
806
820
794
774
798
884
858
858
896
930
906
872
856
866
828
794
796
806
804
780
796
856
864
840
844
844
882
836
806
820
834
830
818
802
824
834
818
802
818
844
808
814
820
836
828
818
832
852
868
840
794
834
856
866
806
828
822
824
806
796
816
842
864
834
844
868
908
860
824
836
854
816
780
818
858
858
828
848
912
906
886
880
892
874
836
838
860
888
818
814
808
830
804
812
818
850
852
846
834
868
864
848
828
862
866
822
776
808
826
828
846
918
1018
968
898
900
900
892
860
866
868
826
822
828
850
842
802
840
882
852
828
862
884
856
816
810
840
838
840
842
856
894
860
804
830
834
840
826
826
862
898
866
826
856
864
852
832
818
836
864
832
824
838
868
848
846
846
844
866
848
814
836
860
832
818
840
822
804
772
774
794
854
898
872
876
932
908
866
878
880
838
824
812
866
890
862
822
810
808
794
788
806
852
878
862
858
958
976
922
872
900
876
854
810
852
874
882
860
830
848
848
790
746
736
710
688
690
374
370
538
786
716
742
754
768
754
750
756
758
758
768
760
1152
312
710
722
676
680
670
676
712
736
710
730
782
854
884
904
912
898
864
862
876
890
872
866
882
926
908
874
852
876
886
844
844
870
896
846
806
816
826
818
790
796
808
854
814
806
828
858
818
802
822
814
802
782
816
840
868
784
760
758
766
780
810
894
1026
938
924
940
942
932
904
880
894
864
848
846
854
848
816
802
846
850
826
828
848
822
764
734
724
710
712
720
746
816
832
820
808
796
766
760
748
752
750
790
866
868
842
892
920
918
894
854
864
870
854
816
842
854
836
810
844
868
840
790
842
880
850
796
792
822
836
782
816
884
894
832
846
910
892
840
874
854
818
806
824
884
862
838
862
904
888
856
858
878
876
846
816
846
864
830
826
830
864
882
850
840
856
862
858
800
822
840
844
840
840
798
764
734
732
752
910
978
1006
1032
1000
962
970
968
932
908
910
902
888
882
892
878
852
818
816
816
834
818
820
836
854
822
826
806
830
864
828
832
856
874
842
822
844
850
842
836
812
854
876
850
816
852
872
862
828
818
836
854
816
820
828
836
834
802
836
870
852
832
840
874
890
870
854
886
904
860
808
852
842
836
820
832
880
910
892
890
912
898
838
832
842
848
