598
618
636
644
646
630
654
670
650
640
636
634
630
628
620
616
620
634
624
614
630
634
640
612
624
640
612
634
630
616
638
634
634
624
622
612
622
648
658
642
660
684
720
700
710
722
720
710
692
676
670
684
680
664
654
636
624
636
624
642
622
622
644
656
662
662
678
680
678
694
692
670
682
678
660
656
672
648
660
656
664
668
654
648
668
716
708
704
674
670
678
672
668
660
664
672
678
668
652
672
656
664
656
646
644
636
626
636
632
638
618
626
632
626
624
618
618
608
604
616
596
622
616
620
620
606
608
626
594
586
586
592
590
578
586
584
588
578
590
592
582
588
588
582
574
570
570
582
576
588
594
600
588
590
582
578
572
560
562
560
572
568
574
582
586
568
578
572
566
564
562
558
548
550
552
544
542
532
542
552
552
552
552
554
564
572
568
562
560
566
554
548
556
540
540
544
534
532
542
542
546
528
572
572
564
562
582
608
562
566
572
552
598
592
592
598
588
590
580
572
570
566
570
570
574
566
574
584
598
608
598
614
634
626
642
662
682
692
686
640
656
660
660
640
636
634
630
656
682
672
660
674
644
644
612
612
634
612
620
626
604
654
638
630
634
678
706
694
710
706
702
698
668
666
676
652
660
654
660
642
666
662
658
644
646
654
638
630
644
646
616
620
624
618
608
626
604
634
616
636
642
630
628
652
654
650
646
656
658
644
668
636
636
638
628
630
638
622
630
620
632
636
644
630
642
640
642
636
634
628
638
626
622
624
640
624
618
632
644
624
646
612
622
606
592
586
578
572
570
588
580
570
580
584
588
578
586
590
592
578
582
584
592
588
596
602
610
592
598
606
584
616
616
630
628
638
628
632
616
584
590
580
582
580
582
568
570
596
584
592
604
626
618
608
620
624
614
614
626
632
630
614
614
610
620
604
604
604
600
612
582
594
570
574
538
568
568
560
584
578
588
608
614
594
608
622
624
620
610
610
628
604
594
592
596
602
602
586
586
596
602
592
600
604
606
596
598
598
596
594
584
586
584
594
592
594
602
608
608
592
608
608
598
590
598
596
608
586
630
606
616
602
622
616
604
620
616
626
610
632
624
620
616
610
624
602
616
608
622
608
614
624
598
600
610
606
610
598
610
596
584
578
584
594
586
600
596
608
584
580
588
594
582
570
588
568
602
592
584
584
582
586
580
570
572
582
584
578
578
592
594
574
572
570
576
582
576
578
580
588
596
578
582
576
592
606
592
612
584
590
586
582
576
584
578
578
578
576
568
568
568
554
552
556
572
634
634
610
616
626
648
650
644
624
624
640
622
604
608
612
624
602
616
626
634
648
650
660
628
642
638
660
642
662
622
644
660
650
630
626
638
634
644
626
636
644
634
656
648
668
674
674
636
638
662
640
618
622
638
614
616
622
630
640
636
646
618
618
644
630
616
628
622
638
618
614
602
626
616
674
668
646
670
650
668
672
642
648
666
654
676
672
620
636
630
648
676
694
708
700
690
668
674
682
672
642
644
636
646
652
650
696
752
740
736
722
722
728
732
726
730
736
690
696
686
676
674
676
670
686
704
730
706
720
712
702
746
708
726
694
696
696
692
646
668
658
664
668
708
736
738
718
720
718
720
706
704
702
686
712
688
670
658
686
676
698
680
692
700
732
726
724
740
706
694
676
682
708
736
732
734
712
712
786
792
766
768
754
768
742
746
746
728
724
716
710
688
658
660
678
662
668
674
684
678
692
688
700
722
702
712
690
680
686
670
652
666
654
648
662
646
642
642
638
652
634
602
598
598
600
606
608
592
602
594
596
584
656
674
642
666
686
726
696
692
680
670
674
666
646
636
646
640
626
628
626
632
652
664
686
716
680
734
746
736
746
754
756
722
706
710
678
668
684
688
670
648
650
658
640
626
648
630
636
660
670
646
662
660
666
676
654
664
656
656
674
670
656
646
650
662
646
640
660
662
654
642
648
652
654
652
664
666
650
658
666
678
672
680
648
650
652
632
620
640
642
640
634
650
626
656
642
642
638
630
644
614
614
622
610
618
618
604
612
608
612
616
610
612
608
604
598
598
592
584
580
584
580
592
588
594
608
618
612
626
598
600
604
580
592
592
586
630
628
626
642
596
590
592
600
598
588
584
576
590
582
616
612
638
704
728
710
728
716
694
688
676
670
642
660
660
646
634
642
624
650
630
632
642
668
674
648
654
626
626
636
630
646
628
660
662
662
670
670
654
670
688
674
692
698
678
682
698
684
686
670
660
668
668
642
646
656
650
642
628
636
630
624
616
618
614
602
626
636
644
660
642
638
648
662
664
642
664
660
646
656
644
658
656
646
650
652
650
642
644
658
650
626
626
622
616
600
610
610
602
622
612
622
622
620
610
612
616
622
622
638
592
606
612
664
674
668
656
672
652
644
634
622
624
624
628
614
616
624
628
632
616
610
614
622
628
610
630
640
686
666
658
668
672
692
688
650
638
648
634
622
614
610
612
594
598
610
614
610
618
628
618
648
630
636
648
652
656
620
622
610
598
596
608
598
612
624
620
624
624
626
612
630
642
636
624
638
652
630
632
632
640
648
612
618
606
604
612
604
610
600
608
594
610
598
608
590
584
602
590
554
544
538
538
522
524
524
518
526
526
506
512
534
534
528
534
528
524
526
526
530
536
534
530
538
532
532
542
570
606
586
602
644
660
648
656
612
614
610
618
598
592
594
602
584
580
572
580
568
568
554
564
558
558
570
570
610
620
600
632
630
654
636
652
626
650
654
642
618
620
628
634
628
624
618
612
664
656
632
646
676
682
664
662
676
658
654
658
638
606
608
594
590
600
586
652
646
660
698
734
704
718
694
712
694
668
666
678
676
664
652
642
638
646
632
622
638
630
680
654
650
650
678
686
686
694
652
642
648
616
626
622
634
646
740
732
718
714
704
666
644
648
664
688
750
764
726
736
670
674
706
684
688
682
746
760
732
760
716
698
706
712
704
682
686
672
680
658
656
646
644
626
618
624
616
594
596
610
602
646
630
648
678
700
684
684
648
680
684
680
652
656
650
682
674
672
660
682
662
660
656
672
706
702
688
680
650
626
648
630
642
648
650
652
684
674
668
698
712
688
690
696
682
678
676
676
678
666
692
692
688
690
666
644
646
632
642
648
658
660
648
660
664
670
628
632
628
626
664
636
630
658
630
618
612
628
630
618
626
616
606
614
618
602
664
664
648
664
666
658
668
682
682
692
680
682
696
654
658
668
654
642
652
654
660
630
632
622
616
608
618
612
614
614
628
632
624
622
620
646
622
622
622
628
626
610
614
604
642
606
606
628
622
598
598
598
606
594
598
602
596
592
608
602
602
600
610
596
610
598
614
608
598
598
602
598
604
592
586
588
598
598
612
598
608
620
618
598
628
594
598
590
596
582
584
596
574
602
594
594
596
598
588
590
592
592
580
574
576
570
576
580
584
582
572
582
584
590
586
588
594
596
592
598
596
602
620
614
610
606
608
612
606
606
638
664
668
658
676
648
646
658
636
626
618
624
614
598
590
590
594
590
586
584
580
586
584
596
584
580
578
582
582
580
594
570
592
586
590
578
592
580
582
574
588
618
598
586
588
584
586
600
574
576
572
568
568
570
568
582
584
564
578
594
588
594
600
606
620
618
608
612
622
616
612
604
608
602
602
602
600
592
588
606
594
592
582
586
586
584
594
586
584
586
590
586
582
574
586
576
580
576
574
568
566
562
568
570
574
584
576
578
572
574
588
594
586
584
590
598
596
602
590
590
608
606
598
594
592
604
600
600
600
600
596
596
598
596
592
586
578
598
586
550
544
546
542
550
540
558
544
556
562
552
578
590
588
622
622
630
622
638
642
658
632
650
614
626
628
632
616
612
612
606
604
582
580
580
572
566
560
558
554
552
544
542
550
536
534
530
528
530
526
528
530
514
540
546
542
556
566
560
572
564
564
560
566
556
560
554
560
568
572
566
562
568
574
578
582
586
578
580
578
574
572
588
596
596
592
588
610
622
634
650
654
648
660
628
608
620
612
610
608
608
614
608
608
602
626
618
604
624
618
602
628
612
576
572
558
562
556
554
546
546
550
548
538
536
538
528
524
524
528
522
522
526
520
528
552
546
564
572
586
580
584
584
572
568
572
576
570
564
562
558
548
550
546
538
540
550
550
552
560
574
588
600
596
586
608
622
620
606
610
624
600
610
608
592
596
576
582
574
576
584
592
592
580
596
582
572
568
572
568
554
560
556
550
542
540
540
540
548
528
548
562
558
578
578
568
574
572
580
598
590
594
610
572
574
580
578
570
566
568
574
574
574
570
572
564
560
570
570
566
568
574
572
572
568
578
576
576
570
568
560
554
550
550
548
550
548
550
552
550
566
558
592
570
566
568
572
572
580
582
580
576
582
622
624
638
618
614
614
624
616
606
622
594
600
594
582
578
568
570
574
570
570
582
572
590
580
594
584
582
590
600
612
620
612
626
600
586
580
576
588
586
582
574
568
568
566
568
578
578
574
638
650
642
644
648
636
634
604
600
604
618
602
616
604
594
598
600
590
608
584
614
614
616
624
616
612
630
598
608
570
572
562
554
552
540
540
536
524
524
528
516
516
512
526
522
500
532
506
550
546
562
552
552
552
552
564
570
568
560
566
552
554
564
576
608
606
596
606
594
612
590
560
554
540
532
530
522
524
518
518
514
522
514
516
514
516
508
512
496
518
520
512
518
518
514
516
520
520
516
516
518
522
516
518
526
518
534
522
568
580
568
572
588
582
580
574
566
566
566
554
558
560
564
564
560
554
554
544
544
544
538
538
534
530
530
532
538
554
580
566
566
562
564
556
558
552
546
544
538
538
536
544
546
542
554
560
574
584
578
570
572
568
584
570
582
590
598
588
592
600
604
586
594
600
600
600
588
584
582
578
576
566
558
558
554
556
550
548
544
550
564
566
560
558
562
566
566
564
572
572
586
574
568
586
560
580
576
582
582
588
582
580
584
596
592
584
598
584
594
604
610
602
592
614
580
568
582
556
560
558
548
576
586
592
598
598
606
616
612
598
604
602
602
596
596
584
598
608
628
610
608
600
596
606
608
594
614
588
594
598
596
610
588
586
572
566
556
554
546
552
562
550
556
560
566
564
550
556
568
558
550
548
548
536
540
536
538
542
534
536
550
542
570
568
574
582
590
584
572
572
572
572
588
584
590
590
594
602
632
626
628
644
630
646
636
624
626
616
614
610
600
588
590
588
590
582
588
586
586
572
582
592
588
586
592
588
614
602
606
610
622
618
618
604
616
608
612
610
600
608
606
580
576
578
566
570
594
586
594
604
592
592
598
610
616
630
618
618
638
606
608
604
618
610
598
598
588
586
580
580
572
582
568
564
570
580
576
566
576
568
568
558
556
560
562
570
552
582
584
586
578
580
574
600
596
588
584
592
592
588
604
576
566
568
560
568
556
556
554
550
554
540
540
528
532
524
524
524
526
526
522
530
526
526
528
518
528
528
536
524
526
530
524
524
522
524
510
508
508
506
506
498
502
506
502
508
514
510
536
524
532
540
558
566
556
552
546
544
538
538
528
524
526
524
522
522
528
522
516
522
538
536
548
534
530
542
538
542
550
550
552
556
542
542
538
554
530
524
524
524
520
518
512
516
510
512
514
508
518
506
540
542
530
540
528
534
520
526
526
522
516
520
526
526
532
530
538
552
556
548
546
542
538
536
548
546
550
548
546
534
544
560
560
558
550
546
552
562
566
576
570
578
562
580
598
622
618
624
628
600
600
612
614
598
582
596
590
622
634
638
624
642
598
610
614
592
614
604
604
614
604
606
622
586
584
588
592
574
574
580
572
574
564
558
562
552
610
596
586
610
596
588
568
566
574
580
580
572
588
596
598
584
574
570
578
560
574
580
600
618
608
616
604
596
596
604
614
602
596
600
606
594
614
584
586
588
584
600
602
596
592
586
586
590
644
660
656
650
652
668
622
614
628
588
582
578
580
582
578
590
590
570
592
580
584
582
592
592
594
608
596
592
600
594
588
576
570
576
570
572
560
560
560
554
536
540
546
552
532
582
622
602
614
588
610
602
580
588
594
574
610
604
600
618
590
588
600
592
590
602
580
608
592
580
586
582
582
576
582
594
616
606
598
608
620
622
624
592
600
590
584
580
576
570
570
578
580
578
580
588
576
596
600
594
600
594
584
594
610
602
614
598
608
604
628
632
610
608
602
600
590
592
602
606
596
588
602
598
588
588
596
590
602
594
594
600
598
588
588
596
600
580
582
580
582
590
590
574
578
586
582
576
572
578
580
574
578
596
588
586
588
610
630
632
634
640
600
604
594
582
592
570
570
580
580
552
560
580
594
594
586
598
604
644
640
630
642
642
624
632
610
622
622
632
616
604
596
582
586
572
564
568
566
572
570
570
574
564
576
560
630
612
638
652
670
660
660
670
664
676
650
656
646
644
654
644
634
636
638
616
630
644
628
620
624
626
632
626
618
618
626
630
618
622
638
626
638
644
640
618
618
608
640
618
620
624
628
616
608
618
628
626
640
620
626
626
614
628
632
630
634
612
618
624
616
604
598
608
596
588
588
592
598
596
590
586
582
598
590
580
578
592
578
612
604
594
614
616
598
624
596
602
612
600
594
596
600
608
602
586
584
596
594
592
586
582
576
568
566
562
560
556
544
594
586
578
580
594
602
598
606
596
588
610
594
606
602
600
588
598
578
626
614
618
644
654
668
660
646
646
642
634
628
620
626
626
618
618
618
636
634
640
666
674
664
676
666
662
636
640
632
652
646
646
654
656
652
642
646
656
636
652
656
636
662
660
670
680
656
682
660
666
656
642
666
660
654
642
640
644
654
636
644
652
650
634
622
622
632
620
616
608
672
680
664
672
676
672
666
668
682
678
670
692
668
650
650
666
652
644
644
654
642
620
612
618
598
592
596
606
610
602
604
614
622
614
610
618
628
628
624
622
618
626
600
596
588
596
590
582
572
576
570
564
566
576
576
568
570
576
572
638
624
616
620
636
658
648
636
656
656
662
650
634
640
636
628
618
626
626
614
634
612
620
614
606
616
598
604
608
604
610
620
602
624
626
616
628
640
642
628
624
650
626
648
630
630
660
658
678
662
666
636
642
650
656
660
644
678
666
656
670
624
620
624
636
632
628
644
646
674
646
654
660
660
670
634
646
662
644
674
658
666
636
650
628
616
622
618
622
610
614
620
602
626
612
620
650
680
660
674
634
644
642
660
650
662
692
706
704
690
690
688
700
698
688
704
688
682
660
642
652
638
636
676
664
668
678
678
660
674
660
660
674
678
662
646
672
628
634
630
624
638
610
590
598
622
600
612
646
630
644
608
618
608
648
624
650
656
682
670
678
698
714
684
708
680
680
674
630
638
640
618
612
604
620
642
704
670
666
694
652
658
672
640
626
642
636
644
690
694
710
708
706
722
680
676
668
666
628
632
628
616
612
650
638
658
684
668
658
658
692
696
694
654
660
680
670
660
670
682
666
670
660
702
688
678
698
706
704
664
658
672
654
652
666
642
690
666
678
690
672
670
676
686
678
692
666
670
648
642
652
650
644
642
654
654
648
652
658
660
650
658
660
664
652
662
644
654
656
646
646
642
650
646
636
656
650
634
650
650
660
670
650
658
662
664
648
674
648
654
640
644
648
646
646
634
640
652
634
630
628
634
630
606
616
612
612
592
588
598
600
602
592
640
624
636
646
666
664
648
658
648
638
644
648
654
638
656
658
650
648
658
654
660
626
636
642
644
620
642
628
660
644
658
668
646
654
656
652
640
658
666
662
670
642
648
632
630
632
634
614
630
614
598
604
600
628
618
622
630
632
624
616
630
630
614
640
604
610
610
598
592
598
582
610
608
622
640
644
626
630
636
638
650
616
626
618
620
614
616
630
620
608
608
616
596
602
608
614
624
624
606
630
618
622
624
606
602
606
620
616
606
602
618
622
624
602
610
620
596
608
616
616
624
634
616
638
620
626
620
612
620
628
634
616
614
604
612
610
618
624
612
612
618
620
630
622
610
620
644
638
622
622
634
638
626
630
652
668
648
644
660
668
654
670
646
648
656
638
634
656
658
634
634
638
618
650
642
640
642
650
666
636
662
648
664
650
646
658
666
658
644
642
678
716
662
656
670
664
692
688
664
686
702
694
682
694
680
688
678
674
662
652
660
694
672
678
678
674
682
660
640
652
642
634
648
642
634
640
646
668
702
704
704
690
700
684
658
660
668
676
648
652
644
656
636
654
644
650
662
658
664
652
634
632
620
614
630
624
634
652
640
652
666
664
656
650
666
650
640
654
644
654
670
686
658
692
700
706
688
694
662
670
670
662
640
650
634
650
656
662
670
672
662
652
662
656
684
666
674
694
690
702
696
706
696
706
714
740
718
710
720
726
732
698
708
716
688
690
686
668
650
648
644
634
654
640
644
672
684
688
674
692
672
680
666
658
680
656
678
676
666
670
706
694
700
700
700
712
696
674
688
676
688
700
682
686
690
688
696
676
666
656
658
652
666
662
676
706
712
692
716
670
652
650
654
642
658
644
720
750
710
718
718
680
670
678
642
642
644
616
620
630
630
672
672
676
676
684
664
666
660
654
658
656
710
712
708
670
670
668
652
660
638
642
654
638
654
634
666
664
660
646
662
674
668
650
650
660
676
664
656
650
668
634
642
634
632
638
646
640
626
630
636
672
700
712
700
692
674
670
636
640
648
644
624
642
626
632
642
616
642
642
646
646
630
630
636
654
630
624
642
666
644
638
646
660
634
662
632
654
638
646
640
648
662
646
666
646
644
642
650
642
668
644
642
636
634
622
626
628
642
626
620
630
628
612
612
618
630
642
666
656
662
674
666
650
660
662
670
654
678
666
666
686
666
664
660
642
660
662
650
654
666
660
652
672
660
684
670
690
686
672
692
674
674
664
666
662
676
660
658
658
644
652
658
666
674
662
668
678
662
666
684
698
698
694
706
706
668
680
678
656
654
660
640
656
668
676
684
678
664
684
682
694
654
664
660
642
662
642
670
656
676
684
670
688
672
668
644
640
650
646
642
628
616
618
614
602
638
624
624
634
638
632
624
636
652
638
634
650
664
664
646
664
672
660
680
658
680
648
658
662
672
658
648
666
656
640
636
642
648
646
638
646
652
640
628
650
624
644
644
658
668
648
644
656
662
660
630
618
648
686
686
688
704
712
704
720
694
662
652
648
622
632
640
640
634
692
714
710
722
684
702
718
688
714
690
678
682
692
674
662
670
660
652
646
658
644
634
634
634
634
636
626
640
642
632
626
626
622
618
606
616
624
616
604
612
610
600
606
596
594
596
590
594
606
596
584
590
580
578
574
580
570
560
568
572
576
570
584
578
578
578
584
584
582
588
590
580
584
586
568
596
578
586
594
596
588
580
586
582
578
578
572
576
574
572
576
588
576
574
576
582
576
576
580
576
582
582
584
572
582
588
586
572
578
576
580
568
590
566
558
548
556
556
566
574
562
568
580
562
594
596
586
598
588
592
582
588
586
576
572
564
566
572
594
576
574
578
564
558
560
556
570
558
550
542
544
534
550
582
562
584
594
610
612
610
598
622
580
582
590
584
576
584
568
602
610
608
620
606
618
594
614
620
596
606
614
646
674
708
664
632
620
620
618
628
624
612
608
622
618
628
614
636
620
640
626
642
652
636
632
666
664
656
662
670
676
656
670
690
674
680
658
658
640
634
638
626
622
638
634
632
636
644
628
622
630
630
624
626
634
644
626
644
636
640
628
640
642
648
632
642
630
638
638
646
630
646
614
618
608
594
606
604
606
596
612
608
612
610
604
602
612
598
602
610
604
608
596
600
594
592
584
590
598
602
590
590
594
604
588
588
580
586
580
586
572
602
596
580
584
574
570
578
582
574
568
570
588
600
594
582
588
586
592
586
580
586
590
584
590
578
574
582
570
562
558
558
570
566
558
568
566
576
578
586
600
596
592
596
610
618
624
632
614
624
638
628
616
622
634
610
624
620
626
634
634
628
626
626
632
620
636
604
608
602
592
602
614
602
594
598
604
588
578
582
578
574
566
562
566
562
562
554
556
564
558
568
560
566
578
584
572
580
586
588
600
596
592
604
606
594
588
600
592
588
608
580
566
564
566
568
570
564
570
568
566
570
564
562
558
566
558
560
570
560
548
554
546
550
558
560
554
550
532
554
558
546
556
560
554
548
556
552
544
546
552
546
540
538
536
544
538
544
546
544
544
546
542
538
542
540
538
550
550
540
540
540
548
544
546
540
534
566
562
552
578
588
582
576
576
582
580
574
576
574
566
586
568
564
566
566
558
558
554
558
558
552
552
564
564
552
556
544
558
552
554
560
556
550
568
572
568
572
572
588
582
572
570
576
584
572
566
572
588
572
570
582
588
592
586
610
616
606
604
616
616
616
608
602
610
594
608
620
600
610
616
608
620
610
644
622
624
642
650
656
622
634
646
636
626
630
636
622
616
610
616
608
634
654
646
640
658
606
622
616
620
606
622
612
598
592
600
606
600
610
664
724
740
740
718
668
642
620
610
598
596
590
600
580
604
594
614
642
646
634
654
604
614
608
600
590
584
594
592
594
584
576
576
604
608
606
610
614
624
602
602
604
598
604
614
614
610
622
614
618
608
608
616
608
600
604
592
598
592
600
594
600
586
586
594
604
580
624
646
630
656
664
676
652
654
668
692
662
684
658
682
682
658
676
686
656
668
664
674
676
684
660
674
674
650
664
670
666
640
662
662
654
642
648
646
646
642
632
640
646
640
642
632
640
638
644
648
638
630
640
652
632
632
628
642
626
624
638
648
626
626
646
644
624
628
624
628
618
614
618
624
626
612
624
630
620
612
620
620
626
618
626
634
628
620
630
644
672
632
624
630
624
608
616
614
618
604
614
608
608
596
604
590
602
580
586
590
576
596
572
610
624
614
608
604
620
618
614
618
628
628
608
614
620
608
602
602
614
610
608
598
606
606
598
592
600
598
592
596
602
608
614
606
594
602
606
602
618
588
592
584
578
572
576
576
568
580
566
590
582
582
590
592
586
576
580
568
580
592
584
578
602
612
622
606
600
618
612
610
602
600
600
600
610
598
592
588
616
624
632
610
634
614
618
614
612
610
616
602
598
598
604
604
594
592
598
604
586
594
600
602
608
598
616
598
630
620
614
614
618
604
598
614
628
612
624
600
586
582
580
578
594
600
590
584
594
584
578
580
582
556
558
554
554
552
542
532
548
526
586
586
602
658
704
710
676
652
666
656
618
618
626
620
642
628
618
638
594
606
598
616
598
610
618
622
614
638
644
652
638
644
660
674
668
670
634
636
630
638
612
610
604
600
606
590
584
612
614
624
606
614
622
634
626
618
628
624
614
636
604
596
592
596
590
592
598
590
592
590
590
588
590
594
590
590
588
594
588
586
586
588
586
592
588
578
592
590
588
582
592
598
594
596
598
606
606
604
594
596
606
612
608
610
620
628
616
608
618
608
608
590
596
588
590
580
588
584
568
574
574
558
560
552
564
550
548
554
546
546
536
554
550
546
548
544
560
564
570
554
584
576
590
596
604
590
596
602
594
584
590
582
584
574
578
584
578
588
590
586
580
578
578
572
566
572
568
570
574
568
566
574
588
590
602
600
600
594
612
584
580
580
584
574
566
578
570
612
592
598
630
628
612
612
624
614
616
618
638
614
618
610
624
628
594
604
610
602
610
608
620
612
608
612
610
598
596
588
592
592
590
582
588
582
580
580
578
576
568
578
586
586
574
572
576
570
566
562
562
566
558
554
558
558
554
558
552
546
584
602
606
594
608
572
582
578
562
564
558
556
556
552
554
556
548
564
560
564
562
548
568
550
604
598
594
598
586
578
598
566
582
556
576
564
556
542
546
542
534
528
532
526
522
508
516
522
518
512
514
516
516
516
498
502
526
528
552
586
594
584
574
610
614
622
630
596
606
602
592
584
584
584
590
586
576
580
580
590
572
564
572
576
568
560
568
566
576
568
562
572
574
582
574
568
558
560
566
566
554
550
560
568
560
554
562
552
582
574
568
568
570
570
564
560
554
560
574
566
574
594
616
614
604
604
612
610
600
594
608
602
584
594
586
568
570
580
572
576
600
590
618
636
642
626
642
602
616
612
606
600
594
640
628
622
628
618
632
634
608
610
630
624
612
626
624
626
604
586
600
586
584
588
572
612
626
618
654
678
700
668
678
680
664
684
672
654
642
634
646
638
654
636
626
650
628
636
626
628
638
656
648
632
642
642
636
654
628
642
630
612
624
622
620
612
614
646
642
652
654
620
624
630
630
616
624
628
618
618
606
636
628
628
630
628
622
616
610
616
608
610
630
634
640
626
628
624
624
668
688
682
672
670
674
670
658
640
636
656
638
654
642
636
658
618
626
618
620
610
614
608
606
604
604
604
610
592
606
602
602
592
588
580
576
562
568
564
578
582
582
588
566
608
594
592
604
590
580
582
576
574
578
570
568
560
552
558
550
556
560
548
556
550
542
538
540
530
528
530
534
536
536
536
544
534
542
534
536
530
530
532
538
544
542
550
550
550
546
552
550
542
538
536
534
532
528
530
532
532
522
562
520
522
522
530
534
526
542
536
550
554
552
554
566
556
560
570
564
572
582
584
570
586
578
584
576
574
582
586
574
574
576
570
564
566
566
568
562
566
568
564
560
562
562
564
554
556
564
562
550
560
548
554
558
566
554
550
538
544
558
542
580
576
564
582
562
568
566
556
622
634
596
612
624
624
636
604
612
630
620
616
624
630
628
608
608
598
602
596
584
582
584
582
566
564
562
566
576
570
566
578
580
568
568
568
572
560
570
578
556
582
590
602
612
602
596
602
608
594
590
588
586
592
596
588
592
596
600
586
596
600
612
612
600
622
620
620
630
606
608
620
618
602
612
612
612
608
596
604
610
596
578
586
582
590
574
576
588
590
582
576
578
566
618
604
594
598
596
600
592
584
594
610
612
598
596
602
600
590
580
576
570
582
580
578
586
596
602
588
586
588
596
580
590
598
616
604
598
602
598
614
582
588
596
600
588
596
588
600
580
582
586
580
570
582
592
596
582
590
568
570
590
578
612
622
610
608
602
596
614
600
574
584
586
572
556
556
562
560
570
564
566
542
544
570
570
582
584
588
586
596
584
576
574
582
576
586
594
588
580
578
572
582
592
594
600
588
590
582
576
568
578
566
576
586
596
588
580
590
594
612
600
590
