624
606
612
628
644
646
612
602
610
610
600
574
580
582
590
598
582
620
634
636
584
600
570
588
566
586
592
608
590
654
650
664
582
606
618
630
602
576
596
616
626
594
600
614
562
564
598
590
600
588
556
538
544
528
518
496
482
476
484
514
662
700
708
690
694
680
614
572
646
690
696
700
682
702
692
570
544
594
678
702
710
742
706
712
676
656
648
656
662
694
642
638
658
674
696
666
698
750
766
692
688
678
676
632
622
632
654
622
584
666
710
670
598
598
646
616
656
652
614
640
640
690
686
632
700
726
700
694
620
586
620
656
670
650
620
618
574
570
578
574
538
552
552
548
548
484
516
506
526
520
516
506
492
490
376
566
466
474
490
520
520
522
522
546
538
548
562
510
496
508
510
510
508
506
492
482
468
466
470
478
490
502
494
468
506
478
466
470
482
520
496
522
574
608
642
620
600
602
606
606
592
548
532
526
518
520
514
506
524
558
596
600
648
680
674
646
586
586
566
544
512
518
518
510
504
496
490
504
520
536
526
512
518
532
602
574
546
566
544
562
554
544
508
514
522
508
504
504
506
504
506
502
520
500
494
528
580
588
550
562
572
568
548
532
532
474
500
496
482
526
512
506
536
564
632
598
578
558
536
524
504
494
504
502
494
494
502
588
628
578
540
584
600
576
586
516
508
502
508
500
482
482
492
574
596
580
560
530
540
566
572
558
530
526
540
530
526
566
554
518
518
520
538
572
526
590
540
508
492
488
498
516
498
506
518
534
540
524
522
542
526
484
486
440
488
650
572
576
558
540
530
518
498
492
482
478
474
468
472
488
532
508
504
536
602
560
572
614
632
640
614
568
532
516
542
580
622
630
672
674
632
654
654
700
664
650
722
740
724
606
656
656
676
604
620
654
710
674
710
672
618
690
712
660
606
666
682
660
686
752
732
674
674
726
762
684
728
758
738
682
718
732
712
722
772
726
692
684
696
648
676
712
744
680
694
706
758
734
740
788
744
674
702
702
688
684
628
696
742
752
666
690
742
790
730
704
732
736
692
686
712
726
720
682
708
758
716
660
692
714
694
656
698
730
708
686
646
690
728
678
668
694
688
674
654
704
692
630
692
686
690
628
666
634
608
558
550
574
620
678
622
634
646
682
662
624
660
650
670
688
678
702
742
704
660
586
626
640
696
688
698
736
742
728
680
672
694
706
672
634
686
716
688
636
678
666
664
638
690
710
724
692
658
684
700
648
674
678
668
684
732
694
632
686
674
672
626
662
630
662
648
642
592
638
626
666
664
614
588
622
632
646
624
624
654
668
710
678
654
682
702
714
686
680
696
698
652
634
666
692
674
716
764
764
694
632
658
672
662
644
626
660
694
664
604
662
672
664
614
652
692
698
682
646
670
684
646
602
640
640
648
622
620
626
654
644
648
658
704
680
632
670
648
572
562
558
546
522
542
594
556
590
634
626
624
608
552
548
568
568
560
582
572
596
642
662
700
668
636
678
728
726
728
654
644
636
588
562
594
658
708
762
708
706
712
710
676
626
650
674
650
612
630
618
622
626
580
542
546
540
546
556
566
538
528
542
568
562
548
538
520
532
522
506
508
508
506
648
580
640
678
702
714
688
648
620
604
542
544
546
548
550
578
586
592
566
534
544
582
756
768
760
716
644
632
574
552
548
574
582
596
616
596
534
550
572
628
658
676
656
628
628
624
620
640
692
738
644
668
676
698
702
692
646
582
522
544
820
778
736
706
654
636
590
592
586
588
612
596
596
562
586
592
648
678
608
638
648
664
646
664
666
622
590
576
618
632
642
638
662
674
688
624
644
672
738
726
700
716
732
728
744
624
622
634
666
704
650
670
662
678
672
634
648
670
670
612
660
696
664
660
634
630
584
554
584
592
624
602
614
618
620
638
626
630
650
672
656
596
636
628
616
606
626
622
676
660
620
656
652
664
632
614
616
620
574
578
600
658
702
620
636
636
642
630
608
602
610
698
708
608
646
644
650
608
600
622
672
632
600
636
614
656
578
608
624
612
622
592
578
600
598
646
580
594
614
588
606
602
570
536
550
566
608
596
612
630
632
624
604
600
614
606
584
570
600
602
628
628
626
620
630
590
602
594
608
572
580
590
572
598
554
572
594
606
602
538
548
566
594
572
574
544
544
520
520
522
522
524
536
544
536
518
518
514
506
504
490
484
486
518
584
608
618
636
560
554
582
564
562
558
536
518
506
488
482
480
494
510
534
524
492
512
666
698
674
736
752
642
568
562
578
690
712
708
576
610
480
534
526
516
524
494
492
510
550
564
548
568
606
634
638
610
556
646
646
656
634
628
566
534
550
594
678
710
714
672
662
696
720
714
692
680
722
748
728
676
700
648
622
698
726
734
722
628
574
608
626
654
618
638
700
706
654
648
662
654
612
656
692
676
612
644
686
696
626
610
666
636
646
644
658
648
594
550
554
566
606
564
554
566
548
532
530
494
520
528
530
522
550
572
570
572
538
536
546
552
538
538
514
532
496
616
574
578
596
598
620
570
604
610
586
608
556
572
574
584
614
590
554
596
634
650
668
650
640
642
594
556
540
554
588
608
620
638
662
642
616
606
610
618
608
608
586
616
582
632
642
666
658
574
546
546
560
574
550
580
528
540
560
600
586
586
618
634
622
612
622
588
546
524
520
516
518
526
524
528
518
506
500
492
490
474
472
474
466
470
468
458
452
466
472
458
532
610
512
618
622
656
608
650
626
598
568
536
526
500
484
484
498
520
496
522
506
514
560
564
572
524
532
562
548
552
540
518
496
484
480
466
458
446
440
438
438
436
434
432
434
440
454
462
462
460
460
460
454
444
448
450
450
456
464
498
544
576
560
552
538
518
508
498
498
496
496
504
492
476
472
520
684
514
708
564
546
516
498
482
470
474
482
526
534
528
520
490
482
510
576
624
592
568
540
520
510
504
488
476
484
472
474
460
452
454
456
484
680
676
624
582
558
568
552
526
510
502
498
496
494
488
492
484
490
492
490
484
484
472
466
482
486
528
478
494
514
492
532
482
474
480
486
492
498
502
496
496
486
480
484
502
512
524
546
594
602
584
554
572
570
552
538
518
498
502
518
548
556
554
540
518
526
518
530
530
532
536
510
496
514
578
660
660
646
684
618
640
642
630
602
580
556
534
518
504
498
482
486
492
576
642
674
630
674
740
706
614
636
654
666
658
592
576
592
582
576
536
538
550
570
572
564
538
530
514
500
496
490
482
476
480
502
528
570
568
558
524
506
500
492
484
488
514
532
592
644
590
598
604
562
552
560
546
540
520
512
502
490
482
468
476
494
552
600
590
588
594
590
572
636
656
626
614
600
496
592
538
494
508
512
524
520
524
526
530
518
502
518
542
584
566
562
534
538
538
530
528
514
500
488
480
484
492
528
534
526
526
516
518
504
506
506
516
502
506
518
596
602
674
656
596
604
626
620
586
562
552
528
514
520
512
498
496
500
510
550
582
616
642
608
626
656
630
630
618
572
566
548
538
524
520
530
554
568
586
614
670
674
654
594
576
560
532
526
544
600
552
550
572
670
668
670
662
622
622
626
608
444
522
524
522
548
574
554
548
632
664
642
610
546
600
614
564
548
570
560
542
530
520
504
500
512
544
582
566
520
556
588
606
624
596
610
566
536
540
564
546
548
548
560
556
544
530
516
508
494
490
494
492
486
492
538
592
596
572
632
650
560
560
610
622
622
666
644
620
608
568
552
514
506
506
524
558
578
554
524
538
600
594
572
590
736
704
630
536
566
548
550
544
530
542
562
594
600
612
600
576
566
588
584
602
594
588
656
706
696
602
562
562
546
514
506
768
668
716
610
572
562
570
596
592
576
550
544
512
522
534
678
688
710
686
640
606
592
610
598
612
602
578
564
562
556
560
558
538
558
554
546
570
598
590
584
570
578
530
526
522
530
550
540
538
512
494
494
492
562
676
710
672
676
696
670
672
650
622
552
588
582
588
582
574
552
544
518
520
520
518
512
532
552
548
572
616
580
564
540
528
512
498
508
534
542
544
534
528
530
524
498
524
528
618
570
634
638
612
640
652
614
600
576
570
552
528
502
496
500
492
492
492
492
506
518
592
516
542
596
602
624
608
564
534
524
512
504
500
500
578
712
634
656
686
738
722
610
590
598
584
562
534
552
574
590
610
590
592
578
676
694
682
636
646
680
662
648
588
588
564
582
610
590
640
572
574
568
570
608
622
634
646
646
636
658
566
600
570
584
584
620
616
574
552
560
578
606
572
602
672
636
710
662
616
666
470
546
524
530
550
578
662
720
680
662
590
616
588
614
642
644
634
578
548
534
528
550
564
606
568
566
540
556
536
538
528
526
512
494
494
506
664
694
678
640
622
562
578
594
576
578
578
578
602
656
590
608
594
576
562
542
538
530
534
512
512
530
576
632
600
692
748
754
724
666
612
574
546
528
522
528
536
550
534
544
530
536
536
536
542
540
560
568
558
572
540
540
540
534
570
560
548
564
560
570
568
600
604
610
584
548
566
546
544
526
516
528
520
560
514
510
516
502
556
528
524
538
550
552
584
550
562
586
576
542
564
562
602
576
578
562
552
528
524
530
546
530
536
556
572
576
536
536
548
570
540
552
536
518
508
500
484
480
482
494
498
476
488
510
544
538
520
518
516
512
508
506
500
496
488
488
472
482
496
536
500
504
532
600
592
574
548
532
516
504
484
478
468
460
460
462
464
450
466
512
498
564
564
582
640
602
606
572
556
526
516
504
492
484
486
506
504
496
516
580
640
656
620
564
576
574
570
548
532
516
500
486
482
486
484
506
644
716
676
678
702
700
612
548
518
514
516
552
552
542
530
506
500
502
510
542
558
560
542
510
508
512
500
510
582
604
608
592
564
550
554
538
520
504
496
492
482
468
472
512
620
684
666
604
670
714
706
614
580
602
622
640
600
562
576
566
568
566
520
526
530
546
570
558
554
536
550
546
550
556
542
508
490
496
518
558
620
602
570
552
532
522
506
496
488
476
474
466
466
466
486
894
784
712
756
734
706
676
638
614
622
610
586
570
542
536
544
560
572
564
550
522
530
534
548
542
518
538
560
664
650
620
598
584
578
544
526
512
502
516
546
544
546
552
562
582
610
588
582
564
602
640
700
716
704
670
644
598
562
528
514
512
514
516
512
510
502
490
504
530
600
464
564
594
600
542
540
556
556
578
566
586
600
598
598
598
600
594
572
548
546
534
536
564
532
508
536
596
636
616
594
566
552
532
522
514
504
486
500
526
582
596
624
632
614
632
602
554
562
570
564
568
538
534
536
522
510
486
484
480
474
482
478
494
484
482
476
478
478
484
490
502
494
512
576
636
650
620
562
520
542
548
562
554
554
530
522
514
506
504
494
484
492
526
564
584
592
594
644
606
596
594
590
626
598
574
558
520
512
528
526
540
532
532
540
500
512
514
508
502
502
496
492
486
480
484
498
496
444
526
500
510
516
516
504
514
550
594
578
540
564
574
596
538
520
516
548
542
526
518
548
558
550
518
522
538
544
534
518
532
568
562
550
524
548
544
538
514
522
528
530
536
532
538
538
536
516
500
526
522
552
546
542
508
506
512
510
512
534
540
568
518
526
544
542
546
556
550
528
550
566
600
600
578
566
580
580
660
614
614
740
768
706
666
706
728
652
594
606
618
626
616
644
672
708
688
644
632
654
682
662
674
662
640
622
620
638
618
580
562
576
586
572
546
538
552
540
530
518
530
536
528
518
512
518
518
492
484
492
510
498
506
540
536
544
504
526
536
542
524
564
558
564
548
538
574
506
522
544
552
514
530
552
532
538
542
540
540
544
530
498
490
510
522
504
526
538
540
498
530
548
522
500
518
522
512
498
478
490
488
484
490
486
470
464
490
520
526
534
630
642
578
536
584
582
562
550
550
504
488
490
500
526
530
524
544
578
532
524
534
526
564
510
530
520
492
512
512
466
546
510
506
508
508
494
496
494
494
498
486
482
486
484
476
470
470
472
484
480
520
526
510
572
578
556
568
570
536
548
548
542
544
510
500
504
486
502
522
558
556
554
544
518
514
496
482
494
496
524
562
518
506
492
532
550
574
570
558
536
520
518
502
498
482
480
484
496
526
524
566
506
506
504
484
486
490
520
404
360
812
518
512
510
496
488
490
494
504
498
500
502
522
554
550
522
504
490
472
478
474
474
480
480
476
478
484
510
506
490
490
492
512
560
538
518
500
492
494
494
496
494
484
490
492
502
494
494
502
524
544
516
506
518
534
528
504
484
470
474
524
558
590
582
560
546
512
506
504
498
496
504
522
506
516
522
544
532
510
508
510
508
500
486
482
536
430
482
496
480
470
486
504
500
490
488
476
484
490
480
470
468
470
468
456
466
486
514
508
498
496
510
528
504
508
516
530
508
496
510
524
536
532
504
502
476
474
474
472
470
468
456
456
464
490
522
514
484
484
504
516
504
506
508
508
496
480
480
462
460
460
460
462
454
456
464
472
462
466
466
464
454
454
456
454
378
516
452
462
472
472
470
468
462
452
446
442
444
428
448
460
472
468
452
448
452
456
456
458
470
478
466
464
476
482
474
462
470
468
466
474
468
470
464
458
464
464
504
470
472
486
494
478
472
476
482
488
472
482
486
486
482
460
468
474
474
472
468
472
482
472
474
486
504
500
480
470
480
482
478
482
496
510
498
482
476
490
494
486
476
476
482
484
482
474
466
466
466
468
476
468
466
468
456
506
462
472
478
464
470
486
498
494
492
478
470
464
470
474
470
466
462
464
470
464
466
466
464
470
462
458
464
470
472
468
470
476
494
490
478
468
474
494
480
464
474
480
482
478
468
472
456
466
480
456
462
466
472
462
466
454
466
464
464
480
426
504
470
470
484
474
486
486
482
476
482
494
524
486
444
538
488
492
480
486
480
480
484
490
488
500
480
476
482
484
484
476
488
486
486
472
474
480
486
466
476
480
488
478
492
502
496
494
504
502
496
486
488
488
478
478
486
492
480
478
482
480
476
474
474
476
462
452
448
458
496
502
494
484
478
468
458
452
438
436
450
514
552
492
536
600
556
544
582
558
544
492
498
498
490
474
472
484
492
482
476
484
504
500
490
476
462
462
458
452
454
452
456
468
466
462
466
498
506
482
510
528
524
504
516
522
512
498
500
484
478
480
480
464
472
472
484
484
494
486
476
458
472
488
490
484
476
472
464
450
448
440
440
442
442
450
444
448
474
490
478
480
480
504
504
502
504
486
470
474
476
472
470
460
466
472
480
474
468
458
466
482
462
464
470
464
456
460
478
482
476
470
464
472
464
462
514
486
482
474
470
456
448
442
442
444
442
424
424
424
424
430
442
448
454
448
454
460
462
454
450
456
474
458
448
460
480
466
460
466
470
462
446
448
456
476
470
456
450
462
468
462
464
482
498
480
472
482
504
500
498
516
520
514
494
492
502
496
486
498
502
512
502
482
484
490
492
488
476
474
480
478
466
462
454
448
552
552
678
584
534
504
552
410
472
476
454
454
456
464
476
474
470
474
460
458
460
488
482
472
480
490
484
472
470
488
484
480
484
488
488
488
470
476
478
474
482
496
502
492
478
496
512
532
496
494
506
512
498
486
498
506
492
484
484
488
494
486
476
474
480
478
470
476
486
496
486
480
470
468
452
456
454
450
450
452
452
444
448
452
536
484
508
518
494
476
486
504
524
504
488
484
474
464
454
446
440
436
440
468
482
482
474
452
460
482
468
468
474
476
478
482
470
456
444
440
434
432
424
428
424
414
422
436
438
438
432
452
474
448
438
474
538
498
484
462
468
472
476
468
462
468
484
480
468
458
464
478
502
486
468
460
470
478
496
482
476
492
518
548
518
496
536
592
562
526
518
516
514
512
518
514
480
470
482
496
546
500
474
482
486
480
506
536
520
498
500
492
484
494
464
464
468
474
496
492
486
486
490
530
536
512
526
548
544
514
516
526
540
512
498
506
542
512
506
526
534
520
504
512
506
498
514
538
552
540
502
504
508
496
480
456
454
458
466
488
470
458
484
548
582
538
508
532
562
580
544
514
528
528
522
552
560
540
508
532
522
520
494
494
500
508
534
514
510
506
520
532
520
570
592
610
618
568
590
614
618
598
608
608
576
522
542
536
546
552
544
528
486
494
520
550
516
616
720
686
632
646
654
576
556
644
658
620
574
566
632
730
742
700
600
632
692
694
636
622
660
720
664
634
570
592
602
578
598
650
590
692
774
780
730
638
674
680
680
626
602
688
730
746
686
654
696
712
660
618
682
672
742
638
676
700
718
666
680
688
734
658
672
686
704
718
644
664
678
672
630
612
636
636
614
572
562
584
638
648
670
638
620
648
666
632
592
614
634
662
652
658
600
618
640
680
640
616
642
628
580
560
582
606
604
608
596
586
612
638
606
594
622
650
686
636
650
638
628
618
588
548
556
558
570
614
632
624
620
556
540
568
608
610
628
616
594
602
578
564
536
560
616
698
704
682
598
636
648
656
658
660
594
572
586
596
622
604
578
612
624
642
636
626
636
632
618
562
588
610
646
694
656
602
652
666
658
650
602
592
616
638
638
618
592
632
630
662
626
578
612
598
640
632
624
640
666
638
652
642
640
628
594
612
630
606
616
652
658
654
638
632
646
636
596
616
624
618
614
620
638
636
624
574
584
600
602
588
594
640
674
636
652
582
606
604
622
620
600
626
660
686
694
610
610
634
632
670
650
592
616
632
636
648
608
640
662
664
664
614
636
616
614
580
586
624
676
684
634
648
642
630
570
582
584
596
586
572
562
572
616
596
604
576
632
608
616
588
572
564
546
534
540
540
540
542
530
542
560
640
610
598
642
674
666
596
608
604
600
596
612
616
606
646
612
606
580
576
544
534
538
552
638
640
604
606
638
642
632
610
562
580
598
592
602
582
582
606
610
644
626
614
582
558
568
568
580
580
576
578
590
576
592
584
558
586
636
646
632
634
588
578
582
558
542
538
532
530
536
550
592
620
596
600
552
550
568
574
616
598
636
636
650
636
636
596
584
562
568
566
550
544
570
594
624
602
608
620
658
630
584
606
598
598
586
584
606
658
666
640
638
642
638
628
646
642
628
628
600
622
646
660
632
636
650
650
630
616
636
650
654
644
614
640
636
670
648
624
644
634
638
628
626
630
620
608
610
574
596
626
694
678
668
664
646
644
612
590
620
612
630
614
602
616
618
658
656
646
622
654
718
732
682
688
690
664
616
608
618
648
634
622
632
652
648
654
632
604
624
626
624
628
580
588
602
582
596
592
606
616
620
604
564
568
542
532
524
540
536
572
570
556
588
588
614
618
616
566
602
584
618
610
592
584
590
572
574
578
566
582
558
568
602
636
604
608
634
662
648
624
572
598
596
586
624
586
554
574
596
662
662
648
634
652
672
680
648
588
614
608
604
628
610
602
644
642
670
630
590
632
704
704
670
698
698
684
654
618
628
624
640
628
592
616
664
674
646
660
668
660
646
608
650
654
642
630
626
618
634
630
624
564
554
570
556
586
646
670
636
618
604
612
618
594
572
600
588
608
598
582
600
596
618
624
644
652
630
606
592
576
550
550
564
606
624
594
670
650
634
624
594
610
612
626
604
606
596
602
598
584
554
552
550
560
552
542
532
562
556
598
576
576
582
600
702
662
632
660
668
650
600
574
602
644
692
688
632
598
606
612
602
614
592
642
632
670
626
592
624
648
652
626
646
642
710
662
620
654
650
644
618
630
636
636
638
632
656
696
670
650
632
612
596
606
604
606
602
592
600
648
666
646
638
632
638
644
642
638
594
622
616
646
618
626
624
616
646
632
636
640
638
664
648
630
648
680
670
656
614
638
638
636
590
614
606
586
552
548
536
542
546
556
556
552
586
620
634
614
606
612
604
606
620
612
616
624
610
622
572
582
602
594
584
582
620
628
620
624
582
608
600
588
588
558
542
562
582
568
572
586
596
574
576
590
556
564
556
560
558
596
594
610
614
610
618
576
560
580
586
562
544
540
542
520
532
540
546
550
534
528
538
532
568
618
634
660
660
592
626
636
606
576
570
564
558
544
552
550
572
574
582
574
562
536
532
534
530
562
576
582
566
580
568
608
642
640
628
628
638
634
610
580
604
614
638
646
602
576
576
594
580
592
572
572
642
676
648
664
616
628
628
622
630
612
580
604
582
586
574
560
580
576
576
568
568
560
556
564
602
590
594
576
588
590
572
550
562
556
616
600
584
602
596
600
596
576
558
582
566
608
578
582
602
606
608
600
584
600
590
584
582
578
616
610
634
648
638
614
606
602
590
580
550
542
528
530
532
590
600
634
646
638
632
572
558
556
812
712
606
594
580
574
562
558
552
554
538
548
546
580
606
610
604
586
552
530
542
572
648
644
586
562
536
554
560
562
588
610
612
624
630
620
638
650
638
650
618
578
608
592
652
660
624
652
648
648
646
640
606
582
572
584
640
652
620
630
632
626
630
600
576
602
614
616
586
556
582
614
684
698
656
680
696
712
692
662
614
604
592
580
564
562
588
724
762
682
650
636
638
600
610
620
624
632
624
606
608
620
614
592
612
624
654
674
644
636
646
616
632
670
654
648
624
616
628
616
614
608
578
606
596
624
610
602
618
616
586
590
590
584
570
572
580
570
578
578
574
602
596
596
578
584
586
598
578
580
588
586
582
614
614
610
572
594
586
576
576
580
606
626
632
628
632
586
600
610
626
638
624
568
578
598
616
616
610
608
604
658
632
608
572
608
604
612
604
564
588
578
600
582
572
586
594
578
580
592
610
600
596
590
548
556
570
574
586
580
606
624
658
622
612
636
654
636
580
606
602
592
564
544
546
538
526
514
528
526
558
606
602
636
612
592
602
614
620
628
590
576
600
620
622
628
612
672
706
706
658
634
648
668
660
648
596
568
576
578
650
660
632
688
660
660
590
616
630
622
608
620
624
650
668
630
638
650
642
632
602
586
584
576
556
596
626
714
702
658
634
648
650
608
576
628
644
632
614
578
584
602
596
606
582
608
666
648
630
616
630
640
618
582
590
608
584
592
572
570
572
560
584
600
602
598
608
602
596
606
600
570
584
562
564
568
566
570
546
536
544
572
596
566
606
636
636
612
624
618
642
638
572
556
568
570
590
586
560
598
614
656
630
634
612
568
580
590
578
614
592
588
574
592
598
580
600
572
584
584
606
582
604
590
610
614
598
588
558
572
568
578
556
556
562
590
574
596
556
550
554
536
546
554
582
582
580
584
544
540
532
522
524
568
564
542
566
566
576
582
594
592
560
554
570
632
706
714
684
706
744
730
680
618
640
592
626
620
612
572
580
598
626
576
612
708
744
668
630
654
662
646
646
658
688
714
694
598
638
662
712
674
654
674
678
674
630
606
642
656
692
672
682
724
722
700
642
678
664
684
648
602
626
624
666
634
620
626
634
666
658
604
626
634
610
630
588
594
612
612
622
618
612
632
632
600
570
570
570
562
550
534
544
534
558
550
580
608
666
660
630
602
622
624
632
630
610
626
630
598
600
606
606
592
568
552
576
584
638
654
636
638
680
698
672
632
658
658
642
634
610
618
644
640
626
656
680
672
664
662
672
656
618
594
624
604
616
586
596
610
594
604
594
626
652
644
618
582
608
658
636
626
616
562
560
566
564
560
550
534
542
576
588
576
592
608
612
632
610
602
608
602
606
636
650
658
652
628
588
612
606
624
616
620
616
644
642
642
580
618
632
664
640
620
602
622
630
662
646
626
628
628
640
630
630
618
614
610
598
564
588
584
592
586
584
602
614
622
624
614
572
590
590
590
570
552
562
562
610
626
588
602
598
592
582
556
560
572
600
574
582
554
556
556
546
566
592
626
656
612
582
606
604
588
562
554
572
622
668
690
666
582
590
584
562
706
800
812
772
722
680
670
648
644
634
628
614
582
614
628
688
678
670
670
678
596
598
598
576
576
572
558
538
562
574
598
606
600
566
598
648
656
630
606
606
614
646
654
628
624
614
618
596
570
598
640
694
682
652
684
670
658
628
600
628
620
590
582
602
626
622
612
660
734
692
672
632
642
594
614
636
630
624
566
548
566
560
562
560
546
538
526
536
542
544
530
532
528
510
524
538
546
580
566
590
598
562
544
554
592
644
646
656
666
610
600
592
570
552
548
538
536
540
510
526
570
808
772
714
732
788
808
768
672
602
608
566
596
590
630
596
662
658
638
620
654
668
636
592
588
562
542
534
542
560
556
576
568
584
632
694
712
702
700
684
570
598
586
576
590
584
574
600
634
612
658
700
684
688
672
668
652
648
616
608
604
588
606
620
652
666
648
596
630
762
740
714
720
618
620
614
628
616
582
638
714
716
674
682
702
724
702
624
662
688
728
688
656
680
680
664
660
608
648
628
642
650
622
640
678
688
662
700
722
700
694
644
620
646
646
676
658
606
658
722
718
682
654
676
710
668
688
688
694
670
616
650
712
728
692
666
668
670
718
686
622
666
664
690
670
646
652
630
588
580
622
736
726
660
686
706
688
694
642
670
688
688
674
654
650
668
674
674
628
662
666
658
612
552
584
582
614
566
586
590
580
580
670
696
674
626
594
608
624
638
630
630
642
714
684
674
656
666
686
686
652
596
602
602
584
572
602
654
688
668
664
666
660
656
622
586
620
678
738
722
744
742
746
686
650
622
634
572
566
582
592
586
628
660
704
706
644
638
656
662
670
654
614
636
640
644
644
662
728
734
706
638
656
660
640
632
634
646
674
634
632
668
694
692
650
594
632
644
638
626
580
608
586
570
556
554
564
592
618
626
650
676
674
644
594
626
626
644
638
600
562
556
568
604
662
622
618
650
684
656
642
676
704
684
636
632
658
648
662
648
600
638
622
676
668
638
666
666
702
656
666
668
710
678
614
636
640
620
608
594
612
608
646
622
618
642
654
646
616
652
694
682
630
600
644
654
684
648
640
640
650
614
582
594
598
588
566
560
566
572
626
668
670
654
588
638
632
608
590
572
602
640
650
672
642
654
662
714
706
620
646
640
628
596
592
606
618
608
578
640
724
746
696
654
702
728
708
660
696
706
666
644
640
672
684
640
640
672
686
650
626
674
726
714
642
676
676
672
626
652
670
682
698
660
678
708
746
694
674
712
716
642
660
678
690
690
662
640
644
640
594
578
620
736
680
716
748
778
728
708
700
686
652
620
656
658
648
648
652
648
670
646
620
572
566
572
616
684
700
670
694
696
712
708
684
676
688
672
628
596
606
614
640
628
626
606
634
726
578
818
620
578
554
546
558
644
964
690
644
658
494
544
534
524
526
522
502
506
542
634
636
646
616
704
766
812
756
622
620
630
630
628
616
602
604
580
606
630
658
668
676
604
636
642
658
602
612
614
622
622
602
574
600
604
610
596
580
618
630
638
604
596
606
604
592
582
598
614
632
600
616
630
624
622
582
554
560
562
564
548
558
548
552
616
650
696
660
632
668
680
672
620
598
608
616
616
594
614
636
666
676
648
600
626
656
726
704
660
688
720
704
674
612
630
634
632
590
620
622
616
584
612
624
632
594
616
642
694
670
702
692
672
626
602
622
616
636
622
582
612
640
616
582
614
604
584
618
632
662
636
592
614
612
606
580
548
564
574
602
618
584
624
678
700
654
626
630
630
632
584
584
584
592
586
560
578
574
602
586
574
612
648
666
628
656
664
678
618
638
646
652
640
598
566
584
586
566
592
608
596
630
634
638
612
564
546
548
534
524
534
528
550
622
632
616
612
604
570
544
552
548
544
514
540
556
574
584
570
582
610
698
706
660
672
578
574
566
556
558
526
544
534
542
568
578
592
576
566
580
684
750
708
674
636
610
584
562
548
544
536
524
550
608
678
702
672
614
652
722
786
714
608
648
658
672
622
642
638
646
644
594
590
584
560
550
