678
640
656
738
688
740
808
734
772
770
744
772
748
744
774
746
748
770
720
726
734
706
702
696
664
684
690
670
686
700
674
670
684
696
700
672
664
656
652
630
638
626
644
646
642
634
616
614
614
626
638
628
638
656
656
658
658
652
660
670
650
638
642
632
620
644
642
624
618
624
622
606
630
632
618
624
632
626
626
632
630
628
626
628
618
662
586
652
580
622
624
622
624
618
610
616
618
614
622
618
622
616
634
620
612
638
652
648
646
644
638
608
610
606
588
620
592
594
682
684
664
658
666
660
636
636
644
644
650
616
608
580
614
636
608
602
586
590
598
558
586
594
628
600
574
614
648
598
624
662
678
678
656
632
622
574
606
598
602
618
622
626
632
620
632
690
756
806
748
736
698
668
652
652
676
730
770
776
734
750
744
746
706
702
706
678
672
686
714
684
672
662
682
656
682
700
686
706
736
784
826
816
794
764
712
716
724
750
762
720
738
712
734
784
824
824
806
820
854
840
810
768
770
776
750
744
756
764
766
738
730
726
754
762
740
772
826
806
718
686
702
704
720
768
796
766
746
742
730
734
710
704
688
684
698
718
708
724
764
730
778
796
770
750
730
696
658
660
666
702
806
788
838
862
852
810
752
714
674
670
680
734
802
808
868
876
858
812
778
724
730
742
790
750
800
830
832
800
780
782
758
726
704
678
674
662
668
700
730
766
798
800
760
724
706
688
652
662
672
728
796
786
730
736
734
708
690
700
718
706
668
690
680
680
666
672
686
708
662
678
676
678
644
658
648
648
606
648
660
644
666
666
652
658
656
652
676
674
656
670
666
664
656
634
642
638
626
620
612
608
606
616
636
652
518
746
612
632
654
660
662
660
656
646
656
636
644
640
630
624
622
624
612
622
620
610
626
616
616
636
626
616
624
630
614
636
632
614
622
612
610
622
618
608
602
600
602
602
612
610
606
616
638
642
626
642
644
640
640
634
634
640
638
634
658
594
628
618
650
614
574
604
606
608
612
598
598
640
574
624
626
622
626
618
612
626
640
668
656
652
650
626
608
608
620
626
618
632
652
654
666
648
642
640
654
658
650
636
632
654
628
638
612
638
630
626
628
636
642
640
636
650
676
678
672
662
662
648
628
632
568
606
644
722
890
882
840
858
846
808
738
720
710
656
652
652
662
608
634
624
622
632
638
652
666
696
698
674
718
716
772
790
768
762
750
730
718
740
762
770
770
760
732
736
694
664
706
706
694
698
674
694
706
740
720
694
708
724
642
686
710
658
650
654
616
638
634
622
630
654
676
698
718
746
754
768
752
742
710
704
716
762
816
822
892
778
832
844
842
810
752
750
740
732
704
680
684
686
700
724
712
736
718
702
740
796
826
788
756
710
726
704
724
704
732
734
704
706
688
758
908
982
976
922
898
900
888
850
800
754
714
718
704
674
674
682
690
720
774
778
836
820
816
754
742
740
700
700
686
662
690
700
724
698
722
736
716
726
722
704
730
744
708
722
706
686
668
660
662
658
674
664
744
706
796
806
816
802
786
726
714
718
754
796
812
792
766
712
688
680
674
658
646
658
686
708
788
824
796
744
728
706
686
676
718
678
700
690
672
660
636
628
620
610
614
634
734
760
716
742
758
726
708
668
642
624
636
652
670
660
668
650
664
654
674
676
666
646
644
642
632
630
626
626
620
608
600
628
602
646
644
618
604
608
598
600
602
602
596
598
596
598
596
588
592
604
596
606
600
606
594
588
606
602
612
600
628
626
614
618
616
608
608
596
616
618
624
612
620
624
826
614
404
610
618
612
626
634
822
436
678
708
678
680
684
680
682
656
654
646
618
624
628
616
616
616
616
616
630
640
626
632
632
632
628
632
642
630
630
638
638
638
644
650
642
668
590
630
622
616
612
610
614
620
634
632
630
630
630
622
626
616
612
616
616
608
602
592
606
608
618
654
698
674
672
684
676
650
654
638
630
636
644
646
652
678
706
706
712
688
678
672
654
662
670
674
678
658
660
670
702
716
708
682
696
690
680
670
658
666
680
708
710
694
708
708
708
684
684
668
654
650
654
664
658
672
678
678
668
670
658
660
642
642
634
618
610
612
614
630
646
696
784
784
810
804
762
752
724
694
698
694
692
678
692
700
694
684
704
708
688
702
714
724
696
702
698
680
686
690
674
664
662
668
668
648
662
676
676
676
692
698
680
680
682
692
674
692
696
696
682
686
684
674
664
674
678
672
678
682
678
668
668
668
672
644
668
666
664
660
674
676
672
686
692
692
674
686
680
664
656
652
654
654
652
650
660
654
652
648
636
634
632
640
646
640
646
650
650
632
636
640
638
628
642
646
642
646
658
654
652
648
660
650
648
648
646
654
652
644
634
652
668
636
650
684
718
728
700
684
664
656
650
646
634
596
670
628
626
636
696
792
800
840
880
844
876
898
872
856
864
848
840
816
786
764
770
746
764
770
740
724
704
680
674
680
674
666
664
640
664
614
664
658
656
656
674
706
734
700
710
676
682
698
712
740
738
722
718
714
720
700
736
756
726
734
746
770
756
774
750
734
738
738
734
698
720
724
726
720
704
700
730
750
722
760
802
828
810
828
820
766
760
750
730
678
684
690
690
708
766
814
816
802
774
768
756
732
710
698
672
676
686
696
708
704
682
694
698
698
676
674
668
658
658
666
676
680
684
668
664
666
664
664
652
660
654
666
674
674
678
682
674
676
680
692
684
668
662
664
656
656
658
652
662
664
674
674
674
682
684
688
674
674
674
678
666
658
662
670
644
658
676
706
730
780
796
772
744
726
700
690
666
670
682
702
714
686
678
680
674
730
824
886
870
884
882
824
812
760
762
756
734
734
760
790
762
760
774
772
754
774
766
760
732
738
736
750
746
738
760
760
728
704
706
696
712
680
716
768
778
814
824
796
760
766
748
736
720
702
672
648
678
762
934
938
916
882
840
858
864
888
870
856
842
814
812
786
794
804
790
744
768
790
780
756
788
780
738
774
762
730
724
692
682
664
662
696
816
860
882
876
808
784
778
750
732
730
730
736
726
726
734
718
716
734
776
792
780
750
762
762
746
718
706
698
676
664
660
644
644
666
692
702
712
744
700
692
676
666
656
678
714
730
726
722
716
694
688
688
680
686
680
696
688
708
742
818
832
834
758
752
762
772
728
724
736
752
756
732
740
746
768
770
758
746
716
706
718
718
714
688
672
662
666
684
716
726
746
646
690
688
694
704
710
686
682
664
672
670
672
660
684
622
662
660
658
662
678
712
748
738
762
798
790
728
736
752
762
746
748
744
698
756
746
748
746
734
706
718
716
724
730
722
730
734
724
728
682
690
686
698
732
776
766
778
794
812
758
750
740
728
714
700
710
738
736
730
720
708
698
684
674
670
676
678
680
676
674
678
674
668
654
652
654
642
646
664
680
692
708
706
702
690
670
658
654
658
668
680
680
666
664
660
652
636
672
602
628
624
630
632
634
650
674
700
730
700
700
674
666
638
662
688
712
696
698
700
692
696
684
692
676
680
688
658
690
692
682
670
654
652
650
640
672
680
652
696
752
698
710
710
694
672
666
660
654
640
632
648
662
682
664
678
694
672
672
666
668
680
712
678
698
762
834
766
736
698
706
662
696
666
662
652
638
630
622
612
606
608
596
608
596
598
604
598
600
608
612
602
606
618
608
608
592
604
590
588
584
576
566
568
568
568
562
562
560
556
548
546
552
544
544
546
550
554
550
552
552
546
550
556
554
560
566
560
560
558
548
546
548
542
538
538
542
540
546
542
534
536
532
528
520
524
518
512
506
504
510
510
504
508
506
512
506
510
506
506
504
506
508
538
514
512
494
536
532
570
512
550
548
542
540
540
544
534
530
530
524
516
512
510
512
514
536
578
578
614
624
606
608
618
596
606
588
570
566
560
568
574
568
606
690
790
700
694
712
648
650
686
784
862
718
672
658
672
794
864
740
834
896
754
688
646
628
614
604
604
598
598
606
600
594
604
604
602
602
620
620
610
632
652
650
648
660
636
644
616
600
538
814
440
664
948
900
840
722
756
808
836
856
834
764
836
844
948
906
842
790
786
792
778
736
784
806
790
796
738
730
734
728
748
724
710
702
686
674
652
658
652
648
638
622
610
606
594
586
604
642
692
668
730
830
754
760
814
748
778
798
766
836
858
764
764
770
744
694
706
696
708
710
700
680
704
724
698
742
758
752
722
698
672
666
666
660
680
722
742
694
732
780
752
714
722
718
688
696
686
682
678
674
680
684
680
656
658
662
668
662
686
710
700
700
662
646
658
650
652
652
646
636
650
682
698
732
738
746
806
786
796
786
846
822
750
784
808
728
702
750
724
696
690
678
668
654
658
650
656
662
678
684
684
662
644
634
630
636
642
648
648
662
668
658
674
698
696
708
726
704
686
698
710
692
708
704
690
678
692
704
662
686
694
674
660
666
658
668
690
686
704
748
738
740
792
800
772
752
746
724
694
706
710
670
706
700
744
750
772
768
720
738
724
694
690
684
684
674
682
700
704
686
678
672
656
650
672
724
772
858
886
822
820
792
712
688
670
664
636
662
662
672
702
760
744
752
786
804
760
778
780
732
764
776
732
754
762
730
756
734
718
736
748
726
704
702
722
736
730
804
802
762
764
740
716
728
710
690
740
782
740
772
774
766
756
778
760
720
734
728
702
722
718
706
724
718
726
726
778
802
752
756
780
742
714
722
724
706
716
728
708
720
726
694
680
694
720
692
706
708
706
696
688
684
668
672
664
664
638
628
624
626
616
646
654
720
698
808
792
722
732
756
736
768
826
760
806
750
708
690
738
780
742
706
696
682
702
692
736
714
726
736
722
744
728
704
730
750
726
740
740
714
736
744
754
744
718
732
752
708
710
734
698
722
738
712
718
738
726
706
744
752
720
748
744
716
746
750
738
724
700
702
702
682
706
720
730
736
774
782
744
758
744
742
714
724
716
712
730
706
734
766
708
748
792
766
720
732
734
712
712
708
718
706
756
764
732
782
796
788
754
732
738
726
726
660
688
728
824
838
850
838
806
770
748
728
734
770
808
840
818
860
838
836
794
782
770
784
762
770
808
870
814
794
764
732
740
720
692
700
708
710
696
756
836
766
852
814
764
774
738
698
700
674
670
660
656
666
686
720
702
750
758
762
766
788
746
708
712
726
756
760
824
844
800
814
798
754
780
776
776
814
838
842
730
724
706
676
674
646
638
644
632
624
632
634
626
630
648
666
708
736
704
730
752
736
712
748
768
720
766
734
744
724
704
686
672
656
652
650
654
672
664
698
758
750
680
684
672
648
642
626
622
630
654
738
776
806
804
818
792
768
762
746
734
686
724
810
884
820
790
806
782
756
716
704
698
704
682
684
686
676
654
668
756
720
762
742
720
686
704
712
712
680
676
684
672
680
684
684
734
742
730
760
810
808
780
782
810
820
776
788
790
794
756
744
726
690
710
750
802
780
840
880
826
838
796
752
760
780
778
786
798
790
756
788
792
788
742
762
736
720
694
716
742
714
714
718
710
710
688
670
662
646
662
654
660
664
680
718
742
786
778
778
830
832
772
798
810
828
752
786
818
776
734
742
756
748
772
738
708
712
698
684
684
690
688
694
706
740
754
804
772
742
746
734
706
718
706
712
732
732
708
700
702
680
702
706
704
736
718
700
670
664
672
678
664
722
868
590
948
728
718
694
684
676
664
662
666
658
644
650
646
638
624
622
608
598
602
614
624
660
662
692
704
698
672
680
690
678
658
658
658
634
632
662
676
658
640
624
624
612
612
592
598
604
638
642
646
662
686
668
694
714
694
676
704
688
672
690
696
696
692
710
708
690
718
726
704
740
750
728
736
750
736
736
752
774
750
764
778
766
734
756
756
720
720
748
736
706
738
710
686
694
698
682
684
690
710
712
706
690
688
684
660
652
640
636
640
652
654
686
726
692
704
718
706
710
698
686
664
678
686
682
664
674
690
676
716
796
804
786
808
764
728
738
724
694
704
704
692
724
734
742
718
798
772
750
768
792
784
820
810
780
756
756
746
724
756
756
712
724
782
762
780
854
888
852
824
832
830
804
776
748
768
784
760
796
808
770
792
800
742
742
704
676
674
650
640
646
632
644
676
734
792
778
842
894
868
814
828
814
750
746
782
792
824
800
782
800
806
756
814
846
804
826
820
854
802
836
812
760
824
848
790
788
736
726
728
742
790
838
778
814
842
826
902
924
896
868
908
858
894
940
948
926
844
874
878
838
900
926
878
926
940
880
806
808
832
854
816
912
966
900
948
948
902
938
934
894
930
946
836
822
802
766
812
846
806
836
828
780
830
876
830
812
820
806
778
808
842
916
832
870
894
852
818
748
756
776
780
870
948
924
964
996
940
872
854
808
776
816
840
814
884
926
864
882
798
826
832
790
734
744
752
778
778
836
872
848
890
906
848
828
832
812
774
800
828
812
804
846
816
776
806
788
750
778
788
776
818
788
730
752
726
724
736
752
734
732
756
730
728
754
728
788
806
820
808
900
982
984
918
940
920
844
872
900
862
840
906
892
826
810
822
816
804
834
836
798
808
812
806
742
732
742
742
802
854
848
906
948
912
856
832
778
828
886
948
922
878
856
820
812
784
808
826
860
796
798
824
862
858
838
776
800
814
868
856
828
864
906
858
852
912
940
898
824
878
946
984
948
992
974
930
950
942
880
920
922
862
912
972
906
814
710
864
870
908
918
860
886
882
882
888
912
914
932
902
864
878
870
840
922
976
946
928
912
866
852
868
884
840
834
876
892
850
906
880
824
840
788
744
786
872
940
864
878
866
802
832
852
816
858
894
832
892
922
840
876
888
854
892
910
870
866
862
806
880
936
940
846
868
880
896
830
856
870
832
862
874
880
836
858
878
842
836
868
878
828
848
836
778
778
772
778
816
836
814
838
854
822
852
838
808
784
798
832
846
904
948
904
930
882
814
812
790
768
808
872
904
880
928
930
878
864
842
804
842
884
882
886
948
964
912
914
878
840
884
922
894
970
986
912
930
922
830
842
868
818
880
902
870
902
922
864
860
874
876
828
864
910
904
900
920
936
878
898
896
882
862
924
942
888
948
966
870
838
862
918
962
902
874
926
936
874
876
888
900
864
926
936
894
930
902
886
892
864
808
826
852
824
880
922
852
896
912
870
882
908
914
880
902
914
892
936
962
902
926
928
894
864
904
940
882
944
948
920
948
948
896
932
922
864
904
922
896
920
928
884
906
916
892
876
898
872
844
888
886
822
846
858
820
846
858
812
808
852
934
912
942
934
892
920
906
862
874
898
894
896
926
930
884
892
892
850
890
912
870
908
920
860
878
916
860
880
902
884
852
868
888
846
866
874
838
840
886
898
858
906
888
830
854
872
832
864
862
830
840
878
896
858
888
880
846
870
882
886
848
886
882
850
814
836
870
834
868
864
832
858
872
798
810
824
764
780
794
796
860
900
886
872
874
878
868
848
806
812
820
824
808
882
916
856
916
886
812
850
866
838
792
818
832
846
912
930
886
896
900
806
834
824
832
850
792
844
882
920
860
904
938
936
856
878
858
794
804
842
848
832
904
1010
906
914
824
796
810
782
826
832
788
848
882
796
798
816
822
842
874
888
860
846
882
918
878
940
948
918
852
868
888
828
892
906
860
898
892
818
830
792
790
758
786
832
948
970
944
850
856
850
814
860
920
970
948
976
1000
966
874
864
878
880
854
910
972
1006
930
942
948
896
922
936
894
836
892
898
846
906
938
876
924
946
872
896
882
816
848
886
976
944
906
936
948
878
906
896
842
888
900
834
908
964
936
910
904
914
850
878
912
898
948
1020
1004
934
942
928
870
916
934
884
940
962
896
918
908
854
854
872
842
880
940
940
906
910
920
862
878
888
852
864
938
948
900
914
916
866
888
918
896
890
934
916
826
886
918
910
850
890
888
862
862
898
934
878
890
882
838
866
924
886
936
940
894
906
898
852
862
880
862
886
928
886
864
916
906
860
846
840
796
822
850
826
866
920
886
854
890
872
804
810
850
830
848
818
878
916
864
890
918
894
852
870
830
790
854
844
794
818
812
800
796
768
748
742
720
730
752
778
746
802
854
904
898
814
836
826
826
846
904
1016
926
1020
986
1018
988
948
894
906
892
842
868
918
914
856
878
850
860
846
800
832
838
856
802
820
832
844
856
806
832
832
862
834
822
898
928
894
844
856
876
842
868
874
806
818
820
796
824
846
844
842
896
930
874
882
894
850
830
842
844
796
840
884
860
876
922
916
894
834
792
834
864
858
844
848
874
848
898
920
866
850
880
884
836
868
904
884
874
918
924
870
882
862
830
866
872
842
888
872
808
842
848
808
830
854
870
852
902
948
912
914
930
924
884
928
948
966
892
942
962
910
902
922
934
890
948
980
916
900
934
938
904
942
960
896
910
946
880
834
870
906
854
882
900
862
888
898
854
852
868
856
836
872
878
876
852
896
886
884
882
816
782
784
764
758
786
820
824
812
874
924
832
866
902
864
832
876
868
834
894
946
894
928
932
862
852
882
890
852
914
928
880
904
944
910
860
862
864
816
862
916
864
882
924
868
836
894
918
870
918
934
914
948
944
864
904
922
874
912
928
886
902
940
944
896
914
928
900
824
846
858
846
826
914
980
948
924
904
910
860
876
886
848
858
898
928
888
948
948
892
876
886
856
876
876
834
902
938
948
866
876
884
862
810
854
890
906
882
938
948
862
816
842
864
884
832
862
868
828
842
824
820
812
884
932
970
910
916
912
888
812
828
822
872
830
864
936
960
964
884
926
912
906
854
922
966
962
882
938
918
818
786
820
828
806
804
828
854
796
762
734
720
724
742
814
856
922
972
962
948
948
926
904
900
878
844
848
870
796
828
902
870
914
924
856
866
866
814
846
888
848
944
948
896
908
916
882
898
860
854
886
912
872
940
942
906
900
848
850
866
850
834
880
882
814
844
830
818
872
898
876
808
836
840
850
844
794
818
854
888
862
892
844
822
840
868
898
832
870
868
822
780
792
796
814
796
842
794
788
832
824
782
796
812
814
814
790
816
816
822
834
796
820
862
848
872
886
830
836
832
830
816
868
884
872
856
874
846
790
800
798
782
810
836
858
816
856
892
872
862
888
904
866
924
960
892
922
936
898
942
962
896
928
982
906
908
920
890
860
880
886
826
812
786
808
822
868
830
880
924
920
906
930
912
850
896
888
834
882
896
888
832
846
858
822
854
898
922
870
906
914
862
880
866
810
824
840
848
800
840
866
828
858
862
850
846
858
864
852
878
870
872
878
824
836
828
808
866
930
856
890
856
802
770
794
818
824
812
830
860
826
866
908
852
860
886
922
934
868
900
896
898
880
844
860
856
824
824
856
884
856
904
924
892
846
844
840
848
834
892
898
850
908
904
848
892
896
844
864
910
876
866
898
908
860
898
880
820
840
862
894
872
830
854
850
846
806
842
872
898
838
848
874
880
882
890
888
844
848
860
832
866
892
866
894
900
862
856
876
850
794
780
812
804
804
828
840
812
856
876
836
828
836
858
824
876
902
880
938
922
880
914
924
878
908
940
878
890
916
900
874
896
884
844
862
890
828
862
884
868
838
882
902
862
884
884
824
860
876
870
846
932
940
914
960
938
898
854
876
898
858
880
924
920
856
898
916
856
880
888
838
818
834
880
836
888
948
930
888
924
906
838
866
872
858
788
816
862
902
856
934
964
902
908
918
920
856
906
922
884
918
944
932
880
942
928
860
888
892
868
898
908
870
868
902
886
850
884
886
838
908
946
890
908
924
876
876
912
878
812
844
882
856
882
966
930
902
948
908
850
858
844
828
852
868
878
882
916
868
810
850
848
794
836
894
962
934
986
968
884
884
858
792
814
844
904
906
976
1010
958
986
958
888
906
886
840
858
894
902
858
920
918
870
906
888
830
844
864
826
860
892
876
870
920
874
836
854
828
784
788
786
764
768
822
844
944
938
900
916
908
860
866
874
804
842
906
894
900
960
982
916
948
922
840
860
878
810
852
914
944
944
878
920
924
876
902
932
896
900
918
932
904
916
934
860
886
890
886
844
878
820
806
780
826
876
812
860
826
916
944
910
862
892
892
888
864
900
940
898
914
930
936
902
924
912
868
912
944
882
872
880
816
794
840
886
854
846
916
944
878
920
922
900
860
860
840
858
804
814
822
840
788
818
780
808
784
780
814
814
848
850
856
842
788
786
782
786
864
948
916
922
946
916
946
916
928
918
868
878
874
904
870
948
1006
996
964
974
962
868
882
866
838
918
962
890
936
972
902
868
874
864
812
826
858
838
868
910
928
868
900
930
868
878
904
908
846
888
1002
1020
948
940
928
906
840
862
904
924
896
948
922
914
914
912
896
826
836
806
804
772
750
834
924
864
902
918
842
840
854
870
832
860
892
862
918
960
912
934
908
854
878
888
868
902
932
874
924
948
882
918
882
842
830
900
944
912
966
942
888
906
904
878
884
900
842
842
856
902
872
902
928
896
878
888
892
836
804
844
884
854
880
904
