998
1046
1056
1038
1024
964
976
964
978
960
944
1006
1032
1038
998
1000
986
1002
982
966
1032
1040
1016
974
1010
1012
1004
954
944
974
918
952
950
966
1036
1062
1044
1010
1082
1080
1034
980
1036
1058
1062
1030
988
1022
1044
1060
1012
1010
1038
1046
1032
1004
990
1032
1036
1006
950
966
988
1000
962
970
1028
1040
1020
992
1026
1032
1002
972
920
956
1026
1062
1060
1024
1048
1068
1050
1008
970
990
1004
1030
988
982
1032
1052
1024
990
1010
1020
1004
960
962
1018
1050
1048
992
1030
1008
1010
994
1000
1068
1070
1060
1010
1000
1030
1036
1000
1022
1038
1028
984
986
1014
1014
1012
964
952
952
978
938
880
904
1024
1046
1016
998
1046
1036
1020
968
986
1008
1028
1000
948
984
1018
1028
1002
966
988
1020
992
1000
1004
998
960
1010
1056
1056
1032
962
958
992
1020
1014
980
1030
1062
1048
1020
946
1004
1030
1030
984
984
1016
1002
972
956
998
1012
1010
964
976
990
998
994
956
934
972
1008
986
1008
1002
1000
952
956
1028
1056
1014
1006
1034
1042
1008
982
1004
990
988
922
934
1006
1002
982
968
1068
1102
1086
1026
1028
1048
1052
1038
978
996
1008
1008
1008
964
950
936
928
904
874
956
1004
1028
1066
1108
1056
1004
1028
1040
1030
1010
970
882
812
784
778
840
1128
1144
1090
1102
1090
1022
1010
1004
988
934
790
1008
452
686
680
650
662
670
706
710
638
726
724
718
716
718
718
704
706
716
710
708
706
688
686
684
704
778
866
964
1008
1042
1052
1066
1060
1052
1054
1054
1032
1008
962
972
1014
984
896
762
728
734
794
850
854
814
842
998
994
970
898
876
828
786
798
862
1092
1136
1150
1138
1116
1088
1088
1032
998
1026
1072
1094
1092
1032
930
864
780
776
764
810
864
910
1104
1116
1112
1088
1028
1084
1106
1118
1106
1092
1030
1024
1050
1078
1064
1038
976
922
908
936
926
918
1020
1116
1106
1070
1010
1064
1082
1072
1024
932
856
866
970
1046
1028
988
928
912
912
900
938
1172
1192
1166
1084
1120
1112
1056
1040
1068
1040
1042
970
926
936
966
976
954
956
1016
1026
962
868
822
872
1064
1080
1070
1154
1156
1120
960
920
964
1032
1038
1134
1136
1132
1118
1062
1100
1086
1080
1002
970
954
1048
1096
1092
1062
998
1040
1076
1074
1042
974
978
1000
1014
1002
968
956
1010
984
960
930
908
974
1040
1026
982
982
956
936
914
912
1076
1172
1188
1144
1090
1022
1050
1066
1044
1004
984
1004
1000
1010
944
926
902
916
934
918
978
1126
1188
1124
1082
1110
1094
1080
1040
984
1038
1078
1042
976
980
1072
1080
1096
1058
1020
1010
1010
1026
1014
974
946
978
1004
996
964
978
1006
996
960
924
934
1028
1092
1062
1056
1108
1078
1020
962
916
952
1068
1044
1138
1166
1152
1100
1018
1050
1058
1032
1038
1002
1076
1130
1140
1100
1042
1064
1066
1034
1000
960
974
1014
1030
1016
964
932
954
1002
976
918
918
1026
1104
1074
1032
992
1014
1056
1034
1016
1084
1128
1106
1050
978
1040
1082
1050
1002
996
1032
1020
996
912
848
876
904
926
974
1156
1136
1108
1074
1098
1108
1104
1048
1018
996
1012
1008
1002
982
1044
1074
1070
1020
928
864
922
1006
1102
1068
1082
1124
1118
1088
1038
996
1038
1056
1044
1024
1074
1070
1058
988
934
932
1016
1064
1066
982
978
1036
1062
1050
982
974
1028
934
888
836
864
1196
1242
1184
1118
1138
1106
1090
1038
1032
1054
1062
1040
990
980
938
968
1046
1036
1046
1042
1036
1054
1024
1058
1098
1090
1028
994
1018
1024
1038
982
970
1056
1090
1074
1026
964
960
1002
988
946
900
968
1020
1006
952
912
946
988
988
944
950
1016
996
988
990
1044
1096
1104
1062
1006
1002
1018
986
990
954
978
1038
1066
1060
984
974
1022
1074
1052
1000
1026
1050
1060
1038
978
990
1054
1058
1014
940
938
976
1038
1028
996
996
1064
1098
1106
1058
1008
1034
1054
988
922
882
950
1054
1076
1026
994
1046
1098
1138
1102
1026
1084
1118
1078
1058
1008
988
1018
1070
1048
1034
1058
1110
1092
1094
1044
1020
1082
1098
1080
1022
976
998
1036
1036
998
940
950
982
1046
980
948
872
816
810
774
760
776
770
736
666
824
742
728
722
728
734
746
738
756
788
880
990
1026
994
1002
1052
1062
1062
1052
1002
966
1014
1050
1056
976
870
846
918
1058
1076
1020
1052
1112
1112
1080
940
860
920
1002
1080
1048
1036
1140
1098
1092
1000
964
1050
1114
1100
1080
1048
1050
1144
1180
1146
1108
1030
958
916
964
1058
1068
1222
1238
1202
1102
1098
1130
1086
1066
982
924
996
1124
1114
1062
1106
1116
1114
1064
1018
1040
1002
992
928
884
936
1128
1134
1074
1132
1140
1132
1104
1040
1056
1072
1072
1052
926
838
864
964
1086
1058
1122
1184
1146
1088
1002
1000
982
924
894
922
1082
1064
1128
1148
1114
1096
1048
1092
1116
1104
1064
1000
1020
966
970
968
966
1112
1170
1124
1090
1130
1124
1098
1032
954
952
978
1008
974
1004
1062
1108
1074
992
998
1024
1064
1020
950
972
1112
1172
1100
1046
1120
1096
1064
1016
1034
1062
1052
970
934
986
1054
1072
1010
998
1054
1066
1010
958
988
1006
1006
954
910
958
1016
1066
1022
988
1048
1076
1066
1010
964
1014
1030
1048
1034
988
952
1010
1038
1006
968
940
1028
1070
1036
982
982
1060
1076
1018
962
980
1010
1030
968
926
974
1082
1126
1074
1068
1102
1106
1094
1024
980
1018
1026
1036
1008
952
968
1000
1042
1040
976
992
1056
1086
1062
1002
992
1038
1064
1048
984
944
970
1004
988
976
950
1012
1042
1052
972
924
988
1036
1036
990
998
1042
1070
1010
958
1002
1030
1042
992
932
910
958
1012
996
986
1024
1094
1114
1084
1018
982
1014
1054
1028
972
954
1026
1024
1012
988
944
990
1028
1044
1014
944
942
988
996
994
944
914
1004
1062
1050
992
964
1006
1030
986
922
906
888
948
986
986
952
1076
1164
1094
1048
1098
1114
1084
1008
990
1048
1064
1048
986
976
1018
1008
978
932
916
950
1002
974
942
914
994
1044
1020
940
904
978
1088
1078
1060
1114
1168
1112
1014
926
948
1022
1006
990
1082
1144
1096
1022
1016
1044
1062
1014
980
1002
1012
1034
992
984
1032
1052
1012
976
998
1048
1056
1010
954
948
982
1036
1032
972
982
1034
1054
1000
962
1020
1066
1044
978
930
928
986
1038
976
956
1006
1046
1016
964
922
910
962
962
966
1024
1122
1126
1086
1018
1048
1050
1038
964
948
1000
1040
1022
974
986
1012
1046
1030
974
946
956
1002
1020
968
916
990
1008
976
942
962
1036
1054
1056
1008
1002
1038
1046
1018
974
950
992
1030
996
958
938
980
1024
992
958
964
1008
1018
966
894
940
1002
1038
1016
978
1012
1086
1068
1044
986
978
1036
1054
1032
980
982
1028
1048
1030
986
998
1012
1036
1004
950
964
988
1026
976
938
938
988
1030
1016
950
912
936
942
946
916
900
982
1030
1040
970
962
942
976
974
938
912
996
1068
1056
998
1012
1046
1068
1028
968
968
1008
1048
1022
974
976
1026
1034
1020
948
906
936
994
998
972
948
1004
1026
978
940
908
958
1026
1052
982
948
992
1050
1034
980
964
1002
1048
1032
968
938
988
1032
988
930
924
960
1024
1050
982
944
1014
1062
1064
998
966
1004
970
938
902
874
926
1020
1056
998
994
1032
1048
1024
974
928
996
1036
1040
992
940
970
1000
1026
952
914
1004
1042
1056
1014
968
1026
1046
1010
956
926
960
1034
1052
1012
950
934
972
1024
976
940
936
994
1044
990
944
934
980
1000
964
924
916
970
1020
978
938
924
948
954
934
892
884
928
1030
1032
990
988
1018
1020
1022
946
882
804
826
910
1068
1070
1098
1160
1130
1062
1052
1094
1104
1074
1008
1014
1016
1036
1022
984
1022
1052
1040
988
994
1012
1028
992
948
978
1028
1048
1012
962
952
972
966
936
932
998
1068
1046
1006
948
982
1028
1040
992
960
1036
1066
1024
978
1010
1024
1018
1002
928
930
984
1016
1006
962
960
1018
1028
978
952
992
1026
1006
950
900
906
960
994
956
960
1046
1088
1030
974
986
1012
1030
998
948
948
1018
1046
1026
974
988
1008
1008
982
934
922
944
986
970
938
920
978
1012
1008
958
916
986
1016
1040
982
960
1004
1028
1010
970
990
1024
1032
998
956
1008
1030
1024
972
990
1022
1040
996
960
994
1014
1028
990
970
998
1040
1032
992
952
996
1046
1032
1008
964
1010
1052
1040
992
952
982
984
982
928
916
966
1036
1038
996
1002
1044
1050
1010
960
974
1006
1024
978
930
974
986
986
928
888
948
998
1014
954
904
948
988
1010
972
952
1006
1028
942
910
968
1070
1064
1034
1056
1134
1142
1092
1024
1076
1072
1076
1028
958
974
1016
1036
1010
964
962
1010
1032
1012
976
984
1046
1022
986
944
1020
1032
986
1008
1088
1062
1022
956
1004
1032
1000
962
944
1004
1048
1022
976
950
1006
1036
1024
984
984
1024
1048
984
1000
1046
1082
1036
982
1004
1036
1018
980
960
1004
1032
1000
950
986
1008
1020
992
964
978
1024
1028
1000
962
1032
1066
1056
994
990
1036
1028
1004
966
938
980
978
972
950
908
960
1018
1036
1010
976
998
1012
1038
978
934
982
1046
1024
980
948
1014
1054
988
976
1036
1058
1052
994
988
1054
1064
1038
976
988
1010
1038
1004
938
908
922
974
1014
968
948
1012
1052
1062
1008
992
1076
1100
1084
1008
974
1028
1046
1024
962
944
974
1036
1008
958
922
950
1006
990
954
952
1066
1074
1036
982
1010
1056
1058
996
926
934
952
960
926
884
988
1102
1108
1024
1004
1060
1110
1082
1032
1050
1054
1026
980
990
1048
1046
986
916
880
896
1002
1062
1034
1074
1100
1092
1032
988
1010
1024
1008
988
994
1066
1084
1052
994
1032
1032
1018
986
1000
1038
1054
1024
966
942
978
1014
1026
990
980
1046
1080
1056
1002
948
1002
1028
994
962
1000
1030
1020
974
968
1064
1060
1058
1018
1028
1076
1104
1064
1000
1030
1062
1070
1024
974
1006
1032
1016
1000
958
944
1010
1012
1008
952
930
994
1034
1010
980
932
996
1058
1054
1034
982
1028
1050
1032
988
920
928
996
1068
1040
1012
1040
1092
1100
1078
1026
1014
1070
1082
1062
1014
972
1008
1036
1040
1002
952
990
1016
1024
990
972
1030
1054
992
964
1002
1016
996
962
964
1028
1076
1038
998
1020
1044
1058
978
944
1006
1062
1024
988
1006
986
980
922
880
992
1082
1050
996
1078
1150
1106
1038
1040
1074
1092
1054
988
1004
1056
1076
1008
958
970
1020
1036
1008
958
992
1068
1128
1080
1014
1044
1046
1044
1008
942
950
992
1018
988
954
946
1012
1048
1018
966
980
1032
1038
994
956
992
996
992
944
940
1010
1042
1030
974
1008
1004
1044
1018
980
1042
1084
1064
998
1024
1064
1072
1024
972
960
1028
1044
1042
972
948
998
1020
1014
972
926
974
1004
1018
988
980
1054
1084
1050
986
974
1026
1040
1012
960
966
1030
1036
1010
968
960
1012
1040
1006
960
992
1014
1030
952
920
946
1012
1018
992
978
1046
1090
1062
1014
1030
1084
1084
992
950
992
1014
972
922
920
1094
1098
1116
1078
1108
1126
1104
1058
998
1036
1078
1086
1042
982
1000
1034
1056
1050
986
948
994
1038
1054
1016
968
1030
1062
1038
980
950
1024
1060
1068
1010
1032
1054
1082
1050
1020
1074
1086
1070
1006
978
1018
1030
1026
944
900
922
1006
980
958
1050
1098
1084
1040
1042
1096
1086
1052
1002
1028
1076
1076
1050
980
974
1016
1050
1032
978
948
1024
1094
1078
1038
996
1022
1034
1044
1024
964
928
980
1030
1032
970
944
1028
1084
1068
1024
1044
1092
1072
1016
958
1002
1066
1064
1036
1024
1098
1112
1078
1020
1024
1072
1076
1016
980
1030
1052
1054
998
966
1036
1078
1062
1012
976
1024
1070
1060
1008
1006
1068
1062
998
962
1014
1048
1074
1024
976
1006
1032
1042
988
970
1002
1062
1034
1004
982
1020
1032
1040
948
926
972
1014
1020
988
1024
1074
1082
1020
1016
1056
1080
1054
1000
994
1038
1052
1030
980
970
1006
1006
972
932
940
994
998
970
936
1000
1060
1058
1008
966
1016
1026
1006
976
938
954
986
1054
1012
990
1016
1062
1060
1020
988
1046
1070
1058
1000
986
1054
1084
1034
958
948
994
996
998
956
952
1016
1070
1040
986
1006
1040
1088
1040
1008
1076
1096
1036
998
1054
1072
1058
978
932
966
1022
1008
990
980
1014
980
948
940
946
1016
1072
1026
966
976
1028
1004
950
936
1032
1110
1066
1026
1076
1098
1082
1024
1006
1026
1012
982
956
972
1026
1002
990
972
1034
1054
1010
988
954
1012
1100
1072
998
962
1020
1064
1068
1020
962
1010
1064
1036
988
964
984
1018
960
954
672
768
770
758
744
812
864
826
936
1076
1118
1082
994
980
986
980
1106
1172
1158
1160
1094
1082
1120
1134
1118
1080
1012
1014
1046
1060
1030
984
938
880
794
782
744
766
760
760
736
720
730
746
754
794
846
846
894
1022
1084
1098
1082
1018
1036
1112
1140
1152
1140
1078
1116
1126
1104
1070
1032
960
904
918
1058
1072
1048
1178
1210
1184
1136
1010
970
1002
1122
1120
1084
1204
1210
1192
1124
1074
1042
1156
1174
1152
1150
1080
1082
1104
1118
1096
1066
1012
1034
1100
1094
1050
962
898
898
920
906
932
1086
1158
1122
1224
1210
1172
1094
1092
1110
1092
1088
1040
1024
1074
1138
1152
1118
1070
1096
1010
916
808
764
748
726
712
736
774
740
774
788
812
862
958
950
1046
1062
1018
996
966
1016
1098
1114
1118
1088
1036
1066
1076
1060
966
872
798
768
764
758
740
776
812
926
914
910
1026
1164
1160
1102
1136
1146
1136
1134
1082
1046
1064
1074
1050
1008
1058
1028
942
858
812
764
738
706
770
808
872
870
818
846
886
880
856
842
824
780
812
898
1078
1126
1134
1122
1074
1074
1118
1124
1100
1058
1008
1020
1070
1104
1076
978
910
942
1064
1108
1058
1170
1214
1182
1064
992
1038
1114
1122
1130
1074
1062
1122
1142
1124
1096
1046
1016
998
984
998
1138
1170
1152
1142
1064
1044
1106
1122
1114
1078
1090
1132
1018
976
942
1058
1190
1182
1094
1094
1156
1160
1112
1050
1066
1092
1092
1076
1028
1044
1080
1104
1072
1040
1096
1120
1106
1042
1012
1060
1062
1056
1020
1000
1060
1086
1052
1010
1024
1084
1038
1004
1020
1090
1100
1070
1062
1082
1076
1020
1020
1010
1034
1106
1138
1180
1158
1096
1084
1086
1080
1082
1050
1056
1056
1056
1054
1014
992
1004
986
1046
1064
1022
1032
996
994
1010
988
970
994
986
934
944
926
894
890
934
942
936
920
934
910
878
878
970
1018
998
986
984
964
948
944
946
914
890
896
886
870
870
880
886
880
874
870
876
924
1032
1078
1008
998
996
988
984
952
880
870
866
854
874
914
942
932
928
968
978
924
958
952
896
886
880
878
902
930
926
934
1006
958
910
876
882
872
860
874
920
982
964
962
958
902
892
872
866
876
878
902
918
940
934
920
894
902
874
890
902
894
872
896
858
858
872
886
882
860
858
876
862
874
932
966
972
942
912
876
884
880
882
908
912
908
866
836
846
828
820
840
858
876
904
912
894
888
914
886
876
868
844
854
872
912
922
956
980
966
988
978
954
944
924
862
842
822
808
818
854
900
878
874
884
880
882
892
918
926
930
940
892
872
860
878
890
876
864
860
844
832
826
834
852
844
848
860
890
924
932
950
968
982
966
930
932
950
934
932
956
964
960
952
940
958
982
988
1016
1002
1002
1022
998
960
898
898
906
908
884
854
846
860
852
856
884
932
964
962
982
1000
1022
986
996
970
968
960
966
966
930
894
910
886
904
894
904
890
896
948
960
936
948
952
954
1016
1014
994
990
966
942
886
868
850
872
916
918
904
916
918
914
902
882
862
868
882
876
888
872
844
864
888
902
936
886
860
866
888
936
910
890
888
892
902
916
912
912
932
932
910
892
836
812
796
784
808
872
1044
1052
982
952
972
954
916
896
898
864
866
888
882
868
860
896
900
892
878
890
910
914
870
876
918
940
968
966
994
978
954
966
954
946
952
962
940
928
922
954
962
998
1012
1034
1032
1016
966
934
904
890
896
932
992
1072
1034
1066
1042
1026
1008
1008
984
948
942
884
884
876
908
950
916
952
990
954
966
1000
972
932
954
928
888
882
920
922
892
910
952
922
896
882
862
852
852
866
892
898
886
886
880
884
880
876
886
900
906
868
866
892
926
1014
1062
1056
1012
1008
994
982
944
944
936
942
954
952
922
920
942
956
948
950
984
1008
1048
1004
900
844
810
788
764
810
1166
1108
1216
1200
1166
1060
1082
1078
1058
1006
986
1000
994
1010
996
998
966
942
930
924
946
962
964
958
956
968
998
1004
986
972
986
986
980
954
974
1018
1038
1038
1018
1026
1026
1000
1018
1026
1008
1002
1018
1026
1016
1040
1044
1020
1004
1010
1014
996
1010
1030
1034
1024
1016
1030
1012
1028
1024
1012
1020
1024
1022
998
1004
1008
996
1010
1014
1002
986
988
986
994
994
1016
994
946
868
836
800
776
752
792
874
976
1114
1092
1064
1016
996
994
988
964
934
964
1020
958
920
938
992
1038
1014
972
966
980
990
988
974
950
966
978
1004
990
980
990
1036
1072
1108
1122
1066
1030
1040
1052
1024
988
986
992
1004
986
1018
1002
976
998
1052
1002
1028
1008
986
966
974
980
1034
1076
1046
1064
1076
1046
1068
1082
1054
1064
1044
1006
1018
1012
988
976
988
974
972
984
978
980
976
966
962
972
950
850
850
838
842
902
1020
1152
1118
1044
1038
1064
1044
1002
938
944
978
1022
1008
982
976
1020
1010
998
962
962
974
994
986
954
906
916
942
974
946
968
1068
1070
996
948
952
1008
1052
1044
1036
988
1004
1032
1004
984
940
964
986
1038
1010
1024
1072
1070
1082
1078
1032
1056
1110
1074
1080
1060
1072
1070
1020
1042
1028
998
1074
1078
1020
1048
1026
1018
1040
1048
1054
1070
1090
1072
1104
1112
1094
1102
1094
1076
1042
1040
1056
1042
1082
1080
1090
1100
1084
1268
1128
1078
1050
1068
1020
1012
992
950
890
878
866
824
836
918
1034
974
972
894
890
882
880
912
900
890
902
906
930
956
938
936
940
928
900
876
864
832
814
804
786
784
784
782
776
762
758
758
742
734
734
752
814
1000
1028
1028
1022
1016
1010
982
944
900
888
878
874
930
1084
1060
1028
970
904
896
932
976
938
942
1078
1088
1060
1052
956
900
900
966
1042
1042
1018
1038
1080
1066
1066
1022
1002
1008
1004
1004
1030
1034
1024
1028
1036
1034
1074
1042
976
936
922
960
1018
1020
1000
1044
1020
970
938
914
914
994
1020
992
1082
1060
1050
1008
970
1022
1082
1046
1050
1060
1156
1136
1072
1092
1076
1014
980
994
1002
1008
978
978
1042
1052
1058
1026
1044
1076
1068
1020
1014
976
978
956
996
1036
1058
1048
984
1010
1000
1000
990
956
982
1044
1036
1020
1010
1024
1030
998
988
1020
1028
994
962
990
