1006
1006
1086
1030
1020
1022
1022
1034
1016
1008
984
992
944
890
878
1244
1270
1180
1118
1136
1142
1144
1088
1090
1086
1072
1096
1064
1096
1166
1142
1130
1070
1128
1156
1140
1150
1072
1016
1020
1072
1136
1080
972
1022
1054
1082
1060
1056
984
1064
1158
1150
1078
1044
990
1002
946
928
938
996
1042
996
1122
1266
1274
1142
1038
1122
1136
1158
1090
1032
1058
1072
1066
1062
1008
988
1020
1104
1086
1074
1020
990
1022
1090
1104
1054
954
976
1040
1148
1092
1062
1008
1052
1114
1122
1010
960
1002
1050
1120
1062
974
928
960
912
858
908
1300
1236
1120
1090
1128
1140
1164
1146
1134
1084
1114
1154
1112
1112
1062
1092
1094
1090
1002
956
1006
1064
1106
1074
1004
1026
1020
1124
1064
1038
1012
1040
1034
1034
984
976
1012
1126
1096
1060
980
1022
1020
1026
1016
992
930
1026
1084
1096
1046
992
1008
996
1000
972
944
1010
1128
1118
1060
998
1006
1036
1088
1084
1030
940
940
1018
1038
1016
1022
1016
1064
1084
1044
976
1016
1074
1116
1054
1042
950
1028
1036
1032
998
892
898
964
1028
1046
998
1010
1016
1248
1244
1064
984
968
1012
1110
1030
1006
884
910
926
918
932
932
1370
1248
1146
1090
1076
1134
1152
1120
1098
1074
1096
1090
1114
1086
1086
1106
1088
1108
1060
1074
1106
1128
1112
1094
1060
1072
1130
1108
1094
1068
1096
1090
1052
974
896
1008
1194
1118
1052
1032
1106
1178
1162
1090
980
934
1016
1066
1080
1066
1018
954
1002
1022
1066
1026
988
968
1010
1082
1066
1044
938
988
1022
1128
1114
1052
964
1022
1036
1114
1042
1046
920
940
988
1028
1054
1016
996
1110
1268
1170
1124
1016
1016
1046
1058
1030
1046
1046
1098
1092
1050
1032
992
1030
996
962
958
1042
1102
1090
1056
1002
998
1002
1118
1076
1042
996
1014
1038
1068
1008
988
976
1018
1076
1012
1028
988
984
994
982
964
966
1130
1118
1026
964
982
1058
1128
1102
1060
996
1018
1034
1018
954
986
1016
1094
1044
1010
1044
1146
1136
1056
990
1000
1004
1032
1002
1014
1036
1086
1036
996
1022
1038
1064
1038
978
1002
1038
1100
1044
1040
1044
1032
1062
1024
986
1000
1012
1104
1104
1062
970
898
952
992
1076
1026
1034
1122
1258
1258
1066
1004
936
960
994
952
964
976
1366
1246
1148
1096
1086
1130
1142
1136
1132
1122
1090
1102
1130
1116
1110
1094
1096
1118
1092
1072
1024
1000
1010
1012
1028
1012
1020
1052
1130
1146
1154
1112
1036
1070
1084
1058
1042
950
928
994
1038
1028
1020
996
1006
1008
1060
1036
968
918
934
944
952
888
842
846
804
802
824
804
932
968
1026
964
1006
1370
1202
1196
1088
1094
1112
1126
1116
1112
1052
1082
1088
1096
1082
1060
1086
1128
1132
1116
1072
1094
1150
1108
1066
982
998
1040
1020
992
942
992
1000
1048
1016
980
960
1020
1012
1004
1004
992
1082
1068
1056
1000
960
1048
1094
1036
1030
964
1000
1108
1094
1074
1016
1064
1104
1138
1078
1016
1032
1044
1028
1046
990
960
1040
1078
1036
1010
962
952
972
1014
1040
1016
1018
1036
1140
1050
988
982
1020
982
994
974
964
980
978
990
990
1000
1300
1200
1112
1038
1018
1050
1020
1024
978
940
970
990
1032
998
968
990
996
1026
1016
982
976
1020
1092
1018
1000
958
1000
1078
1078
1040
980
920
972
1076
1060
1034
1006
1002
1012
1086
1064
1038
916
902
920
964
946
930
1046
1334
1192
1098
994
960
1032
1064
1120
1066
1020
1080
1094
1148
1098
1056
1036
1048
1058
1034
1048
1026
1028
1026
1030
1004
940
944
978
1024
1028
988
944
954
968
1098
1100
1056
1034
1134
1258
1144
1092
1028
1096
1088
1066
1062
956
1042
1086
1088
1060
1034
1018
1032
1068
1030
984
946
1006
1016
1072
1014
936
968
992
990
972
976
1038
1084
1050
1032
986
984
1008
1158
1106
1056
1010
1014
1022
1096
1058
1052
970
1010
1020
1068
1032
998
966
1006
1100
1088
1030
990
966
940
922
926
970
1010
994
976
1000
1080
1080
1068
1002
956
996
1030
1052
1026
976
920
986
1078
1052
1000
978
928
966
1060
1056
998
968
942
984
1000
1036
980
916
932
934
914
928
860
922
960
1024
1042
956
960
996
1020
1052
1012
998
1010
1022
1082
1082
990
926
898
998
1028
1054
1022
964
954
984
1062
1018
996
976
946
978
982
976
952
932
972
1022
990
968
954
862
936
956
980
954
948
1368
1242
1122
1070
1044
1088
1088
1110
1102
1028
972
1014
1020
1094
1090
1060
974
1020
1012
1068
1022
1026
996
1014
1022
1018
1014
948
912
920
958
980
1072
988
938
910
938
1026
1008
978
980
866
872
896
988
988
1000
976
972
1056
1242
1150
1080
954
896
1004
1036
1012
986
950
942
1038
1104
1082
1068
990
966
952
992
1054
1040
1008
996
950
984
980
1024
998
944
920
962
952
934
984
938
876
920
900
956
956
944
942
864
836
808
782
792
784
992
1050
1020
992
960
1352
1252
1162
1100
1102
1108
1126
1122
1054
1026
1054
1082
1092
1066
1044
1026
1050
1120
1090
1068
1014
960
1018
972
922
904
926
950
1046
1116
1178
1120
1106
1102
1116
1102
1046
1078
1100
1076
998
1050
1068
1038
884
896
998
1012
980
912
916
1002
1036
1028
1006
926
876
932
990
1010
972
996
966
996
1054
1038
1020
972
922
988
1008
1014
1010
1014
966
946
962
998
994
988
944
962
980
990
962
960
926
914
920
1040
1016
982
988
1018
1004
1000
984
956
886
936
938
1010
1006
972
938
910
950
928
986
948
958
942
970
996
976
992
990
970
938
972
968
970
932
840
884
940
950
920
880
886
1300
1164
1132
1036
1024
946
968
994
954
972
938
884
926
924
1012
990
980
940
976
1004
1024
1010
966
930
934
976
1040
1040
996
950
922
950
934
936
938
920
944
992
956
952
878
972
1000
982
992
950
912
934
954
996
968
934
866
914
902
912
966
926
934
858
894
964
994
1014
958
902
898
926
906
908
920
908
924
1040
972
974
948
876
904
936
1026
1000
1000
948
962
1084
1024
1010
952
898
932
964
972
978
982
960
966
1002
1000
990
982
906
882
926
982
974
968
968
934
954
954
962
968
964
930
958
1018
1024
1016
966
918
912
918
992
962
948
934
944
946
952
934
898
862
922
976
988
974
992
940
910
960
988
978
986
938
926
960
968
946
950
932
920
900
912
988
1048
986
1014
1066
1018
944
862
890
926
986
952
916
856
944
1018
942
940
882
868
944
1000
982
960
934
918
950
954
928
932
916
940
940
876
924
954
980
940
938
888
882
928
966
994
916
866
874
892
952
904
896
852
882
916
950
920
940
892
954
1050
1010
1020
956
940
928
988
1078
1012
980
936
858
854
942
960
994
962
928
870
928
920
1010
942
952
924
936
920
814
842
826
914
1022
970
972
914
1076
1056
1024
996
922
962
1348
1150
1126
1040
1032
1052
1038
1012
976
932
892
944
954
958
964
928
922
936
1016
1006
998
952
870
1020
1010
996
976
922
862
918
968
978
996
984
918
912
928
1014
978
984
976
930
876
932
914
912
962
922
922
888
912
908
896
898
920
928
1034
1040
1018
1022
960
900
922
922
964
944
934
952
914
904
914
932
946
932
1058
1176
1204
1152
1076
942
996
1008
996
986
978
940
954
984
1012
968
990
954
964
998
1018
980
1010
974
998
1044
1018
982
960
960
968
1024
998
1000
948
898
954
960
1032
996
1002
978
1030
1080
1034
970
906
962
964
1024
994
1002
908
912
932
970
946
862
872
934
992
1028
992
990
956
926
948
938
928
934
950
1024
1020
984
954
878
932
930
962
962
958
890
866
904
906
918
926
928
912
914
952
1008
994
928
870
864
886
938
958
930
922
886
920
1034
1020
958
892
888
900
972
990
952
934
928
944
940
860
804
838
798
798
796
846
844
854
982
1026
1010
1028
1032
992
948
988
1000
996
962
924
908
936
1070
1046
1048
1030
946
858
884
918
956
1012
954
980
1164
1278
1240
1068
982
968
1002
1034
1076
1040
1036
978
966
1000
1020
1052
1046
1004
992
998
1014
998
988
994
980
990
1004
974
960
954
1016
1010
994
984
944
962
1000
1024
988
988
990
1026
1002
1010
998
1008
988
1082
1080
1072
1048
998
986
1012
996
998
1016
978
984
1032
1042
1016
972
964
976
982
972
962
928
934
952
1082
1076
1050
972
1026
1032
1088
1042
1002
960
1008
1032
1078
1052
988
928
954
1030
1080
1056
1050
1016
1050
1108
1082
1044
938
972
1004
1002
1018
1004
1010
998
976
960
914
952
980
1072
1086
1060
996
1008
1030
1078
1036
1026
906
920
970
1012
1052
1022
982
1008
1122
1142
1126
1076
1014
1048
1048
1036
1000
956
910
940
954
1000
982
984
930
968
950
946
944
882
874
950
976
980
956
968
966
1086
1152
1032
976
1048
1084
1114
1042
1008
1016
1040
1110
1094
1056
1040
1056
1052
1050
1040
940
986
1010
1018
1018
1010
974
926
972
994
990
986
918
964
1012
1048
1028
980
954
898
934
1058
1008
984
940
1114
1158
1082
1006
970
890
968
946
932
904
934
902
810
846
844
878
972
1064
1108
1092
1048
1010
1100
1180
1114
1066
1022
1064
1026
1020
962
910
948
1018
1022
1000
976
946
998
1012
1046
1008
954
926
1000
1024
996
990
930
950
968
936
948
948
934
878
948
946
1000
988
978
954
1050
1114
1096
1056
970
948
976
976
994
990
990
984
1048
1152
1094
1026
986
1042
1004
1024
970
932
974
992
994
980
936
960
968
1032
1010
994
970
1046
1088
1062
1058
1006
934
984
1038
1020
1028
942
920
964
1004
1018
1002
996
940
990
1046
1098
1010
888
872
978
1088
1148
1084
996
1090
1130
1166
1146
1000
954
1064
1122
1112
998
984
1010
992
996
982
914
952
1052
1028
1002
980
988
996
996
1008
998
964
978
986
996
972
960
922
952
966
1010
998
996
958
952
996
1032
1000
990
966
974
1040
1030
1020
962
956
978
1010
1024
994
948
998
982
1002
1004
938
938
962
1060
1044
990
930
1014
1130
1076
1062
994
934
996
990
1028
1024
1010
976
988
1062
1034
1026
972
982
1000
1006
988
984
996
954
982
982
978
956
930
944
962
1006
974
958
916
938
946
990
956
946
952
1018
1016
1000
1010
930
980
990
994
990
958
956
968
1008
1032
982
956
964
1070
1068
1048
998
962
974
996
1032
986
960
968
968
966
976
958
932
942
1052
1032
1000
964
1014
1036
1054
1036
998
980
1006
1080
1032
1022
938
1006
990
964
982
934
902
948
984
998
962
988
928
960
988
1018
992
980
956
992
1012
1014
990
902
934
940
938
940
886
866
922
976
1024
1014
1018
1010
1034
1072
1040
984
972
1038
1082
1052
1018
904
996
1024
1012
1010
946
972
970
1052
1010
990
930
974
954
1028
1022
960
940
978
964
1012
990
938
878
924
916
986
998
972
954
976
1000
980
974
964
978
1038
1056
1018
994
972
996
1036
1030
1008
964
1018
1068
1096
1066
1026
910
1014
986
1000
1002
930
876
956
972
1006
1010
986
962
994
1032
1032
1014
968
922
982
1042
1012
984
956
928
962
990
978
980
934
950
992
1024
1016
1014
980
1018
1080
1060
1020
914
918
976
1026
980
992
1006
992
1090
1044
1022
1064
1368
1254
1138
1092
1140
1118
1082
1040
958
984
994
1020
1006
998
1018
990
990
1004
966
934
962
978
1026
1002
962
972
982
1026
984
958
966
976
980
1000
972
956
1020
1068
1012
1002
964
982
1058
1022
1002
942
906
950
1042
1042
978
976
986
1060
1008
998
992
988
996
1008
990
962
956
1000
1038
996
986
992
1014
1034
1018
1004
992
998
1044
1062
1028
980
1010
1024
1066
1038
974
952
982
1064
1018
1010
958
966
968
1034
1018
994
978
990
1018
1032
992
954
936
974
964
966
968
932
928
968
1022
966
962
904
924
1000
990
968
952
934
944
1004
1030
978
972
986
1036
1042
1020
986
972
996
1028
1064
1020
980
936
982
996
1004
986
938
950
958
1024
988
974
946
960
984
998
966
958
954
974
1034
984
976
916
942
986
1026
992
976
936
946
984
1046
978
990
958
1006
1046
1044
1024
952
968
1016
1038
992
1006
950
988
1020
1048
1026
978
970
990
1018
1014
1002
970
926
960
1040
1040
1008
966
936
956
1010
1090
994
974
982
1034
1144
1054
1004
932
968
984
990
996
984
946
966
964
978
958
958
950
1010
1056
1018
956
948
956
970
1010
976
916
948
1018
1032
994
966
980
1068
1074
1052
994
934
968
960
1028
1028
1012
956
902
966
966
1036
1002
958
942
974
976
1008
960
946
948
964
992
960
954
960
1024
996
988
940
898
946
936
1012
970
984
940
950
998
1030
1004
966
948
970
990
1028
1004
944
924
952
1040
1014
980
952
960
964
1046
1028
1016
972
982
1000
1030
1048
946
886
960
1046
970
980
988
986
990
1062
1006
984
914
970
970
978
984
980
954
944
980
1002
976
958
900
1026
1048
1020
1020
970
974
988
1016
1006
1008
970
972
992
992
984
954
970
968
1056
992
968
954
934
954
964
1006
988
978
958
976
1002
986
914
964
946
870
932
914
938
938
942
904
848
786
822
756
776
792
780
778
784
754
744
748
710
744
742
740
742
738
742
752
750
748
778
784
790
788
778
768
764
750
730
726
736
734
810
850
826
886
854
858
870
956
932
906
922
916
910
896
888
920
956
962
942
896
942
960
1002
968
922
982
1134
1156
1078
950
962
992
1020
1022
1020
906
906
952
986
1032
986
1016
1060
1102
1078
1092
1090
1002
1004
1040
1026
1064
1054
950
860
944
1002
1008
970
934
968
982
1022
1030
994
942
924
936
946
932
942
952
1020
1052
1060
1044
1066
988
946
994
988
982
980
992
932
974
1022
1038
1026
984
1004
1092
1088
1068
984
914
946
938
942
936
900
932
1048
1074
1012
998
954
984
1014
1020
1018
1018
936
986
968
1002
970
940
920
948
952
994
950
888
934
948
966
940
910
842
874
920
982
926
938
902
1018
1090
1050
1008
938
954
1002
1046
1012
1006
908
904
970
1030
1018
988
938
892
964
978
1014
970
954
858
924
912
906
882
860
974
1056
1098
1108
988
982
1044
1080
1048
1034
962
932
990
1028
1046
1012
998
922
962
994
1032
1010
970
900
968
988
1000
974
978
906
936
936
1002
1016
1000
942
948
966
1038
1012
990
900
902
926
954
946
958
930
954
1074
1138
1082
998
974
1154
1172
1178
1086
970
900
862
840
942
944
922
862
848
832
818
824
858
830
878
924
966
988
970
976
1300
1186
1156
1060
1028
1060
1058
1108
1090
1032
958
938
964
994
970
984
990
1070
1078
1088
1056
998
1006
1054
1090
1082
1028
968
1020
1066
1072
1044
1034
964
1022
1026
994
1024
996
984
992
1014
988
992
998
1004
1052
1030
1022
1002
1030
1064
1084
1046
1042
990
1022
1030
1016
1036
1016
1006
1002
996
1034
996
1018
988
986
948
866
832
820
844
854
872
870
872
838
806
846
904
894
994
1052
1104
1044
1010
1028
1052
1082
1054
1014
952
1006
998
990
996
942
948
992
1014
1004
1002
954
980
982
1070
1020
986
932
950
956
1036
1002
962
964
956
994
1038
1008
972
978
1066
1052
1052
992
946
966
954
1038
1018
990
964
992
1038
1032
1026
966
984
1004
1066
1048
1002
946
932
958
1046
1028
994
904
932
986
1006
962
968
974
974
1052
1002
988
950
1008
1144
1084
1020
926
1000
998
1002
962
942
1026
1172
1282
1148
1086
1044
1068
1026
1008
1014
1022
1104
1056
1028
1018
1014
1034
1014
982
956
988
1008
1048
1026
996
980
994
994
990
986
952
922
948
1092
1072
1042
970
1006
1058
1090
1034
1000
942
988
1092
1098
1042
988
1012
1090
1132
1110
1042
990
1018
1064
1120
1082
1042
1012
1020
1034
1056
1022
978
972
1008
1092
1044
1002
992
1004
1032
1044
1014
964
970
984
1076
1086
1020
966
948
966
976
996
968
938
934
950
968
964
970
948
970
988
998
984
936
922
948
1056
1018
974
946
978
1004
990
946
918
908
918
1038
1002
994
1024
1114
1114
1028
976
1144
1156
1100
986
926
986
1008
1040
1058
984
994
1088
1128
1084
1030
994
1024
1026
1040
996
964
990
970
1030
1024
984
962
982
1022
1060
1030
986
932
982
1018
1038
994
974
964
964
1018
996
972
932
950
1010
1026
1004
962
912
970
998
1026
990
946
990
1038
1058
1040
964
920
968
1048
1046
1030
966
982
1018
1044
1052
1024
970
940
994
1008
1056
1022
978
1010
1062
1080
1096
1036
1002
1030
1064
1046
1052
968
1012
1000
1016
1000
928
982
1054
1088
1030
970
992
1044
1040
1012
944
956
964
1024
968
982
942
966
1054
988
988
948
962
972
1010
994
980
946
1010
1044
1028
1010
980
1006
1018
992
1008
924
912
972
1038
1028
990
958
982
1024
1060
1024
956
970
1074
1072
1050
992
936
1116
1220
1160
1048
964
1016
1000
1054
1012
1032
978
1020
1050
1046
1026
964
1000
986
1010
1010
996
992
996
1016
1064
1032
1020
1034
1094
1076
1070
998
988
1032
1058
1060
1048
1012
1022
1032
1048
1032
946
996
974
1064
1032
1026
972
994
1090
1072
1056
1014
1000
1012
1042
1024
974
952
988
996
1026
990
982
974
996
1062
1000
1004
968
974
992
976
974
978
948
1036
1142
1078
1048
954
982
1060
1066
1068
1004
942
1020
1040
1050
1044
974
914
996
1022
1034
1020
990
990
986
1036
1000
962
936
970
1008
990
984
908
958
942
990
964
940
988
1142
1124
1060
958
962
992
1062
1060
1026
978
940
982
1050
1000
982
932
962
996
1030
994
948
1000
1014
1042
996
966
922
954
1044
1020
996
936
956
994
1034
986
948
888
960
1066
1046
1030
962
920
984
1044
988
988
932
914
960
950
952
954
912
930
956
1028
966
964
950
990
1082
1024
966
938
964
1040
1032
980
928
918
932
1038
1042
1008
968
930
970
1080
1038
1008
992
926
966
962
938
960
922
884
904
1038
1018
1000
1014
962
986
982
1018
1006
974
966
968
1032
994
964
938
964
1024
1006
978
928
930
958
970
996
958
956
924
962
1002
964
954
924
900
942
996
944
928
814
798
798
800
790
808
802
786
826
884
878
862
878
852
830
816
810
796
768
770
782
768
792
786
778
836
856
936
950
934
952
1026
1018
1054
1066
1056
1020
1010
1032
1030
1012
986
954
1020
1096
1058
996
982
1200
1198
1138
1008
986
994
990
1084
1034
994
1002
1016
1062
1002
964
976
1008
1106
1072
1046
1008
1060
1150
1124
1108
994
1066
1064
1116
1036
984
1034
1076
1096
1054
1010
1008
1020
1082
1062
1020
988
1010
998
1080
1040
1010
1006
1018
1048
1022
1016
964
976
998
1146
1110
1094
1016
1122
1174
1090
1062
1048
1060
1074
1058
1006
1038
1124
1094
1042
1036
1060
1074
