838
820
818
824
842
822
834
874
826
804
718
740
740
812
890
954
968
948
950
956
956
960
926
922
922
914
894
910
906
902
902
914
932
928
926
940
940
926
934
940
926
912
912
912
878
844
862
862
836
800
818
834
806
776
826
850
842
844
888
922
910
882
874
884
842
824
852
868
848
864
864
878
850
870
902
880
882
872
856
876
878
850
872
910
900
880
856
880
870
848
852
842
846
830
824
866
932
856
816
848
850
848
844
910
922
920
902
906
998
924
816
858
864
872
884
920
938
940
922
930
922
934
894
894
880
868
902
892
886
898
928
906
880
890
848
866
864
864
876
900
898
902
896
918
1004
964
912
904
894
894
882
902
892
844
846
886
904
876
884
880
880
850
808
860
870
876
888
922
908
878
888
884
902
942
918
882
870
848
750
768
776
816
806
836
932
988
1018
1000
1000
998
984
994
998
992
992
986
960
926
862
838
850
880
912
960
942
932
918
892
868
876
884
846
830
842
840
830
824
828
878
934
882
878
898
878
840
824
874
898
864
868
876
894
872
860
910
936
908
920
934
930
856
856
870
902
936
1044
1072
1032
1020
1032
1024
1018
1010
1010
990
994
970
942
902
876
894
904
890
882
892
892
894
964
950
908
862
856
872
872
836
862
912
912
880
924
974
930
894
918
934
928
888
932
938
922
900
890
910
882
894
924
944
910
912
926
922
900
934
942
936
924
940
952
932
918
906
894
882
868
908
924
910
886
884
892
854
876
892
888
886
892
942
938
914
952
960
940
902
890
906
890
878
932
938
918
952
974
944
902
918
894
860
858
888
938
910
914
914
936
968
938
952
960
946
898
910
914
892
866
896
890
902
864
870
880
882
880
880
892
882
850
844
852
862
868
866
900
932
932
910
884
884
864
864
880
910
904
862
880
922
938
932
1030
1000
952
928
956
958
962
952
950
940
938
974
998
956
1000
968
922
886
932
1012
1014
994
1014
992
948
960
950
922
926
950
958
940
946
954
916
878
892
914
944
900
918
930
944
896
920
920
890
908
952
974
934
946
970
936
934
950
910
888
896
930
976
962
988
994
986
942
938
954
940
918
952
976
954
922
948
944
938
890
910
928
908
914
928
930
898
912
922
924
914
912
918
938
932
948
948
934
906
926
914
904
916
940
930
880
886
898
894
876
890
892
928
940
964
976
938
904
920
896
878
902
980
924
906
938
946
934
902
906
916
922
916
942
974
984
968
964
952
908
922
908
894
884
906
882
846
832
852
838
800
806
818
840
846
880
932
918
906
918
940
928
928
938
956
952
940
980
1006
990
978
976
940
934
942
956
954
978
1024
1018
976
986
956
940
912
924
976
998
982
986
986
948
920
952
948
896
902
924
932
938
952
952
936
960
956
924
900
932
938
926
880
886
902
914
914
932
960
938
892
898
910
928
912
954
952
978
934
966
974
950
936
960
974
954
928
950
944
906
898
900
926
920
908
946
956
958
930
946
962
942
888
902
932
946
930
952
982
976
950
978
976
944
926
944
952
924
898
932
946
926
954
990
968
952
978
962
926
912
922
948
936
922
944
980
952
928
992
978
954
920
970
972
946
924
936
948
906
874
898
896
876
858
886
916
910
926
1016
996
920
890
922
942
968
982
1026
1012
974
986
1012
1036
1002
972
914
834
870
894
910
968
1086
1084
1086
1098
1106
1058
1048
1060
1046
1050
1024
1002
950
964
968
960
936
924
944
926
888
890
886
868
844
856
882
912
868
856
902
868
800
776
808
846
838
872
1030
1086
1036
1044
1040
1028
1038
1048
1032
1040
1046
1032
994
954
962
934
924
944
962
970
972
972
958
906
894
886
884
870
926
984
976
966
986
974
920
934
932
908
888
896
888
874
876
910
930
918
918
938
958
906
942
942
916
888
910
940
952
972
1028
1052
1020
986
1004
1012
1002
1008
996
980
938
966
962
940
900
906
946
936
914
936
934
922
934
950
938
936
944
960
958
892
884
906
938
908
940
972
994
976
996
964
952
906
918
904
900
900
938
956
946
918
918
922
894
924
944
934
918
918
944
934
904
920
932
950
932
922
962
966
940
946
932
916
888
912
914
922
928
912
918
896
958
966
950
952
972
962
932
936
958
916
868
890
918
944
936
986
984
960
934
952
972
940
912
948
974
916
858
898
932
968
1008
1044
1028
996
1034
1022
1010
988
1008
982
938
942
936
934
944
938
944
928
914
938
954
918
934
1004
1006
968
972
970
934
926
944
922
886
898
948
964
946
968
984
968
918
948
948
916
906
922
938
896
904
926
928
914
924
912
882
854
880
906
898
908
940
954
962
922
938
946
936
892
906
908
902
882
922
930
914
910
944
976
960
942
940
974
942
910
952
936
942
932
946
984
960
920
930
954
956
944
936
940
936
916
960
960
938
892
844
840
836
780
762
810
894
964
1012
1052
1048
1010
1026
1008
994
1010
980
932
944
934
930
960
994
956
920
924
912
898
874
864
870
870
854
838
852
840
828
834
854
844
844
834
856
860
830
832
854
880
860
888
902
904
876
906
910
896
870
882
882
880
874
904
908
912
880
904
934
916
906
920
920
902
902
906
890
902
944
950
928
926
932
930
894
882
860
874
852
880
896
872
864
894
914
928
880
924
910
896
878
924
958
958
942
988
1010
964
986
1004
974
940
972
964
1008
940
952
936
914
920
968
994
960
980
994
966
952
952
926
896
944
974
966
982
1006
1002
982
986
988
964
914
934
920
894
866
864
886
920
912
930
954
950
914
898
902
902
896
884
874
884
872
898
954
940
934
954
948
946
894
952
938
934
934
900
878
872
904
924
892
870
928
968
972
946
936
946
934
894
914
946
928
914
920
906
882
902
898
894
880
892
898
898
882
902
922
898
860
866
854
836
852
886
902
866
876
880
890
876
886
906
930
886
890
890
894
876
886
900
898
870
864
870
874
862
852
894
922
898
912
918
890
838
858
876
878
850
864
886
886
860
862
866
844
832
850
890
916
894
922
922
918
880
898
906
880
832
842
852
834
826
848
870
844
878
902
918
894
906
886
866
842
884
874
836
812
830
844
824
820
860
904
876
842
850
858
850
844
866
872
868
838
872
854
832
834
848
858
832
856
870
858
814
840
848
830
808
808
826
858
828
806
832
846
844
824
848
856
842
860
858
858
842
858
868
856
822
844
864
854
860
854
854
830
816
840
860
844
838
848
858
850
832
832
840
836
832
858
870
872
876
866
816
806
828
864
846
848
886
898
882
860
876
866
840
856
830
802
750
724
738
762
774
758
788
842
922
896
986
1032
964
966
984
988
986
988
994
990
960
950
946
884
808
856
886
890
888
890
936
916
892
858
874
836
794
824
818
810
790
806
812
818
798
828
830
798
800
852
832
816
840
830
828
800
810
814
814
804
800
806
826
808
806
818
828
836
808
850
880
860
820
856
884
856
828
830
866
850
810
842
858
862
826
866
870
862
864
880
890
870
880
918
886
870
830
832
860
832
812
836
824
816
790
808
814
806
790
798
802
820
780
770
792
792
804
788
788
814
822
808
800
816
818
808
814
834
830
800
820
856
834
836
846
888
854
864
876
850
826
818
850
848
808
834
838
828
818
896
842
862
842
858
874
898
900
850
852
826
808
758
800
798
808
898
988
1004
940
972
976
982
968
968
972
952
924
922
908
838
848
866
854
856
888
888
890
860
872
858
824
794
816
822
852
844
840
878
874
864
850
844
816
798
782
794
798
810
790
820
838
844
808
846
856
838
808
822
820
810
786
794
798
810
790
818
812
826
814
790
792
808
820
816
816
872
922
906
908
934
964
934
908
880
880
784
818
776
796
796
808
888
968
962
938
958
946
894
878
890
892
886
878
882
904
888
854
872
860
852
810
810
826
838
834
810
822
824
828
826
858
858
868
854
836
846
818
812
828
824
828
804
798
820
820
812
834
842
830
828
834
830
826
822
800
794
776
776
784
784
808
824
812
800
778
788
798
778
770
774
762
750
738
734
734
732
732
728
724
732
736
740
734
774
768
774
762
770
768
772
770
766
760
764
776
766
768
776
782
778
768
756
762
756
766
770
760
768
772
774
778
768
764
776
768
762
768
758
760
758
758
758
770
756
754
762
756
722
734
738
732
748
740
754
770
764
754
764
778
768
760
772
764
746
752
742
736
742
750
766
756
758
762
750
750
756
746
744
742
744
742
742
728
724
732
738
734
742
736
732
722
706
710
714
722
724
724
746
764
768
766
798
814
804
794
784
792
784
768
760
784
786
768
758
760
760
758
764
782
796
796
784
770
792
818
802
794
820
856
822
810
814
794
798
776
768
790
786
782
778
782
812
814
778
786
796
788
776
776
780
764
758
780
768
784
778
756
802
788
784
786
788
766
752
762
784
806
786
800
818
834
824
828
824
810
822
826
806
816
838
826
834
818
828
794
806
814
802
792
800
810
792
780
784
794
788
782
764
778
782
776
774
772
752
756
758
756
752
752
780
784
814
784
800
810
814
808
804
804
796
776
778
804
788
770
772
780
778
760
766
766
772
758
750
774
774
768
746
756
766
750
756
758
770
772
766
770
782
788
772
772
778
776
760
750
762
750
756
734
728
754
760
778
802
804
828
822
822
826
852
856
844
816
808
806
806
792
790
820
828
794
810
812
830
806
790
808
824
786
774
790
798
786
798
804
806
812
840
854
836
842
850
818
830
834
820
796
808
824
782
776
782
780
790
774
776
788
782
774
768
774
786
778
762
774
762
768
762
766
766
778
764
760
768
764
752
754
760
762
760
754
744
752
758
744
742
742
742
738
720
728
738
738
742
754
734
728
722
708
718
740
770
792
836
842
822
832
846
842
812
784
788
790
770
780
762
764
770
754
738
754
756
754
748
742
748
752
748
738
748
770
764
752
760
752
762
760
748
746
772
790
786
782
774
786
782
780
766
758
760
758
752
748
752
760
768
766
758
768
804
782
778
760
780
786
760
758
780
796
782
780
770
786
796
780
786
786
788
806
778
788
802
794
788
770
782
782
764
772
756
788
776
784
762
752
746
754
738
716
752
784
780
782
812
832
832
834
850
842
808
818
816
774
772
774
774
768
768
772
766
768
786
780
780
776
768
780
794
802
794
808
798
796
774
772
782
778
756
754
770
770
766
754
748
752
752
734
698
714
714
708
714
718
742
754
752
756
778
794
802
786
782
774
752
756
762
754
740
734
746
754
776
786
788
776
782
784
772
774
784
784
780
782
798
802
800
800
808
808
802
800
790
790
772
772
776
768
766
748
750
754
744
748
766
768
758
756
764
764
760
776
784
780
776
774
768
760
752
758
760
748
746
748
750
748
742
750
768
752
742
748
750
746
748
754
762
752
766
754
744
750
756
770
762
762
764
764
740
734
744
740
742
742
736
736
734
716
720
736
732
728
730
718
726
726
722
726
736
734
750
740
728
738
738
732
716
722
720
722
720
718
720
728
728
710
722
738
746
730
732
732
740
728
726
732
742
738
752
752
760
756
736
732
742
754
740
730
746
752
748
760
766
776
760
766
752
768
756
776
768
774
754
744
778
762
756
748
760
768
766
766
792
806
820
824
824
820
818
792
812
786
770
764
744
746
738
742
740
752
780
780
792
806
814
804
792
816
834
836
830
874
914
910
852
844
840
838
820
826
816
820
802
804
814
806
796
784
792
798
792
770
774
780
784
770
768
776
776
784
772
758
756
762
766
766
774
784
788
794
792
806
812
802
832
822
804
818
822
820
804
798
820
818
788
774
778
778
772
778
796
812
808
800
814
824
800
812
842
870
844
814
812
820
814
804
812
812
828
804
784
788
754
766
766
768
774
810
806
814
792
828
836
822
792
792
780
776
764
756
762
768
746
730
726
734
738
734
708
702
702
698
708
732
776
822
844
836
840
834
856
844
852
882
876
842
814
812
816
798
780
784
784
786
786
786
800
812
798
784
790
792
790
774
794
804
796
800
806
826
806
792
810
792
788
782
786
780
750
740
756
784
760
756
768
770
764
758
758
764
768
762
756
762
760
750
762
766
792
776
750
746
758
760
766
760
756
762
758
746
750
752
748
750
750
758
818
774
758
760
756
754
740
738
736
730
722
712
720
740
770
770
770
786
780
790
766
770
784
778
788
770
790
798
794
786
786
774
780
760
756
760
768
784
776
788
788
776
768
770
770
766
756
762
778
782
770
756
770
770
748
734
726
704
696
702
712
734
754
770
782
770
786
780
784
786
824
816
792
788
798
794
806
798
794
786
774
748
752
748
728
728
762
744
748
750
736
738
744
742
740
742
754
744
736
722
724
718
716
706
708
710
710
706
700
704
718
726
720
720
716
716
710
714
700
698
706
708
712
710
710
720
720
716
704
708
704
716
710
692
702
722
778
790
792
846
848
872
840
854
858
868
852
846
848
804
796
804
798
770
770
762
758
744
744
776
760
764
760
758
760
760
756
750
758
756
754
738
742
738
730
722
728
732
748
740
732
738
736
708
706
702
686
630
738
678
664
658
662
648
652
646
532
744
640
648
642
652
648
654
658
660
670
666
666
668
672
670
692
696
692
694
694
702
730
718
722
730
742
726
708
704
688
700
690
686
684
682
684
706
702
712
722
732
726
738
738
738
720
740
692
686
684
682
678
682
688
692
706
692
694
716
720
742
744
770
818
846
842
834
864
888
884
854
876
892
876
856
824
860
872
856
836
840
854
872
818
798
802
804
778
786
828
872
868
850
860
872
882
840
820
832
832
808
798
818
834
818
822
862
836
838
844
842
820
800
826
814
806
788
804
824
834
814
822
822
814
790
806
800
824
812
824
818
804
822
838
810
804
800
808
820
812
810
818
840
824
812
822
834
828
826
826
834
826
824
834
824
826
798
828
844
836
838
838
836
852
826
842
842
838
806
838
830
834
832
850
858
868
868
870
886
892
930
936
960
906
954
996
880
902
972
942
924
948
898
922
888
822
756
752
742
730
708
720
740
778
832
812
856
894
920
936
880
848
810
792
808
822
846
822
806
786
758
786
812
858
870
858
886
916
924
948
964
1002
952
854
850
848
824
796
806
826
868
860
894
966
986
976
978
972
952
890
908
914
894
842
878
892
844
800
820
832
846
824
858
888
864
838
852
856
866
816
800
832
888
880
892
902
898
874
852
880
914
916
870
918
972
916
830
786
834
886
912
906
1024
1056
1038
1044
1012
974
924
940
958
944
926
990
998
954
902
910
902
878
900
914
888
836
868
860
858
832
814
832
864
840
878
892
886
858
862
870
856
812
824
830
820
822
802
840
890
882
864
894
902
870
834
868
886
864
848
880
882
884
856
862
880
894
864
882
894
902
872
880
880
896
854
864
874
864
822
848
852
846
840
856
858
860
832
830
864
878
854
820
848
850
858
830
844
856
838
832
850
852
862
832
806
828
852
826
828
868
900
910
852
832
846
842
804
820
874
936
926
988
1022
962
968
932
906
852
858
852
852
826
838
836
834
804
840
880
880
862
870
892
858
864
874
874
856
870
878
872
860
898
936
894
862
900
902
874
792
812
816
838
850
918
980
986
960
1054
1050
992
992
1012
996
940
970
954
874
876
904
938
902
912
954
992
934
924
928
908
848
872
874
896
870
868
900
936
910
910
902
854
824
868
852
854
806
802
820
838
824
824
850
886
852
826
874
890
874
872
916
930
904
918
928
910
846
862
846
836
822
874
904
920
876
864
888
888
832
840
864
900
878
880
920
932
906
878
880
890
858
846
870
872
850
836
832
802
820
824
830
824
854
884
856
858
872
910
900
838
870
870
870
834
858
874
870
822
838
862
860
862
884
882
856
840
896
916
870
886
906
910
872
850
872
862
818
850
900
988
978
1008
1038
1008
936
964
936
872
844
876
896
884
858
932
974
968
924
970
952
882
886
906
890
840
848
884
912
890
904
926
908
850
880
876
884
872
874
918
950
900
922
926
918
858
882
882
892
854
868
862
854
826
826
844
844
812
796
812
816
818
874
902
898
872
934
1006
964
910
938
940
924
890
918
940
914
880
898
900
896
878
918
952
972
946
968
962
888
848
890
914
900
860
854
858
840
824
846
898
880
854
868
844
824
798
830
840
858
836
862
920
962
920
926
924
874
838
860
882
858
860
948
966
928
910
962
1004
924
882
906
904
892
888
926
988
958
970
988
994
928
880
880
866
822
846
886
904
862
856
874
884
868
858
896
918
896
864
888
884
880
874
922
908
876
854
858
854
804
838
836
838
822
842
834
834
828
840
852
830
838
882
874
860
900
922
940
902
918
954
946
910
936
948
906
852
856
872
872
854
852
858
866
850
824
854
892
888
862
880
880
846
838
854
848
806
816
826
820
818
858
910
892
856
888
898
916
866
832
856
854
830
842
860
860
852
862
880
956
890
876
896
888
842
870
870
864
858
944
966
916
932
958
930
884
918
904
902
882
902
942
942
896
930
916
884
842
890
844
770
724
706
716
770
832
874
998
1078
1032
1004
1028
1058
968
980
1002
978
956
1028
1034
976
1008
942
848
832
870
894
886
944
1002
996
922
974
1054
1002
1004
982
914
846
876
882
846
836
858
870
858
858
858
854
808
796
816
882
850
816
836
834
860
838
850
898
912
888
898
914
912
858
908
914
878
902
944
926
896
954
998
962
924
942
930
904
916
906
898
852
884
898
902
862
882
926
892
866
846
842
822
806
836
848
862
840
890
922
902
856
870
858
842
820
848
878
914
862
876
898
934
894
890
884
866
838
852
848
832
806
840
878
902
866
872
664
648
360
954
904
886
876
850
878
956
1006
986
1066
1068
1034
976
972
934
886
952
978
946
892
912
948
918
866
892
914
912
858
850
858
878
860
886
918
942
922
960
950
926
886
888
894
882
854
912
944
920
902
938
942
914
932
974
956
910
942
932
904
856
902
926
914
876
872
874
880
868
900
944
920
884
916
902
898
882
908
914
916
866
860
866
862
836
856
872
870
846
898
922
890
858
886
864
826
838
878
918
940
972
1010
982
936
942
938
870
892
932
952
942
998
1034
980
986
1034
982
920
962
958
974
932
992
1024
970
898
922
946
912
860
906
918
916
914
956
974
964
912
876
860
802
824
836
860
836
872
904
942
906
922
956
950
892
924
912
908
874
918
946
942
902
934
980
950
904
932
956
954
894
918
910
910
864
892
886
874
846
870
878
862
828
862
888
866
860
910
930
944
884
878
888
896
868
862
888
896
884
856
886
940
898
874
886
886
864
878
922
958
940
940
966
954
904
904
882
850
860
868
892
878
878
892
910
906
870
902
922
924
880
890
944
930
878
882
900
862
838
870
924
922
880
920
976
968
952
968
960
918
912
930
926
890
890
900
902
864
874
890
954
898
866
898
896
880
834
868
890
868
890
924
922
884
898
912
920
868
862
868
874
872
820
856
864
878
874
988
1026
1010
1010
1040
1024
938
964
978
934
872
932
938
914
924
958
940
940
1006
994
914
916
902
878
818
868
894
926
920
964
982
942
962
980
956
904
886
878
846
810
852
870
904
874
902
960
994
936
944
938
894
850
874
872
872
872
884
904
882
918
944
920
952
986
952
880
888
936
970
934
952
962
