724
754
724
724
760
762
736
752
754
716
726
744
740
750
726
730
732
724
706
688
700
686
680
690
690
680
694
696
672
672
662
662
656
652
658
658
660
678
698
704
698
718
738
722
728
728
734
710
714
702
696
674
678
680
668
668
676
688
680
692
712
706
712
696
690
682
666
652
642
638
638
658
692
696
706
754
762
754
762
784
786
756
754
756
756
726
740
742
714
726
730
702
718
726
704
708
704
678
684
668
666
694
700
696
726
748
718
724
720
688
692
684
674
664
650
656
650
652
664
674
664
682
700
690
694
722
740
718
736
740
732
680
680
706
730
768
776
784
782
764
750
728
744
746
746
728
740
740
736
732
732
728
752
766
780
770
768
772
792
814
806
804
810
786
748
726
712
698
686
706
702
694
710
698
680
680
664
680
678
666
660
668
676
692
690
684
688
694
676
682
686
692
688
726
744
738
748
744
718
686
690
668
672
676
686
678
708
718
734
732
762
794
802
796
800
802
778
766
776
778
752
760
762
728
714
702
678
676
666
650
654
656
654
670
674
698
786
774
774
798
802
764
732
712
694
684
686
688
698
678
692
694
718
710
718
730
720
720
720
710
692
700
714
732
736
728
734
718
688
688
682
678
676
660
658
666
666
692
702
710
706
718
730
718
706
714
726
722
712
726
734
714
712
722
730
718
714
720
748
752
730
740
738
740
720
742
736
736
718
730
748
734
708
734
740
716
712
708
682
682
704
750
792
828
764
768
782
738
714
716
696
680
696
704
700
708
732
750
724
740
760
734
726
742
748
726
730
748
736
730
752
778
754
738
744
748
720
726
702
694
684
676
658
662
666
652
654
642
644
642
654
678
684
700
718
718
706
724
732
732
728
768
780
796
782
790
804
798
796
814
814
812
778
776
788
794
776
778
788
800
798
770
764
744
718
716
732
784
736
692
700
684
666
654
646
650
678
696
688
696
738
756
730
742
740
736
710
730
744
730
736
778
810
782
796
788
778
766
772
774
740
748
760
774
742
756
748
728
712
698
688
690
668
658
646
634
626
620
640
658
664
668
708
736
716
724
742
752
736
762
774
750
730
746
738
714
728
730
712
712
718
714
708
728
730
722
738
740
730
708
726
726
710
708
722
736
716
720
720
702
710
718
714
710
726
718
714
724
724
726
732
724
728
732
736
732
734
724
714
692
670
670
654
642
652
650
658
678
688
678
698
706
696
708
726
712
710
716
734
718
716
734
762
748
754
766
772
742
740
752
748
748
742
768
780
780
794
786
772
782
782
780
766
772
758
732
726
738
752
734
730
740
724
704
690
674
668
676
680
674
678
694
686
688
706
718
710
728
750
734
730
738
734
714
730
754
744
738
740
710
700
714
732
764
734
746
754
728
726
734
732
748
718
694
702
704
702
726
760
778
754
764
774
770
752
744
734
710
708
716
730
720
744
750
750
752
776
782
770
762
754
740
712
720
700
668
672
640
640
634
624
620
628
642
664
654
670
700
722
752
716
694
702
702
694
700
742
798
760
760
826
838
788
784
786
734
724
744
730
712
728
718
716
738
726
698
716
690
682
700
686
682
710
740
712
722
744
742
714
730
724
704
732
730
724
718
714
682
682
680
678
670
670
662
658
658
676
706
700
686
698
698
708
690
688
682
674
662
658
672
692
680
702
724
748
706
714
708
708
690
676
686
696
688
714
724
712
728
756
734
740
760
744
712
720
712
688
690
694
698
698
676
678
682
678
670
676
702
704
690
706
710
692
678
680
650
648
630
624
640
650
652
668
700
698
694
744
748
736
780
788
790
764
774
776
762
758
776
794
776
766
782
774
742
758
748
714
718
716
710
680
672
682
680
698
680
688
716
746
718
740
752
714
706
686
670
666
658
664
682
690
678
716
730
708
718
760
748
722
734
726
688
678
684
686
684
704
730
732
720
724
718
700
684
674
666
656
662
664
658
662
678
686
700
746
752
720
728
704
692
696
700
696
696
720
742
730
758
776
762
750
772
784
808
790
794
812
812
772
768
750
704
700
702
718
756
738
710
710
708
690
672
676
678
678
678
690
722
710
682
688
712
726
748
740
752
772
744
714
696
676
662
654
654
660
660
676
692
716
708
724
716
696
700
694
678
664
648
652
638
646
648
676
706
712
714
748
762
732
746
754
734
720
742
732
706
716
732
740
730
712
720
710
688
674
698
724
754
726
740
740
730
700
694
668
662
654
664
686
696
734
762
748
792
796
770
778
784
790
774
782
782
774
770
790
816
842
804
794
808
800
762
744
742
754
744
746
754
760
738
714
710
686
680
690
684
668
680
668
654
670
674
668
692
700
686
708
718
732
716
706
718
694
686
710
716
698
702
718
726
718
734
748
738
720
736
752
748
784
794
798
808
792
772
768
768
770
754
766
764
760
736
724
740
746
732
750
740
712
702
696
678
664
652
654
636
644
634
644
662
668
666
692
712
700
702
722
718
698
712
726
712
728
738
756
740
778
778
758
746
758
760
742
752
764
746
708
726
724
718
746
762
742
752
766
768
760
786
772
770
748
760
758
712
724
720
700
710
712
696
734
756
734
734
740
730
720
696
692
698
694
676
688
682
682
690
690
686
704
710
702
720
736
724
744
758
742
734
740
738
730
734
734
718
712
716
702
684
684
680
674
662
654
660
658
670
678
678
680
700
704
696
706
724
728
714
722
730
706
706
700
694
690
668
676
674
658
658
660
652
650
650
650
650
650
656
652
668
692
734
730
752
778
778
768
776
782
770
758
748
760
736
720
722
696
684
722
742
742
768
772
738
746
746
714
696
698
692
680
668
666
656
648
646
644
646
676
714
722
724
754
746
736
746
750
726
702
726
712
712
716
694
700
704
704
690
698
708
738
718
722
730
720
686
684
674
658
680
698
708
698
736
766
774
740
752
756
736
720
728
730
712
726
726
710
692
694
690
668
656
650
648
650
656
666
660
688
708
704
706
740
768
726
744
750
726
748
776
782
764
770
776
752
744
734
682
670
696
706
762
798
838
816
802
800
798
788
762
766
782
774
728
692
696
696
702
682
684
672
676
658
658
638
640
658
652
634
638
634
628
608
610
602
580
580
570
562
544
546
552
552
548
546
560
572
580
608
622
638
622
666
662
636
634
620
610
606
610
616
626
652
636
650
656
644
650
644
620
620
604
600
592
590
592
590
596
598
606
618
622
642
646
652
648
666
670
674
692
666
660
658
650
636
636
640
628
648
656
648
664
668
652
646
642
628
614
620
610
604
610
612
614
634
658
676
678
706
690
686
680
662
654
634
624
616
604
616
632
626
636
642
640
634
636
624
616
616
620
624
606
608
604
596
594
596
596
592
606
620
642
646
672
658
650
654
656
626
620
616
602
584
578
582
582
580
588
588
594
594
594
588
584
576
588
594
590
590
600
600
598
610
630
626
654
668
682
662
676
670
636
634
624
624
606
624
624
618
618
616
602
608
608
594
596
594
588
582
598
602
602
624
634
634
652
668
678
664
688
688
656
676
666
668
658
672
672
666
666
632
638
634
630
626
630
632
632
628
620
622
616
618
612
616
610
604
604
592
590
600
596
592
604
602
594
614
618
684
668
738
706
708
674
666
656
644
628
624
618
616
612
602
598
596
594
598
604
608
620
610
620
618
614
618
626
628
634
650
644
634
632
634
614
608
608
600
592
602
594
592
596
594
594
598
606
608
596
598
612
634
616
622
616
622
622
620
618
616
610
600
594
612
608
610
626
646
672
700
664
670
666
660
640
638
656
664
658
648
626
608
600
604
592
596
602
610
624
630
628
618
624
622
620
616
604
618
616
612
622
630
638
642
634
604
610
596
596
604
598
606
644
670
648
654
656
666
656
638
622
600
590
574
580
584
608
612
610
616
606
612
616
612
614
610
602
596
594
590
584
584
588
598
610
616
598
612
610
608
608
614
612
636
626
634
648
666
672
678
684
678
658
630
624
622
620
608
620
618
622
622
606
610
614
612
614
632
646
650
682
698
676
692
674
670
654
668
666
660
660
656
642
646
648
644
640
650
646
622
624
620
606
600
598
588
586
594
590
610
620
616
636
636
640
636
638
634
630
610
626
628
646
640
650
666
674
800
728
694
672
686
666
638
656
652
662
636
630
642
642
658
670
680
678
658
658
656
648
654
672
674
662
654
690
690
718
720
706
672
664
660
666
648
688
758
810
774
758
762
722
678
670
652
630
628
628
642
654
652
666
678
670
658
662
652
646
652
666
690
668
676
668
640
660
634
622
632
618
636
634
648
666
688
678
736
724
706
690
680
668
672
702
782
834
914
842
852
852
846
854
822
732
664
648
652
648
718
780
802
814
816
748
738
718
726
846
866
800
714
694
676
652
646
642
654
700
772
834
822
808
730
744
724
718
682
678
686
708
682
710
740
718
722
744
762
790
794
804
832
822
800
798
738
690
670
666
654
676
668
700
828
874
850
826
810
818
810
736
706
684
656
644
642
724
750
756
754
724
770
794
770
758
700
678
678
676
692
720
740
736
726
698
676
662
642
652
660
688
712
696
730
762
816
816
772
758
766
764
732
760
812
794
762
784
758
792
810
820
822
782
718
696
672
650
636
656
666
676
676
708
702
756
802
796
804
736
702
658
638
618
618
612
614
614
612
628
704
708
804
816
788
798
776
786
784
748
682
692
678
678
674
656
644
662
676
718
766
846
826
808
786
696
678
660
634
620
624
624
632
688
774
758
808
796
808
806
760
734
660
642
632
612
634
730
744
800
762
782
798
792
744
718
704
754
742
750
708
732
748
776
736
770
796
818
822
772
762
758
706
740
748
754
748
782
794
780
772
800
792
752
748
744
736
698
720
730
726
722
728
724
700
718
724
692
716
728
712
732
700
690
704
702
682
696
694
698
696
722
750
728
720
732
728
712
738
756
752
772
694
674
652
634
612
606
616
644
698
730
750
788
838
806
768
754
754
740
706
666
666
636
614
610
612
626
664
674
662
680
652
638
640
626
614
630
656
688
750
866
776
770
786
778
762
728
742
722
710
762
696
686
698
714
754
754
800
786
782
748
704
666
640
620
620
608
624
626
656
660
672
708
784
742
710
686
690
678
656
652
670
670
658
648
654
704
848
770
748
730
744
738
730
692
684
686
700
758
742
700
710
728
780
774
730
734
702
706
738
734
692
668
664
656
632
640
640
640
650
676
722
802
750
758
784
788
780
766
728
726
686
654
660
668
710
718
798
788
732
704
714
698
674
654
664
646
656
660
662
654
640
652
638
656
690
778
784
784
752
718
664
666
658
660
666
730
820
840
840
822
768
754
710
744
846
772
720
700
680
688
710
772
814
802
798
774
744
764
758
756
712
706
698
728
772
808
752
678
682
652
630
610
606
616
652
726
816
794
840
876
844
792
792
776
730
684
674
676
700
738
880
868
816
798
800
772
716
726
698
664
664
660
678
690
686
720
750
730
716
738
738
698
698
718
730
710
686
688
688
680
670
678
724
760
746
730
684
684
680
692
714
730
726
672
660
648
624
618
628
628
636
670
716
806
802
778
774
732
674
670
666
670
672
702
732
744
734
764
784
746
726
746
734
752
738
696
702
700
714
722
692
710
710
730
716
782
798
750
740
736
712
694
680
668
664
638
616
608
598
590
580
578
582
596
632
722
790
796
768
704
702
704
698
730
696
666
664
656
664
648
662
694
736
746
776
720
680
676
670
668
656
654
656
682
734
756
710
654
650
640
612
602
594
602
608
618
650
700
734
700
732
752
794
770
768
746
744
710
666
662
632
628
622
636
680
768
818
824
800
734
716
684
654
640
656
650
624
642
638
658
682
720
718
710
676
664
646
638
648
648
664
740
818
804
740
686
682
690
698
740
710
736
774
842
824
828
824
826
816
780
778
776
710
678
652
648
660
728
746
750
804
840
828
780
756
708
706
762
732
680
660
650
658
684
718
734
726
702
720
730
736
734
734
704
690
692
694
692
700
758
746
696
664
670
668
682
674
682
668
658
672
718
726
732
704
720
686
720
756
686
658
638
626
614
606
624
668
674
698
770
732
698
688
710
734
768
770
784
760
720
732
776
722
666
660
652
646
634
622
634
634
660
702
764
716
762
762
744
712
696
648
648
642
650
634
678
698
674
688
676
708
710
730
740
746
686
668
668
662
652
670
730
740
752
764
762
782
752
712
716
678
692
784
770
760
714
712
700
668
660
668
670
692
692
702
724
746
736
702
674
632
630
612
600
594
596
598
636
662
778
784
796
786
760
690
664
656
648
692
728
736
784
846
780
772
762
756
742
696
656
660
638
618
620
622
636
628
634
658
694
724
778
802
800
738
682
664
662
672
696
710
728
748
764
770
728
708
686
706
804
724
674
646
646
634
626
624
634
654
698
726
722
714
660
654
632
622
620
620
628
646
724
792
722
684
696
688
684
658
670
688
708
668
662
692
864
798
750
724
744
726
686
674
678
672
652
658
670
738
786
746
698
682
678
676
658
654
668
706
746
746
772
742
704
690
708
700
684
654
654
662
660
658
674
680
672
660
668
682
712
728
678
668
660
654
644
656
670
714
740
706
670
672
670
672
686
684
706
746
712
724
724
670
680
676
690
702
698
704
718
724
740
752
676
650
634
616
602
600
610
626
672
700
666
704
772
724
704
734
748
762
724
704
666
686
706
734
714
742
770
834
798
704
696
686
676
658
676
702
736
714
766
786
716
688
666
680
738
676
660
642
632
612
604
606
608
630
670
690
732
734
780
830
738
674
662
622
612
596
586
586
588
596
618
628
618
624
632
644
660
644
644
652
652
636
632
614
624
630
616
616
606
590
588
592
688
664
644
644
668
686
704
688
668
672
684
866
802
742
700
714
718
702
700
842
726
664
648
650
650
696
746
710
732
698
658
644
640
646
658
656
684
738
756
704
694
690
668
668
684
706
714
776
820
736
694
678
668
642
648
668
712
698
692
716
708
684
660
650
638
628
620
624
608
604
610
606
606
634
632
632
658
652
644
652
654
634
630
638
646
642
638
644
652
636
644
642
644
642
642
646
634
650
640
654
654
664
662
648
626
628
612
604
616
612
638
630
652
664
650
686
682
646
664
662
642
652
652
650
642
648
638
630
622
612
626
628
630
630
620
618
616
596
590
594
592
592
594
610
612
608
610
630
624
630
656
644
636
636
616
610
604
600
586
572
578
584
614
624
630
652
642
642
656
654
646
660
686
716
686
706
716
722
720
698
668
688
688
688
662
676
674
656
660
672
692
688
666
674
676
662
648
664
660
654
644
518
838
650
656
672
670
660
682
694
686
666
680
658
642
642
648
644
646
642
628
634
634
626
648
660
676
662
682
680
664
666
656
640
642
644
634
632
640
644
638
652
654
638
648
648
638
644
654
664
658
658
658
648
642
644
634
620
632
648
662
636
630
622
614
606
612
626
644
640
666
662
650
662
662
648
646
648
648
654
660
644
640
650
656
680
662
650
660
656
648
664
726
720
686
686
680
654
644
644
628
626
632
638
634
642
662
658
658
658
676
660
656
666
654
624
630
620
596
596
588
578
574
578
576
574
576
576
582
584
578
576
570
566
560
560
566
572
576
582
578
580
586
598
590
592
602
606
610
590
596
590
570
578
576
574
598
618
662
650
650
644
634
616
594
590
576
564
572
572
594
608
624
616
616
612
606
600
588
600
614
612
610
604
590
580
570
562
554
554
556
564
572
584
596
600
626
626
652
648
640
634
632
636
618
606
608
612
628
626
664
694
678
648
638
634
618
600
590
596
596
612
628
664
684
666
660
654
630
626
600
598
576
600
590
582
586
588
594
600
596
604
600
610
604
594
528
642
580
574
570
558
564
562
558
568
580
584
602
634
650
648
626
620
578
580
574
564
556
548
546
550
548
564
554
550
554
554
552
558
560
558
564
562
570
580
586
580
586
602
620
630
614
624
844
390
614
618
596
598
600
598
598
596
596
604
614
604
606
598
602
600
596
586
592
588
594
600
606
626
624
628
616
604
602
590
592
598
608
596
596
586
590
584
584
584
586
586
584
596
588
592
588
568
578
576
574
580
584
586
594
612
638
652
638
654
640
618
620
612
608
618
632
640
630
652
638
624
634
624
620
624
624
618
624
640
644
636
626
606
598
594
598
598
586
594
592
590
600
608
610
598
604
606
592
600
590
596
596
602
598
604
600
618
630
618
622
604
582
576
586
650
652
630
626
630
620
620
604
608
606
596
602
612
616
618
636
662
648
662
660
656
664
660
648
640
644
640
632
636
636
632
624
618
624
622
622
602
602
602
608
606
636
642
628
630
626
626
614
624
622
620
628
654
662
684
712
730
702
672
640
628
616
608
586
580
592
616
626
628
668
666
652
638
634
630
632
616
636
646
636
644
652
632
640
634
634
624
636
644
630
636
638
624
642
638
648
644
666
680
670
680
654
636
628
622
602
614
616
624
624
626
626
622
626
624
656
662
648
656
654
656
624
630
622
618
602
612
602
610
636
652
648
642
614
616
606
606
610
608
604
606
608
616
614
614
618
596
586
594
588
602
596
600
600
598
580
578
584
612
616
620
618
616
620
650
646
640
620
586
596
594
596
576
586
588
588
574
580
596
622
626
634
638
630
632
624
636
646
648
626
640
630
612
608
610
622
638
648
628
620
612
600
600
588
592
594
586
590
588
588
580
582
582
570
572
576
582
584
592
596
590
594
592
592
588
582
580
570
576
580
580
588
594
588
586
578
574
568
566
564
562
558
556
562
558
564
566
570
566
562
562
564
564
580
582
582
580
572
574
566
568
570
588
602
612
606
626
624
606
594
580
582
578
574
580
590
598
598
596
600
600
608
612
616
608
616
624
614
610
612
614
600
610
620
606
614
620
608
608
614
614
606
618
618
606
606
610
606
608
612
630
634
632
630
634
658
664
658
652
628
618
606
590
582
582
590
612
654
760
734
744
724
708
678
646
616
608
598
590
578
590
592
598
606
614
600
598
580
588
588
584
586
590
596
602
596
614
626
606
598
596
588
580
580
590
602
604
640
654
696
682
720
710
660
684
660
646
624
616
616
616
600
600
600
620
618
620
634
650
636
634
630
630
616
600
592
600
622
624
616
622
626
612
620
626
632
606
620
622
634
622
644
652
672
642
648
634
614
622
606
600
604
610
602
590
588
588
588
590
596
632
638
632
630
630
620
616
618
618
622
618
610
616
604
608
598
594
592
596
596
596
602
602
602
602
604
592
596
604
608
604
610
618
616
626
620
608
612
606
592
594
596
594
596
602
600
608
604
608
618
596
598
586
584
578
574
570
574
580
582
594
604
608
602
608
610
610
610
608
628
614
600
598
590
580
584
584
596
590
600
594
604
598
592
594
588
606
624
640
624
632
640
628
630
622
610
618
618
650
658
656
646
620
626
630
626
642
632
656
644
646
640
650
650
664
666
668
662
664
670
660
644
644
638
624
636
640
640
660
658
650
640
630
614
628
630
622
632
638
636
648
642
634
654
644
616
618
612
592
606
602
598
596
598
590
598
606
592
594
594
596
592
596
596
588
584
584
614
630
626
664
662
648
654
648
636
644
650
648
644
654
652
652
664
662
658
666
648
646
668
670
666
698
692
660
674
676
640
628
636
698
662
650
652
640
634
610
620
608
594
590
592
582
592
608
614
620
630
626
610
620
626
630
620
626
650
636
630
626
634
618
624
610
616
616
630
632
628
650
664
644
640
636
618
606
608
572
580
576
570
570
560
562
558
550
558
562
562
602
674
714
690
738
714
678
664
636
626
630
624
600
608
598
586
584
590
592
598
606
620
610
616
646
632
626
612
612
594
584
574
564
304
360
360
394
280
512
548
550
550
546
548
540
546
542
550
568
596
604
632
640
644
648
660
636
626
600
588
582
568
558
568
566
574
578
578
572
562
562
556
554
560
562
564
572
584
578
582
596
602
622
650
650
650
670
652
628
634
616
602
606
610
610
608
616
622
614
624
628
622
598
606
596
586
612
604
622
618
608
598
600
624
656
680
666
640
644
636
620
644
718
814
736
712
704
678
670
664
636
676
680
694
676
676
704
734
722
682
668
674
674
660
662
648
636
648
646
632
660
694
666
678
690
696
684
668
640
620
606
598
610
606
628
640
628
642
698
652
650
650
642
632
602
602
592
590
582
590
610
628
678
674
652
664
672
668
644
650
648
648
654
650
628
632
642
648
654
654
648
652
650
652
636
646
662
684
664
672
702
696
682
670
668
662
658
672
656
650
652
646
664
666
672
656
652
660
648
646
662
668
672
656
650
654
654
642
638
642
634
626
622
634
648
626
622
616
616
610
588
590
594
576
572
566
564
582
604
642
662
636
648
648
628
632
624
618
620
636
688
682
712
704
682
682
676
672
656
648
624
622
624
618
622
618
618
618
616
612
598
592
586
592
592
596
598
612
618
622
632
640
642
636
642
648
644
646
640
630
630
630
634
642
630
620
630
632
640
630
614
614
616
606
602
602
598
596
622
620
624
610
612
606
600
592
594
594
596
606
618
610
626
628
620
620
614
608
596
598
594
590
606
610
608
620
620
616
634
640
624
632
632
644
624
632
628
610
622
612
604
612
608
610
602
594
588
586
588
596
590
606
612
620
620
628
634
626
638
636
624
616
618
614
610
626
632
632
640
640
632
634
630
622
622
620
610
596
608
602
596
606
622
622
632
640
650
652
638
628
624
614
594
592
590
590
586
578
586
590
590
602
614
616
632
646
654
644
638
630
598
616
606
606
614
604
592
600
602
598
614
622
638
648
644
636
618
622
612
614
604
596
602
606
618
604
600
602
592
608
606
604
618
642
648
646
660
662
642
644
640
624
628
610
596
598
590
580
564
560
568
580
598
608
626
648
620
632
632
638
626
610
610
612
600
606
630
638
662
632
626
640
612
620
624
628
646
658
652
638
652
656
642
644
650
642
634
648
646
634
642
644
654
646
648
640
618
634
606
606
614
622
650
664
670
652
652
654
650
628
626
618
614
604
612
612
608
614
640
662
662
658
662
626
616
614
602
602
592
598
618
620
604
614
612
624
620
622
622
612
604
602
602
604
612
628
632
654
672
644
646
632
634
616
620
624
624
622
622
624
622
612
610
608
598
596
598
594
604
610
606
624
620
606
610
606
596
588
588
592
588
590
600
604
616
620
620
630
626
628
612
614
614
606
604
610
620
616
614
622
618
610
596
594
596
592
596
604
610
602
604
604
618
608
610
628
624
626
616
610
606
598
588
586
578
570
566
560
558
558
558
576
564
566
582
586
588
606
628
662
656
658
668
662
650
652
648
622
624
620
594
596
594
588
586
598
604
606
618
636
658
634
630
638
644
658
626
624
632
624
620
646
652
660
690
724
686
686
660
642
612
604
580
576
586
604
590
602
618
634
612
614
612
596
600
592
588
592
596
618
616
616
608
612
600
606
598
592
588
576
584
582
568
580
584
594
598
610
628
658
638
642
664
686
690
670
658
670
680
634
638
608
596
586
568
580
574
576
576
576
570
574
574
570
572
584
590
604
606
592
592
596
590
576
586
586
604
612
610
612
618
616
622
614
598
590
612
626
622
628
612
608
586
576
580
576
580
596
608
626
612
622
626
600
598
598
600
600
602
588
582
582
572
578
582
614
640
656
630
626
626
608
610
608
596
586
570
574
580
578
568
584
578
588
576
576
584
598
586
608
622
604
608
612
614
622
618
604
600
590
602
588
606
630
638
692
744
672
696
664
650
626
622
612
620
608
586
594
592
588
586
598
618
646
624
632
634
632
616
614
596
606
604
602
620
626
620
616
622
600
600
594
588
596
598
616
626
602
602
600
590
582
570
564
570
576
582
582
590
606
610
610
606
606
574
586
578
588
596
610
682
718
686
714
738
674
646
636
620
600
586
576
560
554
548
538
526
530
520
520
512
516
526
528
548
586
610
580
580
578
582
580
578
574
578
592
596
586
586
590
586
570
570
570
578
598
582
590
590
560
580
570
576
602
596
590
586
586
588
578
594
608
614
632
656
638
630
616
612
596
598
586
576
586
602
630
650
664
622
636
612
592
598
600
616
632
652
666
638
648
640
632
614
588
576
570
552
544
540
538
548
556
570
578
612
630
632
630
632
620
602
610
616
620
608
614
614
614
608
610
618
672
686
646
610
596
586
580
584
582
586
624
646
628
636
636
634
608
596
580
572
568
560
566
576
576
586
578
580
576
576
584
608
606
602
632
622
636
642
650
620
