654
634
604
604
616
676
704
628
588
636
700
718
720
682
626
666
656
648
610
570
594
594
642
680
656
650
614
656
714
728
680
686
692
712
698
662
646
710
732
716
616
626
638
722
710
636
620
572
608
612
636
654
648
596
632
626
676
660
606
650
720
708
638
594
626
652
714
680
642
620
654
734
748
736
706
662
598
604
672
742
762
748
758
660
606
642
720
862
836
714
686
680
670
666
674
706
676
648
616
582
574
556
544
574
616
632
634
632
638
642
616
582
614
702
750
734
712
628
640
666
688
694
682
682
588
592
602
642
676
668
636
580
596
634
690
700
628
618
614
620
618
596
572
614
734
814
826
794
660
600
634
650
676
674
666
618
590
626
664
726
696
674
608
578
566
552
572
606
660
678
662
702
712
730
716
682
684
696
616
592
634
642
670
732
726
724
710
620
620
596
596
568
588
632
928
860
828
790
694
628
598
586
572
572
598
598
594
604
626
624
618
618
592
572
600
624
646
618
576
606
622
644
584
584
602
620
630
670
638
606
584
540
556
558
566
562
574
618
648
644
600
644
686
694
678
622
576
604
640
692
650
644
706
732
686
680
704
718
686
684
632
604
622
640
674
650
638
612
642
674
660
650
606
628
636
662
614
604
626
648
644
614
628
628
658
608
614
604
646
644
616
570
970
890
816
760
650
598
596
576
586
586
590
580
576
582
592
572
578
598
640
618
610
598
590
588
576
566
566
556
584
612
656
612
594
592
574
580
590
648
686
680
652
634
612
576
554
558
570
628
576
582
580
676
616
610
682
672
680
660
594
620
638
696
694
668
648
642
600
636
638
624
610
600
626
690
674
730
646
638
616
616
612
614
598
562
554
570
604
616
616
616
630
634
586
598
608
626
686
696
674
670
658
598
562
564
592
668
670
708
684
648
660
634
670
724
774
672
670
700
714
700
598
598
604
646
662
638
594
602
598
618
648
626
610
582
550
546
560
550
696
648
646
626
604
594
600
632
638
648
670
608
648
674
642
664
630
576
614
602
588
558
598
622
692
744
684
658
644
640
638
610
604
596
588
570
552
562
596
634
618
618
606
568
570
602
680
672
634
676
680
662
670
638
588
556
580
590
636
662
644
606
636
690
730
686
608
586
562
576
648
698
678
676
698
696
650
686
686
654
600
640
640
680
686
704
642
604
650
744
742
676
732
778
786
762
738
642
674
688
698
688
692
668
620
622
640
608
688
692
714
662
582
574
722
772
770
774
746
668
628
574
584
578
602
614
658
656
602
558
564
570
602
652
696
676
682
660
632
568
588
600
626
602
578
586
610
664
692
660
660
658
622
618
610
580
614
658
678
656
600
574
552
622
636
602
612
678
630
636
414
752
602
578
600
586
586
570
604
636
670
644
626
618
632
598
606
608
624
614
650
628
626
604
584
572
592
596
622
606
596
602
594
572
566
548
574
608
598
636
632
638
606
586
584
614
636
582
600
650
714
686
646
640
622
584
576
586
598
684
760
676
674
660
674
650
628
634
574
602
624
708
718
686
686
596
618
642
666
646
598
582
620
670
664
646
618
634
660
630
644
630
608
586
608
610
614
594
566
592
616
592
550
576
608
650
658
642
650
620
586
600
604
614
624
586
632
668
692
658
544
582
636
830
778
748
732
676
660
650
642
648
646
678
698
708
672
618
616
656
696
726
688
662
616
632
608
624
632
626
606
680
726
706
704
596
578
584
608
668
658
650
616
566
542
548
540
556
568
594
584
574
622
642
626
608
620
646
736
708
694
654
620
652
654
654
678
666
632
620
656
718
728
714
670
650
652
656
668
648
606
612
634
630
646
612
604
578
604
626
614
576
612
746
804
786
740
626
602
572
556
530
540
536
566
588
586
612
590
604
560
556
564
592
598
584
580
598
606
586
560
552
594
676
684
634
622
604
566
554
574
592
686
690
676
616
604
588
570
562
554
548
544
542
546
532
534
526
552
658
650
642
642
654
578
590
576
580
586
590
604
596
598
582
546
564
562
558
560
558
572
600
654
698
670
636
574
594
600
608
604
604
590
562
578
590
628
688
668
640
624
598
620
652
656
644
602
634
626
636
628
630
622
576
580
624
748
786
734
678
616
604
578
602
618
596
558
562
572
580
590
610
574
572
584
582
586
566
574
584
574
572
568
562
548
560
570
628
656
652
602
620
634
660
658
604
586
604
622
634
606
628
648
676
662
634
590
648
678
692
650
672
672
696
640
602
604
604
616
604
578
632
716
644
634
666
650
610
594
598
588
560
574
578
578
592
574
546
574
604
636
610
658
686
672
676
644
612
642
660
668
686
696
632
602
622
644
672
636
562
620
562
560
568
564
576
546
568
584
600
600
560
584
594
614
632
572
574
592
644
690
668
596
650
648
650
656
650
626
586
610
618
604
586
578
564
560
574
620
598
700
756
752
700
606
614
606
630
672
646
610
600
582
550
544
546
512
504
496
498
486
490
470
534
488
490
484
494
458
476
468
466
480
504
550
534
646
608
664
648
628
630
668
620
600
574
564
616
664
648
626
580
564
608
704
780
758
746
634
636
646
672
696
640
652
666
706
720
660
640
674
718
700
670
644
588
590
634
670
604
544
550
712
866
822
802
782
764
718
642
690
672
656
662
664
670
656
606
642
676
742
738
736
728
686
624
596
574
590
618
702
710
650
596
614
614
582
596
598
610
624
646
670
680
692
698
662
600
630
644
596
642
622
658
714
716
684
648
584
592
580
542
546
552
556
620
674
684
656
618
570
576
594
636
646
662
668
650
618
644
694
612
630
640
648
638
630
596
612
592
620
630
622
666
640
600
630
612
598
552
548
560
566
598
630
648
632
650
638
622
570
572
562
578
614
694
718
636
630
658
670
642
618
640
652
620
644
680
682
662
652
634
622
626
582
598
582
590
634
718
740
726
714
714
706
654
666
690
682
668
610
618
626
626
660
632
616
604
582
576
568
532
538
534
544
588
568
578
514
622
686
672
676
630
612
574
558
548
552
556
580
578
552
528
510
520
492
510
510
534
524
532
532
534
552
634
650
652
664
684
664
632
614
624
612
594
572
564
556
540
534
512
520
520
664
702
658
626
724
748
702
646
668
688
682
694
664
630
656
672
630
650
724
760
800
784
740
642
662
668
670
674
634
634
652
690
666
696
732
756
672
706
736
764
738
672
630
650
674
728
706
644
668
676
706
664
614
662
686
718
674
632
672
708
676
684
690
686
672
676
690
704
678
612
618
644
686
718
684
654
694
688
694
670
668
690
718
688
626
674
698
708
668
644
674
694
718
658
674
672
668
620
568
556
566
814
738
700
634
598
584
578
568
574
562
552
554
540
524
532
540
572
584
592
598
622
636
642
654
594
632
624
656
606
584
614
656
620
574
600
614
630
630
634
632
636
654
638
604
618
632
650
690
626
646
654
672
668
608
618
614
612
576
602
574
616
672
708
680
682
614
588
582
582
562
544
568
580
678
648
672
620
614
628
618
604
576
602
602
628
634
584
588
602
644
662
622
604
624
602
598
602
626
598
578
574
544
556
548
564
554
586
646
672
660
664
604
644
660
658
612
562
492
592
556
768
522
360
556
600
554
598
636
654
590
590
586
602
604
598
594
574
562
572
590
606
642
642
664
622
604
638
658
664
648
594
606
604
656
642
604
566
604
666
648
614
618
640
638
622
582
558
564
590
626
674
704
632
636
650
644
598
616
632
590
592
600
632
620
598
578
602
608
598
620
590
570
556
546
558
572
602
582
622
702
700
666
620
592
614
628
670
668
618
600
604
604
598
580
548
572
588
614
664
678
672
652
612
636
640
650
662
644
624
600
582
560
590
668
670
656
592
620
624
624
622
596
594
596
610
576
626
630
614
628
640
672
616
648
646
652
590
596
600
658
656
620
624
646
672
614
644
654
632
624
636
652
660
612
588
634
656
666
654
618
590
638
662
676
620
610
630
652
640
616
672
668
656
662
602
628
642
676
672
648
616
638
654
664
644
604
564
564
570
558
564
562
572
566
576
580
644
676
694
674
672
604
596
620
646
698
696
644
608
636
682
694
646
584
610
634
682
692
684
624
592
640
678
726
680
688
604
626
648
654
600
580
604
642
682
642
682
676
664
648
598
620
600
570
588
588
574
556
574
610
662
662
676
660
610
652
634
644
600
606
644
686
676
686
614
622
610
618
630
580
598
640
690
698
628
668
652
668
628
610
634
634
636
594
642
704
722
718
648
658
648
662
618
614
654
668
610
604
656
718
716
638
618
632
602
570
538
544
630
698
624
644
618
638
626
618
604
578
574
590
586
580
562
556
548
546
560
594
620
638
654
664
616
660
690
704
694
614
604
604
586
596
592
596
616
658
638
652
642
586
610
630
660
622
638
668
636
620
596
572
588
610
648
680
696
680
670
618
658
720
734
700
706
660
608
624
630
658
678
648
662
724
690
704
664
596
604
604
598
604
666
690
674
612
618
624
596
634
688
638
688
684
702
636
658
648
646
648
642
654
612
572
570
590
676
750
732
666
668
622
656
678
690
720
760
730
756
778
772
756
730
700
636
652
686
714
756
696
652
666
612
658
660
636
644
724
726
694
674
666
676
634
604
648
686
692
698
672
610
658
676
732
750
760
722
614
596
616
668
752
724
700
644
670
690
692
690
630
620
592
614
630
646
628
636
576
594
622
654
634
642
604
634
662
734
656
684
690
626
608
618
626
666
640
604
582
600
596
608
616
638
602
574
602
626
610
630
634
650
620
604
596
578
554
560
550
530
540
552
610
622
578
572
592
596
618
566
570
598
604
610
620
572
592
596
578
606
594
568
568
590
590
598
518
564
570
584
588
572
540
546
564
580
518
636
556
548
526
514
504
504
508
530
536
628
684
720
698
660
686
700
660
634
622
596
608
640
670
626
626
640
664
656
656
630
648
650
696
674
652
630
644
712
702
744
690
688
686
720
700
686
700
670
674
624
662
662
680
696
678
624
656
614
628
616
584
610
692
770
764
672
642
690
648
630
636
684
668
666
656
596
588
606
610
590
556
538
544
814
818
790
770
708
640
594
598
584
578
582
582
576
558
550
560
564
578
564
582
686
730
702
664
600
574
586
600
632
632
638
640
668
624
656
714
706
690
694
698
702
710
682
622
642
668
648
672
656
624
592
630
692
698
692
716
722
730
670
686
702
708
682
672
660
662
690
726
750
760
700
672
674
716
732
698
712
692
710
714
710
686
638
668
668
652
686
668
614
616
606
612
634
618
616
612
662
650
640
662
662
584
582
592
590
578
580
604
598
574
592
678
720
706
668
644
610
588
538
526
516
526
586
578
606
680
740
676
714
744
754
648
694
716
712
688
664
638
620
626
594
592
604
598
612
588
628
630
650
610
694
662
636
652
642
596
638
676
656
614
674
674
684
596
624
676
682
610
660
658
652
616
576
592
616
634
664
640
594
624
714
706
716
680
690
630
604
620
634
630
632
624
686
680
662
694
698
676
616
644
652
660
648
638
580
572
598
624
598
698
746
764
742
692
686
710
692
626
620
616
642
662
662
680
652
630
594
610
616
616
630
618
618
618
572
584
594
620
664
666
642
624
592
566
578
604
672
738
698
670
650
654
646
594
584
578
584
562
548
914
878
842
816
752
746
708
668
662
640
622
624
602
584
608
642
700
728
724
714
660
636
618
596
566
568
582
622
608
604
594
530
570
590
620
614
594
586
572
560
546
538
520
516
520
534
534
550
630
588
616
704
740
712
716
722
716
720
638
674
596
642
730
742
700
764
768
778
782
808
532
662
756
790
764
754
718
648
662
646
688
672
856
762
724
702
722
576
612
634
592
612
608
704
702
702
698
698
668
666
664
598
652
690
682
602
630
706
736
636
704
844
782
758
646
670
638
654
692
732
732
712
680
698
708
686
642
626
646
604
644
666
650
650
644
658
656
636
626
590
570
560
552
560
562
548
534
550
568
648
616
650
640
596
642
688
712
686
674
598
640
624
724
646
660
516
626
686
764
764
760
748
646
646
672
692
730
704
706
652
600
630
624
620
628
718
706
702
720
734
714
672
646
592
596
568
592
610
634
618
718
780
794
756
664
620
602
584
582
590
582
598
578
566
548
594
626
688
680
662
660
676
680
672
636
600
606
624
648
674
628
614
668
718
762
742
694
680
664
694
688
732
704
698
700
696
690
648
620
608
630
600
590
600
640
722
690
686
628
628
644
606
620
640
626
632
624
604
616
620
614
590
594
626
654
638
630
594
570
592
616
626
616
596
612
618
608
634
676
668
666
622
588
616
650
660
626
592
600
646
692
690
648
612
658
684
642
628
648
692
688
694
658
628
654
658
716
668
694
668
668
690
696
686
604
576
598
632
702
688
648
560
638
638
650
644
592
584
616
678
726
670
670
676
678
670
632
604
636
596
568
594
580
620
740
716
642
626
656
672
654
656
602
608
612
648
688
710
652
562
562
592
742
812
728
690
626
618
618
630
630
596
624
642
674
610
622
660
608
636
658
708
656
674
654
672
686
732
684
602
540
680
604
584
562
568
538
558
584
686
730
722
700
668
662
666
648
666
688
656
716
748
728
674
690
728
752
694
690
642
648
660
650
586
628
642
678
700
678
638
668
700
674
606
618
624
654
694
688
678
624
586
580
600
632
658
594
634
716
764
632
698
704
642
610
644
622
628
636
634
632
618
582
568
570
626
654
616
640
636
636
646
658
652
624
600
610
634
630
682
716
736
716
704
644
610
574
554
528
528
522
542
686
722
734
720
756
712
668
684
676
660
630
580
580
568
580
574
576
574
582
586
568
562
620
646
628
644
638
622
600
616
592
572
592
576
654
632
690
712
642
620
642
642
688
674
638
626
648
678
688
684
654
662
682
730
674
644
668
660
650
538
586
616
692
706
640
668
696
724
710
668
618
636
616
620
604
582
580
584
660
700
632
612
608
608
590
620
608
640
626
578
596
618
598
630
624
654
638
614
612
622
618
646
620
606
602
604
614
598
596
600
646
618
614
562
600
624
628
614
624
606
588
584
540
578
592
580
574
592
610
626
560
544
594
690
672
658
624
606
590
576
550
530
530
536
536
542
548
548
552
560
558
548
532
552
560
594
586
598
588
592
598
598
596
602
614
640
634
616
610
618
648
660
648
598
632
648
620
622
594
608
608
582
578
568
560
606
744
836
848
782
726
688
640
616
626
648
676
710
738
650
722
750
742
738
718
642
650
648
682
682
644
678
710
746
710
648
694
702
684
634
668
676
690
664
622
644
646
602
586
578
584
594
648
624
624
592
614
622
668
686
686
686
602
620
634
670
700
706
686
676
710
742
736
688
658
678
626
654
668
700
694
676
604
614
632
728
792
756
666
586
622
624
642
636
594
612
636
680
700
630
670
694
652
664
706
730
656
652
600
622
628
636
668
622
674
648
624
672
728
730
714
680
670
680
650
616
642
692
664
654
688
702
654
664
644
612
636
608
664
462
576
724
692
664
620
666
678
668
670
626
630
612
610
596
578
566
568
550
578
604
730
840
824
792
730
724
718
652
626
566
580
576
600
642
628
628
618
624
670
732
724
648
710
718
718
686
666
654
618
600
640
784
758
704
754
764
706
630
616
624
636
628
612
624
634
614
612
580
566
558
556
560
614
656
658
612
624
630
616
584
606
626
660
656
626
646
668
726
684
684
696
706
700
640
590
594
640
866
862
806
746
710
714
674
632
614
600
582
600
604
642
614
634
610
588
592
594
604
594
572
566
574
610
644
630
602
630
694
670
652
638
638
636
652
576
642
654
642
642
648
632
586
580
596
596
606
628
672
754
722
634
624
626
624
626
602
568
568
586
644
622
690
680
686
660
608
588
576
574
566
548
566
590
644
654
634
638
586
592
590
618
660
648
690
696
642
628
656
662
644
610
640
684
750
738
720
612
624
612
602
602
594
576
550
566
596
628
684
660
664
664
588
620
622
638
616
630
604
642
682
690
662
638
632
682
488
592
600
612
598
610
618
662
686
654
642
612
612
594
598
574
568
550
548
588
720
788
758
724
614
640
652
664
662
664
672
634
636
646
650
650
656
650
648
654
648
598
598
628
642
648
638
598
630
656
660
620
614
598
592
564
514
562
538
548
598
632
628
620
628
590
570
556
560
566
580
590
586
624
610
572
604
638
634
630
654
632
672
624
640
628
616
610
596
582
578
598
610
648
672
696
650
602
630
638
682
660
634
670
666
700
628
626
654
606
634
628
590
612
612
620
618
648
616
588
598
608
604
592
616
634
604
644
636
660
652
596
596
612
654
658
628
616
626
616
632
634
596
550
566
566
564
588
584
592
566
576
574
588
576
562
580
674
788
736
694
652
638
608
582
558
560
560
632
672
628
636
672
674
712
670
646
680
686
668
618
646
678
644
596
604
640
698
692
640
654
656
680
632
602
630
770
772
696
672
674
688
614
646
666
660
662
704
494
566
592
664
738
754
684
658
628
604
576
562
570
580
590
556
586
632
672
626
632
646
666
628
616
618
630
624
580
604
606
642
656
648
638
612
596
564
592
636
668
712
614
626
664
636
616
612
634
628
624
618
586
554
568
560
592
640
608
592
566
568
556
566
552
534
522
538
728
796
732
692
594
600
618
604
610
596
576
546
542
524
520
506
510
518
604
618
620
658
668
642
708
746
752
656
698
678
658
636
572
578
582
634
680
624
662
738
838
814
762
656
692
660
650
612
604
612
634
610
600
636
652
678
666
652
624
604
596
584
592
554
564
564
584
622
642
618
592
628
654
656
648
526
614
704
830
824
782
732
646
606
622
650
658
668
638
584
590
622
622
622
606
626
642
670
672
646
646
648
648
606
632
604
608
592
604
582
606
612
594
618
618
642
674
648
624
642
640
634
588
582
604
682
684
644
638
600
576
558
562
548
580
598
666
666
620
680
676
652
630
598
588
608
650
656
658
584
634
692
672
678
712
654
642
674
658
638
592
568
582
570
628
598
576
648
692
762
750
670
596
614
654
748
766
686
688
694
650
660
648
626
568
552
598
494
572
548
536
516
524
406
494
360
482
386
876
508
496
492
490
494
456
472
484
478
480
480
484
498
512
526
536
524
530
514
500
500
542
646
684
626
610
596
596
562
538
526
524
516
504
572
626
616
656
688
702
726
712
650
590
570
608
712
732
668
644
744
814
792
770
732
664
658
782
834
828
764
658
704
730
760
768
744
764
834
842
748
680
718
756
804
764
674
724
806
822
752
750
748
752
654
662
738
788
782
680
692
688
732
780
796
700
612
596
908
836
822
790
716
698
642
616
632
704
734
692
734
796
764
710
662
618
582
592
642
706
754
832
796
748
720
740
794
794
784
782
754
708
718
730
724
740
688
640
700
742
730
680
646
686
734
668
702
728
714
644
668
658
692
672
662
692
714
706
678
678
686
710
668
678
740
786
692
702
682
700
656
688
674
722
690
622
628
626
664
652
644
702
742
692
694
662
690
646
664
718
836
826
712
742
706
734
756
746
648
666
690
712
798
768
794
792
732
706
648
626
640
678
710
662
638
700
706
662
614
628
634
618
604
582
600
648
700
680
638
572
584
592
610
608
604
596
594
582
570
568
568
588
622
604
570
628
652
678
640
602
626
678
708
684
660
634
594
600
608
612
586
540
574
580
622
676
678
648
606
606
564
592
692
626
676
702
722
740
722
628
660
674
700
702
734
732
670
702
692
664
718
736
738
676
694
724
792
802
714
670
716
740
736
688
716
736
654
714
700
726
656
730
818
840
792
806
812
796
732
710
730
746
738
670
664
630
622
554
582
658
658
634
732
780
792
774
734
642
642
646
612
600
650
660
654
684
706
730
792
838
824
722
722
710
708
700
662
654
744
788
758
644
688
840
856
804
700
710
688
646
612
610
582
636
670
740
734
674
680
692
710
670
716
676
684
646
684
720
716
706
658
656
600
626
626
648
624
594
572
568
578
618
652
592
640
576
584
572
550
554
552
552
594
584
598
574
574
598
640
610
608
604
592
554
562
586
666
676
686
704
670
618
654
658
682
712
722
636
674
702
756
732
682
676
626
604
598
576
564
554
540
534
570
626
640
598
586
556
552
576
616
624
610
628
644
654
632
590
600
602
590
568
568
574
580
598
588
582
560
548
622
710
664
614
558
542
536
522
518
512
498
510
506
502
504
498
490
496
486
480
474
502
482
472
472
468
464
464
460
480
474
512
482
494
558
544
538
636
690
688
708
626
532
526
536
524
546
524
404
500
506
506
506
506
490
478
468
468
460
464
456
450
448
450
450
452
464
454
470
486
552
604
638
594
598
542
614
592
612
538
624
620
644
610
526
560
588
556
538
568
596
630
632
586
588
618
626
588
638
674
646
640
718
710
668
700
694
668
648
632
598
488
540
554
592
586
584
664
670
636
634
660
646
576
554
546
532
524
514
520
566
572
554
528
512
510
510
510
548
552
558
576
556
542
528
516
510
500
498
530
568
642
572
624
656
566
658
712
628
598
618
686
666
596
578
580
558
550
536
508
524
522
498
518
540
564
542
542
556
568
592
568
580
604
666
590
580
664
760
798
760
652
680
708
636
612
720
820
832
672
646
672
684
700
644
708
736
796
704
734
740
712
618
700
852
836
814
766
710
630
684
674
710
628
670
742
766
672
750
746
636
700
674
678
686
720
830
804
802
690
696
728
734
654
694
704
648
594
556
590
644
760
760
668
700
714
756
684
702
760
778
722
672
716
730
696
736
762
794
728
744
772
752
692
698
782
810
822
750
776
774
708
752
782
792
672
688
734
782
750
744
736
732
708
666
688
770
796
728
808
830
756
736
730
690
612
682
710
792
776
734
792
792
766
680
644
718
770
704
722
808
796
750
738
814
786
732
626
656
760
862
840
732
670
776
860
864
820
766
786
820
800
756
752
694
710
734
778
704
620
634
650
608
622
672
720
682
676
696
660
682
706
692
710
646
628
682
728
798
772
770
798
784
778
726
672
724
700
716
744
730
648
614
664
774
754
810
770
744
718
724
684
614
612
636
666
670
686
724
756
726
680
678
638
608
620
644
674
700
656
706
776
736
692
640
682
702
694
660
624
692
698
766
758
690
694
668
634
686
766
762
734
612
614
588
556
590
716
808
822
758
724
766
782
732
730
726
736
644
668
744
782
796
726
694
768
782
758
690
634
672
682
638
598
694
784
754
704
662
724
746
700
652
652
722
784
760
776
788
746
668
668
698
654
714
756
760
742
664
700
710
738
730
740
628
702
766
824
812
802
800
700
680
654
676
634
618
654
710
712
732
704
630
668
610
638
676
744
706
636
662
696
712
700
646
676
680
670
658
614
598
632
672
656
594
650
708
798
788
696
668
686
666
604
622
652
732
726
702
692
740
754
738
702
680
698
718
722
676
666
672
710
710
668
718
722
702
702
734
734
666
622
632
624
606
622
604
636
676
682
656
656
670
686
670
650
624
596
602
574
610
636
698
680
680
666
648
654
590
594
598
594
606
596
646
702
698
704
688
646
658
672
640
666
648
614
576
566
586
678
754
760
780
796
734
712
696
696
624
598
670
770
756
686
726
732
726
682
628
700
728
754
684
628
658
686
706
652
630
672
708
718
652
638
682
704
640
688
686
702
680
622
684
728
716
710
654
616
662
672
712
694
666
668
680
698
692
708
742
756
726
722
698
664
630
586
566
950
904
868
858
812
754
696
688
658
696
700
732
698
634
612
586
610
636
696
744
686
650
682
700
704
696
704
714
708
680
698
708
726
722
678
650
692
724
712
686
668
716
732
730
708
716
708
666
644
666
690
720
694
662
618
600
600
612
628
638
626
596
592
658
724
652
690
770
800
730
678
712
712
706
634
638
678
760
744
688
706
738
744
730
662
654
678
686
678
638
650
704
750
744
680
678
698
734
730
724
638
646
722
798
722
660
626
590
566
562
574
598
582
588
658
760
778
692
646
684
682
712
718
682
626
666
716
756
794
714
734
734
716
698
666
748
726
692
650
672
662
674
720
678
654
704
734
708
654
660
630
646
626
610
590
578
594
642
688
662
668
618
664
712
744
682
670
682
678
652
622
612
574
598
606
590
600
626
758
760
730
706
646
596
558
558
560
592
590
588
594
622
682
712
686
644
638
700
738
622
564
580
728
856
658
598
650
674
678
654
586
638
646
632
626
618
614
610
586
610
632
710
712
682
690
694
664
688
704
704
718
720
708
718
736
784
754
726
710
690
650
614
642
670
734
720
698
670
680
734
722
720
718
656
660
698
716
782
748
742
764
740
698
648
670
700
726
690
650
700
716
688
664
690
694
716
698
654
672
670
658
642
632
666
684
744
706
686
682
634
596
580
618
638
690
658
656
674
686
716
690
660
688
668
678
684
650
652
614
628
626
680
658
606
618
646
674
654
676
668
636
628
600
628
664
700
716
694
698
618
602
620
650
670
618
604
660
610
620
640
632
652
614
588
578
552
546
558
630
660
652
646
598
590
630
644
680
602
654
666
696
650
652
628
632
638
612
608
624
644
618
624
674
654
648
594
594
608
652
670
632
618
642
652
668
624
636
624
640
602
622
644
672
682
616
624
642
648
630
624
640
654
662
688
672
714
760
