638
706
744
750
736
750
706
694
700
648
666
672
686
758
770
784
712
700
722
724
706
732
726
708
712
694
664
684
678
678
678
670
676
708
698
688
684
690
654
618
620
622
618
618
640
684
736
724
720
714
722
684
672
690
754
750
738
734
728
726
710
706
724
736
744
728
702
724
710
750
732
736
720
740
748
746
732
694
708
708
762
728
742
762
770
730
718
722
728
720
718
702
710
734
758
758
762
708
702
702
698
732
728
742
744
718
690
702
688
684
694
780
832
830
806
728
708
720
706
736
720
716
716
726
718
660
656
670
662
752
718
708
742
772
748
760
746
736
738
702
650
646
656
650
666
660
650
648
672
766
806
764
794
838
868
832
792
722
722
716
716
738
720
712
698
690
710
696
718
744
754
740
756
712
674
668
690
684
690
684
706
784
794
790
778
806
752
752
710
680
662
666
658
664
672
690
696
678
686
682
724
726
706
750
756
774
764
722
732
746
746
730
732
724
726
726
762
778
764
738
728
736
750
796
798
786
734
712
736
740
720
752
762
756
744
768
734
728
690
676
662
624
626
606
620
754
746
742
766
846
874
804
766
784
786
844
820
826
772
742
702
708
720
736
728
732
728
738
738
742
724
722
764
732
734
702
674
704
776
798
818
802
818
818
774
780
746
698
696
712
738
722
748
732
726
708
726
734
738
722
720
724
710
712
736
770
788
750
756
764
768
720
770
796
824
778
736
760
754
744
746
732
726
704
700
680
686
768
778
740
770
718
716
670
620
678
670
700
730
696
720
744
764
758
768
736
712
696
696
700
700
702
676
690
684
670
668
682
724
764
768
758
760
724
712
660
664
670
700
690
726
752
806
744
758
754
752
756
710
704
728
740
774
728
738
740
772
744
740
732
718
680
678
694
678
674
686
666
668
662
678
682
670
706
778
828
828
816
780
754
784
786
764
762
724
728
680
664
648
666
672
676
692
670
682
708
798
770
748
758
756
808
774
770
768
770
762
742
728
740
706
706
686
664
634
648
650
704
802
722
744
744
754
756
704
708
726
704
726
714
728
754
776
754
754
750
752
744
732
706
726
704
718
734
704
714
706
672
656
642
628
652
658
754
774
748
750
752
756
800
782
726
692
678
682
690
672
708
694
728
708
706
720
754
766
758
722
744
734
728
724
718
706
696
714
718
732
760
778
782
752
732
728
732
734
740
724
716
718
706
706
730
758
764
746
740
774
766
760
770
744
698
640
686
666
662
686
674
720
734
710
736
710
726
698
680
686
696
692
684
688
690
676
710
680
698
656
646
650
638
648
636
722
720
702
704
700
688
686
676
664
682
738
690
730
766
816
770
780
748
784
744
736
722
732
698
682
684
682
672
706
700
682
682
684
670
682
676
680
794
808
818
786
736
778
774
772
760
744
734
718
686
682
686
686
672
740
776
748
806
744
722
694
692
702
690
680
686
710
740
768
782
784
776
726
764
758
762
748
722
726
722
764
804
794
776
774
740
732
750
748
706
740
756
832
810
794
800
748
734
696
734
726
730
720
706
688
680
684
666
672
682
754
748
734
756
694
718
740
790
780
770
766
732
694
726
732
826
754
732
758
750
740
740
720
710
686
682
694
716
782
724
688
680
696
684
750
742
750
734
752
698
668
678
682
730
736
748
734
740
694
716
724
762
764
740
744
746
724
684
660
636
630
630
708
758
764
746
796
828
822
820
834
784
768
762
712
714
744
792
742
792
818
848
830
848
792
728
700
738
736
734
700
710
836
882
844
818
780
768
750
774
758
768
752
728
724
696
680
684
690
676
742
736
752
746
750
756
728
676
688
700
688
744
764
756
738
716
736
716
752
722
744
706
656
668
668
678
676
726
718
734
712
754
760
750
720
756
738
724
718
722
732
716
702
722
718
712
676
692
702
690
678
706
706
714
694
696
690
682
680
700
664
648
632
624
642
640
620
622
616
648
676
686
722
764
732
746
750
738
748
718
748
736
692
706
690
688
706
708
738
708
704
702
692
704
694
688
672
670
668
660
722
718
742
756
738
756
730
704
696
696
704
712
702
756
722
742
762
784
772
786
722
686
684
684
708
712
704
722
726
722
726
692
708
708
696
722
720
682
692
656
674
670
678
682
664
656
668
680
760
730
726
704
716
702
736
714
704
680
676
668
666
652
660
668
712
704
700
716
668
660
654
628
624
632
616
626
638
738
756
736
758
738
772
762
702
736
730
700
682
708
702
700
698
696
674
662
674
680
682
668
688
684
704
688
712
708
708
712
714
704
732
724
714
706
696
674
680
670
662
656
666
652
660
672
670
682
694
696
652
672
676
658
670
656
672
666
658
658
648
652
644
646
642
636
618
604
604
612
624
654
656
654
668
616
606
618
616
698
710
718
706
710
738
828
794
772
772
702
706
674
694
694
674
696
666
680
688
696
750
750
748
698
736
720
710
726
710
690
702
686
726
718
706
692
712
698
712
692
708
758
740
730
702
724
750
802
764
784
752
730
724
716
706
706
702
770
776
748
744
722
682
686
654
666
668
696
678
708
734
710
728
692
720
714
712
692
682
700
702
702
668
674
672
658
692
674
664
676
684
660
672
652
646
644
638
656
652
652
690
674
678
688
650
652
614
580
620
600
618
690
678
722
774
784
778
770
732
696
716
686
676
688
690
656
646
644
660
642
650
648
654
680
698
674
706
656
672
634
632
614
608
592
582
590
606
646
690
656
664
642
654
656
638
632
624
638
644
632
622
616
604
600
600
592
656
646
644
658
628
618
628
618
614
618
622
602
604
614
610
654
662
630
656
614
628
738
730
744
728
708
654
656
666
660
692
706
672
692
668
660
668
664
698
688
674
698
646
636
644
616
606
614
598
592
590
582
606
634
588
616
626
648
674
690
682
662
674
672
658
682
668
690
716
710
698
700
694
692
674
660
662
682
722
748
742
740
686
680
712
678
706
712
668
692
692
774
746
744
732
730
706
706
674
686
680
668
670
664
658
666
660
668
670
644
636
642
630
632
646
628
630
646
640
622
636
618
632
620
628
646
660
650
646
660
664
658
692
730
744
772
750
762
716
676
668
636
624
636
650
666
650
646
684
726
706
732
736
726
702
700
692
692
680
676
702
696
704
654
658
656
648
640
644
632
694
670
680
672
670
678
646
654
646
670
658
670
678
664
682
676
654
648
646
656
654
646
656
628
592
586
578
576
652
688
684
684
636
640
652
648
648
630
628
630
618
650
642
634
642
644
648
666
684
718
698
696
648
674
666
676
672
652
660
618
612
628
632
636
668
646
652
658
672
700
680
684
642
640
616
624
620
620
626
626
624
656
640
632
658
626
594
568
612
604
644
654
622
646
628
616
622
638
660
660
708
624
638
622
630
604
598
586
584
586
598
580
580
584
578
590
584
580
572
572
568
560
564
578
598
614
618
608
614
600
620
588
586
574
572
582
570
588
582
600
628
648
638
638
670
670
670
680
644
674
676
666
660
646
626
642
648
654
662
656
646
650
660
636
660
664
648
664
676
694
704
696
670
674
672
658
660
672
670
678
670
670
660
650
660
674
644
658
658
686
702
692
708
684
694
650
710
668
682
672
676
692
654
660
644
630
640
626
646
642
656
672
652
646
668
670
668
680
646
658
672
666
644
648
662
640
666
646
662
660
660
650
662
684
662
682
662
662
668
638
650
662
654
662
644
666
660
672
670
676
658
670
668
636
634
638
646
638
626
618
622
626
632
624
612
664
630
624
630
634
628
616
624
638
652
634
652
626
626
618
614
612
612
626
622
606
606
608
616
620
630
620
620
634
640
632
648
654
630
636
630
628
628
632
674
676
678
672
656
642
634
620
618
612
670
676
646
664
696
688
668
682
692
692
704
684
676
674
668
648
670
650
670
654
668
678
692
662
654
716
668
658
658
652
652
674
642
656
642
690
678
682
664
664
666
644
662
660
666
652
646
664
648
662
658
694
702
670
690
664
640
654
660
676
688
676
678
684
666
648
658
662
654
652
652
636
668
650
652
664
644
638
640
626
650
634
644
656
658
660
650
662
668
656
664
654
674
696
656
634
648
600
590
596
602
602
602
630
620
608
614
646
656
664
668
650
640
618
622
598
554
586
588
588
600
634
660
704
726
748
716
734
684
666
646
610
608
590
584
580
572
566
580
578
570
566
564
564
554
562
560
554
616
664
626
676
650
644
662
650
658
642
662
664
634
640
634
616
620
614
610
606
600
606
618
602
628
624
616
628
626
608
610
612
614
626
606
596
594
592
594
598
584
614
616
626
632
616
622
610
622
604
600
602
606
608
604
618
644
654
634
650
666
684
658
662
668
666
664
678
650
648
662
646
634
656
648
670
652
656
652
666
632
638
602
600
596
598
594
584
588
606
600
606
600
592
610
592
582
576
584
584
570
616
602
608
604
602
592
590
588
590
590
582
578
588
602
600
588
586
598
618
612
600
608
602
596
614
594
580
582
584
594
580
612
604
608
610
652
680
686
678
656
656
664
640
628
628
628
638
622
616
622
608
634
612
608
616
608
604
594
618
604
572
566
574
558
566
544
542
566
582
592
584
582
598
610
596
584
592
592
582
612
570
578
592
562
562
556
558
560
564
552
544
556
552
554
548
546
544
546
544
544
544
540
544
534
542
528
532
520
516
518
528
514
512
548
550
566
574
570
570
572
588
578
576
570
586
608
614
600
610
608
620
606
602
606
626
624
620
612
624
638
642
626
626
642
640
640
630
668
706
720
704
658
656
640
628
646
614
614
600
596
614
656
622
634
646
646
658
620
618
628
618
616
612
604
618
622
608
600
598
602
586
584
594
596
590
590
586
574
600
594
600
614
608
618
610
608
608
620
608
612
606
624
590
590
584
590
572
570
566
582
574
580
588
574
606
606
598
610
626
628
618
610
634
602
600
614
592
580
590
570
566
584
608
638
638
632
650
626
642
654
654
638
636
622
620
622
626
610
612
602
650
672
676
662
682
684
696
672
684
676
636
622
594
634
640
638
644
620
626
638
618
604
612
606
614
604
610
608
602
596
594
596
596
598
596
596
590
578
582
576
578
570
570
574
564
576
608
604
590
614
622
624
608
612
606
594
620
596
596
602
584
594
598
580
598
594
592
596
598
588
584
596
612
628
624
628
640
646
640
628
624
646
612
608
600
598
608
610
604
618
598
630
614
612
614
624
628
628
614
626
624
624
624
612
610
614
610
624
626
626
624
634
648
652
634
642
664
674
674
684
644
630
646
630
624
622
654
636
662
684
690
680
694
658
664
672
666
646
662
672
672
680
660
684
678
664
684
658
632
624
632
622
618
608
610
602
598
594
588
560
594
568
620
620
626
616
614
626
646
650
648
636
640
626
636
630
626
644
618
626
616
610
608
594
588
586
582
588
592
584
634
632
638
646
666
644
640
648
642
652
636
658
646
610
606
592
610
606
612
612
590
590
624
612
632
650
644
656
622
638
622
662
644
636
662
644
648
648
634
640
650
624
670
646
632
658
644
630
614
612
624
614
608
600
592
590
582
586
578
572
572
570
554
548
554
556
554
570
576
558
596
612
620
636
622
614
634
598
598
612
600
598
582
600
598
588
578
576
596
594
580
586
582
582
592
592
588
582
586
570
602
598
590
586
582
576
574
574
570
566
572
568
562
552
552
556
548
566
540
540
554
556
546
574
570
560
554
562
560
562
568
568
564
564
574
582
568
560
556
550
544
550
544
566
560
554
604
560
560
560
560
538
624
558
568
618
616
596
622
598
594
606
604
594
602
590
628
620
604
624
606
620
628
616
608
608
598
634
624
604
628
610
620
622
620
616
620
632
614
614
634
622
622
628
610
610
622
620
632
606
598
596
614
592
586
590
586
598
600
588
582
574
572
584
592
586
582
598
600
578
596
586
588
584
582
588
576
574
590
590
586
574
576
590
582
574
568
578
570
570
564
558
562
554
560
558
556
562
574
580
574
568
584
590
596
576
578
584
574
590
590
598
606
588
610
578
580
580
636
648
620
642
634
652
730
686
676
656
672
672
656
640
628
640
646
636
628
614
614
614
610
586
596
594
598
600
604
582
588
602
578
588
584
580
580
582
586
586
580
578
590
564
558
566
568
598
634
630
614
618
642
648
636
652
626
612
624
616
620
610
614
628
620
642
624
614
632
654
664
648
666
636
648
656
652
624
624
638
618
654
646
634
652
652
632
658
626
634
644
622
624
616
640
632
618
642
612
628
610
658
680
660
668
626
648
694
722
746
738
740
686
670
678
636
636
634
640
606
606
604
654
664
664
660
670
648
666
660
678
684
672
642
642
632
664
642
652
648
638
676
668
658
680
642
638
600
600
596
596
594
626
712
710
680
672
662
688
664
666
656
678
692
678
698
654
656
670
658
654
644
640
626
614
598
594
596
566
556
558
548
550
546
552
554
554
534
540
598
594
594
596
620
662
682
656
660
634
612
612
606
606
610
598
592
634
612
602
628
616
618
614
632
610
658
668
680
694
670
692
652
644
660
632
626
646
620
636
634
628
678
662
670
636
654
642
634
614
620
622
608
642
640
658
696
686
676
718
694
700
684
678
716
700
702
674
684
686
674
654
658
660
646
656
660
672
704
686
670
684
684
676
698
676
696
660
668
674
648
644
644
646
614
608
602
594
592
598
588
582
580
576
574
562
566
558
560
588
592
614
600
628
654
640
626
650
672
690
628
640
650
642
630
632
626
644
632
644
638
652
658
648
654
614
622
622
612
638
644
676
680
670
662
660
656
674
652
646
652
636
616
612
612
598
620
642
634
634
668
662
646
678
698
706
682
690
696
718
710
678
676
696
658
672
660
690
676
660
684
686
662
684
684
686
680
674
670
666
646
648
634
634
670
684
744
758
742
768
772
770
764
680
670
688
670
640
648
636
646
636
628
630
618
678
708
710
700
672
664
650
648
632
616
620
584
610
596
620
626
634
634
622
622
630
630
624
628
638
662
646
634
660
658
666
634
652
640
664
644
632
660
628
622
608
602
614
608
624
610
604
604
594
592
624
624
634
614
614
614
624
626
608
626
594
588
614
586
606
604
608
628
628
638
660
642
636
656
666
682
666
672
692
692
690
654
684
672
656
682
672
680
642
660
652
644
654
654
652
664
652
656
660
642
640
658
672
662
652
666
670
658
664
650
652
654
634
654
638
672
662
660
684
682
688
660
680
688
684
668
652
660
660
652
660
660
642
666
706
644
634
628
628
628
658
638
632
648
664
646
666
648
656
658
642
650
646
636
626
616
618
630
608
628
624
652
676
658
686
706
684
700
674
694
664
664
666
692
684
682
702
678
690
690
682
660
646
656
650
674
670
692
726
734
716
728
694
694
684
690
694
670
658
662
652
642
656
660
654
664
670
674
730
718
712
668
660
672
654
708
692
676
698
656
642
654
624
634
630
718
716
852
908
928
938
866
850
880
876
856
846
792
756
788
772
774
748
760
792
774
776
792
762
710
740
738
772
752
760
760
768
802
764
774
770
754
768
768
750
730
726
730
718
740
738
766
786
774
750
772
794
776
750
760
750
718
718
704
718
702
724
716
722
722
708
724
700
716
702
698
716
716
710
700
718
696
730
708
702
698
684
660
660
646
652
662
720
706
712
714
656
658
662
690
730
726
708
716
672
674
678
716
690
692
712
686
674
676
694
672
684
694
656
662
740
736
788
786
758
772
722
720
722
724
720
708
728
730
708
722
732
746
738
732
708
686
712
696
698
702
714
754
772
744
730
700
702
722
690
692
710
704
736
706
704
732
738
718
718
706
692
696
702
692
668
668
664
654
658
654
650
684
664
688
716
720
720
680
680
686
670
678
680
702
676
678
698
668
676
692
720
726
706
732
714
710
674
688
668
682
672
684
672
690
668
672
676
672
674
704
712
700
656
678
692
678
686
694
744
738
718
736
752
770
750
734
720
712
728
712
708
702
748
728
716
748
758
756
754
718
718
742
716
704
716
726
684
690
692
664
672
654
640
654
658
656
660
652
668
680
682
702
678
688
670
664
686
666
656
656
652
648
670
672
672
664
682
640
626
646
622
634
628
628
614
614
606
642
710
688
692
720
784
740
740
766
728
722
698
692
644
646
656
630
624
632
624
650
686
672
668
680
662
632
656
634
636
640
646
632
654
648
644
658
644
636
632
626
624
618
634
630
614
612
624
678
676
686
692
686
686
714
738
744
740
754
714
712
734
708
754
744
750
734
744
746
724
718
732
704
696
650
646
648
642
622
628
624
648
666
666
678
718
714
698
720
716
734
734
702
690
704
686
690
704
704
670
692
674
702
718
708
700
692
716
664
654
650
658
636
636
648
646
666
698
702
694
696
690
656
616
618
606
612
614
602
596
600
606
600
586
598
592
598
598
588
620
634
608
620
596
590
588
582
578
582
582
570
608
606
598
584
580
582
574
572
588
598
618
628
630
610
618
628
622
656
658
646
662
656
682
688
700
694
696
686
690
668
628
620
626
632
632
608
614
608
638
618
620
636
620
660
644
646
658
672
670
672
630
634
628
612
634
616
638
676
680
684
672
672
604
610
626
604
674
706
708
718
702
720
678
640
630
626
638
706
694
682
704
672
640
634
618
632
624
612
612
618
628
618
628
610
614
634
628
630
640
638
628
620
616
624
626
618
640
626
638
620
610
610
616
626
606
608
608
612
614
608
600
598
610
604
598
612
606
596
590
596
606
610
590
602
614
596
612
610
614
630
630
624
614
628
638
638
646
614
640
642
638
620
618
638
656
622
634
634
656
660
658
676
642
652
642
660
646
636
654
656
644
660
640
654
650
644
618
628
634
636
614
612
626
626
648
636
634
640
648
652
634
632
632
642
632
620
624
650
642
634
648
682
700
688
682
694
676
692
666
654
672
654
674
658
654
672
692
692
690
664
682
684
664
648
660
644
640
626
614
616
618
624
622
666
650
638
666
674
702
646
644
670
658
732
672
698
718
692
708
710
690
710
690
672
676
694
670
698
712
718
702
728
726
748
718
720
698
658
632
626
632
668
662
670
674
648
654
722
738
730
736
688
722
718
722
690
676
696
676
722
710
698
710
680
646
662
648
738
734
720
702
724
708
700
692
688
718
686
726
742
734
734
700
714
708
714
686
684
656
650
656
654
662
764
796
798
774
746
692
694
694
690
688
688
692
676
730
748
738
750
754
706
690
692
700
696
664
670
664
646
662
652
648
652
650
618
620
632
626
614
608
622
620
612
612
620
628
614
622
610
608
612
608
602
598
606
604
616
644
670
668
662
638
646
702
682
676
720
734
764
680
700
718
690
714
674
690
678
720
682
678
706
728
720
720
700
708
706
740
706
694
706
702
728
704
700
710
714
694
706
688
690
710
702
692
682
664
668
678
662
684
724
720
720
728
726
732
704
702
674
694
696
682
666
670
670
670
664
656
654
662
654
664
650
644
646
656
668
714
704
694
696
690
694
692
696
686
696
670
674
674
688
688
672
692
696
686
688
690
670
674
706
686
680
690
670
672
722
712
698
702
668
642
658
726
698
740
722
734
698
700
704
704
670
686
688
680
650
668
664
694
684
670
682
656
676
660
664
672
656
642
652
666
656
620
648
652
672
650
656
750
752
720
730
756
758
758
756
764
728
718
738
722
716
702
702
692
668
680
680
666
686
682
732
700
688
720
682
670
662
638
614
612
618
612
618
608
622
606
634
622
632
660
662
650
654
670
674
654
664
656
662
646
668
646
644
642
688
672
678
716
730
708
726
686
708
704
670
666
688
664
684
686
712
720
700
710
682
690
718
694
706
674
686
688
692
680
668
668
684
672
722
692
694
728
742
724
740
746
748
732
708
736
734
698
720
724
700
730
708
680
674
660
658
672
664
664
682
680
718
716
716
686
674
656
656
648
646
640
630
654
658
696
736
752
728
734
730
712
700
710
706
742
726
688
678
692
696
680
686
776
798
810
712
720
742
722
708
704
690
678
652
614
638
634
674
662
644
648
664
712
766
708
738
776
798
794
780
762
764
814
790
740
740
764
714
736
732
752
784
744
764
760
748
772
762
756
766
766
724
732
714
736
794
756
742
750
746
778
784
750
748
766
752
736
752
740
738
744
716
734
724
736
732
726
734
714
690
700
712
762
806
778
760
758
752
740
752
716
710
668
660
660
734
720
728
730
714
722
718
682
708
710
756
736
720
690
686
700
678
704
686
714
704
692
754
792
756
756
728
714
706
714
688
702
690
670
672
662
678
670
684
684
692
672
666
662
652
676
656
674
646
656
656
688
666
672
694
708
688
700
704
696
728
706
720
750
758
734
686
708
696
708
718
704
702
690
690
702
698
682
674
662
668
716
718
730
726
718
690
696
708
690
702
716
666
684
674
684
690
726
740
736
740
708
734
736
724
710
712
762
764
760
716
696
716
764
794
756
754
750
752
738
734
710
702
746
808
810
806
820
756
752
746
732
746
776
812
796
788
740
762
730
720
730
722
764
744
792
868
864
842
758
786
774
780
792
774
768
782
784
790
776
766
760
806
812
806
788
768
776
762
754
766
758
716
730
714
720
724
762
732
754
750
752
734
714
716
730
734
702
694
706
714
690
692
696
714
748
734
740
712
736
724
750
746
756
740
754
740
710
714
710
714
692
730
768
750
758
744
754
802
776
786
772
764
792
784
756
764
830
808
810
766
780
832
792
784
830
876
894
868
820
800
810
812
802
816
796
792
800
786
790
766
770
832
780
792
790
776
846
838
816
776
810
812
854
838
784
816
814
852
842
788
806
828
866
844
830
798
816
804
806
808
786
802
790
788
786
760
790
766
788
774
766
762
796
784
770
782
814
784
778
778
774
774
788
754
778
778
762
760
736
738
736
722
728
720
724
692
700
700
704
706
702
728
730
710
720
692
700
700
706
702
758
768
756
742
740
778
770
756
778
758
762
740
752
822
764
736
738
738
728
716
688
716
696
722
700
720
776
786
766
740
750
786
772
750
760
752
778
780
772
752
728
736
768
772
760
758
814
840
840
786
782
766
750
730
704
688
674
660
656
632
630
642
634
634
644
652
630
660
650
728
766
928
1002
902
864
776
768
750
768
854
806
786
764
782
786
790
772
850
848
812
830
808
822
828
786
794
806
780
786
762
736
748
744
788
790
776
782
768
768
768
780
776
778
764
734
736
698
698
718
704
804
736
720
718
720
718
720
670
672
686
662
734
718
740
796
838
800
824
828
824
810
770
772
790
832
784
790
790
792
824
792
794
788
794
778
820
764
748
760
776
824
782
794
768
778
772
796
768
774
786
798
764
706
742
746
750
816
776
776
774
752
776
806
770
782
752
756
808
810
798
768
752
776
816
826
802
762
764
756
748
816
814
804
764
752
750
760
798
780
734
754
756
748
768
750
758
772
770
766
766
742
738
752
738
778
738
726
744
740
730
718
704
704
704
756
770
756
712
718
734
728
704
684
696
658
652
634
650
636
642
640
634
658
634
646
666
670
660
680
640
656
642
686
662
650
668
680
698
672
690
690
704
736
716
728
732
742
792
764
758
726
732
716
728
734
714
690
692
714
758
770
764
754
706
716
716
716
694
678
680
698
724
708
716
720
716
716
706
728
716
742
742
728
750
762
780
774
746
774
774
794
790
738
760
764
836
838
812
776
758
756
796
794
786
802
844
842
840
784
750
772
768
768
756
742
762
744
734
738
726
816
768
784
780
780
772
738
750
804
826
780
788
810
830
796
800
794
792
770
718
736
732
730
718
718
726
716
730
724
728
792
824
852
846
840
802
798
796
736
690
666
676
694
738
716
742
838
840
792
826
810
840
818
802
810
804
806
792
794
784
776
778
762
756
754
768
768
748
750
764
752
770
788
784
730
742
728
734
724
730
702
722
748
798
754
776
828
858
834
780
810
872
826
806
780
780
720
708
704
700
702
712
750
756
736
700
718
