626
604
614
598
608
628
644
656
628
624
632
632
628
644
610
598
602
590
584
584
586
576
578
584
582
576
574
572
568
566
570
564
560
562
558
562
552
556
550
552
550
554
560
554
558
560
562
562
558
558
560
552
558
558
554
562
552
556
562
556
540
536
538
538
532
532
536
542
530
538
538
540
534
540
542
560
544
542
552
538
552
530
540
534
546
536
540
532
542
518
552
548
538
540
538
534
536
534
534
538
548
548
550
544
546
544
542
546
544
542
548
542
546
536
540
528
534
530
534
530
528
534
532
534
534
540
530
530
534
526
524
538
532
536
534
538
544
540
546
552
550
546
584
556
542
562
566
570
568
556
566
558
568
564
548
554
556
552
556
554
558
558
554
554
562
556
546
548
564
560
554
560
558
552
556
550
552
554
560
560
558
552
572
548
546
552
534
548
544
558
542
528
542
520
540
536
546
564
590
570
560
574
582
594
576
584
580
584
580
574
572
570
574
566
586
560
574
566
554
564
570
574
566
588
602
622
644
628
636
594
610
626
626
596
594
608
612
608
588
594
602
590
610
608
606
608
626
618
612
642
672
662
672
638
656
654
640
620
622
622
618
644
632
674
666
666
666
630
648
636
680
760
754
740
740
748
732
730
692
664
662
668
644
648
638
634
674
654
640
648
660
678
656
664
652
666
660
666
660
660
662
650
656
670
628
612
610
624
602
638
636
652
672
676
682
626
628
626
622
612
608
600
610
622
626
666
648
668
690
714
686
708
682
694
680
672
684
682
700
674
630
650
648
646
628
642
654
646
636
614
632
614
636
620
630
672
712
702
684
706
756
778
736
724
714
724
702
696
676
680
680
746
746
732
748
752
770
818
780
802
812
798
810
742
752
748
732
712
744
766
748
762
750
784
762
746
736
760
738
694
714
726
758
726
768
776
746
758
730
732
692
692
694
676
700
678
662
646
646
650
650
656
664
682
664
674
638
660
628
640
642
638
626
598
630
604
606
600
592
582
576
594
612
608
594
620
608
680
764
812
814
812
820
818
818
810
812
740
684
678
686
684
734
700
716
724
702
714
720
712
774
746
706
732
696
672
664
690
668
690
680
718
796
742
754
766
840
780
796
822
836
794
764
786
846
842
832
868
870
832
796
762
738
720
736
730
786
760
754
772
722
714
722
720
716
718
760
780
738
766
786
798
768
764
766
774
778
764
772
858
830
834
904
914
874
864
872
862
832
794
794
768
744
752
760
706
722
734
752
744
740
740
782
742
776
792
812
786
782
782
754
724
744
730
724
752
752
748
756
762
744
790
766
778
786
762
744
712
730
724
764
730
732
730
716
708
718
708
744
720
720
738
716
726
678
678
668
684
666
686
686
718
730
708
718
728
718
720
710
728
768
752
738
748
768
738
734
698
672
664
654
632
610
622
602
624
602
648
706
726
714
714
666
624
630
634
664
720
702
694
716
684
698
696
688
704
772
820
782
768
732
744
764
724
694
716
708
702
698
724
738
726
746
770
732
754
730
698
674
680
690
678
758
718
710
728
706
694
698
708
706
716
736
744
768
758
736
728
696
696
712
708
746
784
796
782
778
772
772
728
728
724
734
706
700
698
752
728
752
750
732
742
710
704
680
698
684
756
768
736
776
786
796
786
722
708
716
686
716
712
712
744
736
748
732
648
650
660
634
658
646
682
702
712
746
754
730
750
736
750
724
744
738
712
736
718
714
720
708
702
704
670
688
692
702
712
744
792
756
754
764
824
844
798
794
800
826
872
872
868
802
778
776
718
706
722
754
800
774
788
816
882
864
842
838
836
830
788
808
840
810
736
764
784
832
786
842
866
856
838
842
848
842
804
846
864
880
850
836
822
834
804
778
820
872
898
858
874
882
872
804
800
792
758
786
792
786
792
758
756
718
700
684
692
758
772
752
800
826
802
804
812
810
752
798
804
878
880
858
840
852
856
886
842
846
858
854
796
728
710
748
746
802
806
818
910
926
886
910
942
948
944
840
858
818
754
772
774
814
796
816
876
890
872
866
838
820
808
822
886
844
762
750
786
944
936
884
900
870
868
824
800
790
804
796
746
716
702
702
716
704
726
700
730
742
716
730
710
722
698
698
760
738
750
788
816
774
788
834
860
844
872
878
866
850
856
870
858
870
834
816
808
834
802
804
854
870
844
898
908
878
896
840
828
842
824
880
882
876
850
834
828
764
792
806
784
790
780
812
826
808
818
776
772
786
792
816
856
828
834
824
814
838
828
792
790
800
750
756
762
760
806
784
738
740
728
764
868
844
812
856
838
844
836
878
856
874
876
896
874
882
864
872
872
840
866
860
922
888
826
850
844
860
840
848
880
890
872
828
832
844
802
786
782
790
796
798
810
824
874
848
872
884
866
852
852
866
852
812
756
764
772
734
750
824
814
800
800
822
884
834
870
892
872
874
876
920
912
900
916
852
830
834
844
826
854
842
832
824
820
764
736
772
800
828
788
802
810
814
824
804
802
804
780
752
772
778
826
790
800
794
800
782
744
764
822
848
818
768
798
808
752
772
780
832
836
822
772
780
786
754
766
784
764
760
772
748
760
756
792
820
794
804
810
816
818
848
814
792
812
820
804
818
742
768
822
900
900
898
904
882
880
878
892
868
878
832
846
856
834
868
850
856
864
866
852
818
830
820
814
824
796
778
778
796
774
802
784
734
762
756
764
760
778
820
828
810
770
802
814
796
802
800
848
886
848
856
896
892
866
852
872
858
840
850
900
916
914
922
904
908
968
958
958
956
944
946
864
894
892
928
908
888
902
894
882
880
856
862
908
930
904
900
918
914
912
890
898
902
912
914
836
814
828
812
870
830
842
856
836
840
832
858
874
876
854
860
872
868
924
900
844
872
884
872
866
874
868
882
868
874
878
888
870
896
870
812
866
868
912
874
880
872
880
870
870
870
862
858
856
856
844
828
836
870
832
784
804
808
798
772
754
772
988
938
886
870
842
810
774
776
792
834
786
824
878
930
960
948
956
946
952
966
930
924
876
840
858
846
884
862
856
870
904
916
918
914
870
874
886
886
842
840
860
850
886
880
876
868
936
924
906
882
910
902
878
850
866
878
862
886
896
884
874
898
880
898
868
848
878
822
810
848
858
846
804
766
764
786
800
850
820
880
894
924
936
904
888
880
872
866
852
862
888
906
906
884
908
898
900
884
856
844
854
850
842
838
858
890
890
880
892
894
874
898
900
854
864
886
882
848
880
858
908
878
884
876
882
852
864
908
906
882
908
922
896
896
874
898
884
904
892
916
896
922
896
902
870
878
882
886
882
894
874
892
866
874
872
866
838
802
824
820
804
826
822
810
818
780
760
778
782
800
802
800
794
834
796
810
842
874
850
850
838
850
862
860
790
808
834
838
856
850
836
912
936
874
834
860
862
792
804
814
810
752
798
786
858
840
822
866
896
924
888
838
876
862
860
874
874
922
888
900
880
878
874
824
836
848
844
804
836
824
868
850
848
854
792
818
828
822
820
794
792
790
800
760
784
770
774
794
806
822
798
824
814
858
868
848
872
826
828
828
734
778
742
742
752
718
748
728
756
736
728
752
742
726
750
754
794
820
848
822
804
814
828
836
874
880
886
888
876
890
852
856
864
846
832
862
844
862
830
850
856
798
808
808
872
904
838
844
836
824
792
818
826
880
896
862
858
832
846
850
828
836
866
896
900
888
894
892
884
890
884
864
858
868
868
922
914
908
902
908
918
880
888
898
878
876
900
884
874
880
890
876
880
870
880
896
902
896
912
928
926
912
920
928
882
886
894
900
884
858
886
870
858
812
816
820
864
818
800
834
848
872
862
842
866
868
812
816
828
882
852
822
866
858
808
798
834
898
836
866
916
900
864
788
808
970
958
942
942
946
936
952
960
958
956
944
952
952
950
964
948
966
850
816
774
756
746
702
698
712
736
804
780
788
804
798
822
816
824
826
838
802
814
898
848
790
852
836
812
842
830
878
884
888
914
860
798
770
744
716
710
734
794
866
942
952
970
956
946
956
920
884
786
832
836
830
808
762
788
834
796
824
808
834
828
838
826
858
868
858
878
874
874
790
746
738
770
774
826
798
818
832
864
846
786
808
806
854
838
782
822
812
886
888
848
886
922
878
882
878
892
926
916
886
818
844
850
854
834
852
906
934
882
868
882
874
910
870
846
880
918
884
856
778
774
734
750
726
724
740
728
720
736
740
676
658
662
646
636
640
622
598
590
584
572
564
566
566
570
556
568
550
538
532
534
544
522
560
546
560
584
590
610
640
664
680
656
674
694
740
742
730
692
678
666
658
620
618
602
614
616
616
666
654
670
706
726
722
722
732
722
696
684
692
674
690
698
702
690
674
694
678
660
670
664
658
650
658
652
642
656
662
638
666
620
658
654
650
660
654
640
656
650
634
638
632
650
620
618
612
612
620
618
620
624
634
616
622
608
616
614
618
606
622
616
614
604
606
614
596
600
614
586
612
604
606
608
596
610
598
586
590
600
612
594
596
590
594
584
582
578
576
576
580
584
578
584
566
568
560
552
556
562
558
596
550
552
542
540
530
552
536
530
540
532
528
538
528
528
522
520
514
516
508
512
508
504
508
522
520
518
524
514
510
516
518
506
520
524
526
526
526
518
522
522
522
528
522
534
526
532
532
530
538
534
544
534
538
534
530
536
544
542
528
526
526
510
522
516
520
510
502
510
520
526
524
516
510
510
512
510
506
508
506
506
510
504
508
504
506
506
506
518
512
510
524
500
538
562
520
538
532
532
524
522
530
522
516
518
526
532
510
550
540
552
558
568
570
558
574
580
572
560
560
564
558
562
560
578
584
570
586
602
630
620
606
640
638
616
646
616
636
622
602
610
614
622
624
594
600
614
614
592
580
584
580
568
570
638
632
608
626
656
668
656
636
640
650
614
622
636
620
630
616
642
658
662
654
618
632
684
666
646
662
652
642
624
584
592
620
654
660
648
706
728
720
696
676
660
682
674
650
666
690
744
714
742
698
738
710
674
662
670
676
690
678
662
666
728
694
694
736
786
780
762
742
752
756
746
716
684
702
728
770
730
790
798
782
766
750
746
722
690
704
716
702
740
734
760
764
734
676
694
810
858
862
856
838
786
776
740
716
740
742
792
760
778
774
758
752
734
722
716
720
684
678
680
666
638
638
640
626
628
652
728
690
704
754
820
770
770
812
852
800
786
794
784
814
804
810
832
804
802
800
814
788
768
754
758
762
752
772
800
786
778
768
780
768
786
762
752
758
762
748
794
812
800
776
762
770
756
764
748
792
810
790
758
760
758
726
682
676
692
686
682
680
734
738
740
742
762
786
758
780
748
754
762
742
732
730
798
756
770
784
822
790
802
778
798
758
762
786
782
790
776
770
782
756
748
772
772
786
792
788
776
808
802
806
796
828
848
820
830
836
830
826
842
812
796
800
806
794
760
750
752
746
756
740
738
766
792
766
790
798
776
762
756
744
748
754
752
766
792
824
842
822
822
818
812
820
816
808
778
796
770
740
778
752
814
788
756
756
768
746
742
762
752
756
788
770
738
736
700
660
652
658
638
652
656
704
706
684
706
708
768
718
736
762
778
762
746
722
734
746
724
722
738
734
750
730
758
792
788
774
766
780
782
784
792
774
770
800
770
770
778
778
790
768
752
784
764
802
764
756
762
758
778
780
752
774
780
794
772
750
752
772
750
746
734
726
738
748
724
752
774
800
778
740
784
786
828
832
816
798
808
790
782
764
762
774
768
764
770
764
788
780
774
756
774
770
744
734
708
732
726
730
710
730
710
758
726
736
738
778
752
756
730
732
730
722
708
672
688
684
650
642
666
646
656
656
704
722
692
702
738
784
764
768
764
758
774
760
746
760
756
722
728
736
736
718
738
734
746
748
746
756
742
758
724
732
738
712
714
724
702
712
716
730
744
728
744
730
744
744
708
718
720
714
694
688
674
668
682
690
690
682
696
704
672
660
674
682
682
672
648
658
642
688
662
682
684
726
692
712
722
730
708
714
732
730
740
742
738
724
718
728
720
726
712
716
718
710
696
670
662
638
624
612
618
616
622
628
644
648
650
640
686
668
682
684
698
702
664
690
690
680
652
664
672
664
678
664
690
718
720
704
736
760
742
754
712
730
730
696
728
734
766
760
696
710
686
686
644
668
660
674
680
720
748
768
738
744
764
768
756
754
740
730
720
682
682
710
684
730
720
708
722
740
720
726
742
716
722
704
712
674
696
668
670
670
682
698
688
688
702
690
684
690
676
680
682
664
700
692
692
710
664
654
668
678
670
680
682
656
648
648
648
648
652
682
678
670
688
712
696
708
682
678
668
682
692
682
710
702
720
728
718
712
700
722
688
714
700
768
724
742
746
728
710
706
708
570
686
646
636
664
646
632
662
638
666
662
664
660
670
650
642
626
624
646
642
630
636
644
636
652
654
642
638
658
648
636
638
646
624
624
634
630
620
618
626
622
616
638
638
646
618
632
642
626
618
648
654
636
652
650
634
642
650
626
638
648
654
648
666
670
676
650
656
658
628
640
640
624
632
626
642
640
626
662
636
646
646
640
636
640
640
630
624
626
618
636
612
612
606
608
608
600
606
594
592
584
578
572
588
584
578
584
580
586
588
590
592
590
580
582
582
590
598
594
590
598
598
592
568
576
576
568
570
568
568
560
562
556
560
560
558
558
566
562
560
558
556
556
554
550
548
540
542
538
546
546
550
540
546
540
546
544
546
544
548
534
570
558
550
584
588
604
596
624
658
646
632
644
654
640
654
642
656
648
638
650
662
630
648
606
630
628
600
620
618
622
636
616
636
604
600
604
600
596
594
604
588
578
578
592
592
576
572
570
572
582
566
558
574
556
568
560
568
600
572
560
560
568
560
560
556
546
546
550
560
556
562
574
550
582
572
574
578
574
574
570
574
574
576
568
570
566
576
576
576
564
558
570
586
576
568
562
574
560
556
550
550
550
558
562
556
554
566
534
532
548
516
512
508
498
494
494
498
490
482
486
488
486
484
488
456
480
484
480
472
476
478
468
472
470
472
472
468
468
464
470
476
472
462
458
460
464
456
448
452
450
458
452
442
450
444
442
432
430
424
434
426
424
416
410
418
414
416
414
408
412
412
412
410
408
426
408
408
412
416
418
430
408
418
426
426
428
426
422
426
428
420
432
432
430
432
428
440
436
432
428
432
428
430
430
424
430
432
416
440
438
440
442
446
450
442
440
444
444
444
440
440
444
448
450
462
464
462
468
464
468
470
474
474
466
466
474
470
490
482
476
478
476
480
480
476
482
476
474
468
468
472
472
472
470
472
486
502
490
492
498
508
520
536
538
528
550
520
536
544
536
538
538
538
526
532
530
548
592
578
586
570
584
594
578
572
588
566
580
550
564
554
544
542
560
564
570
552
568
548
602
608
582
604
584
596
596
608
606
604
596
580
572
564
556
540
566
546
534
522
560
580
552
558
590
588
576
574
588
586
584
586
576
566
592
572
592
594
558
564
564
538
572
566
586
578
586
552
564
578
576
582
570
590
566
608
608
586
586
608
614
600
612
606
608
616
598
606
626
602
604
632
630
628
640
610
584
542
584
560
596
574
568
564
558
552
562
588
576
568
582
608
646
650
642
598
614
696
820
770
766
752
688
642
654
654
738
820
760
740
722
754
728
736
680
720
700
760
774
730
754
710
652
640
666
708
796
914
812
738
730
698
706
738
778
742
710
710
712
744
720
732
746
754
776
752
742
764
756
762
728
736
694
666
690
698
684
696
692
690
674
680
666
740
746
762
746
708
742
734
788
766
728
762
776
834
768
772
754
770
778
748
746
738
754
780
744
750
762
792
794
780
758
788
772
786
756
750
750
822
844
788
754
768
746
694
708
728
708
700
686
658
646
656
658
644
654
674
740
746
728
724
736
714
706
696
688
656
654
638
630
620
630
616
610
614
618
634
704
656
656
720
748
716
734
736
740
712
696
652
664
658
692
660
682
718
714
712
678
680
686
674
652
680
666
680
666
658
724
706
702
694
686
742
756
770
768
734
738
758
754
756
742
752
756
784
798
780
740
746
740
752
754
736
730
778
768
744
742
748
790
810
782
794
794
796
808
770
776
768
780
786
780
762
790
792
772
778
766
804
770
770
760
744
740
686
698
716
704
700
774
784
788
778
788
776
844
806
776
770
782
780
776
778
786
818
854
812
786
806
804
788
772
784
838
842
802
768
770
732
736
720
708
678
656
688
668
662
656
664
652
678
674
654
672
658
642
656
656
686
668
670
638
642
648
632
616
622
640
698
694
680
644
648
740
844
830
832
824
776
758
766
680
690
712
712
742
746
790
764
734
748
742
708
714
720
746
744
742
780
808
826
794
808
822
848
858
834
816
792
810
782
748
778
770
786
794
768
786
760
726
738
744
744
740
756
722
680
648
632
652
680
686
706
688
726
764
806
836
838
846
854
744
752
772
768
804
896
920
918
924
862
820
768
748
744
744
844
822
784
814
818
802
804
858
870
870
862
872
816
776
736
742
774
816
852
860
852
806
808
746
746
764
770
828
776
792
848
890
886
884
958
944
896
860
882
866
852
872
868
862
788
818
796
756
788
786
894
862
850
872
894
864
862
870
900
878
876
878
890
896
856
856
864
868
860
912
944
954
938
916
918
898
896
896
886
906
888
884
920
898
886
894
914
884
906
906
924
948
932
892
904
906
928
912
938
946
950
952
922
938
940
908
916
892
920
876
880
894
898
862
870
890
878
884
878
898
912
908
862
872
886
872
868
878
856
858
860
858
810
794
824
870
848
854
888
928
928
922
888
898
904
850
836
794
762
720
688
692
704
686
666
682
674
686
652
668
656
664
662
676
668
658
656
650
662
634
638
638
646
626
634
636
626
664
644
652
658
620
620
630
614
616
636
658
680
674
670
690
698
684
694
670
670
654
648
660
656
650
658
636
634
616
600
594
574
604
698
706
746
742
730
730
670
688
690
690
666
664
670
706
742
714
704
680
658
656
660
664
562
776
690
692
718
708
708
710
710
664
662
658
658
658
652
628
614
608
622
606
636
624
648
650
670
666
636
634
616
612
622
616
630
630
620
614
628
606
612
622
622
628
632
632
628
628
614
618
618
610
612
606
590
594
594
582
570
572
564
1068
606
546
540
508
522
524
516
512
524
508
506
506
508
510
508
554
560
558
568
586
568
572
582
582
580
574
568
584
562
548
546
538
522
522
522
518
512
504
504
504
494
488
484
486
478
472
478
474
482
476
880
530
466
462
478
474
494
482
492
528
538
548
558
548
552
572
570
568
562
568
562
568
538
526
524
506
512
516
520
520
514
546
548
556
564
560
570
530
522
514
508
498
500
474
500
500
492
490
500
488
484
488
490
486
488
480
486
488
496
508
520
502
514
516
520
514
508
514
506
516
514
508
512
498
502
510
496
498
500
504
506
502
506
520
522
552
528
530
528
524
512
546
562
584
574
572
584
576
546
542
536
552
560
584
574
564
582
586
588
584
556
552
566
556
558
566
634
616
598
606
616
608
610
598
592
628
646
620
620
608
608
646
618
606
620
604
600
612
618
654
616
626
616
608
628
618
624
620
602
588
594
600
588
598
606
586
592
590
572
582
584
568
574
584
620
586
584
610
624
616
620
616
610
618
602
618
620
600
600
602
608
584
584
580
582
578
576
568
574
580
566
562
564
562
570
564
562
550
550
550
550
558
608
612
602
604
614
588
582
594
584
592
572
584
642
618
608
640
632
630
616
610
626
622
626
622
660
692
670
672
650
632
614
590
606
598
606
592
588
606
602
592
600
592
604
594
596
560
534
534
532
530
522
532
532
538
592
612
612
602
610
634
630
622
646
638
634
648
642
632
614
602
614
608
590
592
600
604
586
582
590
594
582
570
580
570
570
564
568
570
542
560
560
558
560
552
548
574
560
592
596
608
600
594
598
602
624
612
614
618
634
628
584
574
568
572
566
566
566
566
570
580
656
634
628
646
616
620
620
606
620
610
618
622
604
604
588
596
596
604
602
590
592
590
588
584
588
576
630
608
604
604
628
602
600
604
624
596
614
612
600
602
606
606
610
612
588
596
604
596
594
606
586
600
586
582
592
582
576
584
576
580
594
592
582
598
584
576
574
564
564
564
560
566
570
556
576
572
572
570
572
564
572
560
562
562
562
572
574
568
566
578
574
574
562
578
554
558
552
548
552
560
566
562
552
558
564
554
558
552
556
550
566
570
556
566
574
608
594
576
582
584
572
572
580
576
572
570
574
576
572
568
568
560
572
568
568
576
574
580
562
554
560
562
546
562
556
560
560
556
548
554
538
546
548
538
542
548
536
544
546
538
526
526
524
532
526
516
526
526
510
536
534
514
532
532
542
528
532
532
542
558
574
566
560
574
546
538
534
534
532
520
544
540
536
546
542
554
542
546
558
562
558
562
564
568
572
562
556
564
576
562
564
568
570
568
558
560
558
564
558
550
552
554
564
540
542
552
550
534
544
538
546
540
540
546
548
556
548
550
546
544
552
550
552
552
554
554
554
552
540
558
552
556
564
554
566
568
550
582
564
556
556
560
562
556
550
550
566
568
562
564
570
562
556
558
572
566
568
566
560
558
560
568
554
550
536
560
548
548
554
556
554
556
558
584
572
574
574
586
586
576
574
584
580
586
568
566
564
556
546
552
544
546
538
542
546
550
550
540
546
544
550
546
550
546
552
540
554
550
556
570
578
556
560
564
568
560
572
548
540
546
542
538
542
542
538
546
542
552
542
546
550
554
538
568
566
562
566
558
570
560
558
554
562
570
548
510
552
558
550
552
540
544
548
540
540
538
538
536
528
524
532
540
522
532
526
524
526
536
516
542
538
542
562
550
548
554
560
566
572
578
610
616
600
608
588
588
582
570
572
562
570
566
560
564
568
562
560
572
572
578
572
572
566
576
568
568
568
568
560
554
574
586
580
572
596
586
574
568
570
558
556
558
548
550
542
534
548
542
542
556
572
558
554
566
574
578
568
564
566
574
568
564
570
568
572
576
566
562
558
558
556
560
554
552
564
548
550
552
570
554
552
552
564
560
560
562
570
566
558
556
562
568
564
554
566
562
562
554
548
546
552
526
520
520
516
518
518
522
520
522
512
530
532
536
534
544
544
538
538
552
550
546
546
556
554
558
548
550
550
580
614
620
624
614
628
596
562
586
590
574
572
570
570
568
568
562
564
564
572
568
566
578
586
606
630
612
616
650
656
640
638
616
612
596
580
570
562
564
558
518
550
548
538
544
550
554
558
550
556
566
574
566
576
578
584
594
582
576
574
568
572
560
558
558
556
564
560
552
550
554
550
546
552
526
560
552
552
556
566
558
552
552
556
560
550
550
550
550
546
536
534
534
542
538
534
538
550
554
546
554
554
552
550
540
552
554
558
548
552
558
548
548
552
552
556
556
564
568
566
566
552
554
550
556
540
548
536
536
536
540
530
528
508
534
530
514
538
520
512
534
520
514
530
518
522
512
532
528
520
504
524
538
514
514
532
528
532
532
536
520
526
520
518
524
524
530
526
512
518
516
506
506
496
502
496
500
496
496
490
490
502
490
496
488
498
502
504
496
510
520
518
518
522
522
526
514
520
526
532
522
524
530
528
524
522
524
524
524
520
518
516
522
516
522
514
516
516
512
510
516
530
508
522
528
538
524
520
524
544
542
532
528
528
536
528
528
534
534
526
528
534
534
532
536
544
540
526
544
536
538
544
544
546
548
546
544
546
544
542
538
534
540
532
532
542
524
526
520
520
526
514
522
518
510
524
518
518
520
510
516
524
518
522
522
520
496
524
520
514
522
524
528
536
516
520
520
528
530
528
526
528
538
520
536
534
546
550
546
538
546
540
532
534
542
542
544
542
546
544
554
546
556
554
560
564
564
556
552
562
564
554
546
544
542
548
526
528
536
522
