1096
1110
1062
1044
1072
1080
1076
1048
1088
1058
1096
1088
1046
1118
1184
1128
1060
1024
1070
1054
1006
1028
940
970
1058
1130
1106
1118
1224
1224
1202
1110
1188
1176
1128
1072
1074
1106
1134
1136
1082
1134
1154
1156
1074
1084
1116
1120
1098
1052
1114
1150
1132
1076
1102
1122
1154
1086
1096
1132
1148
1104
1116
1152
1144
1104
1050
1094
1074
1118
1038
1016
1032
1112
1156
1134
1130
1160
1154
1082
1046
1076
1092
1070
1030
1092
1132
1106
1062
1074
1148
1154
1136
1164
1174
1150
1102
1052
1100
1142
1144
1104
1158
1140
1166
1122
1050
1064
1082
1046
1064
1124
1070
1032
1042
1080
1110
1100
1088
1146
1174
1122
1072
1076
1088
1064
1078
1092
1102
1092
1116
1162
1138
1108
1082
1102
1134
1166
1106
1074
1132
1158
1126
1060
1088
1088
1086
1110
1026
1016
1046
1022
1042
1090
1114
1158
1120
1104
1108
1108
1072
1056
1086
1106
1082
1050
1046
1052
1048
1028
1040
1070
1074
1094
1034
1024
1062
1072
1040
1030
1090
1110
1076
1048
1002
990
954
930
900
882
840
820
816
806
794
796
788
770
762
760
752
742
736
730
742
736
736
744
762
772
782
796
870
920
944
1134
1214
1264
1188
1120
1146
1174
1238
1102
1082
1118
1132
1068
1090
1108
1144
1082
1106
1114
1160
1148
1074
1126
1150
1148
1070
1050
1100
1164
1126
1114
1102
1114
1134
1096
1068
1018
1030
1056
1068
1100
1074
1072
1082
1076
1026
1008
984
996
986
986
1038
1094
1088
1068
1110
1130
1070
1076
1092
1096
1102
1100
1134
1198
1224
1130
990
1012
1040
1096
1146
1194
1184
1242
1212
1158
1130
1098
1088
1068
1054
1064
1044
1066
1114
1214
1290
1290
1232
1146
1128
1106
1054
1018
1058
1096
1086
1014
1020
1040
1050
1080
1034
1104
1114
1132
1092
1040
1054
1094
1074
1052
1024
1044
1098
1124
1062
1084
1082
1074
1072
1096
1130
1100
1068
1124
1134
1094
1088
1154
1164
1162
1148
1076
1140
1156
1136
1068
988
944
916
878
840
862
1060
1004
1084
1146
1122
1060
1078
1090
1162
1144
1112
1062
1108
1192
1174
1120
1192
1220
1152
1084
1064
1072
1096
996
944
958
1002
1026
1058
1080
1074
998
952
920
916
944
978
1018
1028
1120
1146
1130
1134
1202
1194
1158
1086
1102
1152
1128
1100
1074
1078
1070
1084
1068
1062
1088
1062
1042
1036
1032
1060
1066
1090
1050
1030
1080
1108
1118
1062
1142
1132
1120
1128
1054
1078
1084
1084
1052
1022
1116
1146
1152
1128
1122
1134
1074
1026
1010
1010
1002
1006
1008
1010
1064
1100
1106
1044
1080
1094
1124
1122
1014
1036
1044
1088
1078
1072
1118
1120
1166
1080
1074
1096
1096
1054
1146
1142
1182
1128
1070
1042
1056
1038
1046
1100
1148
1092
1064
1080
1104
1072
1030
1082
962
704
822
800
778
782
790
810
834
828
824
818
800
796
828
716
762
782
792
808
824
858
868
854
1002
1250
1214
1148
1224
1192
1218
1186
1194
1150
1206
1194
1170
1148
1110
1060
1024
1060
1076
1026
1068
1088
1084
1040
1070
1090
1122
1180
1110
1060
1046
1036
982
1010
1100
1150
1000
986
968
948
920
942
978
990
1006
1068
1096
1080
1062
1108
1100
1074
1020
1084
1104
1102
1064
1082
1084
1122
1050
1088
1142
1136
1056
1078
1086
1084
1028
1032
1054
1064
1052
1026
1040
1072
1100
1064
1112
1102
1056
980
1044
1132
1108
1056
1014
1058
1142
1146
1138
1126
1142
1102
1048
1062
1072
1044
992
1046
1080
1066
1012
1052
1044
1048
992
1034
1070
1070
1010
1052
1116
1100
1038
1032
1036
1034
988
1018
1024
1018
1008
1016
1026
984
1004
1072
1086
1068
1104
1114
1122
1074
1054
1068
1064
1022
1038
1064
1056
1046
994
1018
1062
1106
1068
1048
1080
1088
1052
1058
1084
1070
1024
1054
1054
1028
978
984
984
1004
984
964
1024
1090
1118
1064
1044
1068
1074
1024
1032
1034
1050
1040
990
1000
1022
1030
1008
1062
1064
1078
1014
1042
1032
1036
1020
992
994
994
966
978
1008
1022
1026
984
1002
996
1022
980
1032
1088
1104
1070
1024
1050
1044
1050
1008
1028
1072
1070
1028
990
1004
1002
1024
982
1008
1012
1032
998
1026
1038
1024
1000
964
966
974
942
952
1008
1076
1064
1086
1130
1124
1062
1074
1086
1154
1096
1006
992
1030
1098
1060
1066
1058
1052
1012
1070
1048
1038
1014
1036
962
912
892
876
828
816
798
794
794
790
804
820
878
1000
1064
1084
1074
1096
1116
1098
1022
1032
1092
1120
1078
1062
1080
1072
1018
1054
1078
1078
1020
1050
1066
1082
1032
1026
1078
1092
1074
1016
1010
1010
1062
1064
1004
1026
1082
1058
1000
1004
1036
1044
1018
970
996
1010
1026
984
996
998
1000
994
944
978
1000
1012
982
946
978
1014
1058
1034
1060
1050
1084
1004
940
924
972
1046
1032
1036
1038
1046
998
998
988
994
942
934
954
970
984
1000
1062
1104
1066
1060
1080
1086
1058
994
1046
1044
1064
1026
972
1014
1036
1054
1000
1048
1062
1032
1078
1018
992
1000
1004
970
1072
1110
1058
1032
1056
1054
1022
1032
1050
1044
996
1014
1036
1012
980
974
990
1016
1036
978
990
1022
1038
982
986
1000
1014
986
966
982
1008
1014
1030
1050
1040
1034
984
1088
1082
1074
1044
1038
1060
1094
1060
1068
1076
1066
990
1004
1018
984
938
898
902
900
884
854
858
884
964
1042
1046
1086
1108
1092
1020
1030
1028
1060
1040
974
1018
1078
1126
1090
1012
1080
1096
1090
1042
996
1032
1048
1034
1022
1046
1062
1072
1008
1066
1130
1102
1044
1054
1042
1066
1060
1012
1042
1064
1140
1066
978
996
1044
1108
1070
1028
1072
1104
1036
1046
1056
1048
1014
1028
1072
1048
1002
934
964
1006
1030
980
1032
1060
1082
1028
1058
1070
1088
996
1002
1002
1026
1028
1002
1032
1080
1098
1054
1016
998
1012
992
992
1040
1074
1008
1022
1044
1052
1008
1018
1034
1038
1040
1006
1086
1110
1132
992
988
1000
1072
1086
1066
1138
1156
1136
1044
1066
1070
1052
996
1036
1026
1042
1008
956
1000
1046
1108
1090
1028
1080
1126
1120
1052
1030
1036
1008
980
960
972
986
1006
954
982
1034
1070
1006
1038
1052
1090
1020
960
960
960
944
924
976
1018
1026
986
1002
1010
1034
1000
954
956
962
994
968
938
992
1026
1032
978
978
990
996
954
1030
1044
1074
1022
976
1006
1010
1022
972
962
1020
992
984
922
914
924
936
956
948
976
1120
1190
1122
1034
1046
1098
1092
1018
956
1008
1046
1092
1018
1022
1034
1044
1034
1006
1062
1112
1086
1026
1028
1078
1142
1148
1090
1060
1074
1064
1052
1006
1036
1080
1112
1042
1040
1056
1076
1052
1048
1044
1068
1066
1010
1058
1098
1110
1042
1022
1092
1112
1074
1010
1038
1052
1090
1040
1058
1084
1066
1068
1004
1024
1022
1064
1052
1004
1020
1050
1064
1050
982
1014
1038
1036
1032
1012
1086
1194
1170
1152
1174
1194
1094
1102
1152
1180
1168
1168
1208
1208
1222
1236
1224
1154
1220
1250
1208
1258
1220
1164
1194
1192
1040
978
894
796
806
784
816
856
878
1182
1146
1178
1094
1188
1168
1132
1054
1080
1092
1140
1140
1118
1154
1142
1128
1100
1046
1016
1044
1056
1056
1052
1040
1056
1064
1036
1028
1034
1022
998
1024
1074
1030
988
956
962
974
960
984
1006
1014
1004
1052
1042
1036
1042
1016
1012
1000
1032
1024
976
1000
1048
1092
1034
1048
1084
1096
1074
1162
1154
1116
1130
1116
1114
1118
1074
1116
1146
1156
1166
1228
1168
1196
1158
1202
1184
1192
1120
1116
1090
1064
1008
1036
1020
1022
986
974
996
1016
1012
1010
1024
1048
1040
1012
1014
1022
1032
1038
1020
1064
1054
1068
1034
1070
1096
1132
1130
1146
1154
1144
1112
1134
1130
1114
1064
1118
1092
1054
1022
1028
1072
1118
1072
1090
1118
1130
1128
1104
1114
1176
1114
1090
1048
1032
1026
1034
1048
1054
1034
1002
1008
968
962
958
956
944
934
962
986
1002
1004
1024
1048
1034
1016
1022
998
972
960
950
958
956
926
946
962
1004
992
972
1004
1014
1000
1006
990
1004
992
1010
1022
1006
994
1016
1050
1020
1018
996
1008
1016
998
1016
1046
1030
1032
1020
1020
1000
978
986
996
1016
980
1008
1002
994
968
1014
1068
1102
1044
1030
1026
996
964
954
960
952
938
944
948
1012
1074
1050
1080
1104
1048
1036
1062
998
992
1004
1040
1022
1004
1010
1028
1010
1018
1052
1066
1078
1044
1002
988
982
1000
1042
1052
1020
1012
1012
1016
1004
994
1004
1028
1024
1038
1062
1090
1074
1052
1070
1050
1020
990
998
1010
1030
1042
1066
1104
1054
1026
1026
1028
1020
1022
1048
1066
1064
1058
1066
1072
1056
1038
1058
1046
1016
1006
1022
1000
996
992
992
1000
1040
1094
1084
1074
1064
1050
1054
1040
1026
1012
988
978
984
1002
1034
1014
996
994
982
986
978
976
978
976
988
1014
1042
1052
1058
1092
1034
1032
1026
1020
994
986
990
976
996
996
1018
1002
1070
1080
1090
1040
1010
992
978
964
956
964
948
964
998
1000
1022
1028
1040
1016
988
980
978
972
954
938
950
950
976
982
1006
1022
1016
1006
1018
1012
984
984
974
974
960
966
966
982
978
992
1044
1028
1082
994
986
956
954
952
946
952
970
996
984
1052
1014
1010
998
992
1004
1010
1012
1000
996
1002
1032
1026
1026
1038
1040
1048
1014
1024
1028
1012
982
986
992
994
1000
1030
1056
1056
1030
1044
1030
1034
1034
1064
1064
1038
1026
1028
1028
1022
1000
1008
1010
964
932
918
912
980
988
1060
1108
1094
1022
992
990
988
954
940
948
944
960
956
968
994
1024
1060
1116
1098
1050
1014
1024
982
984
980
984
982
1028
1050
1068
1042
1052
1080
1094
1078
1084
1092
1076
1084
1110
1096
1086
1098
1106
1082
1028
1018
1006
1018
1042
1130
1208
1138
1148
1102
1032
996
986
970
934
910
912
924
976
976
1034
1064
1062
1090
1082
1054
1036
1056
1050
1040
1060
1088
1102
1072
1074
1050
1010
1020
1028
1028
1012
1000
972
984
970
998
1028
984
1000
990
994
1014
1044
1078
1122
1134
1140
1064
1044
1032
1048
1070
1122
1154
1106
1132
1172
1134
1088
1080
1014
998
982
1000
970
958
986
1042
1060
1028
1062
1066
1016
1012
1034
1016
978
1000
996
1044
1018
1012
1024
1034
1006
984
988
978
966
936
942
966
966
958
934
974
1006
1024
1010
986
1006
1010
1010
960
942
948
980
998
944
968
972
972
990
992
1038
1096
1110
1082
1094
1064
1054
1040
1052
1038
1022
1054
1074
1060
1062
1112
1134
1070
1124
1112
1062
1024
1052
1004
1014
1026
1022
1022
1030
1054
1064
1042
996
996
984
952
938
932
928
906
896
926
926
932
910
904
938
964
1022
984
1040
1016
1006
954
978
980
984
1008
996
1008
1022
1042
1030
1004
1020
1022
1046
1028
1070
1116
1076
1046
1056
1048
1008
1016
1024
1066
1050
1066
1110
1106
1086
1082
1068
1044
1050
1054
1020
1050
1060
1050
1054
1086
1086
1076
1088
1108
1008
994
982
978
986
1076
1156
1118
1074
1084
1104
1082
1062
1058
1050
1022
1022
1036
1028
994
998
994
998
1028
1054
1070
1076
1034
1048
1030
988
960
960
930
924
906
898
908
910
864
820
804
782
768
746
764
758
752
740
742
734
738
736
728
734
742
752
824
950
1066
1090
1052
1136
1148
1096
1022
1060
1088
1140
1112
1158
1248
1224
1122
1100
1076
1042
1006
1092
1170
1214
1084
1094
1088
1050
1056
1054
1034
990
1002
1048
1074
1056
1054
1062
1072
1044
1058
1054
1066
1040
1026
1040
1024
1024
992
1014
1050
1024
1014
1006
980
992
1004
976
980
1000
1024
986
998
1012
1016
988
1004
1024
1062
1034
1030
1068
1130
1074
1082
1088
1062
1048
1030
1034
1032
996
1114
1130
1126
1088
1096
1096
1034
998
994
970
974
952
970
972
996
1028
1088
1130
1108
1106
1154
1144
1094
1112
1118
1064
1094
1116
1096
1076
1106
1088
1084
1060
1048
1066
1048
1010
1024
1012
1016
1014
990
998
1038
1038
1018
1028
1036
1020
966
980
956
966
950
938
944
932
918
936
950
938
994
994
992
970
924
968
958
966
990
990
974
920
900
914
1002
1042
1174
1216
1156
1116
1118
1124
1112
1082
1050
1074
1044
1042
1054
1104
1096
1060
1090
1118
1148
1108
1134
1166
1120
1120
1136
1170
1142
1144
1148
1092
1102
1104
1078
1042
1090
1148
1098
1044
1036
1046
1056
1038
1036
1042
1056
1042
1026
1046
1044
1022
1034
1036
1066
1008
1008
1018
1030
1058
1116
1176
1106
1052
1068
1078
1040
1062
1124
1098
1046
1042
1056
1052
998
958
980
960
958
940
984
994
994
990
988
1000
1002
998
1000
1008
1028
1018
1010
1044
1052
1050
1014
1028
1026
1032
1022
1004
1020
1024
986
1010
1028
1020
972
954
976
968
978
942
944
1026
1114
1124
1074
1082
1072
1060
1016
982
990
1002
1010
994
978
1020
1056
1100
1060
1086
1070
1056
990
976
994
964
966
968
966
964
932
946
978
1032
1002
1010
1076
1088
1100
1030
1006
1016
1016
972
954
962
980
1030
992
984
998
1014
1020
992
972
992
1002
964
968
998
1044
1038
1054
1018
1008
1014
1014
1060
1108
1130
1030
982
1026
1060
1052
1046
1062
1032
996
936
962
1010
1068
1056
1038
1050
1070
1064
1040
1018
1002
1026
980
968
976
1048
1048
1014
1054
1106
1082
1016
984
1012
1040
1054
1094
1074
1040
1030
1060
1080
1056
1024
1054
1066
1064
1038
1050
1094
1082
1074
1082
1068
1044
1034
1022
1026
1008
992
988
980
1032
1076
1168
1286
1316
1182
1190
1208
1126
1058
1066
1044
1026
1012
994
1010
1032
1028
1014
1024
1038
1032
1024
1044
1086
1072
1050
1034
1008
1004
1016
1008
970
968
982
1054
1028
972
1036
1038
1106
1056
1028
1054
1056
1016
996
1008
1048
1012
1012
1046
1084
1092
1058
1078
1066
1070
1048
1030
1018
1032
1050
1032
1038
1068
1116
1110
1060
1032
1050
1036
1032
994
992
998
994
972
948
990
996
1032
1002
1030
1054
1070
1046
994
1002
986
1034
1022
964
968
968
1000
1014
1018
1082
1106
1056
990
968
964
948
936
978
1012
1060
1028
996
1026
1014
1002
1010
1000
980
966
982
1012
1044
1004
1006
1058
1082
1104
1024
1046
1042
1062
1058
992
1038
1046
1066
1070
994
1000
996
1004
982
954
970
988
1006
986
1048
1060
1076
1064
1016
1028
1066
1050
1024
1062
1070
1088
1044
1058
1066
1094
1074
1044
1036
1098
1038
1008
1006
1050
1080
1084
1056
1092
1100
1082
1092
1018
988
968
948
964
1060
1084
1164
1086
1072
1060
1040
982
968
1002
1008
1014
1028
972
980
1004
1030
1032
1058
1044
1034
1004
962
944
954
960
964
962
1060
1156
1110
1042
1052
1068
1052
1018
1024
1038
1140
1100
1018
1030
1078
1118
1106
1066
1086
1078
1064
1038
1044
1034
1058
1024
1052
1084
1102
1114
1048
1042
1034
1046
1020
972
1002
1024
1038
1036
1030
1042
1046
1032
1020
1032
1028
1000
970
984
1030
1020
1014
1068
1098
1096
1070
1070
1038
996
1002
1000
996
1014
1058
1058
1020
1002
1040
1088
1110
1036
1054
1060
1074
1058
1012
1046
1044
1058
1054
1012
996
1052
1074
1074
1054
1070
1060
1072
1050
1022
1040
1064
1062
1036
1062
1074
1064
1052
1020
1076
1082
1020
1004
1028
988
1006
996
996
1042
1050
1054
1034
984
982
976
970
966
968
998
1020
990
1034
1036
1028
974
986
964
932
914
908
964
1014
1076
1070
1092
1096
1078
1036
1032
1040
1046
1028
1006
1034
1058
1062
1006
970
998
1026
1052
1048
1072
1066
1096
1062
982
1018
1030
1030
992
960
1006
1090
1138
1080
1098
1126
1128
1076
1026
1028
1040
1024
998
1016
1058
1024
996
1018
1024
1042
986
1002
988
994
1012
952
974
978
974
950
996
1060
1100
1022
1030
1022
1014
980
940
972
1046
1028
998
956
936
898
852
820
786
764
360
1088
712
710
712
686
684
668
656
652
658
654
652
652
640
648
674
742
872
1000
1100
1202
1202
1138
1152
1146
1130
1118
1068
988
924
888
840
818
822
818
806
812
824
994
1146
1024
1124
1098
1108
1062
1116
1214
1210
1142
1188
1140
1092
1104
1090
1092
1090
1060
1048
1006
1044
1116
1094
1076
1080
1102
1104
1084
1060
1030
1010
1104
1172
1148
1062
1024
1032
978
930
940
962
988
1064
1072
1072
1060
1026
972
936
918
952
1028
1108
1146
1270
1240
1148
1152
1034
978
954
932
944
1068
1244
1268
1262
1230
1166
1128
1150
1104
1058
1074
1082
1084
1066
1088
1116
1082
1078
1094
1064
1020
1004
1052
1094
1072
1020
1024
1058
1112
1080
1114
1120
1100
1118
1130
1102
1042
1074
1066
1092
1096
1132
1100
1046
1018
1006
984
1012
1036
1056
1116
1106
1088
1076
1070
1004
1022
1028
1036
1020
1034
1048
1046
1126
1154
1106
1068
1072
1110
1080
1074
1112
1092
1064
1028
1060
1066
1072
1014
1028
1014
1018
990
1032
1070
1080
1036
1040
1036
1032
1016
1000
1054
1068
1044
1046
1018
1002
968
970
988
1048
1094
1178
1238
1206
1154
1166
1114
1062
1032
1048
1012
994
1032
1072
1070
1064
1068
1034
1018
1026
1050
1040
1014
1034
1088
1066
1020
996
1072
1050
1022
1028
1062
1094
1060
1034
1114
1180
1138
1068
1092
1116
1100
1062
988
1002
992
1010
1006
1076
1146
1146
1122
1076
1086
1088
1072
1036
1052
1084
1104
1068
1054
990
976
972
1092
1132
1168
1126
1164
1132
1134
1084
1036
1032
1036
1048
1038
1028
1056
1114
1084
1124
1148
1108
1052
1082
1074
1070
1030
992
1026
1054
1044
1076
1138
1152
1084
1100
1084
1068
1036
998
1028
1016
1024
994
980
1000
1006
984
982
1042
1074
1088
1064
1076
1078
1058
1064
1048
1032
1000
986
1020
1030
1000
1048
1050
1064
1012
1032
1026
1042
1016
1046
1078
1052
1014
1000
1014
1016
1032
1024
1028
1042
1052
1100
1134
1096
1102
1124
1112
1078
1056
1092
1094
1076
1068
1074
1032
1004
1012
1018
1004
980
1002
1024
1024
1028
1032
1062
1040
1044
1088
1088
1038
1030
1044
1024
1004
1016
1036
1062
1018
1078
1098
1096
1046
1038
1026
1024
1002
1006
1052
1090
1050
1030
1050
1042
1046
1034
1054
998
1010
1048
1070
1048
1072
1084
1066
1032
1044
1058
1056
1032
1052
1066
1042
998
996
992
986
964
982
1064
1102
1150
1112
1116
1090
1052
1062
1072
1092
1056
1094
1120
1092
1070
1074
1086
1042
1042
1054
1070
1046
1032
1050
1054
1034
1046
1052
1050
1014
1014
1044
1068
1022
1048
1046
1038
1018
1022
1038
1044
1020
1034
1056
1078
1056
1070
1078
1104
1066
1064
1074
1072
1034
1060
1098
1088
1084
1090
1102
1090
1084
1046
1018
1062
1148
1090
1058
1042
1068
1056
1044
1004
1046
1080
1078
1048
1070
1064
1042
1054
1046
1044
1032
1046
1090
1102
1052
1050
1068
1062
1034
1012
994
1006
1026
1032
1082
1080
1040
1066
1092
1066
1040
1030
1042
1040
1038
1006
1028
1056
1068
1032
1016
1056
1074
1032
990
1008
1028
1032
1070
1122
1126
1084
1110
1106
1102
1046
1052
1054
1068
1056
1046
1052
1050
1030
1038
1036
1018
988
1010
1008
1010
1010
1038
1084
1038
1012
1004
1000
1014
984
1020
1034
1114
1034
1054
1088
1082
1060
1070
1082
1048
1016
1040
1030
1022
1026
