678
684
688
698
728
706
618
570
608
596
584
644
654
596
588
618
586
620
694
644
696
682
618
652
686
642
624
552
564
580
564
604
634
744
658
704
658
624
664
728
708
696
714
632
598
580
564
596
624
596
630
704
726
668
674
672
678
642
662
680
672
664
746
742
704
710
690
642
652
662
692
678
666
606
560
554
556
552
560
552
546
538
512
508
506
496
500
492
498
496
506
516
506
502
520
516
522
526
520
520
516
522
492
486
476
488
486
480
478
488
500
506
498
492
496
502
496
492
496
504
512
522
520
520
524
530
544
562
618
636
610
642
638
610
600
592
600
582
578
512
536
506
502
492
496
484
478
478
482
464
470
458
472
458
470
478
480
472
480
490
486
496
528
534
536
556
578
550
564
554
552
542
546
554
552
566
586
596
580
596
596
548
562
564
558
538
530
546
526
532
526
554
544
546
556
550
538
548
582
558
554
568
540
544
548
548
548
588
610
580
536
516
524
502
502
486
492
488
478
484
510
508
514
538
538
538
506
506
486
484
482
488
448
460
444
448
444
442
448
438
432
446
422
848
450
430
422
426
406
422
422
432
434
430
426
434
426
420
420
424
418
424
418
430
430
436
432
430
430
430
430
432
440
446
450
450
448
458
464
464
464
468
470
474
464
464
464
472
470
476
478
480
482
482
474
490
456
456
466
466
474
474
468
490
490
494
508
502
502
520
514
512
528
528
520
492
492
480
468
474
482
466
476
476
482
484
478
492
500
496
494
498
508
518
522
544
536
526
504
496
478
474
472
480
462
494
506
506
494
502
498
488
508
496
500
486
478
490
486
480
484
474
468
464
474
456
476
474
478
488
486
480
486
494
498
500
508
510
502
506
510
500
498
500
500
494
494
510
512
508
506
518
520
506
512
508
510
488
486
494
472
524
402
456
458
430
472
492
492
488
506
520
498
498
462
460
466
470
456
494
500
494
492
494
482
480
476
494
510
496
494
498
498
482
496
498
506
500
506
512
516
508
516
506
502
516
482
478
468
472
474
474
470
466
470
460
456
468
472
476
462
496
496
498
506
494
484
496
506
494
506
510
504
500
512
502
496
496
488
506
466
472
484
478
484
486
482
498
502
508
502
504
510
502
498
500
504
494
492
506
500
490
502
500
500
504
492
490
478
470
466
458
454
460
460
456
454
448
502
498
500
512
476
476
480
472
460
460
470
466
460
458
460
460
456
454
448
442
450
448
456
458
452
448
440
432
442
426
462
456
452
450
448
454
456
458
450
450
448
444
448
444
446
444
438
434
436
434
438
440
442
448
448
454
464
450
450
454
464
462
458
468
472
466
464
464
462
468
462
464
456
448
448
446
438
436
440
446
446
442
442
450
450
446
446
450
452
450
440
436
438
438
440
438
446
438
434
434
442
438
444
442
450
454
454
446
444
454
430
438
446
446
442
450
448
450
446
446
442
436
442
436
438
440
442
448
480
584
552
532
536
546
546
518
520
524
514
504
500
500
486
474
466
462
462
464
464
466
460
454
458
462
464
470
472
474
464
472
482
464
460
456
462
458
448
452
462
440
470
472
474
470
460
470
466
456
450
450
452
454
458
470
474
466
470
474
476
476
476
478
476
478
492
496
478
486
490
484
502
462
468
476
478
474
480
462
490
488
488
494
500
498
522
522
514
506
514
506
520
478
476
476
484
470
470
474
470
472
468
472
482
476
486
492
500
486
492
494
498
488
476
484
486
480
474
478
490
490
480
478
486
486
484
476
474
466
446
448
446
446
446
446
446
450
446
450
434
432
442
402
422
414
414
420
408
416
416
418
432
440
448
464
492
508
496
504
508
510
514
502
510
504
504
504
498
506
498
504
488
476
466
462
466
460
462
470
466
472
468
470
472
482
486
478
476
470
472
476
482
474
478
474
470
474
466
472
468
488
492
484
490
504
506
500
490
482
480
466
460
446
456
452
460
456
472
494
500
498
526
568
576
556
568
568
548
536
546
544
564
544
542
528
522
510
520
498
488
476
464
452
460
458
460
464
460
460
464
462
472
468
468
472
484
494
500
498
516
528
516
516
522
538
538
530
528
534
532
516
506
500
506
504
512
524
532
538
530
528
516
532
532
524
524
518
532
524
516
524
516
510
512
496
492
502
498
530
520
528
546
554
542
542
552
572
550
564
552
556
552
560
536
520
516
530
514
532
518
524
542
544
546
522
534
526
532
538
520
526
512
524
520
514
496
502
500
484
484
476
482
480
494
494
488
488
496
488
468
470
470
492
496
494
494
514
534
530
524
540
554
536
542
548
536
528
542
530
552
546
526
538
534
528
534
540
550
538
532
534
530
526
526
538
552
550
546
552
556
548
528
538
542
532
534
534
560
550
542
528
544
552
542
538
534
536
538
536
530
538
552
534
518
504
504
468
482
476
468
460
444
446
440
432
430
428
436
418
402
414
396
404
792
418
390
388
388
388
384
386
392
384
384
400
402
406
408
408
412
416
418
422
422
424
422
422
424
418
420
416
418
428
406
408
406
404
402
398
404
394
404
396
420
432
424
432
438
450
470
484
496
534
544
540
546
578
562
562
542
530
516
510
506
502
502
490
480
476
488
476
482
478
488
494
488
484
486
476
476
482
480
470
492
508
518
514
520
520
498
500
474
472
464
462
456
454
456
462
452
458
452
452
456
464
454
458
454
438
440
446
436
440
454
476
512
528
548
570
562
550
506
504
502
512
530
538
534
542
536
554
560
548
556
506
496
490
482
464
458
452
446
420
442
428
424
426
418
422
418
416
420
418
418
452
492
530
598
584
548
508
562
560
554
540
560
500
526
504
516
506
498
496
520
506
508
518
512
506
502
514
504
504
514
494
498
484
488
488
492
488
496
482
460
462
446
462
436
430
426
424
422
416
414
406
402
396
396
400
398
398
400
394
398
392
394
400
398
410
416
416
422
430
428
430
422
418
420
420
418
420
418
424
436
438
430
436
432
436
434
428
442
426
428
434
432
430
424
418
428
414
414
416
406
408
382
404
410
410
410
408
414
412
410
422
408
396
412
420
424
430
430
436
438
436
432
442
442
442
446
452
446
438
440
434
430
428
426
392
422
390
402
408
408
416
414
426
440
442
452
464
462
452
458
460
456
450
462
464
462
460
460
464
464
462
456
464
456
462
448
454
476
536
714
654
650
698
686
710
730
714
720
714
720
714
712
678
654
676
662
628
648
724
670
668
684
656
664
666
650
656
752
688
626
652
614
622
640
628
728
684
648
670
660
620
606
622
636
626
628
600
580
602
622
600
610
678
674
640
614
618
646
620
596
576
572
554
544
512
522
576
600
608
590
596
610
614
584
562
574
570
570
562
572
572
566
568
562
574
568
546
570
568
566
534
530
544
538
532
530
528
502
524
518
516
516
552
538
542
568
560
550
558
550
544
554
532
536
548
542
512
496
484
480
470
452
478
436
446
448
430
436
420
418
418
416
410
410
402
406
404
400
402
404
398
406
432
478
534
550
540
544
544
554
532
546
540
542
534
564
548
568
560
550
588
562
564
586
578
574
586
582
576
574
588
580
572
610
582
588
560
572
542
518
512
478
476
458
426
460
428
424
418
426
424
418
410
416
410
440
468
474
520
608
576
550
504
488
478
462
466
456
450
428
434
438
440
436
446
440
438
436
432
430
434
422
420
420
418
424
428
428
436
450
440
446
444
436
444
440
442
442
442
440
444
450
428
434
440
444
490
544
546
552
556
564
552
556
566
556
542
530
522
518
484
470
484
456
452
466
456
434
428
424
438
382
414
410
398
406
400
390
390
388
386
392
396
386
390
394
398
398
406
406
412
416
422
424
426
426
432
454
458
456
466
452
448
460
444
446
448
450
452
448
448
464
466
472
464
470
472
474
464
474
450
436
438
416
420
420
418
418
414
410
412
412
418
416
418
418
416
420
416
394
408
412
418
412
414
416
414
426
448
478
496
476
466
450
450
462
444
456
460
452
450
440
444
436
436
426
432
434
440
410
428
430
430
436
436
428
440
438
436
430
426
432
430
426
420
426
424
420
424
424
430
434
446
460
458
456
454
462
464
456
456
456
458
456
452
446
462
432
430
418
432
418
416
420
426
430
426
432
430
436
432
430
438
436
432
434
436
430
436
430
428
432
424
434
436
438
434
438
436
440
438
436
442
436
430
444
422
414
404
414
408
418
426
450
462
480
508
510
534
546
534
542
526
512
498
500
508
496
484
488
484
490
480
470
464
460
460
466
460
450
446
444
438
432
438
426
430
438
430
438
438
434
436
438
432
434
436
436
438
434
442
428
410
418
428
430
422
430
428
432
432
434
424
426
414
426
428
422
436
448
438
472
482
478
484
468
478
478
472
486
484
482
490
474
480
486
480
480
482
484
470
478
464
456
460
458
462
462
480
494
504
520
536
518
524
526
524
530
494
502
498
488
492
484
488
476
488
476
476
468
468
474
468
464
468
464
458
456
458
462
464
460
458
456
454
448
444
448
450
458
476
490
528
562
580
568
572
562
544
540
526
532
538
522
530
508
524
512
484
480
472
476
474
478
476
476
476
476
476
484
460
448
456
460
450
456
462
468
456
464
470
456
470
474
476
484
472
482
488
486
496
494
490
488
488
504
502
504
508
482
488
482
480
488
474
508
510
516
510
528
524
526
532
520
524
500
494
482
466
464
458
464
460
466
490
574
632
656
682
730
696
666
642
592
548
554
460
538
480
458
510
458
452
426
440
432
428
424
420
416
412
414
412
416
414
406
410
414
422
424
432
432
418
448
448
454
450
450
454
460
456
452
460
460
430
444
436
440
442
440
442
430
440
430
434
430
422
426
434
432
434
434
436
440
444
440
444
434
434
432
412
428
416
420
426
422
414
422
396
412
412
420
424
436
430
434
438
436
442
436
438
438
434
430
434
434
436
442
436
446
438
444
440
442
448
440
444
450
426
434
440
438
434
426
410
420
414
414
410
410
408
404
406
394
400
394
396
396
394
396
394
400
400
400
394
396
394
400
392
400
388
394
396
392
398
392
392
392
392
400
392
390
394
386
396
392
392
394
390
400
396
396
398
396
402
400
398
400
396
398
402
374
390
398
376
384
386
388
386
388
386
390
390
388
386
382
382
384
382
384
384
384
390
382
388
388
386
388
384
386
386
380
388
376
378
380
376
376
370
374
376
372
374
372
374
376
368
374
374
368
372
366
374
372
370
374
368
374
374
372
376
374
374
372
370
374
372
366
370
370
366
370
364
368
372
368
374
374
376
374
378
374
376
378
382
376
384
378
384
382
384
382
382
380
386
380
384
384
378
382
380
378
382
396
378
360
378
378
374
378
378
384
376
376
382
380
378
388
384
382
382
376
390
388
384
390
388
386
386
386
388
386
390
382
384
386
388
388
386
388
386
388
388
388
386
390
392
386
382
388
384
396
392
392
396
394
398
398
400
402
398
402
398
390
398
398
396
382
382
388
382
386
380
382
380
378
384
384
382
384
382
390
388
382
380
384
762
396
380
378
380
378
384
374
374
386
388
396
392
396
398
418
394
404
408
398
406
406
406
410
410
404
404
416
414
422
422
426
432
426
428
430
428
428
428
428
424
426
424
424
426
420
416
420
424
416
412
418
416
420
412
426
406
394
412
404
396
404
412
424
434
444
436
444
446
450
444
438
440
446
438
442
440
434
430
430
430
428
420
424
430
432
426
428
428
434
430
438
430
426
422
426
414
414
420
426
426
422
432
436
436
430
434
434
426
426
430
436
434
436
442
450
450
450
452
452
444
452
450
448
444
446
444
448
436
436
436
438
432
430
438
444
444
442
450
456
454
452
452
456
450
448
452
450
462
442
438
442
442
438
438
442
444
450
448
452
450
438
448
444
440
450
432
440
448
438
426
438
436
434
442
442
446
448
444
438
438
440
430
426
442
428
422
420
418
426
424
430
430
420
434
434
434
432
438
440
440
456
466
468
462
470
472
472
478
458
458
450
456
448
448
444
438
446
444
446
448
452
446
440
434
442
440
440
438
434
430
426
422
422
426
430
416
400
408
418
458
518
552
532
522
532
550
528
560
564
542
560
538
522
510
494
492
480
470
458
450
444
434
418
440
424
406
416
434
428
442
464
486
502
498
534
554
550
540
550
526
512
494
482
468
464
472
472
466
462
458
452
442
434
428
424
422
412
408
408
410
412
408
416
416
404
436
442
442
446
464
478
472
474
472
472
482
458
458
458
458
458
446
450
446
446
442
444
446
444
456
446
438
474
484
480
470
478
476
472
474
466
468
464
466
464
466
468
444
444
446
430
450
438
444
432
434
438
436
448
440
438
438
438
430
438
422
422
414
414
414
414
404
398
410
412
410
418
464
612
554
596
626
616
608
608
568
532
526
524
516
510
518
504
494
480
498
486
478
472
470
472
466
458
454
448
448
442
436
434
430
434
426
422
428
418
422
416
420
412
414
414
414
416
410
410
418
422
422
416
416
416
416
418
414
420
414
420
418
418
416
418
410
418
424
438
446
446
446
466
470
478
466
468
466
462
458
462
462
464
460
456
454
450
446
442
440
438
430
428
424
428
438
448
458
472
482
502
524
524
518
520
500
514
490
492
494
490
490
492
490
464
462
458
466
448
434
416
436
430
420
414
420
418
412
426
432
430
424
426
430
438
432
432
436
440
440
430
432
436
438
434
438
438
428
430
426
430
430
424
424
428
438
440
436
444
458
466
454
464
476
480
466
482
486
494
488
490
496
488
486
494
486
482
482
486
486
496
476
478
482
482
476
484
480
480
480
464
470
480
478
474
466
470
474
464
464
468
464
458
462
456
458
454
448
458
450
456
458
464
458
454
464
474
470
460
462
460
476
462
462
468
474
476
470
474
482
484
490
476
468
460
450
452
450
442
438
454
456
464
450
462
466
468
456
458
472
476
466
458
478
484
488
482
490
468
458
452
458
452
460
456
454
490
486
500
516
516
506
520
496
486
482
482
478
472
466
460
446
444
456
462
468
470
470
484
496
494
486
484
488
490
482
480
472
488
454
450
450
454
456
450
450
466
474
480
486
480
480
488
490
478
478
476
484
478
478
488
500
508
498
508
478
474
466
460
476
472
476
526
524
540
544
546
552
560
574
554
560
542
522
512
496
478
478
462
466
452
456
440
442
432
430
396
420
412
414
414
430
396
394
382
386
402
398
398
394
406
396
400
404
404
410
418
424
442
436
442
444
448
444
448
446
446
452
444
454
424
440
436
432
432
432
430
436
444
434
438
438
440
428
428
428
424
422
426
426
424
424
430
426
432
424
426
428
428
422
420
420
422
422
420
418
424
416
418
412
420
414
422
418
418
418
416
416
408
418
410
410
412
408
420
418
428
422
426
428
424
430
424
424
422
434
428
434
432
432
432
432
420
410
424
412
414
414
414
416
418
418
418
416
416
416
414
412
408
408
408
406
400
404
400
398
400
394
396
396
392
392
396
390
384
394
392
390
400
402
398
404
392
402
394
394
392
390
394
392
398
396
390
392
394
398
396
392
390
408
388
390
384
388
376
376
384
382
368
374
370
372
372
370
368
368
368
368
366
368
370
378
364
362
364
358
376
360
360
360
362
364
358
358
360
364
358
364
364
364
358
362
364
372
374
378
374
376
376
380
378
372
376
374
372
376
374
374
372
374
376
378
374
378
374
376
378
378
374
380
374
378
378
382
380
376
384
384
384
388
382
388
388
384
388
388
386
384
384
398
384
382
382
384
378
378
386
384
388
384
388
388
388
390
388
384
376
386
360
374
372
372
366
368
376
370
370
372
370
372
372
374
376
366
372
374
370
370
372
372
372
380
374
374
378
370
374
378
374
374
374
372
378
378
376
374
376
378
380
380
380
382
382
374
380
378
380
376
376
368
374
376
370
374
372
368
368
370
374
364
376
376
370
372
370
376
384
376
390
390
390
394
384
384
384
382
378
372
374
376
374
378
378
384
398
404
406
410
418
420
428
422
420
430
422
422
414
420
414
416
412
414
408
406
412
412
408
410
404
410
394
406
398
406
416
410
414
412
412
412
410
414
412
414
416
416
410
410
416
420
426
428
430
426
428
432
430
430
428
436
438
442
440
456
458
456
428
438
434
472
474
466
470
466
474
448
444
450
450
436
442
436
460
462
468
456
456
470
486
490
496
498
502
474
468
452
450
446
444
464
456
460
458
454
464
470
484
496
490
484
496
472
462
450
452
458
448
462
480
486
478
476
474
496
508
506
522
522
528
518
516
522
494
482
460
458
460
440
442
434
446
448
444
460
472
498
530
528
516
536
568
554
520
530
522
526
532
530
506
482
486
496
516
536
546
534
536
536
522
498
494
486
478
458
470
472
458
456
462
452
440
448
446
440
446
434
432
432
446
450
460
456
452
454
446
454
440
440
438
452
456
466
468
472
464
474
456
466
460
458
454
456
458
448
426
436
440
418
416
426
418
426
404
424
422
408
434
434
422
436
448
448
450
452
452
448
444
450
452
454
456
446
448
448
446
446
444
448
456
436
424
450
418
430
446
444
440
442
448
448
448
452
448
452
446
450
444
448
446
426
432
426
432
442
444
444
450
444
438
456
448
444
450
450
448
450
450
452
450
428
432
440
418
432
428
432
456
468
510
520
504
524
532
524
488
492
466
456
468
450
426
438
436
436
436
436
428
434
432
420
428
424
422
430
444
464
466
460
462
462
458
458
460
464
452
446
444
442
456
450
448
446
440
442
442
434
432
440
434
422
414
408
412
414
414
432
448
464
492
518
512
508
490
478
484
490
480
482
480
482
480
482
476
482
460
490
490
478
490
482
518
540
518
538
540
542
558
560
550
566
556
576
576
574
564
548
546
556
556
556
522
514
496
484
466
462
460
440
456
506
592
602
606
600
604
604
598
564
586
618
576
568
566
564
556
530
534
538
530
530
528
510
496
492
490
486
492
494
504
510
514
512
510
514
490
484
480
474
466
462
458
466
480
478
488
510
522
528
520
524
506
488
494
470
466
456
460
458
458
462
458
474
480
490
498
498
492
500
484
476
476
464
452
452
452
456
456
456
462
476
486
498
480
486
510
514
538
548
540
530
518
516
510
496
478
472
464
460
456
470
434
446
448
456
448
448
462
482
492
504
504
528
544
566
546
540
512
506
508
504
506
490
492
490
488
488
496
494
498
496
492
490
480
474
468
472
446
446
454
468
476
488
526
546
550
582
560
566
570
568
572
582
600
596
586
592
562
546
546
536
546
532
534
534
538
540
504
522
496
490
498
490
490
494
496
496
494
488
474
482
510
510
498
504
506
498
490
488
490
486
486
486
488
484
488
492
494
504
496
504
510
506
510
496
490
468
470
468
462
470
458
454
458
464
458
460
462
456
456
458
466
466
472
482
486
486
492
488
494
492
492
490
486
488
478
476
482
478
476
474
474
474
466
456
466
486
496
486
488
508
530
558
546
548
556
550
554
552
538
520
516
514
510
496
502
490
490
498
472
460
470
466
484
488
490
522
586
590
618
626
602
620
560
564
554
562
548
550
536
544
546
538
514
512
522
514
510
508
502
492
488
480
486
490
486
484
470
480
476
474
476
460
458
452
440
444
444
440
442
444
424
434
430
436
430
430
432
422
424
428
418
426
410
408
412
404
390
404
382
392
404
406
412
410
422
436
436
436
448
454
460
458
450
434
432
434
424
442
424
418
412
412
416
404
396
406
402
412
436
452
498
576
564
556
566
556
528
500
488
486
482
480
476
474
468
454
456
446
450
466
456
464
466
468
470
470
474
478
472
474
472
474
464
470
446
450
452
448
444
440
438
426
434
434
430
430
428
430
428
430
430
428
428
426
430
422
428
428
426
424
422
428
420
426
424
416
424
424
410
402
408
402
408
410
404
412
418
414
416
420
420
422
424
416
422
418
414
410
408
408
406
410
410
410
416
416
426
426
422
430
434
438
438
436
434
452
448
450
446
448
446
452
430
436
440
434
438
432
436
434
438
436
442
438
448
450
452
448
454
446
444
444
440
438
432
444
432
438
446
442
452
458
454
456
442
446
450
428
426
434
434
428
428
434
442
450
446
438
440
436
458
462
458
452
464
430
448
432
438
438
436
438
438
424
434
432
450
450
442
448
456
454
460
456
440
454
446
454
448
452
434
428
428
430
430
432
424
438
440
442
444
454
458
456
456
454
456
460
460
448
448
432
418
418
426
424
418
426
420
432
438
454
464
458
472
478
464
462
456
456
456
448
448
438
428
434
430
432
426
422
430
430
436
436
446
438
442
442
440
434
432
432
432
430
430
432
428
426
428
424
430
434
438
436
432
432
434
432
422
416
426
404
414
412
412
410
410
410
418
414
414
414
416
414
424
418
420
434
438
434
436
444
416
438
434
426
432
416
422
420
422
424
416
384
414
416
412
414
412
412
414
404
396
402
394
394
392
390
392
388
392
394
392
392
390
392
384
390
386
390
384
376
380
378
372
374
378
372
372
378
386
364
362
368
364
368
364
364
368
370
370
368
368
376
380
384
388
400
406
402
404
406
402
406
404
408
408
404
410
404
406
408
402
404
402
402
400
402
406
400
406
406
406
406
406
410
410
412
418
416
416
414
418
420
416
414
414
420
422
420
422
420
424
412
412
414
416
412
410
414
420
414
418
418
414
416
418
418
420
408
414
418
412
410
410
412
420
416
416
418
400
410
408
404
410
410
418
418
414
424
416
418
418
416
416
414
420
428
420
424
426
422
428
424
428
418
416
412
416
410
410
408
400
408
408
406
408
410
406
412
410
408
412
410
408
410
410
404
406
406
402
400
396
404
396
396
396
398
394
398
400
410
422
430
442
460
474
462
464
482
474
476
476
482
478
472
480
476
478
462
468
452
458
430
450
436
432
434
432
428
430
426
434
430
414
434
432
414
428
432
432
432
436
424
408
402
402
392
392
402
402
402
408
428
442
452
532
592
558
574
546
522
548
532
522
498
482
474
460
452
466
470
436
442
442
442
444
440
440
438
436
438
424
434
430
424
414
424
426
444
452
444
458
468
460
458
458
464
456
456
454
454
442
440
438
438
426
430
422
430
424
408
424
424
406
422
412
410
412
410
400
412
410
420
432
440
438
454
452
458
466
468
460
472
462
468
466
440
448
442
438
446
450
442
452
456
452
452
454
456
458
456
454
424
438
438
430
438
428
432
436
416
426
420
422
428
424
426
434
434
430
436
442
440
442
450
442
430
436
440
438
438
442
444
438
442
440
444
438
440
436
442
434
420
430
426
428
416
418
426
426
426
438
436
444
446
446
454
448
452
454
454
454
446
446
454
442
458
438
436
428
432
432
434
432
432
426
422
450
416
412
408
416
426
418
428
434
442
446
454
452
458
452
448
446
444
446
436
438
452
428
432
428
428
428
430
426
424
430
416
414
424
430
458
478
484
496
492
478
472
478
470
466
450
450
424
450
442
438
434
442
432
436
430
434
438
450
452
454
454
466
464
466
468
470
466
448
456
448
452
454
462
462
464
468
468
462
462
466
464
464
470
466
460
470
442
452
462
454
472
512
532
518
516
476
502
480
466
456
454
446
450
454
456
470
466
462
470
474
478
466
460
462
454
468
456
460
464
474
470
476
474
472
474
476
462
464
458
466
462
462
456
460
458
450
456
456
456
450
460
454
464
466
454
468
472
468
468
468
458
452
448
444
446
442
456
470
464
464
476
488
498
484
494
490
490
486
466
486
468
466
470
466
466
466
464
458
466
462
468
468
474
474
476
486
476
486
486
486
488
480
478
468
468
472
466
460
464
460
468
468
470
472
480
478
476
470
470
468
464
464
458
458
458
460
464
468
462
498
500
516
512
506
500
514
488
478
474
460
452
450
460
466
502
514
518
514
504
518
488
476
464
460
458
456
452
448
448
448
456
452
464
458
462
458
460
456
454
452
458
476
488
496
490
510
520
540
542
538
530
496
498
494
492
494
490
482
478
490
472
462
462
458
454
456
454
456
434
446
450
444
442
448
442
442
448
460
466
472
470
464
460
466
462
460
468
462
470
460
450
442
462
462
456
448
458
440
432
448
436
440
430
438
444
448
452
448
450
462
474
470
462
466
474
448
442
440
438
434
434
442
438
438
438
440
450
468
476
472
488
496
508
498
502
492
488
488
474
478
470
468
464
460
470
470
462
490
498
496
512
518
516
518
512
520
516
528
544
538
542
552
536
538
548
538
538
538
528
522
516
522
516
504
514
496
484
480
480
476
474
468
456
464
464
472
472
482
494
498
490
492
504
512
504
514
504
508
510
498
520
530
534
524
536
518
508
522
506
502
502
500
494
474
468
458
464
456
466
464
464
458
482
502
506
504
518
518
514
510
516
518
508
508
512
504
516
500
494
492
506
502
504
500
508
530
516
514
516
496
500
476
474
468
458
458
440
458
446
438
438
432
462
470
470
476
536
648
644
598
572
538
534
536
580
588
584
608
640
614
604
616
614
610
570
576
556
546
552
546
514
528
508
490
494
500
494
516
516
516
510
510
492
490
494
486
478
476
468
464
462
466
456
488
494
494
522
578
668
644
622
552
524
510
526
542
598
590
578
582
544
542
514
516
500
492
486
490
482
516
520
520
516
516
510
576
572
570
596
570
584
582
564
516
494
502
504
504
494
516
516
508
512
516
504
494
498
506
496
558
570
544
560
566
550
568
582
562
576
560
566
566
552
564
568
544
544
532
512
536
514
512
524
520
526
526
542
554
554
554
532
530
528
522
518
528
530
514
516
518
522
522
520
530
514
516
506
508
514
512
520
522
536
556
570
552
570
568
550
558
556
578
576
570
560
546
538
530
524
522
520
506
508
514
506
500
492
496
496
494
500
508
500
506
490
488
500
488
484
488
482
484
486
486
490
484
476
472
474
486
480
474
484
490
494
494
508
522
524
530
528
528
512
498
480
494
482
484
496
476
498
500
494
496
496
488
482
494
512
590
594
568
570
566
568
574
584
598
586
584
580
568
582
542
524
512
514
496
488
484
482
480
478
460
458
448
446
438
430
428
428
424
416
412
410
414
410
406
406
402
404
404
424
480
546
564
578
598
604
588
546
540
522
518
502
506
502
478
490
460
470
466
466
440
444
448
444
452
452
438
466
462
456
454
458
468
464
484
488
504
520
522
526
528
516
504
504
500
498
498
486
480
490
476
484
498
508
636
786
676
670
586
580
574
588
574
582
580
624
598
606
612
620
618
618
616
624
624
584
618
648
636
656
654
638
638
644
620
634
628
680
636
640
656
636
656
626
620
622
620
602
604
598
578
574
570
540
530
532
510
516
514
496
476
478
482
470
464
456
448
432
454
432
428
424
418
418
416
418
436
458
450
464
486
494
494
492
450
460
476
462
466
470
464
470
462
462
472
448
452
446
458
456
398
608
508
510
548
510
570
562
548
548
546
534
526
572
550
548
562
540
528
516
524
536
560
592
616
606
596
594
600
588
596
600
578
562
534
532
534
528
538
528
536
532
542
532
522
536
540
526
526
530
532
528
528
516
516
518
512
524
542
534
568
594
628
594
562
556
556
556
558
552
542
544
494
462
462
466
454
448
440
438
422
412
418
418
408
406
406
398
398
396
394
398
404
388
396
398
402
392
384
404
382
390
396
380
386
392
402
396
396
396
392
400
404
396
402
390
394
390
392
396
392
394
394
396
398
394
400
390
384
390
388
384
386
380
380
382
378
384
378
374
378
370
374
374
378
374
374
376
370
374
370
368
376
360
358
358
360
358
360
358
360
358
356
356
356
358
360
352
354
358
358
362
362
362
358
358
368
368
372
372
370
380
360
364
368
368
370
372
374
374
370
364
368
364
366
370
370
368
370
374
380
376
378
380
386
390
410
390
384
380
390
390
390
390
388
392
394
372
382
384
390
382
384
388
386
384
386
386
378
378
376
374
370
368
368
370
376
378
386
406
404
418
448
472
454
460
460
462
456
458
476
486
470
464
454
460
460
458
462
440
436
438
414
432
416
418
424
418
418
402
412
402
406
408
404
410
412
408
412
418
422
438
464
460
464
474
484
484
480
474
452
456
458
450
458
454
458
454
446
448
446
436
438
440
436
430
430
428
428
432
428
424
428
430
436
450
444
444
448
430
434
488
514
496
490
500
494
492
484
482
476
474
470
456
468
478
508
502
500
498
502
496
516
502
514
512
496
484
490
492
516
508
498
508
500
510
484
484
476
476
482
476
476
464
472
472
490
490
480
492
464
462
456
462
446
452
454
444
468
484
490
506
564
712
672
616
614
606
606
604
608
608
634
586
546
556
556
548
536
528
504
508
498
500
514
534
530
518
502
490
500
480
482
458
470
454
460
464
486
510
538
552
538
534
512
512
512
500
500
514
514
524
520
534
556
534
548
528
526
514
502
502
504
498
512
524
530
526
526
532
524
526
534
538
534
544
530
574
550
536
534
528
516
514
520
508
520
508
500
510
506
494
500
488
502
482
486
496
494
502
488
490
484
480
478
484
460
450
448
446
454
468
488
508
538
530
536
580
614
582
598
570
576
598
564
556
546
552
570
558
570
528
526
518
524
494
496
506
492
500
490
502
502
498
510
486
494
502
490
496
492
496
502
500
502
512
528
520
516
514
512
518
530
520
514
520
518
508
494
480
460
470
464
472
486
502
524
526
552
550
550
552
556
560
556
538
524
538
540
524
538
544
536
532
546
544
544
538
532
532
526
540
522
524
516
530
518
522
516
514
530
528
524
532
534
534
514
520
520
512
484
498
478
484
488
490
504
508
524
522
544
578
564
566
556
566
558
546
528
522
524
516
522
520
510
534
556
566
560
566
578
572
546
562
552
546
544
544
522
506
512
510
492
510
486
506
502
502
504
494
490
490
496
504
500
512
532
546
542
542
546
554
560
554
550
524
532
516
504
502
490
492
488
508
528
556
564
574
568
548
528
552
544
550
550
544
560
510
510
506
520
526
522
524
518
514
510
516
506
510
512
514
522
514
514
510
486
500
498
502
528
538
544
534
544
522
500
498
500
488
500
492
526
522
524
524
524
526
522
482
516
508
518
530
518
526
502
512
506
524
528
514
532
504
524
502
498
502
504
500
502
492
498
496
506
516
542
570
576
602
594
594
596
598
598
586
580
570
552
534
534
516
512
518
506
538
548
560
558
536
546
540
572
562
552
560
556
560
552
544
558
550
546
550
528
530
528
512
494
500
498
500
570
604
586
596
616
610
608
582
586
572
578
570
560
570
548
542
548
548
542
540
556
550
552
526
530
530
526
510
530
518
502
502
506
502
518
566
606
628
642
660
662
658
606
582
558
560
530
534
528
522
522
544
574
570
560
560
546
532
528
528
516
520
520
510
520
518
514
518
520
516
520
512
508
492
500
502
502
518
528
542
580
580
606
630
654
628
630
618
606
576
564
574
564
568
556
566
568
552
550
564
556
562
552
542
530
538
544
564
602
624
578
572
586
598
642
612
606
572
566
570
552
548
546
522
528
518
516
512
546
570
576
572
570
574
538
518
520
508
524
518
538
550
540
550
552
558
568
570
576
596
642
642
626
622
598
598
580
560
542
532
518
516
516
502
514
534
574
582
580
582
552
534
558
528
528
524
532
520
528
526
596
610
574
582
582
596
596
588
588
564
554
562
558
542
530
528
506
530
528
524
534
514
512
500
506
492
482
482
450
464
470
462
462
462
476
478
506
490
506
518
510
510
518
526
528
516
514
520
516
498
484
486
494
468
470
472
474
472
462
462
480
490
504
508
514
524
536
524
522
518
512
514
512
510
500
512
494
484
480
474
472
468
472
478
474
472
480
480
480
480
478
480
472
476
478
474
470
472
460
460
450
460
490
582
634
624
646
670
660
628
572
540
560
552
556
554
560
562
520
520
514
506
512
500
484
490
466
474
494
498
506
504
506
500
504
502
492
496
502
522
516
504
508
510
512
512
506
506
512
502
506
504
504
504
510
508
504
504
496
482
474
486
482
496
512
540
604
638
626
622
578
558
558
526
524
518
524
486
498
500
480
500
496
494
528
532
530
530
542
570
572
562
548
524
514
514
520
518
518
516
500
502
520
524
516
524
576
624
632
614
620
566
568
554
564
582
574
576
558
536
528
510
524
560
560
564
578
578
580
576
556
540
528
510
518
514
506
510
508
524
514
530
586
632
618
586
584
558
568
544
560
536
540
534
528
530
526
552
574
564
566
568
572
584
644
628
624
614
570
558
540
530
526
534
536
536
522
532
524
518
520
540
640
656
662
650
660
652
624
576
576
548
530
542
540
532
538
528
570
572
560
560
566
560
554
552
544
530
530
534
528
522
556
560
566
560
544
540
526
540
566
562
570
572
578
568
580
552
532
536
536
524
524
514
522
546
600
640
672
658
650
626
606
610
586
560
548
524
530
534
586
640
644
616
592
574
566
564
554
550
534
538
540
516
534
514
518
506
498
504
510
498
506
522
538
542
540
542
534
540
546
524
534
542
546
554
548
550
546
552
542
548
544
538
546
586
652
662
636
620
602
582
566
562
548
538
522
522
540
568
584
564
576
572
564
558
560
584
580
578
566
566
538
540
534
538
534
566
638
672
666
656
604
586
566
582
582
576
572
552
548
538
536
540
542
522
532
538
520
500
502
536
590
576
556
540
558
566
582
576
582
536
546
538
536
548
560
588
634
666
628
614
594
606
622
606
592
580
564
578
598
592
586
588
572
554
564
558
598
656
664
650
640
598
586
568
580
566
582
596
608
610
602
590
582
564
578
558
558
558
544
554
552
590
578
580
548
544
534
526
520
512
520
510
540
530
556
644
650
632
622
608
584
586
564
534
536
536
530
552
576
608
596
582
578
588
594
598
592
586
546
562
548
536
524
530
516
522
552
570
576
580
578
568
554
534
536
540
522
532
528
518
520
550
604
612
610
598
554
544
544
556
576
578
570
570
564
572
596
600
598
592
584
570
548
544
548
544
520
536
532
532
534
560
594
568
572
610
666
620
600
610
572
