950
922
914
920
928
914
892
902
896
892
894
850
888
950
974
992
984
958
956
960
948
932
924
916
924
930
900
902
916
920
896
896
886
858
830
850
824
822
834
824
864
908
960
970
950
948
938
910
886
858
866
860
872
898
942
956
932
914
934
954
950
916
934
948
944
962
972
948
870
868
920
780
856
818
818
816
808
802
802
796
788
794
804
802
800
790
782
798
792
792
800
786
818
864
892
936
930
944
962
932
950
922
962
982
940
932
962
988
936
952
958
950
902
926
910
930
924
924
918
866
868
874
872
874
848
874
896
898
888
920
920
902
872
872
886
910
912
918
960
972
980
952
972
976
940
914
912
900
894
874
858
862
880
866
854
888
894
914
898
858
886
878
894
904
902
930
930
928
876
886
874
870
850
856
852
836
828
824
856
892
920
892
880
910
916
920
914
932
932
882
896
888
880
862
864
826
828
826
836
840
868
862
924
974
1000
956
976
964
958
950
940
938
952
958
944
968
1002
1004
972
934
966
964
1006
972
930
938
946
932
930
956
944
920
914
936
952
910
968
984
976
954
982
990
934
946
944
926
882
898
908
896
906
936
962
952
926
926
906
904
908
912
908
946
974
992
948
970
964
950
940
910
900
902
884
892
858
874
848
862
922
956
924
960
970
964
930
920
920
912
898
936
922
870
876
878
876
874
882
888
870
884
886
900
896
950
984
1008
982
950
962
960
928
932
946
956
922
938
942
946
906
924
928
936
914
938
946
950
924
928
934
952
924
936
942
968
946
924
926
912
894
888
844
830
826
830
840
876
904
950
926
896
900
906
914
900
902
906
934
962
932
936
948
974
942
932
910
904
896
892
874
894
902
914
900
934
950
962
946
966
968
942
916
932
930
912
886
864
842
834
830
862
902
986
972
974
960
938
872
852
836
834
866
882
862
872
1006
1018
1016
1024
994
952
956
966
974
980
988
1040
1070
1002
1000
1012
990
942
970
970
932
962
1040
1020
1008
1030
998
920
928
874
854
858
844
824
858
872
890
898
952
984
956
948
936
922
906
900
882
866
860
884
924
934
980
1000
970
972
966
964
936
904
904
914
946
950
968
988
968
948
902
910
934
960
930
934
956
986
964
954
942
934
900
876
876
864
862
852
834
822
820
822
822
848
910
898
878
918
946
936
928
894
890
882
888
884
888
880
870
886
902
926
878
888
890
914
940
956
960
954
936
924
916
914
898
910
904
900
870
892
892
900
904
884
894
898
922
938
908
904
872
870
920
936
938
916
918
926
934
910
904
918
910
964
992
954
924
956
962
946
928
968
984
982
934
946
972
1014
982
976
1006
1022
1000
974
892
900
892
878
842
870
904
902
916
918
920
888
866
878
874
864
872
880
914
892
902
896
882
892
922
920
946
942
936
928
930
940
930
922
950
974
948
948
946
932
922
916
900
880
872
870
894
906
920
908
914
942
946
918
892
874
870
872
842
808
838
904
932
966
980
970
928
956
960
978
932
904
896
906
932
952
946
916
890
880
872
838
834
792
806
790
814
822
854
880
872
858
876
874
878
882
854
856
868
888
884
890
920
926
914
892
920
916
922
892
910
924
930
890
874
856
842
844
874
898
938
952
920
944
974
974
918
908
926
924
906
914
924
942
930
960
980
962
940
970
974
976
944
980
1002
1012
954
960
972
982
952
938
954
958
942
924
938
940
930
900
912
914
916
872
866
876
892
890
892
910
916
874
848
844
834
820
810
818
804
804
816
848
862
874
894
948
978
986
948
932
950
954
948
924
904
924
938
938
920
940
936
920
928
866
856
846
850
850
850
850
858
840
836
820
822
812
818
834
862
894
888
900
950
966
958
928
904
886
882
864
856
862
848
836
840
838
848
848
900
938
1000
1028
958
968
954
920
890
902
902
912
932
894
874
832
854
840
856
894
952
954
968
968
974
984
998
1052
1026
1044
1068
1000
974
1008
996
966
998
1006
974
1004
1038
1020
976
980
992
996
972
998
952
936
918
896
886
862
876
862
860
884
932
978
952
1012
1002
982
918
888
876
822
806
816
814
828
834
854
858
850
842
860
860
854
880
1044
1010
930
1004
1032
1012
974
928
940
950
934
936
954
1006
1004
1006
948
960
950
960
920
948
994
992
972
916
866
900
918
960
938
968
1008
1030
972
936
930
924
916
924
964
974
966
1032
1070
1018
1030
1028
974
1000
1024
1008
986
1026
1008
958
974
970
930
938
930
936
912
888
930
960
952
930
902
890
906
876
896
946
920
1016
1082
1088
1004
996
1020
1000
988
998
984
932
958
978
966
1026
1070
1006
976
1008
1020
992
996
1020
1002
962
984
988
1004
954
960
974
992
1010
968
916
948
960
988
948
1018
1032
976
950
950
904
926
894
910
932
926
966
968
960
982
992
950
960
972
946
940
952
990
1002
956
986
1002
1012
978
1028
1046
1046
978
1018
1022
976
914
910
912
906
882
848
840
826
844
868
890
898
922
954
962
952
924
938
954
952
950
974
968
998
970
944
970
988
948
976
976
988
978
948
972
990
976
980
952
984
1012
1014
966
988
988
938
928
940
964
946
992
1036
982
1026
1070
996
998
1014
978
934
964
986
986
984
1038
1068
998
1012
998
978
1010
1030
992
994
1004
998
972
1016
1028
998
1004
1032
1012
976
1008
1040
1010
970
1008
998
968
974
964
918
968
982
962
922
928
890
870
846
854
920
946
968
958
930
938
946
952
960
976
988
998
1002
1010
982
970
1002
1050
1046
994
990
986
980
940
920
908
902
924
920
930
916
868
876
894
900
888
906
902
902
918
954
930
934
902
898
908
904
920
914
882
906
926
922
892
858
866
856
842
834
856
868
878
866
880
894
892
908
918
918
894
918
932
920
938
974
1002
996
962
962
946
902
904
906
902
916
946
948
944
914
906
916
882
838
862
838
808
796
786
764
760
762
760
798
830
862
886
908
948
966
950
926
928
934
920
894
886
896
886
888
928
940
914
928
906
854
830
834
822
812
776
798
806
854
918
1004
974
928
920
908
868
868
876
848
860
848
868
858
864
858
786
850
826
820
808
814
822
826
804
814
804
810
812
828
820
812
814
816
832
816
820
812
838
818
806
820
870
934
976
938
920
862
904
890
858
850
908
910
860
890
910
874
860
912
902
866
856
842
876
1000
1048
1072
1084
1074
1046
954
1002
1078
1052
1002
1066
1126
1038
998
1038
1040
1022
1128
1134
1062
1038
1070
1036
1018
1142
1140
1012
1050
1078
1010
1014
1112
1054
1018
1108
1066
1006
1090
1090
1008
1032
1058
1046
1000
1074
1118
1050
1016
1054
1046
976
982
1006
1016
968
938
934
892
924
960
1066
1102
1046
1068
1112
1054
1046
1100
1084
1032
1096
1130
1040
1058
1102
1074
1036
1090
1052
1078
1092
1048
1028
1080
1034
1052
1112
1120
1052
1082
1104
1080
1072
1140
1106
1034
1050
1094
1074
1024
1068
1090
1066
1064
1126
1124
1050
1058
1130
1130
1044
1068
1118
1056
1018
1104
1140
1064
1090
1134
1076
1044
1092
1100
1034
1034
1086
1094
1044
1106
1142
1082
1062
1128
1120
1052
1056
1088
1056
1026
1096
1098
1030
1048
1086
1064
1006
1046
1086
1036
1046
1088
1082
1018
1058
1094
1058
1052
1080
1060
1004
1014
1016
952
972
1010
1022
994
1092
1084
1012
1054
1136
1124
1032
1056
1082
1040
1050
1114
1116
1024
1078
1120
1046
1030
1082
1076
1014
1068
1132
1104
1034
1038
1090
1086
1012
1058
1092
1046
1040
1064
1058
1004
1062
1192
1136
1092
1126
1116
1056
1056
1096
1092
1008
1056
1108
1062
1038
1062
1054
1002
1018
1074
1132
1066
1118
1132
1004
1008
1042
1046
1004
1144
1150
1036
1034
1072
1064
1022
1124
1174
1080
1092
1120
1092
1024
1092
1176
1080
1070
1122
1084
1018
1106
1130
1060
1062
1106
1092
1008
1076
1108
1054
1056
1160
1116
1044
1010
996
952
958
1012
1068
1022
1038
1100
1076
1056
1112
1104
1032
1054
1098
1056
1040
1120
1108
1026
1082
1148
1102
1028
1078
1130
1068
1034
1048
976
932
984
1036
994
996
1052
1068
1012
1044
1078
1048
1020
1092
1120
1060
1042
1112
1072
1010
1064
1116
1030
970
1002
1042
1064
1086
1176
1104
1054
1102
1112
1046
1072
1114
1074
1014
1080
1142
1042
1044
1108
1072
1036
1106
1180
1124
1062
1130
1150
1058
1024
1074
1058
1018
1082
1122
1062
1060
1102
1100
1032
1050
1108
1080
1026
1060
1116
1064
1038
1134
1130
1066
1064
1108
1060
982
998
1036
1060
1046
1198
1206
1088
1082
1104
1072
1032
1100
1148
1062
1060
1126
1110
1046
1062
1112
1110
1044
1054
1112
1064
978
970
1066
1176
1072
1090
1116
1108
1046
1106
1180
1128
1064
1062
1076
1068
1022
1120
1162
1102
976
906
928
852
836
838
820
808
774
776
756
748
776
772
758
764
746
780
762
750
730
732
742
734
722
744
746
756
758
806
916
1006
980
968
924
888
854
816
814
828
848
830
820
804
830
860
860
836
816
842
858
898
912
890
900
872
902
912
908
910
890
870
862
856
862
858
894
924
932
904
914
894
900
884
886
850
850
832
818
822
818
814
798
792
790
784
794
836
862
918
1054
1052
1100
1158
1194
1118
1084
1084
1056
1074
1134
1098
1076
1046
996
944
922
966
1108
1036
968
1040
1118
1020
998
1028
1098
1024
1088
1162
1082
1090
1184
1120
1024
1076
1112
1084
1046
1108
1118
1028
1042
1100
1074
1028
1076
1110
1046
1042
1102
1026
970
998
1012
1052
996
998
1032
1048
1012
1022
1070
1088
1064
1040
994
1006
986
982
952
986
1050
1072
1018
1104
1120
1056
1056
1128
1054
966
936
886
840
834
820
808
800
796
794
782
766
756
772
804
812
806
806
802
794
786
796
788
810
840
836
854
842
846
862
854
854
844
828
844
860
846
858
876
898
870
848
848
854
836
806
810
818
806
810
796
836
818
870
830
836
854
1226
1062
1022
1034
1034
996
972
928
990
1012
1000
996
1068
1072
1020
996
1030
1014
986
1040
1094
1074
1016
1060
1080
1068
978
972
938
890
918
920
960
942
1024
1044
1014
1050
1088
1044
1054
1086
1060
1022
1048
992
938
934
908
982
1068
998
1048
1084
1036
1012
1054
1002
964
1036
1062
1018
1046
1080
1010
1022
1036
1020
1018
1074
1074
1014
1054
1078
1056
998
1034
1070
1042
954
958
974
936
950
976
1006
964
1008
1046
1026
1006
1072
1100
1058
1038
1072
1062
1014
1072
1130
1070
1046
1108
1078
1020
1084
1090
1036
1046
1094
1054
1014
1018
1012
924
940
926
904
900
940
996
976
1004
1086
986
910
894
880
842
854
828
846
900
898
958
1038
1014
1018
1066
1074
1024
1056
1082
970
960
964
976
974
1000
1048
1090
1054
1072
1110
1100
1012
1040
1116
1126
1054
1074
1090
1088
1024
1076
1134
1104
1064
1122
1122
1064
1068
1124
1104
1050
1064
1104
1086
1008
1002
1032
1028
1004
1062
1130
1076
1076
1102
1072
1016
1024
1044
1034
1014
1042
1088
1098
1072
1108
1120
1030
1010
1026
1038
1018
996
1036
1076
1062
1026
1038
1064
1058
1010
1042
1072
1078
1048
1104
1140
1098
1072
1092
1104
1024
1018
1004
936
974
990
976
970
958
938
942
970
1008
984
1030
1102
1072
1074
1140
1102
1030
1064
1098
1064
1034
1096
1048
952
966
978
960
972
1032
1004
964
974
984
998
1018
1116
1130
1038
1082
1102
1060
1022
1002
1028
984
1048
1128
1066
1062
1086
1084
1008
1060
1116
1074
1004
1020
1054
968
958
922
898
892
884
928
924
970
1044
1032
986
1034
1068
988
1006
962
1002
942
882
920
860
842
810
764
740
720
716
716
742
808
812
820
834
824
920
920
950
952
916
1018
998
948
1070
1176
1114
974
952
1016
1050
958
946
1022
960
952
920
896
1016
896
886
864
850
830
942
936
870
938
1150
1048
1040
1064
1086
1082
1010
1020
1028
980
976
976
966
1010
1036
1048
1032
1070
1066
1048
1012
1014
1038
1058
1072
1036
1022
1044
1068
1038
1002
1052
1078
1052
1062
1048
1030
1046
1040
1022
1048
1086
1078
1038
1062
1080
1080
1056
1118
1130
1080
1060
1100
1090
1030
1072
1074
1030
996
1042
1112
1042
1046
1076
1060
1046
1084
1104
1074
1034
1042
950
904
898
870
850
872
910
914
966
996
1030
982
962
1004
1038
1016
994
1058
1088
1046
1012
1048
1082
1048
1004
1082
1102
1038
998
1006
996
964
956
978
1016
996
1044
1120
1110
1046
1044
1092
1106
1042
1052
1040
984
982
1060
1140
1074
1072
1126
1126
1060
1064
1102
1098
1042
1074
1098
1092
1030
1040
1074
1092
1028
1052
1066
990
958
998
1066
1044
974
960
918
890
862
872
826
782
764
758
768
814
826
850
906
866
874
868
822
814
820
908
898
926
1212
1164
1042
1024
1078
1076
1030
1030
1092
1070
1052
1202
1216
1092
1138
1164
1176
1084
1072
1152
1166
1072
1068
1186
1260
1122
1182
1214
1200
1058
1052
1130
1196
1146
1276
1354
1218
1100
1182
1212
1140
1178
1176
1128
1040
1084
1190
1140
1058
1158
1178
1092
1086
1124
1106
1046
1076
1110
1130
1084
1122
1178
1154
1084
1060
1120
1126
1078
1108
1136
1120
1054
1098
1090
1034
1036
1060
1074
1010
976
958
960
924
932
882
894
874
850
800
784
792
824
888
822
846
854
844
842
898
964
1164
1110
1004
1024
990
984
988
994
924
918
892
858
870
850
880
984
982
956
1064
1108
1046
1036
1108
1116
1030
1060
1112
1120
1060
1128
1118
1030
1020
1018
1012
978
1000
1068
1068
1114
1200
1170
1104
1166
1186
1130
1074
1078
1046
986
940
974
988
976
928
1020
1044
1024
1028
1124
1154
1086
1070
1118
1106
1046
1078
1128
1090
1034
1098
1122
1060
1064
1164
1174
1062
1052
1096
1098
1038
1078
1042
928
936
908
898
890
928
966
986
956
1022
1062
1018
992
1064
1062
1040
1078
1130
1150
1088
1102
1114
1116
1064
1056
1110
1126
1068
1022
1092
1138
1074
1040
1096
1132
1080
1034
1056
1048
982
998
1068
1110
1056
1046
1066
1076
1024
1054
1100
1080
1034
1100
1156
1122
1042
1086
1126
1100
1046
1046
1094
1118
1084
1038
1124
1178
1130
1064
1070
1110
1116
1042
1004
1004
1018
974
984
1098
1148
1080
1100
1174
1164
1084
1074
1058
1054
1010
998
1044
1076
1094
1038
1026
1166
1158
1118
1052
1042
1112
1158
1084
1058
1106
1156
1094
1072
1098
1084
1060
1000
1020
1016
1042
1008
1006
1070
1114
1020
1112
1226
1182
1074
1060
1224
1338
1248
1100
1090
1166
1160
1140
1054
1062
1174
1198
1098
1120
1192
1182
1122
1066
1178
1204
1068
1050
1158
1288
1078
1050
1120
1136
1058
1016
1134
1348
1232
1084
1064
1094
1144
1100
1066
1170
1256
1118
1216
1316
1196
1082
1112
1138
1082
1096
1184
1186
1108
1102
1148
1160
1112
1042
1112
1158
1136
1080
1058
1118
1198
1106
1108
1190
1160
1078
1028
1062
1138
1096
1054
1192
1196
1190
1078
1110
1204
1188
1128
1066
1128
1180
1156
1084
1056
1124
1174
1154
1046
1050
1088
1192
1062
1016
1086
1094
1046
986
1042
1148
1150
1138
1414
1254
1114
1068
1110
1110
1162
1128
1116
1156
1224
1176
1086
1216
1238
1168
1074
1156
1228
1166
1054
1062
1114
1206
1134
1092
1208
1192
1120
1030
1080
1114
1122
1088
1108
1336
1242
1198
1108
1102
1164
1162
1100
1032
1106
1162
1130
1060
1098
1328
1234
1154
1198
1246
1152
1046
1022
1082
1118
1094
1022
1138
1134
1112
1048
1076
1144
1198
1142
1040
1060
1148
1244
1158
1054
1040
1098
1168
1152
1048
988
1042
1052
1016
958
936
910
882
878
894
880
944
846
1290
1168
1076
1140
1094
1070
996
996
1040
1152
1122
1046
1070
1168
1144
1126
1052
1002
1078
1084
1086
1012
982
1024
1090
1084
1052
1010
1042
1096
1068
1032
1004
1080
1112
1118
1060
1010
1068
1072
1008
996
1104
1324
1208
1122
1086
1172
1270
1162
1042
1040
1090
1208
1120
1162
1242
1214
1122
1034
1032
1074
1120
1076
1024
988
1078
1170
1102
982
930
952
962
1094
1126
1176
1274
1222
1120
1066
1108
1142
1160
1094
1072
1090
1124
1136
1050
1066
1142
1128
1072
1046
1084
1044
1002
978
998
1174
1152
1108
1052
1076
1088
1104
1046
1024
1260
1428
1238
1122
1110
1222
1210
1136
1090
1132
1226
1150
1100
1096
1156
1160
1100
1072
1136
1120
1036
956
914
898
928
930
878
906
892
930
906
904
1076
1286
1192
1086
1110
1128
1116
1098
1036
1062
1094
1110
1104
1026
1068
1132
1084
998
950
944
924
954
996
1046
1264
1170
1102
1080
1086
1124
1146
1062
1096
1160
1164
1114
1056
1182
1168
1102
1012
1018
1084
1152
1164
1090
1150
1292
1202
1114
1064
1068
1066
1036
928
912
944
1436
1390
1274
1292
1250
1130
1036
1054
1140
1210
1168
1126
1222
1232
1184
1052
994
970
1016
1216
1108
1132
1232
1184
1082
1098
1170
1162
1122
1020
928
928
966
1012
1454
1454
1350
1148
1162
1190
1186
1094
1114
1164
1170
1078
1042
976
970
1046
1074
1104
1252
1190
1112
1036
1016
986
960
920
906
950
1456
1326
1144
1140
1186
1198
1170
1132
1150
1130
1136
1026
996
956
982
1056
1082
1452
1264
1106
1046
1152
1222
1148
1034
1068
1052
992
978
1044
1070
986
960
994
1054
960
934
1048
1022
1112
1256
1224
1086
1058
1116
1120
1100
998
1016
1046
1012
934
880
874
864
914
1020
1022
1374
1338
1226
1096
1130
1192
1232
1160
1190
1232
1196
1134
1080
1128
1188
1158
1012
934
898
858
832
790
770
782
808
734
868
802
778
758
774
774
774
758
770
742
746
740
740
738
736
744
786
854
912
1028
1096
1030
970
952
1084
1070
884
858
858
816
790
762
830
624
768
734
734
738
730
730
720
716
712
706
694
694
708
706
740
870
980
1126
1014
1014
952
924
978
978
982
948
1036
1120
1090
960
964
954
938
918
938
938
968
960
1010
1154
1172
1128
1162
1182
1144
1064
1044
1004
970
936
958
986
1034
970
1026
1194
1188
1098
1102
1152
1152
1086
1054
1078
1064
970
918
922
930
926
948
1104
1264
1206
1134
1166
1168
1112
1128
1158
1108
1052
1006
1022
1026
986
960
980
994
978
1028
1110
1084
972
950
940
932
908
902
920
930
946
950
1100
1238
1176
1094
1158
1186
1180
1114
1142
1192
1192
1114
1104
1174
1156
1068
1062
1186
1172
1032
968
996
992
960
964
1244
1248
1192
1096
1080
1126
1144
1090
1108
1182
1158
1120
1116
1246
1270
1216
1132
1154
1202
1176
1106
1086
1158
1176
1148
1086
1136
1094
982
934
948
954
1046
1058
1062
1092
1074
1008
998
968
944
892
920
916
950
958
988
1030
1040
998
1002
1074
1066
990
962
998
1062
1034
1020
1026
980
944
976
994
1014
1012
1102
1066
996
996
1084
1130
1116
1054
1108
1140
1144
1074
1052
1054
1026
996
996
1156
1130
1034
976
