1116
1086
1106
1114
1098
1082
1020
994
930
910
938
972
1056
1046
1172
1202
1144
1030
1076
1080
1126
1082
1092
1132
1100
1054
1084
1080
1080
1048
1076
1062
1016
982
1018
1016
1006
1004
1002
1008
1000
978
1000
1074
1094
1042
1052
948
914
834
792
768
774
776
776
780
780
778
814
828
830
812
804
790
768
760
750
750
760
760
750
752
746
744
722
732
726
770
766
820
862
894
980
996
1010
1012
1038
1068
1082
1104
1094
1106
1050
1064
1148
1160
1128
946
944
1154
1186
1056
1004
1082
1030
928
970
1122
1280
1142
1120
1094
1092
1016
1220
1144
1116
1084
1168
1202
1158
1084
1052
1026
974
1016
1020
1002
1004
1016
998
994
958
946
890
860
920
936
908
924
908
892
904
954
916
926
912
916
888
888
826
828
780
780
758
750
778
808
828
842
924
910
1012
1030
1062
1086
1090
1086
1060
1044
1022
980
910
874
878
918
956
972
1282
1266
1198
1060
1064
1076
1070
1046
980
1012
1064
1122
1100
1100
1098
1142
1132
1090
1126
1122
1092
1048
1094
1086
1054
1000
1048
1116
1118
1072
1050
1086
1060
1014
964
986
1012
1084
1016
1094
1108
1100
1076
1020
1046
1056
1028
988
1020
1068
1072
1032
1044
1042
1052
1012
970
1004
996
996
964
970
976
970
962
998
1084
1098
1052
1108
1102
1088
1018
1080
1116
1076
1040
1050
1032
1028
994
1014
1012
1004
994
1032
1120
1118
1058
1090
1080
1060
1032
1002
1008
958
914
966
1032
1068
1032
1052
1044
1100
1050
996
998
974
910
904
916
916
890
918
1098
1216
1104
1102
1114
1096
1014
1052
1042
994
966
980
996
1020
1006
998
1044
1070
1038
1084
1108
1102
1096
1104
1058
1012
966
982
1002
1052
1070
996
1002
1022
1008
996
982
988
1014
966
974
990
978
962
982
996
984
976
958
960
922
850
800
846
826
808
806
792
786
780
760
750
736
714
698
704
696
740
778
834
826
806
840
828
798
824
828
890
960
1106
1100
1076
1076
1056
1034
1008
1018
1084
1110
1138
1110
968
980
1042
1086
1062
1012
1074
1082
1036
1034
1070
1080
1048
978
1038
1092
1092
1074
1046
1070
1054
1054
1004
1002
1026
1042
1020
988
1022
1044
1014
986
974
926
836
812
784
792
792
792
794
786
772
766
768
774
760
762
800
820
824
814
820
844
882
908
918
924
922
904
840
818
802
796
794
782
796
794
784
792
814
810
870
884
864
910
922
950
946
998
1036
1058
1060
1098
1080
1070
1088
1084
1068
1044
978
996
938
948
1080
1236
1080
1016
1116
1114
1034
962
1016
1002
1024
1018
962
994
1038
1030
1040
1002
1028
1014
1026
1036
1030
1006
990
1000
990
972
1028
1074
1068
1044
1004
1034
1030
1030
1048
1078
1056
990
1028
1040
1074
1054
1020
1030
1022
1018
984
1010
1050
1034
1018
1062
1124
1142
1076
1032
1060
1062
1068
1034
1054
1090
1132
1098
1102
1072
1030
982
1012
1002
1054
1020
1008
1030
1068
1034
1022
1036
1080
1038
1030
1034
1044
1066
1060
1040
1048
1056
1100
1074
1036
1056
1046
1016
996
1030
1080
1070
1064
1030
1028
1016
998
948
988
1014
1060
1020
1082
1110
1102
1072
1046
1062
1060
1048
1002
1036
1044
1058
1038
1044
1076
1080
1064
1022
1010
998
980
968
1024
1112
1072
1096
1148
1188
1142
1124
1138
1092
1046
1066
1068
1064
1050
1050
1058
1036
1012
1014
1026
1016
1004
986
1010
1082
1076
1046
1072
1096
1104
1098
1096
1148
1120
1086
1086
1104
1086
1088
1092
1074
1074
1032
1046
1044
1022
984
1018
1066
1114
1050
978
988
990
946
964
966
930
940
962
1006
988
1146
1106
1092
1100
1098
1076
1042
1046
1052
1092
1084
1080
1086
1118
1126
1114
1132
1130
1092
1060
1100
1098
1108
1110
1056
1052
1024
980
1024
1062
1096
1056
1068
1122
1120
1066
1060
1076
1082
1064
1034
1050
1058
1070
1066
1030
1062
1050
1096
1088
1060
1040
1064
1054
1078
1058
1072
1102
1092
1060
1072
1084
1124
1086
1054
1096
1136
1114
1062
1016
1024
1038
1034
1036
1120
1152
1126
1080
1102
1094
1100
1068
1074
1078
1060
1034
1058
1092
1098
1060
1064
1064
1084
1064
1028
1028
1028
1008
1022
1034
1076
1088
1066
1070
1096
1068
1038
1006
1034
1020
1042
1028
1036
1066
1086
1064
1070
1090
1092
1084
1078
1074
1084
1022
1048
1044
1050
1026
1012
1018
1066
1036
1028
1028
1012
980
1010
1050
1082
1062
1066
1110
1106
1082
1014
1046
1046
1026
1042
1022
1082
1126
1128
1114
1106
1094
1098
1062
1040
1074
1080
1084
1062
1074
1058
1066
1034
1012
1028
1062
1084
1054
1030
1032
1022
994
1010
1008
1052
1046
1034
1028
1026
1046
1030
996
1026
1072
1038
1048
1086
1118
1098
1076
1102
1090
1090
1044
1064
1096
1130
1144
1134
1100
1060
1082
1070
1098
1060
1034
1056
1088
1048
1064
1074
1056
1068
1022
1054
1054
1072
1046
992
1040
1036
1066
1044
978
990
1004
996
980
1006
1060
1032
1028
1078
1108
1086
1074
1046
1070
1092
1062
1004
1028
1036
1016
1022
1026
1074
1078
1072
1056
1094
1116
1100
1046
1020
1032
1062
1064
1048
1094
1120
1122
1110
1074
1066
1068
1060
1024
1068
1088
1088
1076
1056
1064
1080
1100
1050
1086
1092
1082
1050
998
1002
1014
1012
994
1012
1098
1134
1118
1086
1114
1100
1050
998
976
1054
1116
1112
1086
1118
1146
1138
1074
1106
1080
1074
1026
1022
1038
1064
1054
1052
1056
1072
1054
1020
1024
1040
1054
1018
1028
1036
1070
1052
1054
1064
1046
1072
1050
1056
1066
1048
1046
1014
1034
1030
1056
1034
1016
1032
1016
1010
1010
1044
1078
1060
1064
1122
1136
1136
1094
1092
1086
1080
1032
1024
1052
1046
1052
1052
1062
1096
1088
1044
1066
1066
1060
1030
1046
1060
1074
1064
1016
1046
1082
1046
1064
1098
1106
1084
1032
1074
1060
1056
1044
1088
1128
1098
1072
1078
1086
1084
1046
1054
1050
1036
980
964
974
972
944
920
938
1012
1016
994
1024
1086
1086
1066
1100
1132
1114
1062
1046
1060
1062
1052
1036
1042
1102
1098
1054
1044
1062
1102
1068
1012
1056
1052
1046
1052
1090
1096
1082
1046
1058
1056
1054
1048
1054
1048
1052
1044
1012
1040
1048
1076
1036
1046
1046
1084
1064
1066
1078
1070
1062
1066
1082
1082
1058
1062
1066
1024
986
996
1000
1016
1002
1014
1040
1040
1022
996
1038
1078
1046
1026
1030
1034
1020
1036
1028
1066
1056
1044
974
1028
1060
1052
1074
1066
1070
1042
1068
1096
1102
1058
1068
1074
1074
1070
990
932
944
906
828
802
800
822
910
924
956
1148
1108
1026
1060
1042
1032
992
942
1006
1068
1044
1036
906
898
952
1112
1174
1034
1000
1040
1092
1096
1018
1060
1160
1068
962
870
850
888
870
820
866
912
954
976
1010
1104
1120
1038
1040
1100
1090
1026
1032
1064
1114
1066
1012
1056
1048
1086
1050
1014
968
1012
1150
1164
1130
1146
1158
1144
1142
1114
1060
1006
1040
1042
1028
1042
988
992
1002
1022
1028
1010
980
1010
1000
988
980
978
1028
1056
1022
1030
1044
1048
1042
1052
1042
1028
998
1014
1040
1074
1056
1026
1046
1048
1032
1044
1006
1028
1016
1048
1038
1016
1034
1072
1072
1052
1046
1058
1054
998
940
940
956
960
938
936
958
1056
1080
1046
1128
1134
1122
1088
1042
1052
1060
1042
1000
1030
1052
1056
1026
998
1028
1040
1068
1016
1002
1028
1014
1016
1004
1018
1004
982
962
964
946
866
800
776
762
754
740
730
712
710
696
686
680
678
676
682
676
670
680
630
624
588
620
634
634
624
628
624
616
632
618
618
618
618
600
604
596
596
592
616
672
762
828
864
882
976
1062
1090
1046
1074
1102
1100
1078
1116
1180
1132
1110
1046
1116
1160
1106
1070
1120
1174
1188
1126
1044
1042
1018
966
1012
1072
1122
1072
1142
1154
1122
1040
986
1038
1042
1068
1006
960
1010
1110
1092
1064
1112
1116
1100
1004
954
1014
1068
1098
1002
1042
1052
970
932
896
970
1130
1074
1190
1196
1122
1048
1068
1086
1072
1028
1090
1162
1100
1068
1114
1126
1136
1078
1104
1136
1112
1010
1052
1048
1076
1032
1006
1040
1060
1020
1022
1056
1076
1042
1038
1042
1042
976
944
996
1018
1030
996
1006
1016
974
946
986
1020
1016
1004
952
984
1080
1126
1078
1030
1080
1100
1098
1002
944
996
1020
1052
1000
938
988
994
976
916
926
862
826
824
896
918
870
898
988
1062
1034
954
934
988
1078
1086
1058
1096
1154
1168
1108
1074
1024
986
946
944
1024
1074
1096
1080
1084
1076
1088
1036
996
1040
1062
1046
1014
966
1012
1014
1028
1002
974
1022
1046
1004
1010
1064
1100
1052
1026
1042
1042
1044
976
920
922
948
1002
934
896
836
816
804
796
788
784
748
760
754
726
712
704
706
758
780
844
838
924
936
1026
1086
1058
1052
1066
1094
1110
1086
1068
922
904
950
1154
966
972
1150
1180
1090
960
998
1096
1028
1024
1118
1198
1094
1062
1116
1136
1106
1018
972
1114
1180
1088
1108
1108
1028
1028
992
1012
1014
1020
992
1042
1146
1190
1116
1128
1130
1128
1066
1040
1050
1018
972
1006
1064
1066
1042
1016
1024
1024
1060
1074
1034
1054
1066
1102
1098
1058
1050
1058
1038
1016
964
1006
992
1026
1000
1002
1048
1110
1070
1006
950
904
826
800
816
770
766
762
782
784
786
760
768
782
784
772
780
760
736
726
702
672
640
638
632
630
678
734
762
736
770
838
786
752
738
728
744
740
744
734
762
804
786
784
768
784
774
788
782
880
920
958
1062
1092
1094
1082
1060
1030
1006
994
958
978
1076
1104
1012
892
852
910
1092
1006
968
974
1030
990
1066
1112
1050
972
958
1000
1010
1020
970
1018
1108
1010
910
954
1088
1142
1048
1068
1092
1074
1052
918
924
906
920
906
950
1036
1054
1056
1036
994
1026
1058
1048
1008
970
964
938
918
906
912
976
924
980
1104
1084
1070
1104
1094
1012
1068
1100
1094
1050
1038
1060
1058
1028
1028
1042
992
1048
1118
1120
1094
1036
1056
1060
1062
998
934
936
950
980
946
954
1034
1056
1028
1042
1064
1096
1064
1088
1074
1030
976
986
1004
1048
1018
1068
1124
1142
1100
1112
1164
1152
1104
1100
1096
1072
1014
968
980
996
1042
1018
1046
1066
1054
1034
1072
1120
1102
1066
1090
1080
1106
1034
976
978
990
984
970
1006
1038
996
958
958
934
868
830
900
1040
988
1102
1138
1096
1024
1078
1076
1022
998
1060
1130
1106
1080
1092
1092
1130
1118
1114
1128
1038
1014
998
964
990
1044
1066
1044
1006
998
1014
978
958
1002
1058
1052
1012
1026
1026
1052
1036
996
994
1000
988
986
1070
1146
1142
1092
1118
1132
1144
1100
1074
1084
1018
986
1010
1006
1052
1024
1014
1030
1022
1014
1010
956
1028
1086
1086
1050
1066
1060
1088
1062
1028
1048
1058
1068
1038
1024
1038
1096
1144
1126
1076
1082
1072
1038
994
996
1002
1044
1010
1018
1078
1108
1092
1068
1060
1118
1080
1080
1104
1092
1110
1104
1126
1116
1150
1144
1130
1070
1068
1148
1112
1086
1106
1074
1038
1044
1054
1044
948
964
1022
1092
1034
1046
1108
1152
1102
1040
1070
1066
1100
1096
1054
1024
1032
1052
1042
1028
1036
1100
1096
1080
1016
1048
1048
1086
1040
1004
1034
1040
1050
1026
1026
1040
1086
1090
1066
1028
1034
1040
1030
1008
956
970
974
1012
1024
996
1030
1068
1082
1062
1022
1054
1050
1070
1048
1008
1042
1116
1086
1034
1050
1048
1050
982
1004
1010
1046
1016
1034
1080
1122
1082
1084
1086
1086
1046
1078
1048
1028
1062
1086
1064
1022
1028
1038
998
1020
1020
1006
1004
940
942
956
1044
1040
1046
1028
986
1020
1110
1104
1062
1050
1066
1054
968
990
1022
1026
1018
944
964
964
952
968
984
1060
1046
1032
1034
1028
1008
1002
998
942
932
922
1132
1092
1144
1080
1044
1058
1030
1012
1022
1012
986
1006
1062
1062
1006
1036
1032
1040
1030
1028
996
960
964
966
966
948
928
936
956
948
942
932
940
936
926
938
960
956
948
954
978
974
954
926
810
764
758
774
970
988
916
1018
1098
1074
1008
1038
1084
1130
1088
1010
1028
1046
1062
1044
1040
1106
1150
1094
1034
970
1004
1020
1014
958
1006
1122
1098
1048
1044
1038
1016
974
1004
1072
1040
1042
1040
1036
964
910
950
1004
988
920
892
838
980
1032
974
1008
1058
1044
962
926
956
958
950
958
1056
1098
1044
982
1002
1008
964
958
976
1024
976
906
940
916
920
938
954
1018
1006
982
1026
996
974
910
922
934
926
920
922
930
992
1072
1032
1106
1138
1082
1034
1010
1032
1028
980
992
1022
1010
984
948
976
1074
1046
1026
1056
990
914
878
922
1066
1058
1026
1132
1080
1044
1044
1114
1098
1004
960
1014
1030
1030
1012
1026
1076
1034
990
944
998
1056
966
854
872
876
942
902
908
916
906
942
950
880
910
940
952
992
1028
1096
1034
922
842
796
754
724
754
808
922
930
934
926
1012
964
934
922
984
1022
998
1014
1122
1126
1116
1090
1098
1090
1086
1084
1112
1054
982
1026
1020
996
936
948
960
946
930
888
916
902
954
964
944
1030
1062
1024
988
916
928
926
918
854
834
916
906
888
902
902
892
862
778
778
766
772
764
794
934
972
996
940
912
904
908
918
918
910
890
902
886
842
796
836
876
954
930
928
982
986
966
934
896
920
888
896
898
888
906
910
950
938
938
944
980
960
956
998
1030
982
920
916
898
890
900
838
826
798
762
754
740
730
726
734
766
888
874
860
878
888
878
870
852
830
908
866
946
920
916
920
896
864
890
872
894
946
912
908
886
898
920
936
944
948
1040
1054
1024
992
968
936
944
924
930
946
1078
1094
1068
986
946
928
946
978
1006
1068
1112
1076
1010
998
1034
1012
976
938
928
940
974
962
916
916
944
946
938
916
932
944
920
964
946
908
884
886
876
852
874
928
972
1006
960
970
928
930
846
794
752
730
712
714
706
698
694
688
690
674
668
652
654
612
634
620
606
606
592
588
600
600
594
594
602
594
604
594
574
588
586
596
602
594
634
660
716
718
736
916
880
842
886
892
970
1038
978
1066
1078
1106
1096
946
948
1016
1174
1078
1098
974
948
956
950
1006
1014
994
986
962
964
964
936
936
972
1010
1010
1000
952
992
1024
1032
1020
974
1014
1040
1020
978
962
978
988
1006
982
980
992
1014
1012
984
980
1000
1038
998
1016
1012
1006
1008
984
976
994
1024
1000
1002
1022
1012
998
952
980
970
1008
994
928
958
958
982
976
978
976
1014
1010
972
954
978
1008
1016
980
956
978
968
986
978
948
970
1010
994
986
938
958
980
1046
1016
994
1028
1094
1096
1028
1000
1032
1036
1016
992
1010
1016
1046
1048
1028
1026
1022
982
968
926
956
980
1030
1028
992
934
962
972
982
960
950
968
1022
994
980
996
1008
1030
1012
982
1000
998
996
940
924
952
1010
1014
990
984
992
980
1004
990
950
972
1002
1018
1004
944
926
958
958
990
974
970
978
984
978
912
904
932
934
996
962
970
1010
1010
1020
1004
996
992
1002
990
964
940
928
908
912
926
958
942
942
1004
1056
1050
1018
980
1002
1006
994
968
1014
1014
1008
1006
946
966
964
1010
986
988
1034
1032
1012
960
996
980
1006
964
982
1006
1060
1072
1044
996
1000
1018
988
962
984
986
1008
998
1002
1012
1054
1028
1010
1014
1018
1016
996
938
982
982
1024
1032
1048
1040
1030
1038
984
970
976
972
988
972
918
940
936
966
940
978
1022
1042
1056
1026
954
978
970
968
934
940
976
1032
1028
1016
1024
1044
1046
1042
966
996
988
988
992
986
992
958
980
1004
978
974
962
938
894
876
908
916
952
920
938
990
1016
984
970
996
1048
1060
1030
990
1028
1014
1042
1030
958
994
988
1020
1014
1010
1006
1036
1054
1036
1018
982
1016
1048
1022
998
1022
1028
1042
1018
966
1004
1002
972
948
958
950
972
944
882
898
904
978
998
958
1040
1042
1032
1002
1000
1004
1036
1004
996
1022
1072
1064
1056
1016
946
898
788
726
708
696
686
678
684
674
706
764
836
894
904
896
920
946
990
1016
992
1000
1084
1090
1060
980
904
858
924
1076
1106
1092
952
906
978
996
908
818
848
1016
1148
1108
1038
1048
1066
1074
1060
1050
1090
1142
1100
1114
1140
1138
1108
1126
1130
1056
1046
1084
1058
944
870
950
1228
1160
1062
938
970
976
968
922
894
906
910
858
826
792
872
1050
1080
1028
1060
1002
982
964
982
1032
1064
1040
1056
1078
1064
1038
1008
1040
1020
1022
966
922
934
944
1002
1000
982
1004
1000
996
996
1032
1100
1062
1066
1008
980
1010
1046
1082
988
938
946
966
1002
968
960
982
986
978
964
928
902
820
796
816
852
958
946
918
958
998
1000
958
930
966
958
982
976
948
966
902
880
840
818
860
978
1040
978
976
968
990
1008
984
998
1042
1046
1034
1014
1000
1024
1064
984
864
828
842
782
752
752
748
758
744
760
822
872
902
886
866
878
942
968
966
944
948
942
960
936
936
984
1014
978
982
1002
1070
1052
1008
978
974
982
986
962
978
1032
1018
956
884
856
896
958
1054
1008
990
1090
1144
1118
1030
982
1022
1014
998
1008
1076
1092
1010
928
976
1016
1064
1012
1058
1120
1104
1076
952
942
930
932
928
936
1002
1038
1042
1044
1034
964
968
990
990
1030
974
940
920
896
824
816
800
828
962
1086
1040
1024
1072
1088
1058
926
898
946
994
1024
992
1020
1034
964
870
836
854
846
850
876
918
1090
1100
1028
1058
1062
1068
1088
1042
1044
1046
1044
980
1024
1072
1042
996
946
1006
1076
1062
1000
1000
1006
958
884
850
894
866
842
842
910
1028
1128
1034
1032
1020
1028
1030
962
932
966
1004
1042
1036
1060
1100
1016
990
962
946
972
956
982
968
926
898
916
928
958
972
972
1024
1066
1070
1040
1022
1022
1028
1022
1008
976
1000
996
996
976
982
1000
1016
998
978
960
964
956
976
970
962
994
1020
1014
992
992
994
986
986
978
964
970
960
956
954
960
958
978
968
968
1000
1054
1070
1032
1058
1050
1050
994
958
970
976
974
976
972
998
1038
1034
1020
1004
1006
962
952
932
984
1070
1094
1094
1062
1080
1070
1098
1088
1042
1060
1040
1010
992
1006
1020
1000
1008
958
934
964
968
982
992
1054
1056
1026
1032
1020
1006
970
944
968
952
984
970
942
922
906
868
872
818
822
848
856
960
1130
1118
1064
1090
1070
1022
962
926
1008
1102
1096
1034
934
886
948
1068
1102
1036
1150
1172
1140
1052
1038
1006
968
946
928
952
988
1008
1002
982
986
992
982
978
968
982
972
992
970
926
950
946
974
948
972
1000
1026
1016
1018
952
990
988
974
984
982
986
1004
990
976
922
936
950
932
928
926
954
1004
1036
990
1030
1036
1040
1006
976
962
966
946
920
942
978
994
976
968
976
968
982
970
984
1004
984
996
1010
1050
1056
1030
1016
1018
1014
988
974
984
1028
1026
998
952
990
988
998
990
1018
1038
1044
1036
984
1008
1008
998
962
978
970
988
990
984
986
986
1008
1006
1006
996
998
950
898
892
922
994
1014
984
1010
1018
1032
1014
1016
1044
1092
1092
1072
1052
1076
1086
1058
1008
1024
1022
1016
988
992
992
1040
1014
1006
1028
1040
1028
1032
968
974
994
1022
988
976
966
970
962
962
