648
640
640
644
624
590
590
588
584
586
612
634
624
610
580
582
562
574
574
568
544
562
536
540
590
632
630
634
632
600
606
594
568
562
568
568
576
592
598
604
598
596
588
592
586
568
566
570
576
570
586
590
580
566
560
550
570
596
624
652
644
640
624
594
566
542
556
554
568
582
628
634
660
644
642
640
644
636
618
608
598
592
590
590
570
582
554
556
560
572
630
644
658
640
622
630
618
612
588
606
582
564
562
542
540
548
530
544
550
560
596
586
590
592
574
558
560
570
558
550
578
604
622
592
610
572
554
550
552
554
558
568
582
590
630
658
660
650
628
586
582
572
554
552
556
536
540
540
602
716
684
682
666
606
600
596
600
574
586
574
584
572
576
584
602
646
614
616
646
638
628
594
614
616
626
608
616
574
570
554
564
564
564
564
560
572
652
684
646
660
596
610
626
630
676
664
644
660
594
592
564
576
572
636
660
632
650
630
654
716
672
670
622
626
622
622
616
632
610
600
596
580
550
560
568
560
578
604
640
658
644
642
592
568
572
560
570
560
600
632
636
630
616
618
606
606
628
620
586
608
596
614
604
568
592
586
590
576
598
660
616
630
626
596
616
606
644
664
658
680
676
650
614
610
612
616
618
624
680
740
774
742
752
686
666
620
612
586
592
590
648
650
628
628
582
596
576
588
592
578
586
570
614
680
702
696
728
700
670
668
634
618
602
578
558
564
576
592
580
618
650
650
636
644
650
648
622
642
652
736
700
710
700
672
632
616
596
612
602
594
626
644
634
640
614
612
620
618
618
646
646
630
610
612
596
606
580
584
568
542
548
530
534
518
536
508
514
504
474
490
488
482
486
488
486
484
488
492
498
510
548
592
642
664
644
672
668
658
644
614
638
628
648
644
624
618
604
594
586
568
554
540
548
544
554
554
560
566
558
574
588
594
592
604
616
608
582
580
564
574
566
582
568
570
574
558
538
544
560
586
604
620
612
614
634
638
630
600
584
574
568
556
568
578
632
616
654
656
624
592
578
584
586
558
544
536
520
502
496
498
500
502
500
504
514
518
522
540
566
626
628
650
622
606
616
590
608
602
630
626
616
604
602
588
586
570
574
582
562
572
576
554
558
540
528
532
534
532
538
554
542
570
576
566
566
580
578
572
562
572
572
564
584
602
604
588
588
598
556
550
554
536
544
528
540
540
578
614
606
600
614
586
584
590
554
552
556
534
528
522
526
522
516
512
508
516
516
510
500
514
624
662
712
660
692
738
734
696
654
602
614
622
588
584
594
620
622
612
598
598
606
598
582
570
590
542
556
542
544
580
554
554
548
516
502
478
478
466
484
458
458
476
452
444
446
426
434
440
446
454
444
452
476
528
642
568
580
582
558
508
504
490
468
468
478
476
478
482
478
476
478
502
504
512
508
482
484
464
484
468
464
462
454
466
422
436
444
456
454
448
462
462
484
542
544
530
536
536
510
504
510
516
528
522
552
584
576
574
578
522
538
534
554
590
570
612
606
598
608
604
648
622
616
634
670
634
648
650
596
592
602
602
604
594
610
608
624
620
620
618
618
622
604
608
608
604
640
632
616
630
618
612
614
666
684
688
720
700
652
668
676
648
610
582
568
588
554
564
544
528
562
580
606
580
588
604
614
600
618
608
604
612
622
622
562
564
570
634
666
640
652
754
788
756
724
652
612
634
652
822
692
634
558
544
548
562
606
576
570
554
542
556
570
600
584
572
560
542
548
538
528
522
508
490
488
484
486
488
494
538
638
666
680
652
602
602
566
554
550
554
536
530
510
538
544
536
538
522
492
498
510
490
524
542
566
780
740
636
622
632
630
644
598
526
528
530
510
538
598
578
598
624
606
640
730
688
642
586
628
602
586
592
598
592
644
680
664
642
650
646
606
628
632
680
686
630
604
608
602
598
612
720
756
750
714
620
646
640
638
676
638
612
640
662
676
740
386
602
772
776
764
752
766
770
740
666
606
638
612
612
634
658
626
638
584
566
586
572
558
566
534
550
588
620
620
616
608
604
604
602
608
662
650
672
800
764
760
734
666
676
704
722
772
852
770
710
696
668
618
620
624
670
632
620
648
670
724
686
700
722
704
668
730
720
686
704
640
676
662
652
656
676
712
672
680
682
700
688
682
686
718
694
706
678
664
676
662
658
666
670
708
688
660
672
666
662
690
678
686
712
686
690
642
656
652
642
634
634
594
600
566
574
614
654
718
646
664
668
690
710
692
652
644
598
616
594
598
634
646
628
640
618
590
586
560
566
570
616
662
680
792
762
862
776
710
684
634
634
584
548
578
590
648
780
714
724
740
724
674
704
624
704
706
666
658
672
686
666
650
654
652
638
678
652
648
674
664
620
594
584
558
568
574
552
576
612
616
598
610
606
628
606
602
616
622
606
584
580
584
582
592
590
588
574
578
572
560
550
588
622
654
662
694
752
748
764
748
738
666
684
624
646
636
622
618
644
652
688
730
700
676
690
654
620
634
640
612
586
566
594
610
680
680
708
690
688
662
652
604
578
566
552
574
560
612
654
664
658
652
642
650
658
660
676
652
666
640
624
654
676
648
650
666
654
660
614
580
576
560
562
572
604
574
574
552
548
558
628
640
604
562
586
586
610
612
630
606
604
616
608
612
588
572
566
562
562
558
556
558
572
668
664
656
668
662
602
578
598
616
616
610
630
638
638
636
616
588
590
594
594
628
636
626
632
594
582
568
572
558
572
616
668
678
728
692
676
596
584
586
580
594
590
574
544
568
576
582
610
648
688
708
674
682
654
678
658
594
592
574
588
588
590
604
590
586
548
552
538
550
594
618
614
630
624
628
616
620
636
648
632
626
630
628
632
616
616
604
624
618
618
612
642
630
608
616
580
548
576
646
708
666
710
716
706
734
724
714
656
618
602
588
586
590
588
622
600
576
590
634
652
660
644
612
598
602
606
604
600
584
598
586
592
632
608
650
702
654
686
684
680
650
640
668
626
618
618
592
582
570
550
550
546
534
516
522
518
518
500
504
506
540
532
526
520
510
522
556
562
702
636
592
620
596
596
578
572
568
564
576
584
612
642
678
692
670
650
628
636
610
600
608
608
590
600
662
688
672
674
658
630
606
600
570
574
580
574
578
634
656
696
662
648
608
590
586
578
556
598
648
688
658
614
590
616
610
620
700
746
708
716
690
656
682
662
678
716
708
686
704
664
678
686
672
646
622
634
630
602
590
558
556
574
638
644
734
756
712
734
732
684
656
604
590
572
580
586
560
566
564
562
642
610
624
668
666
668
632
614
604
566
590
568
576
566
564
602
638
650
630
598
572
586
602
592
622
628
654
642
636
596
568
586
598
636
644
648
644
594
588
608
628
746
714
712
700
676
686
664
650
610
610
612
606
634
640
664
662
660
610
602
588
570
578
590
576
554
574
626
698
646
696
756
688
640
578
618
596
630
622
664
762
726
746
790
742
734
732
722
670
624
600
594
558
576
564
586
658
706
704
698
646
604
578
558
536
532
542
614
604
610
592
578
560
566
552
540
542
530
524
518
508
502
486
490
490
480
492
482
464
360
332
322
434
490
496
506
552
604
648
684
644
602
600
572
576
568
556
566
530
528
518
494
502
480
474
474
476
466
476
464
464
470
464
456
450
456
454
452
450
454
448
440
446
446
436
444
442
440
438
444
446
448
448
446
450
448
456
454
452
452
452
454
448
438
444
442
440
442
440
440
440
448
420
430
430
442
444
440
440
446
450
446
440
446
452
452
456
454
458
450
448
442
448
442
446
448
442
454
496
474
468
478
512
546
526
522
502
484
478
464
466
458
454
454
456
452
454
454
466
468
462
464
470
488
492
484
502
542
520
532
552
564
556
560
534
518
520
510
502
496
512
516
512
506
498
506
478
484
482
530
626
622
696
648
598
566
542
536
496
496
506
498
500
498
504
506
516
512
510
514
516
514
502
500
508
504
506
496
502
502
488
496
490
480
476
480
468
472
472
468
476
484
498
512
498
514
534
536
524
528
518
520
518
518
504
488
496
492
510
596
652
598
590
628
614
590
566
526
554
534
536
528
530
516
510
502
488
476
490
492
490
502
540
644
686
668
630
588
602
610
656
600
550
572
562
564
566
552
532
506
512
498
494
502
494
496
540
610
554
550
530
578
614
576
548
540
504
504
502
528
542
614
730
672
632
638
612
594
536
530
512
498
528
536
610
612
636
594
586
578
558
564
552
558
566
570
566
572
570
566
568
616
592
586
608
594
600
628
612
612
588
602
602
574
554
564
544
530
528
528
526
528
516
524
500
512
510
514
536
532
532
536
528
530
520
524
528
518
510
500
498
498
472
482
470
468
472
474
486
498
486
488
492
488
490
482
476
482
506
528
546
552
584
624
598
592
586
550
538
538
528
524
528
532
542
536
544
546
546
520
538
538
508
524
518
514
516
520
510
488
494
484
486
488
482
494
496
496
506
514
510
510
518
520
522
554
568
546
546
556
548
542
522
530
522
528
524
520
526
540
536
538
526
528
528
522
518
532
522
518
520
518
520
510
516
510
516
514
516
520
520
526
526
518
528
522
522
494
502
468
484
474
476
484
484
486
490
496
490
498
500
502
498
502
504
502
506
506
510
504
504
516
520
512
530
528
522
532
530
524
530
540
532
534
532
532
514
522
516
514
500
516
514
512
508
510
512
514
494
516
524
520
534
548
532
542
542
528
524
524
532
510
516
510
508
498
498
498
488
472
470
474
480
510
522
518
518
536
572
554
560
568
550
540
542
534
518
524
510
514
494
504
496
502
498
504
512
520
526
534
530
536
542
532
514
524
510
496
496
484
484
484
482
484
486
496
498
514
518
512
502
496
492
496
498
498
496
514
508
508
510
510
520
520
526
530
538
550
546
548
556
550
554
556
536
534
526
538
512
522
526
524
528
520
524
524
526
510
520
512
514
516
542
534
548
566
546
562
558
564
556
554
536
532
496
492
494
496
478
486
476
480
496
556
582
598
640
642
616
604
616
590
596
596
572
564
574
562
562
578
596
574
574
536
540
526
530
514
514
518
508
508
500
496
502
498
496
502
508
500
502
502
504
506
504
506
506
504
504
502
498
486
498
486
486
490
506
500
496
498
502
498
504
502
490
470
474
470
460
458
460
456
460
460
470
482
478
478
490
488
482
494
494
492
494
500
498
490
500
500
496
498
502
502
504
500
482
494
488
486
490
504
502
502
488
490
488
484
484
484
482
494
488
488
490
500
496
496
496
502
500
494
496
478
474
482
474
476
478
474
482
480
480
484
478
484
486
478
484
486
484
486
484
484
482
478
470
478
464
472
468
470
470
468
468
468
478
470
484
488
488
496
498
494
498
498
504
500
498
498
498
494
498
484
494
466
478
476
480
486
490
488
488
484
490
488
480
490
490
478
490
470
484
486
488
486
486
490
466
474
462
472
474
478
482
488
498
498
502
504
502
500
506
498
500
502
508
502
506
504
496
502
498
498
502
494
494
500
488
504
494
494
492
492
496
494
494
492
502
500
494
494
496
498
492
492
490
492
490
484
482
488
480
482
478
482
484
482
480
480
486
486
488
484
490
486
490
488
490
486
484
492
496
494
494
486
490
484
488
476
480
482
484
486
482
482
478
478
486
490
488
482
476
482
476
478
474
474
478
472
474
474
480
476
472
474
466
466
466
460
458
456
462
462
470
480
480
476
480
480
476
482
478
476
476
482
482
480
478
488
482
482
484
486
482
482
490
484
488
492
494
488
492
494
490
490
492
488
490
492
488
488
486
494
490
488
488
492
484
484
476
486
484
492
486
490
484
480
488
472
482
484
474
482
480
478
478
478
482
482
482
472
478
464
472
472
470
474
470
470
472
476
472
476
478
482
476
482
480
486
484
478
468
464
458
456
454
452
456
454
464
466
466
468
478
478
478
478
488
480
480
486
482
482
470
474
474
468
474
486
484
488
506
516
506
514
532
538
528
534
534
532
536
534
506
506
506
488
496
490
492
488
486
484
488
484
482
494
496
492
494
498
498
494
486
490
486
494
496
492
494
494
490
488
492
496
502
516
518
508
514
516
512
512
484
490
472
486
470
476
482
480
484
484
486
486
486
482
488
480
480
482
490
492
486
480
484
478
474
474
480
480
478
484
472
478
476
478
478
484
482
484
488
488
486
488
494
488
492
476
482
466
472
474
470
472
478
474
478
470
470
462
468
466
462
466
458
466
458
460
468
466
468
476
474
476
476
480
478
478
480
468
464
468
464
468
468
470
470
472
472
468
474
460
466
470
464
466
468
468
460
464
472
476
474
480
480
480
480
482
480
482
472
468
470
464
464
468
472
470
478
482
490
498
508
500
516
508
512
506
510
504
504
488
494
492
494
488
492
488
486
486
484
484
490
498
506
502
496
502
494
490
488
490
492
484
478
468
468
464
450
460
462
462
474
468
484
494
498
486
492
496
484
478
478
476
476
478
472
478
458
474
468
466
470
468
470
468
468
472
470
476
488
478
484
480
488
488
480
476
480
472
462
472
462
462
460
468
468
474
472
468
472
470
468
472
474
474
484
486
488
484
494
496
494
496
496
494
496
490
492
484
488
482
468
472
472
476
482
494
492
492
498
508
502
506
510
508
512
504
504
504
500
498
500
504
502
506
492
496
482
490
486
484
482
478
484
480
492
488
502
516
504
510
514
512
490
512
486
494
496
490
494
484
484
492
492
486
488
490
480
482
480
468
470
470
476
476
486
488
502
498
496
510
508
506
508
504
506
508
486
500
494
496
496
498
488
494
490
492
478
486
474
476
478
478
474
480
486
484
486
486
494
490
494
492
490
492
472
478
476
478
478
476
480
476
484
492
494
498
504
508
500
516
512
514
482
496
482
490
484
476
468
462
460
448
456
452
456
450
462
460
456
462
472
488
504
504
508
500
502
500
498
494
496
498
498
488
486
488
492
488
492
492
490
492
498
494
496
486
490
472
478
476
480
476
474
472
478
482
456
464
468
462
472
470
472
480
482
484
484
482
486
480
468
474
470
472
476
472
470
468
478
480
478
476
466
474
472
468
472
480
480
484
482
482
486
488
488
480
476
484
462
478
470
468
474
464
454
454
452
444
450
448
446
444
454
458
454
446
458
456
456
460
452
446
448
448
448
438
446
462
458
468
472
482
476
486
480
484
484
484
464
478
470
466
466
454
458
452
448
456
444
450
450
452
462
454
460
466
460
460
466
452
458
454
450
456
450
454
456
464
460
462
460
458
460
456
462
462
462
464
466
464
476
470
472
466
472
468
460
474
446
462
464
472
468
472
472
474
476
476
472
478
472
472
472
476
466
464
468
464
464
466
468
472
466
466
468
470
470
464
478
468
470
472
470
470
468
452
456
456
448
442
450
458
468
470
472
496
512
508
512
526
510
516
524
520
520
528
522
486
516
490
476
468
458
450
444
440
442
426
432
434
428
432
436
446
458
466
460
482
496
490
502
502
498
482
494
488
486
472
488
490
482
492
462
476
498
490
492
490
498
496
492
498
506
520
536
538
528
504
518
510
544
542
542
544
550
538
540
520
520
512
504
502
508
504
502
500
496
494
494
492
496
504
546
532
522
530
524
532
506
518
504
500
502
506
494
478
494
480
484
484
486
478
484
492
486
494
512
536
556
570
572
574
544
534
538
532
534
520
524
542
546
536
546
530
534
522
518
506
508
502
510
504
536
542
556
590
594
598
594
588
592
576
582
572
560
552
522
520
528
512
514
520
506
518
508
506
514
510
522
522
522
518
520
510
510
492
492
472
482
494
472
512
492
474
480
360
594
476
474
496
476
474
484
470
478
496
502
520
538
560
574
558
538
530
544
508
508
500
492
488
492
494
482
498
484
482
484
482
484
490
518
518
518
522
528
530
528
530
534
534
530
526
524
512
498
518
490
494
498
496
498
486
514
510
500
500
506
498
504
502
486
496
500
486
494
488
486
488
484
488
500
502
518
510
534
544
542
544
538
528
520
528
512
520
500
480
506
484
480
474
464
460
460
452
444
450
442
446
450
470
508
514
536
496
600
548
540
558
532
544
544
544
542
542
534
524
522
516
514
506
500
496
498
474
484
488
494
502
496
498
506
504
500
504
498
496
494
494
496
482
488
470
474
468
468
462
476
452
442
460
436
446
450
458
416
444
432
442
444
456
452
444
442
448
454
466
466
462
462
458
460
450
464
436
454
446
442
440
452
450
456
456
466
472
486
486
496
498
500
506
504
508
500
498
500
490
478
466
476
474
470
470
474
462
460
458
462
460
456
456
448
454
448
438
434
444
440
488
572
578
556
568
544
552
520
536
528
530
538
520
510
500
488
486
484
486
484
484
488
486
486
480
524
528
526
526
552
548
558
554
558
556
546
542
542
548
556
548
544
552
546
538
550
534
528
524
514
498
512
486
496
484
470
484
480
486
490
488
488
496
510
528
520
534
532
520
528
532
534
530
524
532
500
508
508
482
502
502
498
504
516
528
526
568
574
558
568
542
550
546
528
512
518
496
492
496
490
490
476
488
492
456
470
474
476
476
486
482
474
484
510
516
512
504
518
488
498
476
480
468
472
468
476
468
478
488
500
500
506
494
504
462
488
480
478
484
480
480
480
468
478
468
484
498
532
548
556
542
538
552
504
520
506
506
502
494
506
490
500
524
516
524
528
522
528
512
508
510
488
504
468
496
470
472
482
486
490
488
488
490
496
512
512
540
554
568
556
530
522
518
512
490
510
492
480
508
534
550
566
554
572
560
544
534
528
536
536
518
526
532
532
522
526
534
524
530
514
514
520
522
522
522
530
522
520
530
536
536
544
542
560
554
572
558
584
576
568
570
544
536
528
524
510
508
494
482
482
478
482
484
496
566
692
686
690
684
676
614
608
580
578
562
574
578
560
544
556
538
526
524
508
504
494
480
484
474
460
464
472
484
500
516
502
512
574
658
644
602
544
530
520
502
508
500
490
500
492
486
494
496
494
496
486
482
476
476
484
474
484
540
520
538
562
620
622
610
570
562
540
532
526
516
518
524
534
516
520
528
546
532
526
534
522
500
490
484
472
468
458
466
454
458
478
496
546
558
558
568
572
558
528
522
520
514
520
514
496
522
492
490
486
488
492
486
482
482
490
466
488
512
532
534
506
578
534
530
512
498
530
528
520
520
512
508
516
486
480
476
472
460
462
464
456
474
486
488
506
502
454
572
526
534
510
508
518
510
516
522
506
498
482
478
470
468
458
464
460
470
466
476
516
542
550
550
530
532
564
556
556
576
570
522
536
546
550
542
544
542
546
526
516
512
494
518
520
520
524
514
516
520
520
504
518
508
508
510
508
510
514
500
498
494
480
454
476
472
472
466
462
458
456
462
460
476
518
542
544
534
534
540
566
568
554
538
512
512
502
490
490
482
474
470
456
474
454
446
456
452
442
460
476
472
502
524
534
524
530
516
498
480
496
482
482
488
482
486
488
488
492
476
478
490
488
494
492
486
500
474
476
468
464
458
464
472
502
502
498
498
492
488
480
486
482
464
468
474
470
480
502
542
532
546
532
542
548
528
526
508
490
488
496
466
458
476
476
490
494
500
508
500
510
504
506
492
488
496
494
492
492
482
472
484
498
506
572
622
580
624
606
594
618
638
602
586
574
578
558
558
536
546
530
538
542
520
532
510
522
508
504
508
518
526
520
518
522
528
524
520
524
526
522
500
514
494
506
520
514
530
542
544
542
540
526
526
506
506
478
498
494
492
498
504
486
502
510
512
522
518
516
518
518
512
524
500
516
522
534
550
554
550
548
548
544
518
516
512
500
488
488
496
488
516
522
548
568
558
560
560
564
546
520
530
512
496
492
494
470
482
484
480
496
500
522
502
500
504
520
546
540
542
548
528
510
500
504
486
486
474
470
464
464
462
464
454
456
468
470
476
482
496
514
544
564
560
582
564
570
578
578
558
540
544
538
532
522
522
510
498
498
492
484
490
496
478
496
476
480
476
486
502
506
502
498
506
500
484
484
494
490
552
576
560
630
650
610
600
608
572
584
558
536
518
534
518
526
516
500
502
482
494
462
480
458
466
466
458
464
460
462
482
516
602
640
598
612
586
576
552
550
554
548
546
540
542
554
562
566
568
538
520
522
502
516
500
498
496
500
484
496
484
486
480
486
498
506
506
516
524
550
542
528
510
512
520
520
518
540
534
536
532
534
504
524
518
512
524
506
500
506
498
502
502
506
510
510
512
512
496
504
516
516
514
494
508
506
506
510
506
504
514
488
476
496
490
490
486
484
488
464
468
476
456
466
472
452
468
450
462
470
484
492
506
494
500
502
498
496
498
502
496
492
506
478
476
488
478
488
478
484
482
480
470
466
472
494
502
506
502
500
490
494
480
480
482
472
466
470
470
468
470
474
472
480
502
500
502
534
542
534
552
540
550
532
522
510
500
488
484
466
460
468
466
468
476
480
476
482
496
504
506
524
522
514
526
526
520
528
514
490
520
476
496
488
486
488
488
482
492
496
490
502
502
510
508
506
516
522
512
512
502
478
466
476
462
456
462
460
466
466
464
464
466
478
480
488
486
488
490
486
484
486
486
492
502
492
496
498
484
502
498
496
482
480
482
474
476
476
482
478
484
466
472
472
468
466
470
472
464
474
454
458
466
468
464
462
462
472
468
466
480
484
490
496
496
496
500
500
502
484
470
492
476
478
486
480
480
470
476
490
502
508
514
526
532
538
554
576
560
570
576
572
542
544
538
524
516
514
520
526
526
524
522
522
532
526
518
512
518
506
498
502
508
502
534
522
514
528
538
528
524
530
538
534
530
520
508
520
492
516
514
508
498
496
506
518
528
530
528
536
554
562
550
554
536
526
514
514
492
496
492
494
482
472
484
476
492
502
508
504
530
546
556
550
526
516
518
504
508
506
506
474
498
504
506
502
500
500
498
522
516
516
524
504
498
490
488
490
488
486
484
498
522
562
578
572
612
606
604
628
612
608
578
582
574
546
544
544
516
540
522
548
532
528
544
556
560
546
550
558
560
556
550
538
534
522
520
528
538
546
558
578
570
566
550
564
562
562
558
552
556
538
544
538
562
582
566
568
566
560
572
570
556
536
544
532
546
538
536
574
560
552
572
592
598
582
574
576
554
566
544
552
546
542
548
554
554
550
532
524
538
514
516
506
508
508
504
514
530
542
534
544
550
538
536
532
534
488
512
520
510
536
546
530
522
524
514
520
504
494
508
490
484
498
482
500
518
518
536
564
628
620
604
612
628
598
572
564
566
560
552
536
518
522
526
504
520
552
572
556
562
574
588
576
588
564
566
556
552
536
554
536
552
534
508
518
518
520
522
532
544
534
542
566
626
618
602
600
594
576
566
558
564
556
568
568
564
578
580
588
568
552
558
554
534
534
544
534
556
556
556
560
572
566
552
536
528
530
528
532
532
592
616
590
564
548
566
562
554
554
554
528
542
530
532
540
520
540
526
524
516
516
508
498
498
498
506
514
524
548
580
568
562
564
586
592
582
554
550
530
526
520
510
516
504
496
494
496
478
484
486
490
488
508
578
648
588
602
594
588
586
592
590
584
586
562
556
546
526
510
522
526
552
546
566
582
590
562
560
550
566
550
542
546
528
528
518
514
502
500
498
500
498
490
494
484
496
482
482
486
488
502
522
576
572
558
562
582
598
582
560
562
558
536
534
540
520
524
528
504
522
522
534
534
514
508
510
508
504
508
516
540
564
564
558
560
578
592
604
582
584
582
590
580
578
574
584
578
578
582
538
548
516
532
506
514
486
488
492
484
486
490
492
504
500
500
522
538
518
554
586
588
604
616
610
588
584
586
562
568
544
544
534
538
526
524
522
534
544
530
532
542
526
526
512
514
514
502
508
524
534
552
554
570
582
594
584
578
554
548
546
528
522
524
516
526
548
534
536
548
570
576
560
570
580
578
570
566
548
538
548
540
544
544
546
552
550
542
534
532
532
528
532
528
526
526
524
512
502
504
504
500
496
504
504
542
538
574
666
660
628
632
612
612
580
596
594
624
614
612
568
564
576
564
564
580
596
598
588
566
556
580
572
570
566
542
530
520
520
514
514
516
520
518
522
516
536
538
542
556
558
554
554
550
552
548
552
544
572
552
560
552
588
566
560
570
576
566
566
564
538
530
550
538
544
544
542
564
556
548
570
598
598
586
596
600
568
578
562
556
554
550
544
554
544
536
534
546
558
544
544
552
564
556
550
548
540
554
556
572
560
566
572
570
572
536
526
532
530
522
566
576
568
564
566
572
540
544
546
548
536
542
532
528
536
530
522
542
544
552
552
544
558
538
546
538
548
542
542
556
558
560
564
546
540
542
548
534
534
532
532
550
556
546
542
548
550
542
552
528
518
524
520
524
524
524
534
538
532
536
510
510
522
514
526
540
600
642
620
614
624
626
622
626
596
610
616
608
592
594
596
592
594
600
562
546
572
552
560
564
576
572
564
556
548
538
536
540
532
536
526
526
542
538
540
540
552
568
562
568
578
568
566
568
564
574
546
528
524
540
544
554
554
558
568
570
574
576
594
598
586
586
576
564
560
552
552
546
562
552
556
564
556
548
560
554
536
540
546
540
538
532
554
582
594
576
588
600
590
594
568
590
566
572
544
560
540
552
550
538
556
568
566
570
568
570
570
554
552
534
544
528
522
530
536
548
550
544
550
532
550
540
544
548
536
540
552
552
548
550
548
560
598
596
588
606
640
638
624
618
604
598
598
594
566
574
560
550
538
540
542
554
556
548
550
556
560
560
560
560
566
570
568
552
550
552
532
542
546
526
528
524
510
514
520
528
536
550
576
558
562
588
610
590
578
594
590
566
564
572
560
534
540
550
540
536
542
532
550
568
570
560
550
556
566
552
552
556
560
560
552
558
564
566
566
550
556
556
542
550
542
538
546
546
534
554
554
546
558
536
524
526
540
556
546
538
550
538
552
548
534
550
546
544
540
522
532
558
554
552
552
550
546
540
546
528
542
526
524
538
512
512
506
512
510
508
512
534
524
518
528
548
536
544
526
518
512
522
512
550
534
540
560
572
558
560
570
574
568
552
560
556
538
536
526
524
520
512
514
506
540
538
554
574
604
576
568
562
568
570
568
562
548
550
560
554
552
554
562
560
544
536
528
530
572
598
606
598
602
550
574
574
566
566
578
578
576
574
572
570
572
572
566
568
558
548
546
552
560
572
572
566
574
574
562
542
554
536
546
546
546
524
526
528
522
548
544
554
570
576
580
574
558
556
550
556
534
540
544
546
526
528
522
518
514
488
480
492
488
476
490
458
478
472
476
468
466
462
462
458
458
456
464
460
458
458
458
464
462
458
460
462
454
462
466
498
510
506
520
528
524
536
544
538
532
520
496
508
492
498
470
472
464
464
466
446
452
450
446
446
456
462
490
498
482
504
512
504
510
490
484
490
472
470
458
442
466
448
440
442
440
440
438
444
438
444
454
452
450
456
456
452
466
466
466
480
486
498
488
492
492
498
490
494
502
502
496
496
496
502
500
502
514
506
514
494
470
494
468
466
470
472
468
482
492
510
530
536
554
578
558
566
536
546
536
532
536
528
512
512
486
488
492
470
476
478
476
484
476
502
496
528
534
534
532
528
522
514
520
506
514
486
496
506
500
498
500
482
494
486
490
490
494
502
510
518
516
512
506
496
492
492
484
494
468
480
476
478
480
478
480
478
484
486
488
498
516
544
542
564
574
554
548
552
536
542
526
498
502
500
504
490
496
486
490
496
476
478
484
486
498
516
510
512
516
530
524
524
542
534
538
514
520
512
502
500
494
490
494
496
498
502
520
512
510
516
518
516
508
506
508
500
494
496
474
488
476
482
486
484
486
512
496
508
502
522
534
528
528
524
510
500
504
502
498
500
506
468
482
486
486
486
500
502
506
504
508
506
488
496
478
496
498
478
502
500
492
500
504
510
512
508
504
494
502
494
488
486
492
476
494
502
504
502
506
504
496
498
486
490
502
512
518
508
510
514
502
492
480
488
488
486
502
504
518
516
522
518
530
524
524
526
510
504
502
486
494
488
506
502
512
518
514
514
508
512
508
508
510
508
508
508
506
504
504
494
500
494
496
502
504
504
504
482
476
466
472
480
474
488
478
472
482
486
478
490
488
496
502
506
508
508
488
562
516
524
532
514
504
512
496
500
512
500
502
512
504
504
502
508
504
512
532
514
530
532
542
534
536
542
522
500
516
512
510
504
492
502
492
496
498
490
514
532
524
528
538
540
512
516
518
510
498
514
498
506
506
518
538
526
526
544
556
570
556
550
560
548
552
554
550
540
526
524
518
506
500
506
500
506
520
514
522
524
524
524
504
508
518
490
496
502
496
510
510
512
510
520
516
508
514
524
518
516
520
518
520
512
492
474
496
480
486
500
504
524
588
578
794
680
660
620
558
556
532
534
530
472
504
496
496
458
472
480
482
480
480
476
474
472
478
466
470
476
476
478
482
484
480
486
486
488
468
478
476
474
486
536
564
556
618
584
594
566
576
586
580
568
556
548
550
526
522
518
520
520
506
516
504
508
492
492
496
504
498
500
514
524
518
498
512
502
514
498
506
508
504
510
506
508
512
502
496
488
496
508
518
516
524
534
546
536
538
562
548
530
542
544
544
542
530
548
508
522
492
514
508
500
506
504
500
500
500
508
502
494
504
492
490
488
490
486
486
488
486
486
490
492
490
488
494
492
498
502
500
500
498
496
496
510
508
504
506
508
506
504
506
504
502
498
504
502
492
502
494
522
526
538
528
530
546
546
548
564
558
560
534
556
490
510
494
494
486
484
482
482
478
486
508
524
536
530
560
568
558
566
538
528
518
524
510
512
506
514
506
492
508
502
518
522
524
522
526
522
514
530
496
492
504
490
482
482
488
484
490
490
482
484
484
494
484
484
486
494
488
488
502
502
508
512
506
504
500
510
490
486
480
488
484
486
470
482
484
482
482
484
490
504
506
512
516
566
554
556
556
520
506
512
510
488
500
490
496
498
496
498
500
494
496
480
490
492
488
488
490
480
490
496
498
520
528
546
558
562
572
580
574
558
558
546
552
556
538
530
532
538
530
526
526
512
518
506
486
500
500
496
498
500
504
514
524
560
650
636
620
632
600
572
552
576
534
556
550
540
540
550
540
562
576
