976
954
966
926
852
796
768
780
814
790
784
864
968
826
802
830
838
908
904
898
832
852
760
714
742
906
754
738
744
744
740
738
734
734
722
718
712
716
714
712
716
734
764
794
826
836
814
842
826
802
790
872
940
1040
1004
874
860
804
794
778
790
776
780
830
850
866
1008
1030
1088
1056
984
1042
1112
1058
1032
1062
946
926
890
884
934
922
878
924
958
998
1032
1016
1034
1068
1024
1034
1066
1020
1000
1066
1050
1016
1050
1038
1000
1002
970
892
850
806
796
768
802
932
974
1210
1170
1082
1102
1070
1034
1162
1124
1030
1080
1068
1048
1104
1014
1040
1034
1024
954
968
948
930
928
864
852
858
832
842
876
906
874
848
862
866
872
884
848
876
928
926
902
1000
1078
1052
1092
1068
954
970
974
928
988
1054
1010
1060
1054
978
1008
990
960
1012
1026
994
1038
1044
1008
1030
1028
990
1018
1016
990
982
1016
994
974
1040
934
864
816
782
774
760
770
964
1028
1084
1026
1118
1078
1014
1086
1090
1008
1062
1088
1032
1036
1072
938
868
850
874
874
928
1032
1030
1098
1140
1030
1072
1072
994
1024
1032
988
1006
1048
990
996
1044
1024
962
984
998
982
994
1046
982
970
1016
964
956
1012
990
996
1070
1036
1008
1048
1012
964
1040
1022
960
1008
1006
954
978
1002
964
866
808
784
760
736
736
730
736
762
768
778
822
866
880
952
960
936
966
922
850
840
840
838
842
890
856
884
922
930
1046
1058
1034
1056
1030
990
1028
908
848
830
838
886
892
872
1028
1018
1024
1110
1030
1058
1020
930
916
888
844
904
918
902
974
988
876
846
816
868
918
938
942
956
900
922
970
946
1080
1084
1016
1058
1074
1028
1052
1058
1014
1022
1068
1048
1020
1046
1070
1020
1032
1014
996
966
1038
1064
1026
1096
1108
1060
1134
1148
1080
1050
1078
1084
1028
1088
1128
1068
1086
1082
1060
1000
1040
1058
1020
1020
1064
1048
1012
1048
1052
1026
1098
1106
1048
1064
1070
1008
1062
1080
1034
1036
1076
1012
972
1034
1008
950
956
1012
1004
1142
1130
1068
1116
1112
1050
1032
952
922
904
926
998
1228
1188
1102
1132
1146
1094
1128
1142
1058
1064
1074
1034
1000
1036
1076
1048
1094
1116
1120
1056
1098
1118
1052
1062
1084
1038
1094
1118
1062
1040
1056
1016
1052
1088
1052
1064
1126
1080
1086
1138
1122
1062
1080
1098
1022
1028
1020
990
1060
1146
1024
1030
960
870
818
836
1068
1150
1220
1092
1130
1166
1080
1036
966
912
972
1152
1116
1206
1168
1106
1132
1120
1070
1108
1134
1068
1028
1068
1072
1050
1094
1090
1052
1080
1072
1032
1104
1116
1040
1074
1060
1018
1100
1112
1060
1084
1082
1024
1066
1070
1044
1084
1088
1054
1068
1070
1056
1096
1056
1020
1064
1062
1016
1060
1088
1056
1092
1120
1074
1124
1118
1078
1062
1132
1090
1046
1054
1102
1042
1018
1028
1066
1026
1074
1118
1036
1054
972
962
1070
1132
1078
1164
1148
1118
1156
1128
1064
1064
1056
1058
1146
1174
1114
1116
1136
1088
1036
1134
1198
1128
1198
1230
1108
1148
1100
1100
1134
1118
1060
1108
1122
1072
1124
1124
1046
1068
1078
1066
1242
1198
1178
1214
1150
1174
1212
1144
1172
1144
1118
1084
1130
1108
1068
1160
1122
1096
1220
1210
1152
1206
1188
1108
1112
1134
1064
1176
1160
1114
1180
1220
1152
1262
1238
1104
1160
1140
1118
1176
1256
1184
1126
1204
1192
1106
1170
1188
1120
1180
1202
1118
1058
1114
1134
1094
1266
1222
1164
1244
1216
1128
1186
1170
1088
1138
1170
1130
1080
1176
1138
1084
1200
1206
1104
1226
1190
1072
1092
1118
1094
1296
1254
1150
1258
1290
1158
1180
1124
1084
1182
1208
1126
1172
1164
1094
1142
1188
1098
1142
1086
1034
1074
1266
1164
1150
1174
1108
1124
1182
1120
1220
1218
1124
1174
1178
1138
1144
1250
1174
1102
1178
1158
1100
1130
1188
1156
1094
1132
1132
1098
1070
1130
1150
1074
1104
1118
1044
1092
1168
1064
1062
1236
1138
1206
1250
1164
1194
1204
1134
1218
1184
1088
1032
922
932
924
984
1226
1210
1292
1248
1202
1208
1182
1116
1168
1154
1090
1136
1136
1052
1096
1126
1084
1098
1108
1060
1140
1166
1100
1158
1134
1072
1184
1176
1098
1170
1208
1120
1190
1180
1136
1224
1144
1052
1112
1134
1098
1204
1236
1160
1186
1238
1098
1170
1140
1096
1226
1226
1202
1276
1194
1232
1148
1222
1154
1100
1192
1130
1066
1144
1116
1084
1228
1208
1130
1212
1164
1182
1290
1162
1104
1154
1142
1118
1236
1104
1152
1154
1136
1186
1150
1120
1126
1082
1146
1108
1032
1072
1080
1070
1190
1208
1156
1160
1210
1132
1166
1168
1114
1190
1102
1030
1072
1120
1102
1228
1174
1126
1176
1138
1186
1190
1120
1150
1112
1134
1252
1202
1164
1198
1108
1168
1136
1106
1130
1116
1060
1102
1088
1064
1148
1122
1114
1182
1118
1042
1066
1030
922
888
836
804
814
896
1024
974
866
838
824
814
824
890
1010
1168
1150
1100
1136
1152
1106
1202
1194
1162
1208
1164
1122
1180
1152
1130
1096
1166
1152
1132
1196
1132
1154
1166
1118
1168
1150
1118
1238
1116
1148
1246
1160
1268
1202
1152
1194
1192
1098
1148
1106
1182
1180
1152
1160
1174
1172
1118
1178
1174
1198
1140
1194
1108
1162
1150
1074
1124
1042
970
1002
1032
1008
1136
1066
1008
1036
970
872
820
802
808
916
1116
1128
1168
1074
1036
1060
1042
1136
1100
998
990
962
934
1014
1042
1018
1054
1028
956
972
968
948
934
904
862
796
768
744
732
736
750
768
776
776
780
796
856
832
852
844
812
808
810
804
798
774
764
748
744
736
742
746
774
768
754
754
744
720
710
696
694
682
670
668
666
676
720
750
782
864
924
934
1034
1052
952
982
1050
1040
968
1020
1096
892
824
788
796
922
1146
1062
1180
1136
1068
1120
1112
1014
988
1090
1056
994
1114
1088
1000
1054
1082
1024
1106
1114
1042
998
996
970
950
1038
1064
1076
1184
1122
1082
1130
1096
1066
1100
1096
1036
1056
1018
980
964
1026
1052
1038
1092
1084
1012
968
964
924
894
878
906
984
1214
1122
1188
1196
1118
1158
1100
1076
1052
1068
1072
1014
1098
1084
1048
1036
1104
1074
1004
1034
1122
1038
946
938
900
828
830
816
814
884
956
1014
1240
1178
1126
1094
1084
1042
1144
1094
1040
1020
1052
978
886
948
1076
1030
944
864
818
802
788
772
772
768
762
756
774
802
1008
1104
1022
982
882
854
836
816
798
818
840
850
968
1062
896
862
876
914
1136
1178
1108
1158
1128
1074
1128
1094
1018
1056
1058
1028
1008
1102
1042
980
996
1142
1090
1068
1138
1102
1048
1064
1074
1054
1096
1114
1062
1114
1112
1060
1088
1086
1030
1032
1012
996
1038
1116
1048
1002
960
876
838
850
886
1004
1016
1110
1240
1162
1132
1124
1134
1060
1106
1092
1016
984
870
828
804
796
806
796
796
798
794
810
878
934
936
976
1170
1166
1210
1170
1084
1130
1128
1094
1126
1178
1154
1090
1112
1098
1078
1006
1020
1020
1034
1060
1132
1142
1092
1106
1078
1044
1106
1136
1094
1044
1078
1082
1046
1110
1080
1070
1150
1102
1058
1080
1066
1036
1078
1096
1070
1114
1150
1084
1046
1072
1158
1092
1208
1198
1182
1146
1274
1236
1210
1262
1200
1170
1182
1150
1166
1106
1136
1168
1106
1106
1134
1052
982
1118
1154
1078
1116
1134
1096
1196
1170
1156
1176
1120
1152
1068
1074
1168
1120
1068
936
868
824
838
938
1008
1206
1264
1200
1196
1198
1140
1060
1098
1032
938
910
836
806
792
772
764
776
786
794
800
798
808
804
826
856
866
874
872
856
898
1010
1036
1018
1062
1074
1036
958
1002
1034
998
1018
1090
1012
1032
1050
996
1010
1108
1084
1016
1092
1102
1024
1070
1060
1006
1044
1054
1032
1102
1108
1036
1038
1002
970
982
1022
998
1076
1226
1170
1128
1184
1100
1032
1086
1072
1032
1070
1018
988
958
1038
1154
1090
1094
1130
1114
1074
1122
1070
998
1026
1022
1028
1056
1038
1016
1000
1096
1126
1076
1102
1078
1052
1082
1018
950
874
838
816
832
1178
1174
1168
1216
1148
1098
1214
1208
1124
1144
1138
1114
1106
1160
1128
1078
1064
1066
1012
978
1070
1102
1052
1154
1164
1118
1234
1144
1086
1206
1174
1138
1186
1182
1080
1218
1162
1112
1238
1194
1120
1188
1166
1094
1128
1128
1112
1122
1168
1126
1150
1170
1120
1150
1102
1126
1120
1102
1094
1204
1132
1112
1144
1090
1040
1122
1114
1066
1210
1190
1160
1222
1146
1218
1260
1210
1238
1120
1208
1122
1170
1218
1082
1040
998
996
1210
1174
1130
1190
1176
1124
1166
1094
1118
1090
1050
1112
1080
1004
1110
1168
1120
1198
1142
1174
1196
1120
1176
1136
1080
1190
1120
1044
1032
1010
944
964
902
842
802
786
786
822
1048
1054
1130
1112
1076
1030
1048
1080
1046
1090
1066
1010
1020
968
854
810
798
812
846
1122
1138
1064
1148
1030
872
828
818
838
968
1098
1096
1250
1188
1090
1124
1050
1010
1050
1144
1136
1150
1154
1178
1122
1174
1168
1104
1152
1172
1104
1138
1120
1092
1184
1106
1060
1122
1122
1070
1032
1032
968
896
856
812
796
798
868
988
1158
1166
1090
1042
1046
988
960
1026
974
920
956
1100
1074
1064
1158
1106
1008
1038
1078
1108
1092
1146
1210
1166
1110
1220
1246
1190
1170
1166
1224
1168
1214
1122
1164
1090
1154
1094
1078
1150
1070
1052
1066
1020
1030
1140
1054
988
1132
1116
1058
1054
1098
1086
1178
1160
1096
1076
1006
1072
1096
1016
1192
1038
970
902
834
820
826
886
900
1006
1066
1012
1086
1104
1072
1134
1208
1072
1130
1114
1048
1158
1100
1078
1124
1102
1130
1104
1034
1150
1080
1104
1110
1076
1130
1074
1072
1120
1200
1140
1080
1116
1070
1026
1150
1118
1038
1090
1066
1050
1092
1084
998
1084
1120
1118
1182
1144
1208
1150
1150
1250
1176
1214
1132
1230
1148
1218
1156
1058
1112
1056
996
1020
1002
976
950
946
904
906
906
894
890
920
950
946
1098
1144
1090
1082
1214
1132
1106
1150
1234
1210
1256
1194
1126
1116
1036
950
1030
1050
980
998
958
948
970
974
980
1022
992
982
992
974
952
982
970
956
958
962
918
918
964
964
950
968
956
940
964
1054
1042
1082
1052
1092
1084
1078
1090
1040
1018
1010
992
1034
1044
990
928
982
1016
976
986
966
948
938
926
900
848
852
872
878
868
900
946
944
924
986
932
864
862
862
870
894
926
852
816
820
802
812
872
970
1094
1112
1068
996
1072
1120
1098
1088
1096
1084
1018
1060
1062
1032
1016
1028
1000
1000
1042
1016
1058
1094
1064
1026
1106
1064
1034
1032
1028
1096
1078
1050
1154
1084
1072
1136
1116
1114
1116
1112
1102
1126
1122
1062
1094
1090
1048
1104
1070
1028
1058
1016
988
968
924
912
934
926
954
1016
1034
986
1034
1018
948
886
822
792
778
820
1208
1100
1218
1138
1086
1236
1162
1098
1248
1224
1142
1194
1246
1170
1196
1116
1302
1292
1258
1186
1108
1396
1346
1400
1338
1232
1130
1180
1230
1256
1102
1146
1082
1164
1172
1120
1108
1132
1186
1072
1130
1036
1202
1100
1090
1006
1074
1030
1022
1002
1056
1106
1042
1074
1096
1090
1128
1206
1136
1166
1140
1136
1210
1058
1136
1436
1178
1376
1176
1082
1038
1112
1462
1184
1218
1256
1130
986
960
1060
1014
1024
1148
1022
1098
1120
1028
1032
988
952
1164
1038
1010
1022
1008
960
986
1006
1028
1030
1014
982
930
908
880
840
822
802
782
784
770
752
752
742
746
766
784
826
868
866
868
920
994
1014
1018
1216
1106
1054
992
1062
1010
1166
1090
1012
1046
1006
962
1022
1166
1038
952
1046
1020
926
950
970
968
970
1088
1062
970
1018
1026
996
1004
1146
992
1008
1240
1104
1098
1138
1076
1104
1094
1068
1040
1044
1084
1054
1036
1146
1024
970
998
972
980
1044
1070
1060
1022
1068
1066
1052
1054
1130
1080
1064
1140
1100
1022
1050
1020
954
1000
1036
976
968
900
836
812
794
784
826
1252
1130
978
870
830
806
792
772
752
750
758
794
790
824
932
1064
1062
996
1018
1034
1038
1130
1198
1198
1170
1194
1134
1110
1178
1104
1130
1136
1062
1126
1132
1096
1200
1178
1106
1072
1164
1128
1060
1180
1130
1060
1134
1138
1096
1156
1150
1202
1150
1230
1132
1146
1136
1318
1208
1112
1320
1228
1168
1120
1142
1088
1058
1086
1060
1014
1066
1064
1062
1246
1156
1164
1166
1074
1182
1106
1054
1186
1134
1148
1232
1110
1092
1144
1116
1282
1178
1226
1170
1112
1184
1098
1126
1150
1080
1068
1042
1000
1166
1148
1096
1186
1158
1342
1242
1154
1264
1124
1226
1180
1070
970
1030
1102
1224
1176
1268
1194
1078
1222
1186
1156
1196
1132
1214
1276
1196
1264
1274
1270
1334
1240
1290
1160
1276
1180
1146
1134
1102
1180
1156
1078
1138
1134
1008
1038
1096
1070
1252
1196
1120
1194
1218
1206
1120
1076
1134
1094
1210
1156
1090
1160
1142
1086
1198
1124
1070
1140
1086
1048
1178
1118
1108
1198
1110
1104
1174
1088
1098
1118
1122
1174
1156
1148
1150
1188
1164
1152
1318
1186
1336
1278
1396
1236
1350
1274
1254
1340
1202
1286
1188
1166
1230
1196
1220
1182
1234
1236
1244
1176
1202
1102
1344
1210
1184
1152
1202
1122
1064
1124
1086
1016
1052
1012
1006
1204
1114
1080
1032
1008
1170
1188
1122
1142
1210
1162
1220
1132
1252
1248
1212
1208
1130
1182
1138
1150
1060
1082
1134
1062
1050
1082
1068
1156
1134
1118
1168
1082
1072
1330
1060
1088
1094
1454
1282
1358
1284
1156
1248
1122
1336
1188
1150
1198
1082
1170
1134
1112
1192
1184
1034
1076
1120
1206
1148
1104
1042
1050
1054
1048
996
946
978
960
1026
1078
1020
1082
1040
1078
1042
1016
998
954
968
950
872
822
818
874
936
1226
1134
1058
1106
1104
1044
1192
1134
1078
1142
1196
1124
1118
1140
1064
1118
1108
1020
1116
1138
1134
1184
1146
1236
1188
1152
1292
1206
1366
1316
1298
1396
1244
1400
1190
1164
1418
1290
1330
1184
1322
1212
1216
1132
1274
1298
1340
1384
1248
1222
1132
1292
1208
1236
1114
1246
1072
1424
1270
1294
1204
1238
1296
1152
1228
1144
1232
1262
1146
1212
1158
1258
1240
1146
1232
1156
1246
1210
1110
1222
1166
1144
1188
1120
1178
1128
1230
1192
1228
1306
1128
1124
1174
1080
1188
1156
1140
1214
1096
1216
1094
1122
1144
1048
1126
1148
1188
1184
1086
1166
1160
1126
1122
1062
1074
1036
1250
1114
1156
1098
986
886
886
946
1442
1192
1080
1010
992
984
1360
1182
1290
1240
1122
1282
1158
1092
1210
1258
1224
1210
1178
1142
1202
1146
1162
1172
1216
1210
1244
1132
1304
1184
1254
1202
1234
1244
1162
1214
1084
1240
1146
1090
1262
1138
1192
1192
1124
1168
1238
1176
1232
1154
1144
1226
1192
1150
1124
1154
1290
1194
1254
1218
1248
1244
1170
1180
1178
1130
1204
1128
1212
1194
1112
1232
1190
1070
1126
1148
1096
1160
1122
1100
1156
1068
1150
1118
1022
1096
1188
952
860
822
812
820
842
1004
1180
1144
1060
1144
1124
1058
1170
1156
1096
1178
1146
1086
1166
1138
1178
1082
1070
1150
1114
1180
1186
1200
1144
1112
1082
1110
1264
1118
1216
1116
1106
1150
1030
968
968
960
1068
1144
1112
1204
1114
1102
1076
1074
1072
1062
1010
1024
998
982
982
944
900
850
808
794
792
752
722
758
722
722
692
692
692
648
674
690
664
616
694
558
716
1300
610
652
626
626
620
612
614
614
604
658
852
948
938
1048
1110
1170
1148
1156
916
816
828
866
862
964
1076
1078
1134
1050
1116
1014
944
1102
1034
862
838
820
846
982
1062
1162
1128
1048
1042
1034
960
1056
1046
966
950
898
840
810
858
896
1126
1076
1166
1130
1052
1088
1092
1012
1088
1130
1038
1058
1076
998
916
1008
1012
982
1090
1074
1006
914
864
848
780
802
980
1126
1204
1136
1168
1122
1102
1036
992
992
966
966
984
968
892
904
898
820
780
804
774
770
728
774
826
1000
1074
1014
1072
1074
1036
920
916
902
796
860
930
906
888
888
872
910
714
724
986
702
702
784
684
720
690
692
690
672
674
674
664
662
672
722
792
958
1040
1062
1040
1084
1070
1024
1134
1130
1072
970
1032
1060
1022
1068
1092
984
930
1010
1012
988
1106
1084
1004
1026
1006
936
1002
1032
1000
1026
1036
1020
1006
986
970
930
1028
1020
968
1014
1022
998
978
1012
996
940
960
956
956
914
976
1054
1018
1060
1036
988
1014
1002
938
980
1004
1000
992
1000
946
884
834
850
898
956
958
1090
1044
970
978
928
894
880
1008
992
942
860
808
782
784
788
808
924
1090
1080
1098
1088
1028
1070
1060
1050
998
1052
1072
1028
990
1004
1010
976
1014
1000
966
1022
1014
946
930
924
894
892
1034
1096
1028
1054
1036
980
1032
1040
1008
1084
1060
986
988
1012
990
944
956
966
928
976
978
960
902
900
946
984
966
992
1092
1084
1042
1042
1060
1088
1062
1142
1102
1064
1076
1006
876
786
756
766
778
786
848
826
814
824
1190
1080
1082
1116
1094
1018
1080
1086
1042
1040
1052
1028
994
1018
1018
978
998
968
990
964
1000
1088
1056
1070
1058
992
980
1018
1056
1022
1106
1060
1018
962
1018
1000
924
948
972
1006
952
1060
1118
1044
950
946
1054
1016
1092
1128
1052
992
1048
1042
1006
1066
1048
1018
1078
1046
990
984
1022
1012
960
966
978
972
966
994
1006
932
892
1004
1100
1042
1162
1132
1044
1072
1058
960
976
1020
974
986
994
964
990
1062
1066
1044
1080
1030
980
1026
1030
990
1034
1040
976
962
984
976
940
994
1020
990
1040
1030
998
938
984
998
998
934
954
954
926
996
1038
998
960
966
994
964
974
1044
1004
940
966
1098
1054
1036
1064
1014
990
1026
1058
1016
976
992
962
1012
1112
1092
1056
1070
1080
1020
1000
994
980
982
1074
1136
1078
1028
986
1004
968
1012
1168
1168
1092
1160
1140
1068
994
942
842
786
792
918
1154
1158
1186
1106
1038
1092
1064
1038
1022
1088
1108
1074
1090
1096
1080
1034
1040
1040
1050
998
956
1026
1034
1016
1052
1062
1010
920
928
940
956
1026
1060
1036
954
958
1008
980
1004
1016
992
972
1032
1000
952
926
1114
1140
1074
1004
1068
1088
992
862
784
768
756
724
718
716
730
846
938
1098
1092
1050
1076
1068
1002
990
996
1002
966
1078
1100
978
984
1050
1048
1000
1110
1154
1034
1082
1080
1030
1048
1074
994
1038
1056
1032
1076
1072
1040
1056
1032
1020
966
1002
1068
1036
1062
1086
1040
1000
1028
1022
996
1020
1040
1038
994
996
1010
1020
1000
976
972
982
928
910
1056
1130
1076
1152
1102
1028
1054
1026
928
856
814
780
782
936
1190
1138
1180
1120
1064
1120
1090
1004
1024
1020
1002
1080
1040
990
946
1026
1088
1026
1102
1082
1036
988
1050
1092
1076
1094
1086
