822
812
894
1074
1060
990
1032
1090
1084
1026
1094
1184
1208
1110
1100
1202
1172
1142
1044
1132
1180
1170
1038
1108
1208
1184
1088
1024
1172
1214
1110
1014
1094
1222
1078
990
1084
1170
1128
1086
1172
1178
1110
1038
1104
1184
1122
1034
1112
1216
1178
1074
1076
1206
1186
1092
1038
1164
1190
1078
998
1078
1126
1064
1032
1210
1208
1136
1052
1100
1124
1130
1022
1070
1156
1170
1072
1022
1112
1160
1096
990
1000
1074
1080
1014
1050
1182
1168
1062
1078
1150
1134
1022
982
1058
1106
1066
1024
1184
1212
1116
1052
1144
1178
1150
1076
1114
1206
1176
1086
1054
1166
1182
1146
1056
1098
1166
1150
1062
1020
1154
1194
1120
1046
1180
1194
1116
1046
1144
1168
1064
1002
1126
1214
1200
1100
1184
1230
1170
1066
1112
1130
1148
1044
1108
1206
1210
1070
1046
1196
1222
1148
1136
1130
1050
1022
1140
1186
1090
1152
1224
1190
1098
1120
1164
1144
1082
1008
1078
1130
1100
1024
1058
1132
1138
1046
1040
1136
1142
1032
1080
1190
1134
1024
1106
1164
1134
1036
998
1092
1130
1080
1016
1106
1158
1130
1030
1054
1144
1164
1064
1070
1172
1170
1110
1036
1144
1172
1110
1032
1150
1138
1074
1000
1118
1146
1090
996
1100
1120
1006
930
902
864
876
862
826
888
842
854
874
808
822
866
862
802
790
780
798
906
904
846
844
828
792
764
748
760
760
750
738
736
704
730
818
840
802
786
778
756
728
710
682
668
680
652
600
636
660
700
700
722
742
722
768
750
734
718
714
708
702
676
676
678
670
662
658
658
660
670
698
696
704
746
924
1028
1016
996
920
1014
1078
982
870
876
880
844
822
750
734
686
692
696
692
704
720
746
738
794
960
910
832
798
808
792
834
892
964
1048
1056
1006
1090
1128
1076
1108
1082
972
1078
1066
1048
902
868
846
842
832
848
832
1010
1202
1116
1004
990
1066
1072
984
930
970
1006
1030
960
934
1028
1054
994
930
880
878
870
856
824
800
946
1184
1096
1020
974
986
1014
1020
914
924
1036
1096
992
976
1024
1074
1050
964
950
1010
1046
1062
988
952
1012
1028
994
938
958
964
988
936
898
958
986
988
942
968
992
988
942
902
938
952
948
900
900
916
936
894
874
888
884
904
930
926
916
1028
1044
1028
958
938
974
996
950
944
1024
1080
1098
1004
980
1008
976
942
968
942
936
992
1032
1002
946
962
998
1030
968
970
1046
1058
974
972
1008
1012
986
928
992
1036
1060
976
996
1074
1120
1050
990
1056
1086
1044
980
1012
1056
1098
1022
966
1028
1038
984
914
950
940
934
888
888
920
918
942
984
968
966
1064
1108
1072
1016
1066
1056
1024
928
934
1074
1084
1006
948
1038
1050
1022
954
1016
1044
1082
1026
998
1052
1094
1070
996
1002
1116
1092
1048
978
976
1088
1098
1028
978
1088
1096
1064
936
974
1054
1040
948
1020
1072
1004
916
946
1006
1042
966
968
1056
1010
968
1054
1062
974
982
1036
1068
972
896
970
1012
954
890
972
1020
1018
922
866
960
1006
1014
930
846
950
1074
1062
980
970
1028
1034
956
974
990
940
924
1022
998
932
904
992
1022
954
916
968
1000
954
892
960
1016
982
936
988
1068
1026
974
1034
1052
990
1014
1084
1048
968
1040
1078
1010
958
1036
1084
1036
996
1056
1054
990
990
1040
1072
1044
1010
1042
1034
970
1036
1060
1016
1044
1070
982
1016
1024
990
970
1030
1024
976
1026
1048
1024
958
984
1022
1022
948
922
926
916
858
898
940
1000
948
936
1014
1014
968
996
982
924
914
952
962
942
942
984
1002
948
960
986
1000
944
996
1034
970
944
1012
1024
972
948
940
968
1018
956
986
998
976
994
1030
958
970
996
974
938
984
1008
954
958
996
940
938
998
1012
996
942
1000
1022
988
932
1002
1042
1042
972
1018
1038
994
938
1012
1048
996
948
996
1020
968
952
1008
1036
1004
954
1028
1060
1000
1014
1022
998
936
934
934
900
912
1030
1052
988
920
982
1004
948
870
944
1006
996
918
974
1036
1042
992
1024
1048
1034
960
1030
1036
978
958
1022
1036
954
970
1034
1050
970
1032
1142
1070
1014
1074
1066
990
1064
1066
974
978
1056
1026
980
1056
1090
1010
1030
1074
1040
960
982
1010
950
964
1032
982
942
1034
1062
986
1014
1050
1006
922
992
990
920
968
998
942
980
1024
1006
912
934
972
908
878
1046
1012
962
950
976
962
904
964
998
994
930
896
968
984
936
876
1000
1054
1012
918
910
978
948
874
868
966
988
932
952
1046
1018
924
878
942
946
924
860
904
942
938
878
906
954
956
914
1012
1072
1028
948
964
998
934
900
986
940
894
920
852
850
898
864
826
868
856
804
772
774
822
1180
1022
1018
1114
1070
1020
920
978
1018
894
826
800
864
1212
1200
1072
1032
1096
1124
1088
978
1052
1110
1096
1022
1034
1066
952
888
852
912
958
966
942
1054
1114
1108
1074
1050
1122
1144
1082
1090
1132
1120
1028
1064
1128
1094
1014
1048
1110
1054
986
1064
1122
1096
1032
1070
1130
1036
966
1058
1090
1056
1008
1106
1150
1066
1020
1110
1094
1026
980
1034
1024
1010
1058
992
968
1038
1076
974
1002
1062
1024
952
1042
1070
1024
986
1086
1054
988
1050
1058
1014
972
1050
1086
1016
958
1058
1062
1000
948
1034
1054
1056
1028
986
1040
1028
972
976
1060
1050
988
948
1066
1080
1080
1002
954
1014
1042
1030
958
990
1012
1028
1028
998
982
1026
1084
1032
966
1016
1018
1000
950
996
1108
1082
944
1042
1108
1040
926
962
986
1052
980
920
1040
1034
970
874
910
902
940
922
838
878
880
928
910
982
1124
1070
992
1046
1038
976
1022
1070
1040
1016
1066
1072
996
1110
1078
992
1112
1124
1058
974
958
924
842
814
896
1246
1038
1026
1192
1168
1044
958
994
916
844
832
950
1110
1072
1042
1126
1192
1144
1082
1104
1116
1120
1054
1068
1104
1072
990
1050
1068
1030
958
1082
1104
1022
1056
1122
1032
928
1020
1010
914
880
932
1000
934
1054
1160
1172
1078
1106
1072
1000
1026
1066
980
1034
1076
994
1004
1068
958
968
1046
1016
920
962
1048
1052
912
970
1022
942
930
1038
1050
962
1028
1044
954
986
988
934
898
1006
1034
970
1038
1086
1000
922
896
878
818
778
848
834
848
854
796
772
778
768
752
740
724
710
686
678
674
646
650
650
650
672
704
704
742
862
906
892
832
902
1014
1050
1008
950
1052
1122
1104
1056
1000
1154
1158
1086
1060
1146
1106
996
1060
1144
1058
980
1132
1156
1034
1120
1158
1110
1002
1060
1078
1028
972
1060
1058
972
992
1070
1080
990
1070
1052
994
1066
1078
1046
996
1002
1088
1132
1072
1108
1182
1112
1008
1072
1030
932
894
858
862
1002
942
954
1088
1184
1040
994
1072
1044
960
940
938
976
1076
1026
1090
1166
1126
1054
1120
1110
1020
926
1046
1100
1054
942
1004
1178
1092
972
954
1082
1124
1092
1022
1050
1110
1060
998
1094
1100
1070
1008
1088
1094
1044
1082
1054
1078
1072
1072
1108
1050
1092
1128
1096
1160
1094
1068
1076
1036
1032
1000
956
1020
1016
1022
1050
988
1082
1136
1024
1018
1028
948
984
994
934
1058
1042
1000
1040
1012
906
944
994
982
870
818
840
834
834
844
970
1178
1170
988
924
884
840
794
826
1048
1084
1024
976
1014
1006
1020
1046
1180
1132
1106
1022
1076
1046
1038
1030
1090
1072
1034
1028
1122
1106
1058
1022
1116
1126
1048
1044
1036
966
998
1048
1030
974
1060
1040
1042
1048
982
1000
1010
970
970
1006
974
910
974
1056
1008
960
966
1030
918
948
1038
932
878
964
968
884
910
994
966
884
914
934
864
848
892
898
854
840
916
980
922
870
912
918
894
862
950
902
836
796
818
854
924
870
844
996
1006
1018
984
928
1048
1084
1080
1052
1028
974
1068
1108
1038
954
1096
1084
1038
980
1066
1028
946
914
962
912
926
884
1022
1192
1146
1030
938
1066
1098
1042
1012
1122
1090
954
986
1078
1048
946
940
940
882
838
856
1004
1060
1102
1078
1014
1062
1052
1036
962
952
1014
1004
970
932
966
1004
1006
944
992
1004
936
914
1000
1022
942
882
1002
1012
1024
968
992
1072
1072
1022
1004
1042
1032
970
1002
1026
998
954
1036
1088
1028
976
1090
1092
1056
974
1024
1034
964
960
1048
1074
982
1006
1074
1062
974
1020
1046
1058
978
916
1008
1052
1044
956
998
1026
992
1022
1030
988
1012
1014
990
1058
1082
1018
1062
1076
1042
968
1028
1068
1004
1054
1060
1000
974
1062
1054
986
992
1040
1068
1012
952
1018
1076
1062
962
868
896
914
976
910
914
1144
1142
1106
1020
1060
1086
1040
1012
952
880
920
942
908
922
860
840
870
848
798
792
788
754
768
766
762
780
846
914
878
1044
1092
1080
1054
978
1034
1064
1070
1000
934
1048
1098
1126
1056
990
1018
1074
1106
1064
1012
1046
1144
1146
1064
1094
1138
1124
1060
1098
1112
1078
996
972
1050
1060
980
976
1078
1046
976
1024
1094
1046
972
936
1042
1082
942
908
1044
1086
980
886
940
1046
1046
912
868
964
1032
1026
978
928
1000
1038
990
948
1036
1074
1020
1010
1044
1040
966
880
966
1002
1054
952
1012
1050
1010
918
872
928
916
914
868
942
1036
1064
996
972
1028
988
922
900
964
1012
936
902
1026
1040
972
952
990
1032
976
1008
1058
1024
926
1002
1046
1034
934
950
1066
1068
992
900
956
948
896
918
1040
1030
1000
974
1032
1026
962
960
918
966
956
882
974
978
978
876
868
918
912
816
788
774
756
724
704
708
708
706
700
694
690
694
686
690
690
678
686
730
812
890
916
880
894
978
996
988
962
906
1012
1174
1162
1076
1008
1154
1172
1160
1096
1118
1204
1160
1042
1088
1126
1080
964
1016
1052
1064
956
992
1074
1108
1012
1092
1114
1102
1002
1018
1080
1088
962
938
984
1058
1064
1006
1090
1152
1160
1144
1086
1102
1110
1092
1034
992
1038
1060
1032
962
940
1010
1042
1056
1012
1026
1134
1146
1128
1064
1126
1124
1046
1088
1130
1128
1076
1112
1140
1130
1030
980
1080
1068
928
860
914
1078
1068
980
1136
1156
1120
1000
1032
1044
1006
912
906
942
950
966
928
1012
1076
1070
996
960
1024
1016
970
910
1000
1036
1034
980
1030
1100
1094
1034
960
1004
1032
1064
1014
1002
1074
1086
1004
986
1054
1072
1018
964
1050
1072
1020
942
1020
1022
994
930
992
1064
1076
996
966
1024
1052
990
934
1014
1052
1042
1000
1012
1058
1016
902
854
800
900
880
892
1124
1158
1074
1014
1128
1152
1118
1060
1136
1074
1078
1002
952
1052
1104
1158
1060
1058
1124
1112
1052
1004
1082
1106
1090
1018
1060
1060
1074
970
938
1010
1042
1044
984
1044
1120
1086
992
1046
1064
1070
1008
952
1024
1078
996
944
1058
1062
1052
974
1058
1060
1098
1050
1092
1070
1018
1122
1142
1108
1000
1076
1082
1086
994
1046
1086
1094
1060
1040
1100
1112
1022
950
1052
1036
1026
998
1064
1136
1090
1122
1146
1126
1046
1094
1096
1042
990
992
932
868
810
868
1048
1198
1078
1134
1136
1106
1050
964
1030
974
900
822
824
1060
1170
1158
1052
1104
1084
974
962
966
924
1170
1180
1136
1050
1022
1080
1076
1026
978
1046
1100
1102
1030
1042
1058
1030
926
1012
1098
1014
926
1022
1090
1062
932
1006
1026
1028
942
986
1038
1048
998
960
1068
1068
1000
958
1040
1084
1036
980
998
1072
1052
982
934
1036
1080
1080
1040
1002
1084
1060
1042
958
1012
1096
1060
972
994
1058
1044
1018
966
1012
1032
1030
976
978
974
926
846
862
898
916
922
914
1060
1112
1032
972
1014
1024
970
902
930
954
978
946
982
1036
1072
1034
1080
1118
1126
1072
1004
1050
1064
1008
944
1010
1040
1026
1002
1110
1134
1068
1016
1092
1106
1068
1000
1052
1042
1014
946
1000
1034
1050
976
1040
1036
996
934
1006
1046
990
952
1038
1054
1040
982
1024
1042
1040
1034
1006
948
1012
1052
1012
970
1032
1048
1006
1032
1028
994
996
990
972
992
958
922
1018
1024
930
934
966
930
840
798
840
958
868
860
1054
1052
962
996
1040
1018
948
956
970
976
930
896
934
964
988
984
946
1034
1090
1078
1022
1068
1090
1012
972
1028
1068
1012
1036
1100
1056
960
1042
1064
1000
1052
1142
1100
994
1132
1106
1014
956
1038
1062
1044
992
1056
1108
1062
1018
1052
1040
968
1024
1036
990
980
1026
1058
994
1002
1058
1018
952
958
980
1054
1004
928
1006
1050
1028
930
1026
1062
1022
936
952
1018
1044
1006
926
1012
1032
996
922
968
980
978
930
978
1034
1040
968
952
998
1020
966
922
996
1010
988
930
998
1010
946
994
1052
1000
946
986
1014
942
938
1024
1028
980
942
1030
1028
996
1020
1052
1026
960
978
1026
1036
950
1002
1030
1056
982
992
1014
946
894
980
1072
1050
966
968
1034
1024
954
982
1032
1022
1014
944
984
1004
986
908
916
974
982
924
986
1044
1028
954
968
984
978
916
906
970
988
940
880
952
998
982
892
924
1002
916
890
834
910
1110
1094
946
982
998
980
868
812
862
888
924
864
838
944
990
970
850
808
796
756
730
708
692
680
672
660
658
650
646
636
634
632
626
616
610
600
608
594
596
598
606
604
690
998
1040
1022
952
994
1090
1086
1058
954
916
996
1058
1094
1026
1104
1126
1142
1116
1026
1054
1152
1160
1070
960
898
926
952
996
924
982
1090
1134
1062
980
1076
1108
1084
998
960
1046
1080
1076
1030
992
1050
1094
1134
1120
1054
1098
1140
1092
1018
950
974
970
932
902
1024
1126
1114
1030
1042
1108
1102
1044
960
998
998
1012
948
902
1002
1042
1038
968
992
1062
1106
1098
1020
1016
1048
1106
1054
980
974
1020
1012
1002
948
954
1038
1074
1084
1028
1008
1084
1072
1060
986
966
1008
992
928
878
924
1072
1110
1030
1044
1142
1148
1106
970
1020
1042
1082
1038
970
1058
1096
1088
1016
956
1022
1060
1052
982
990
1014
1022
996
928
968
1010
1056
1044
966
998
1058
1096
1056
976
938
984
998
1002
1012
954
934
1034
1078
1030
942
980
1032
1066
1008
946
1048
1136
1126
1044
978
1102
1052
1044
978
920
1060
1104
1092
1010
1106
1106
1102
1002
954
1044
1074
1034
960
1008
1096
1118
1116
1016
1094
1124
1098
1014
1018
1088
1052
970
910
978
1018
1040
1008
934
1014
1048
1038
928
902
984
1020
1064
1012
976
1076
1060
1036
956
974
1048
1076
1020
950
1046
1050
1018
948
920
1020
1090
1050
994
1128
1120
1124
1040
1016
1100
1108
1094
1030
1060
1084
1096
1064
988
1024
1100
1106
1056
1004
1114
1092
1076
1016
952
1036
1048
1038
980
936
1034
1084
1042
996
1018
1072
1050
998
928
980
1038
1038
1018
950
1030
1078
1082
1008
950
1024
1056
1052
990
944
1030
1038
986
916
982
1024
1018
952
942
1062
1084
1004
980
1072
1098
1056
976
984
1044
1030
954
922
1014
1062
1010
1050
1078
1016
954
1082
1062
1054
952
942
1088
1150
1098
1008
1086
1150
1146
1064
1034
1110
1102
1042
960
998
1078
1096
1080
980
1030
1098
1074
972
956
1078
1046
998
920
904
998
1138
1136
1032
1114
1182
1158
1080
1080
1136
1116
1076
964
1050
1092
1078
1006
1040
1100
1074
1024
954
1022
1064
1074
988
1002
1102
1096
1024
948
1024
1060
1066
962
908
996
1036
1028
954
996
1096
1094
990
960
1036
1054
994
932
1030
1126
1110
1038
978
1064
1072
1038
956
1058
1086
1044
1030
956
920
1070
1140
1120
1056
1084
1118
1070
986
1090
1136
1102
976
1018
1030
984
922
1054
1142
1116
1012
1052
1096
1094
1002
972
1080
1090
1082
998
1058
1128
1142
1092
1022
1074
1124
1126
1080
992
1078
1110
1096
1000
976
1062
1090
1046
984
1066
1148
1098
974
928
1010
1056
1002
932
1006
1076
1090
984
1038
1092
1054
980
1040
1106
1122
1046
980
1056
1090
1076
1026
964
1072
1102
1088
992
998
1052
1036
958
918
1074
1118
1076
986
1040
1088
1062
954
906
994
1002
972
898
958
1010
1016
952
948
1016
1042
1016
940
990
1056
1068
1006
1010
1094
1116
1044
984
1056
1098
1064
954
1002
1050
1024
928
938
1026
1048
954
950
1026
1058
934
894
970
1034
1000
948
1070
1164
1130
1052
1104
1138
1102
1006
1020
1134
1136
1092
970
1060
1084
1074
1008
984
1070
1080
1082
986
974
1054
1070
992
928
1032
1082
1050
970
1070
1100
1052
972
1016
1072
1062
976
956
1034
1040
982
920
1042
1086
1050
938
1000
1032
1062
982
926
1052
1080
1056
976
1000
1038
1048
930
932
1018
1070
990
928
996
1072
1090
972
932
1030
1074
1030
962
1112
1124
1136
1060
1044
1120
1114
1014
960
1056
1096
1082
984
982
1042
1054
962
966
1170
1164
1074
1010
1132
1128
1082
980
1006
1066
1076
998
936
1004
1070
1084
1026
962
1050
1092
1082
996
982
1108
1102
1036
958
1026
1092
1062
974
972
1068
1134
1120
1028
976
1080
1128
1062
992
1062
1086
980
936
1036
1074
1032
932
954
1028
1060
1004
922
982
1010
970
902
992
1112
1138
1040
994
1092
1106
1030
934
950
962
992
974
934
1092
1146
1086
1008
1070
1128
1134
1002
940
1034
1064
1072
1060
976
970
1068
1106
1050
976
1056
1120
1096
1070
964
986
1020
1022
946
900
1016
1042
952
914
1052
1082
994
938
1040
1078
1034
952
980
1030
1050
994
924
970
1058
1074
978
1032
1108
1062
1004
1052
1148
1092
992
1008
1078
1100
988
920
1024
1080
1078
980
976
1062
1084
1004
932
1046
1076
1028
956
1048
1098
1076
990
998
1074
1062
970
922
1012
1038
1030
956
1012
1122
1134
1024
1024
1140
1136
1072
994
1066
1098
1076
992
1004
1104
1120
1026
950
1020
1092
1116
1004
944
1100
1102
1016
936
986
1034
1024
954
1046
1150
1122
1012
1012
1090
1078
970
998
1104
1118
1008
1016
1080
1070
980
954
1050
1082
990
934
1064
1060
1058
964
934
1060
1072
1064
968
964
1046
1022
934
948
1020
1008
958
982
1018
1016
936
938
1052
1078
978
922
1010
1054
1006
952
1002
1060
1054
956
938
1042
1070
972
934
1032
1060
1060
964
994
1096
1106
986
918
1004
1032
996
966
1122
1176
1136
1040
1058
1118
1094
986
956
1056
1072
1004
932
992
1034
1036
962
946
1022
1046
998
940
1006
1062
1044
954
990
1066
1070
974
968
994
1024
958
928
1096
1170
1076
992
1066
1102
1094
982
966
1056
1100
1032
976
1066
1092
1042
956
1000
1044
988
910
944
968
982
910
916
1066
1086
1006
956
1040
1046
978
922
1030
1066
1074
994
986
1120
1112
990
1018
1062
1066
956
1004
1084
1116
1004
984
1080
1078
978
970
1072
1110
1030
946
1066
1096
1072
980
1010
1074
1048
958
980
1046
1056
978
932
1044
1072
1050
962
1012
1082
1040
968
984
1072
1066
982
1036
1090
1070
962
1016
1058
1074
994
1026
1082
1072
982
958
1060
1082
1054
950
956
1040
1080
978
936
1072
1104
1060
966
1028
1062
1060
954
964
1082
1108
1032
996
1140
1138
1066
974
1056
1096
1014
968
1100
1134
1060
972
1076
1106
1054
958
1024
1066
1072
962
908
980
994
1020
