592
592
600
614
606
596
594
578
574
564
548
558
550
554
562
564
566
560
558
556
556
558
568
574
566
562
562
564
564
578
590
596
586
594
590
594
602
610
608
602
594
600
600
618
624
610
610
596
596
596
588
582
582
582
578
588
594
602
606
612
614
594
596
584
584
588
588
592
592
586
586
600
622
632
630
620
608
606
610
616
604
596
580
572
568
576
584
580
580
576
576
578
572
578
588
598
594
592
594
594
600
602
612
594
578
580
578
574
570
564
572
570
574
572
562
568
568
564
570
562
560
560
570
562
562
562
560
550
554
546
546
546
548
550
546
552
546
548
560
560
554
562
560
558
546
554
548
542
556
562
580
572
582
584
584
580
578
582
572
566
566
562
558
564
570
572
578
582
572
580
572
570
566
572
574
570
564
570
564
562
556
538
546
536
522
534
538
530
530
528
532
524
528
534
536
540
542
546
550
546
554
548
534
526
536
532
534
536
530
542
540
546
548
548
548
558
550
554
550
560
546
546
548
550
548
548
552
540
554
540
540
532
534
538
522
518
520
516
520
528
528
536
542
542
546
550
548
552
554
556
556
552
560
556
556
554
560
556
550
552
550
548
546
540
546
544
550
550
556
556
560
554
562
558
558
556
562
558
552
558
556
554
554
558
562
562
556
562
558
560
562
564
562
562
562
564
562
564
554
562
552
546
546
546
544
544
534
538
534
536
544
534
542
550
554
556
564
560
552
552
552
554
546
546
548
544
544
546
556
556
552
544
552
554
554
548
552
548
554
548
538
540
532
536
538
538
544
540
530
538
540
542
548
540
536
530
548
552
566
564
564
566
576
574
574
578
592
590
598
600
604
600
598
592
592
584
580
586
598
606
630
648
664
660
650
628
610
594
584
564
558
562
564
568
572
592
626
624
630
614
608
600
598
594
596
592
598
604
612
604
612
600
600
602
600
600
600
618
630
622
618
622
628
630
622
618
606
604
610
622
620
604
590
584
580
592
610
636
648
638
652
652
664
674
660
648
646
648
654
658
648
648
646
644
630
618
624
634
638
632
636
638
632
620
600
596
580
584
586
594
594
612
622
620
626
632
640
636
640
628
620
622
618
624
618
620
624
626
634
642
646
630
632
630
628
630
636
624
620
624
628
642
638
632
620
616
606
614
616
606
606
608
618
618
630
630
632
644
654
648
656
660
662
654
658
644
640
628
618
620
612
618
628
634
662
660
644
636
610
596
590
590
590
584
592
594
600
612
618
608
614
614
626
640
656
656
644
630
622
612
612
620
634
638
634
638
644
660
674
676
650
644
640
632
636
640
628
624
620
632
640
660
640
644
646
640
638
632
624
630
620
618
618
612
604
592
590
590
588
600
620
626
634
620
620
620
622
640
646
632
632
632
638
634
638
642
630
624
630
626
622
614
598
594
584
588
578
572
582
580
580
576
582
614
646
648
654
640
634
624
612
606
590
602
594
618
634
664
688
676
672
686
678
678
676
696
696
708
684
702
688
706
706
678
692
696
714
708
682
686
692
708
712
688
672
684
700
706
668
678
690
680
692
678
656
654
652
654
640
648
648
652
644
642
660
664
646
672
656
628
622
622
614
622
626
634
624
636
640
642
638
638
648
650
674
672
650
662
654
662
662
670
668
648
652
656
664
674
686
658
658
658
660
666
638
648
648
648
648
640
638
648
658
676
662
668
680
676
688
686
680
684
694
700
698
686
652
634
634
624
622
632
652
688
670
670
684
694
712
696
684
678
672
682
664
652
660
680
682
672
680
674
668
660
666
670
676
660
666
660
664
670
670
674
676
706
712
714
686
678
674
656
658
646
656
664
694
698
692
706
708
716
686
680
680
690
686
666
660
666
666
680
686
668
686
688
694
698
674
674
672
674
686
684
666
676
676
678
662
658
654
664
650
628
630
640
662
680
668
684
686
676
692
694
706
702
700
662
674
672
672
676
668
686
696
726
738
746
744
712
700
698
694
688
678
666
672
698
720
734
700
688
690
692
702
716
684
690
694
702
718
726
694
682
688
690
688
674
668
670
676
686
658
666
666
674
670
662
660
666
676
698
698
682
686
690
700
712
690
696
692
700
682
664
662
662
672
646
630
638
656
644
662
666
674
688
664
662
666
672
694
702
676
674
674
672
680
662
676
690
702
710
680
690
706
704
714
712
684
688
704
702
710
700
688
694
706
712
716
702
692
688
690
698
702
698
674
682
694
712
722
696
688
686
690
694
706
672
678
692
696
702
702
690
692
692
694
676
676
684
686
688
696
676
672
678
692
696
680
686
688
698
704
706
680
672
684
686
694
704
686
682
690
698
712
712
684
676
684
684
660
656
640
638
652
648
634
624
646
654
658
646
662
664
664
676
668
648
654
650
660
678
684
674
662
666
668
680
688
668
658
660
686
700
692
678
692
678
682
670
666
670
680
678
666
688
686
694
682
674
682
684
694
702
690
664
664
632
618
624
624
636
654
692
700
718
692
668
672
676
682
678
660
664
672
660
674
650
660
662
668
680
680
666
660
666
666
666
674
658
652
662
662
674
658
652
658
668
678
690
678
672
682
688
692
676
664
658
670
678
674
654
654
666
662
670
654
656
666
678
688
674
670
676
674
678
660
664
674
674
678
658
660
670
670
676
682
652
660
654
654
652
650
660
668
678
690
662
666
680
684
688
664
670
668
676
682
666
658
670
670
678
684
676
662
666
658
646
624
614
622
630
618
634
648
656
664
664
640
644
648
656
654
654
648
646
652
668
682
676
666
668
678
682
680
682
656
666
672
686
708
716
696
688
694
706
718
712
706
670
666
662
658
668
666
660
676
682
698
710
682
668
672
682
684
680
662
670
670
672
684
674
672
674
670
678
680
656
654
662
674
682
664
672
672
668
672
658
652
656
672
674
658
662
666
664
660
654
664
658
672
654
658
660
668
676
662
662
662
666
672
656
650
654
662
670
680
666
654
656
660
644
618
620
618
626
634
644
662
668
670
656
632
632
632
630
628
624
626
624
632
654
674
686
658
658
668
672
684
680
660
652
658
654
668
662
650
658
668
682
682
674
668
668
674
688
694
670
664
666
668
666
668
652
654
656
664
670
680
662
660
666
666
678
678
676
654
654
658
660
670
664
658
664
660
666
666
668
650
646
652
658
668
668
654
656
662
670
672
676
676
660
650
636
618
614
630
642
650
648
638
648
656
668
674
660
658
652
652
660
666
648
654
670
676
690
708
702
674
670
674
678
680
692
684
668
658
664
662
674
680
684
670
658
654
650
654
652
656
636
628
628
636
638
636
626
632
636
648
644
634
634
628
638
648
642
628
630
624
634
640
634
636
646
662
680
682
664
664
660
662
666
652
638
642
650
654
664
668
652
626
614
614
614
612
618
632
640
642
640
630
646
650
652
634
642
644
642
650
632
638
640
644
658
656
658
660
660
666
678
666
660
662
660
662
660
646
648
640
652
658
644
642
644
646
660
664
664
650
652
652
664
658
642
650
644
646
658
650
638
642
636
644
634
642
630
634
638
624
604
598
600
610
602
614
620
630
644
664
662
654
652
662
674
686
688
662
656
644
660
664
666
656
650
648
652
662
662
652
640
646
648
660
664
650
648
650
648
654
648
646
648
652
670
680
676
664
658
652
664
674
664
660
658
666
670
684
682
668
654
658
656
656
658
640
644
650
668
676
688
664
646
640
646
650
642
640
640
640
642
648
638
636
644
652
668
666
654
652
652
656
654
640
614
610
616
610
612
624
622
638
644
642
648
652
678
694
682
674
668
666
670
648
640
646
658
674
686
674
664
678
680
702
706
688
668
662
674
686
706
686
686
684
692
700
714
690
676
678
678
694
690
672
668
670
672
676
692
670
656
658
666
676
674
658
654
656
658
664
660
652
642
648
650
658
656
642
642
646
646
654
650
646
646
652
660
662
644
642
646
646
662
676
662
654
652
656
662
674
668
662
670
678
694
696
678
672
672
670
668
658
658
674
672
668
670
662
658
662
670
674
686
668
646
644
650
670
670
650
650
650
648
644
650
612
598
590
586
584
574
570
568
562
550
550
542
536
540
538
532
524
524
526
536
530
532
542
542
548
554
562
594
606
614
618
602
596
590
580
566
558
554
558
560
562
570
566
570
568
568
586
592
606
614
608
606
598
594
582
578
576
568
570
576
588
584
588
580
576
570
568
568
570
578
584
600
612
634
648
692
716
700
686
666
646
622
620
620
616
614
616
618
636
632
644
634
620
606
600
584
568
574
580
604
632
640
644
636
632
620
626
624
634
650
666
680
652
638
630
636
638
638
636
620
602
602
600
618
628
652
660
662
652
642
638
626
614
616
602
604
590
592
608
624
630
640
636
644
644
644
650
656
656
628
618
622
630
636
648
644
644
646
654
652
648
644
628
630
624
642
666
646
652
658
646
656
668
674
670
664
654
648
640
626
616
606
618
618
630
636
640
618
614
608
596
582
582
588
590
588
604
610
632
654
654
666
662
664
650
636
632
640
640
638
658
664
676
688
684
674
664
660
646
644
638
624
628
624
650
686
708
716
722
678
656
646
650
654
652
658
652
654
638
636
624
624
620
596
606
604
614
616
626
628
628
616
622
624
630
638
650
654
660
656
652
646
646
656
664
670
660
640
620
610
630
662
672
636
642
662
670
660
650
632
624
620
614
620
632
636
648
654
662
646
644
636
626
620
612
616
624
636
652
658
662
642
636
632
628
640
624
608
614
614
612
618
626
646
648
664
664
650
648
642
646
654
664
674
672
666
648
644
634
652
662
664
672
682
650
658
658
668
658
658
648
646
656
676
684
688
678
652
648
640
648
658
660
640
640
640
648
660
656
646
642
626
608
612
618
622
626
642
644
650
644
646
640
650
658
648
644
646
654
662
676
660
662
666
678
692
666
666
664
656
652
636
642
642
636
648
646
658
674
668
676
678
688
674
672
664
654
640
640
644
646
666
672
662
672
674
696
704
698
696
686
674
654
654
644
650
636
616
614
620
622
630
642
650
634
638
630
618
602
606
614
624
618
636
640
656
668
678
676
656
670
670
680
694
688
670
652
658
664
678
696
684
668
682
680
694
704
702
688
674
670
650
628
628
628
634
648
660
670
680
668
662
654
662
668
674
666
650
634
628
650
690
712
700
666
636
632
640
652
654
654
642
640
636
642
644
650
658
640
642
644
654
670
678
672
666
676
682
688
694
662
656
650
650
656
666
652
648
650
646
648
656
652
658
668
686
680
680
672
650
624
624
618
614
612
612
616
610
602
616
620
620
618
622
616
632
636
650
650
654
642
640
624
628
622
622
622
632
640
658
674
688
696
700
694
692
686
678
650
650
636
616
608
622
638
630
642
640
648
638
624
624
610
604
594
598
576
574
576
568
564
560
556
562
554
560
564
568
572
578
588
606
630
650
672
682
686
676
682
700
700
700
688
674
666
664
670
670
662
652
656
654
674
662
658
664
668
676
660
654
656
656
650
626
622
614
606
608
614
620
620
626
628
638
636
632
632
630
630
638
640
644
646
646
662
670
676
662
672
676
682
686
696
664
668
664
670
668
660
668
654
634
630
636
634
624
638
634
648
642
642
650
654
666
664
644
646
648
644
646
638
634
636
644
646
632
622
616
612
608
616
624
632
634
630
644
652
640
654
662
692
708
702
678
692
690
698
704
692
666
674
686
698
688
666
670
680
698
710
682
676
684
690
700
674
698
690
696
702
698
676
668
672
672
680
688
690
662
666
676
678
688
684
672
676
686
714
736
744
736
706
676
676
674
678
674
650
640
640
634
634
652
668
690
688
664
650
664
674
688
686
658
668
670
688
702
686
672
686
694
698
708
690
686
690
702
706
700
680
688
700
706
686
684
694
708
726
732
696
696
708
710
720
706
698
708
710
718
722
692
682
692
696
698
674
672
686
690
708
682
676
680
680
674
682
658
652
658
668
680
668
674
678
690
708
696
684
692
704
702
702
668
650
658
654
676
646
640
648
666
650
646
654
656
666
660
650
644
638
660
686
704
710
700
696
682
652
634
630
626
640
648
668
686
700
716
722
726
718
684
680
688
700
720
750
728
704
714
738
742
744
704
688
694
700
706
694
676
680
680
696
708
678
678
694
704
712
720
692
690
698
704
696
682
666
668
666
672
668
656
654
656
660
676
690
672
660
660
668
674
686
660
660
664
670
672
674
666
656
660
672
694
706
692
684
686
696
704
702
680
664
672
676
696
694
672
666
674
680
694
674
674
680
684
706
686
684
690
700
704
680
670
682
680
680
672
662
664
670
680
678
654
662
672
676
688
668
662
654
646
632
616
610
626
638
642
644
652
652
660
646
636
626
622
612
618
630
642
662
662
662
660
646
636
636
642
646
654
670
662
652
654
654
658
668
670
658
678
680
688
698
678
664
668
672
690
694
680
666
680
676
696
698
676
668
670
678
682
686
668
664
668
670
674
652
656
662
676
692
676
676
674
680
684
678
664
654
666
674
680
666
664
666
670
680
682
672
666
670
678
690
694
672
666
666
672
678
666
666
678
684
694
702
680
666
678
678
684
676
670
672
674
676
674
660
648
636
626
632
628
640
660
676
678
684
682
670
652
640
642
640
656
676
688
692
690
682
680
688
712
688
654
656
660
664
652
658
662
680
694
698
678
670
668
686
708
714
684
678
690
696
708
702
674
672
682
676
686
678
662
668
672
682
682
662
658
662
662
674
678
656
656
658
660
676
684
660
660
678
684
700
680
672
678
682
696
692
666
670
674
686
694
684
676
674
678
682
670
660
660
664
672
680
672
668
680
680
692
696
678
670
674
672
678
670
654
658
646
632
632
626
638
640
644
658
646
642
636
642
648
654
646
658
658
672
668
682
702
722
716
688
682
692
694
694
696
668
668
672
676
686
686
676
666
674
676
660
672
682
692
702
704
690
672
658
656
654
656
654
648
650
656
642
634
628
640
640
630
632
634
648
660
670
670
664
652
656
652
662
676
666
694
704
716
724
714
704
678
678
676
674
674
670
650
660
662
664
670
684
668
668
656
666
642
646
626
660
640
650
656
642
616
614
620
624
622
632
638
650
662
666
648
658
662
676
692
672
664
660
660
666
666
652
652
668
678
674
664
668
662
646
626
628
636
628
632
646
656
654
664
682
690
686
682
670
668
672
666
668
658
654
664
670
698
722
714
694
680
692
694
706
708
696
682
684
686
704
726
704
684
682
690
696
684
690
702
718
722
690
682
686
690
692
696
680
674
678
680
692
692
676
672
678
688
704
698
682
668
674
680
680
662
656
660
662
666
670
648
650
648
654
648
644
632
620
608
612
610
592
588
580
570
560
552
568
548
538
534
536
538
526
520
526
520
520
526
528
540
556
566
614
662
672
698
720
728
738
756
720
692
656
618
618
614
616
622
628
618
616
608
606
608
606
600
598
602
598
608
616
604
598
598
590
594
594
598
592
594
594
594
604
606
594
596
598
590
592
592
584
586
580
578
578
582
586
584
586
582
586
590
590
580
578
586
584
584
584
582
574
572
576
572
568
568
564
566
570
568
564
558
556
556
560
564
570
586
578
578
574
574
582
570
574
580
572
584
576
582
576
584
580
594
598
604
610
602
600
594
596
594
592
594
590
594
592
590
604
620
614
620
634
644
664
682
688
660
648
640
630
632
636
634
626
620
626
614
618
630
624
622
622
622
632
638
648
632
634
628
624
622
614
616
616
606
608
602
592
592
578
580
576
572
578
576
584
586
590
592
596
592
594
578
580
574
580
606
616
634
644
648
646
654
650
642
628
620
610
592
582
578
574
574
570
588
608
608
618
616
616
624
626
622
624
634
630
632
640
644
646
642
652
664
664
666
668
666
650
642
642
640
662
686
690
662
660
660
664
666
644
628
618
610
598
582
578
572
578
572
582
588
590
598
606
632
640
640
636
636
634
628
622
622
612
612
622
626
632
622
626
618
630
636
626
622
622
626
630
626
622
632
622
632
618
616
614
620
618
614
614
614
616
616
610
616
610
610
614
600
602
598
592
582
578
582
594
600
598
612
632
632
628
648
654
654
650
652
648
636
634
618
602
598
598
602
530
682
966
454
550
462
658
602
518
754
652
590
506
652
720
672
614
466
538
560
378
460
478
424
434
398
578
458
584
464
434
494
462
550
710
702
680
644
666
640
648
644
630
624
624
624
626
640
658
670
656
650
644
650
656
656
628
622
640
648
640
648
656
680
698
706
522
834
684
696
704
716
694
690
698
706
714
724
686
674
678
676
688
678
674
686
704
710
684
686
694
702
704
680
676
694
700
720
736
698
714
718
730
728
712
696
696
708
714
710
700
722
734
770
758
720
722
732
738
752
720
690
690
692
700
708
682
680
696
718
754
720
706
720
726
740
726
690
692
700
702
718
690
684
686
698
708
710
688
690
696
694
680
660
656
648
624
618
626
616
622
634
652
664
650
652
656
664
682
682
662
676
670
670
688
674
664
672
676
688
702
704
684
680
680
682
692
696
682
670
672
676
696
706
678
672
676
686
700
704
692
668
668
654
662
670
656
670
672
696
702
688
684
684
692
708
724
706
696
706
708
726
728
696
688
694
704
730
738
692
686
704
704
730
750
720
702
704
708
714
726
704
694
704
716
726
732
704
690
702
706
710
712
680
664
658
648
638
620
616
622
614
612
620
616
628
624
626
640
644
664
676
652
650
656
650
650
654
654
644
652
658
672
674
666
676
694
708
722
690
688
680
682
682
684
658
656
658
658
674
694
670
676
674
692
694
674
662
666
662
674
680
664
654
650
668
672
676
670
668
682
684
684
684
670
652
640
634
620
600
610
596
580
590
610
656
674
686
670
690
676
724
752
742
728
696
672
678
670
666
686
688
684
664
662
660
668
672
682
686
664
664
652
666
676
698
674
688
698
710
738
736
704
658
636
618
434
780
598
610
648
670
678
676
662
660
646
650
654
654
640
646
660
682
710
740
702
668
692
704
680
712
726
730
688
706
704
734
732
692
706
724
728
732
702
688
702
714
696
676
682
692
706
690
662
672
680
696
712
724
724
694
702
714
724
720
696
706
720
724
732
692
700
712
724
746
740
720
684
682
692
710
732
738
710
714
726
746
770
726
704
712
720
732
688
692
680
682
656
672
686
672
666
678
714
718
692
702
728
752
724
746
764
772
764
748
726
724
716
698
678
676
702
726
698
732
746
756
718
730
748
752
764
714
716
718
732
726
712
700
718
742
756
736
730
724
688
688
672
650
648
652
686
710
738
732
700
706
706
708
708
706
680
660
650
650
668
666
650
650
644
632
626
618
632
648
678
702
712
680
670
680
686
686
678
670
668
672
708
718
734
698
698
708
734
744
748
704
690
696
708
734
724
696
686
692
708
714
728
696
690
700
716
728
728
690
684
686
704
728
714
688
688
714
724
730
692
688
698
712
724
708
704
704
722
722
702
682
660
638
650
660
674
694
672
676
696
720
742
714
708
718
730
736
714
700
708
710
724
702
676
684
690
720
730
702
700
704
704
696
674
678
674
672
672
676
678
694
700
682
682
688
694
720
728
720
696
688
684
686
712
706
674
688
676
654
640
658
656
654
676
700
710
700
680
674
684
710
722
682
680
680
684
702
678
666
676
686
720
738
728
702
716
736
696
686
700
720
730
736
696
700
704
728
734
712
706
712
728
746
716
712
730
736
748
742
700
696
714
726
742
758
734
724
756
754
766
726
706
704
704
732
740
698
694
700
706
720
722
712
676
656
644
644
636
644
670
672
684
664
640
636
638
644
642
650
678
730
704
674
654
642
646
676
680
688
694
678
670
658
638
614
608
610
616
620
622
634
634
670
692
686
634
650
660
676
694
706
684
698
692
684
654
666
664
658
664
660
650
662
660
684
674
656
670
672
690
692
674
686
674
676
680
684
680
660
660
654
656
668
680
674
676
684
714
716
710
686
688
678
652
630
632
638
650
656
674
680
676
672
664
660
662
658
654
658
674
676
660
656
638
628
616
616
622
622
628
630
638
628
624
632
630
630
634
616
614
614
616
632
628
642
650
644
650
654
676
672
672
684
694
714
682
680
686
698
702
686
686
686
696
692
674
668
668
672
668
672
674
672
634
634
626
624
622
622
628
624
628
634
642
646
642
644
646
670
684
666
660
660
660
656
640
638
646
638
624
614
616
620
618
632
628
644
662
652
656
666
676
700
686
676
668
656
664
674
682
710
724
690
696
682
682
682
654
660
656
662
646
664
668
708
694
712
728
724
682
664
674
690
696
692
666
666
672
696
708
692
706
730
762
770
726
710
732
732
742
698
686
702
720
732
722
690
680
702
708
720
696
698
706
722
746
746
712
706
706
706
700
682
684
688
702
690
696
716
730
744
718
704
724
714
730
698
692
706
722
684
668
682
678
678
686
712
724
736
704
696
702
712
726
692
704
718
730
746
710
702
716
730
718
702
702
712
690
674
670
676
694
682
702
684
676
642
642
656
646
642
640
644
638
644
648
656
668
666
682
684
694
700
668
668
680
694
690
666
686
668
678
652
652
654
658
666
660
648
648
640
636
630
630
620
630
640
638
616
622
624
644
650
656
638
624
624
628
630
624
640
660
690
678
676
700
714
730
696
676
678
670
678
670
662
672
684
732
730
706
706
712
720
724
686
684
690
698
710
698
694
692
712
734
742
720
704
700
694
712
688
704
738
738
746
706
670
654
650
640
640
642
652
646
650
660
670
682
674
676
668
678
692
690
690
676
666
674
692
708
706
700
708
720
738
754
766
738
738
736
744
752
718
716
722
732
732
734
722
716
706
728
740
758
760
744
756
752
728
742
756
762
764
720
720
700
702
722
718
700
690
668
660
674
698
690
696
714
706
706
706
718
726
718
704
706
712
718
732
730
708
710
716
726
736
718
714
728
718
728
710
710
708
724
732
732
706
704
708
714
702
688
698
696
666
660
674
654
650
666
678
690
706
692
684
694
702
720
730
722
716
716
740
752
762
750
724
714
730
740
750
764
740
724
726
734
744
756
726
710
726
740
748
746
718
700
712
718
732
738
718
712
714
716
714
722
700
694
690
698
710
716
696
692
692
706
730
714
700
698
704
716
722
704
704
720
716
722
702
694
698
712
728
714
704
696
702
720
726
726
694
684
688
698
708
718
700
682
666
678
706
718
696
712
692
662
666
672
682
676
682
674
678
662
662
666
676
688
672
690
704
716
722
706
692
700
696
700
710
710
694
696
694
706
712
698
694
712
712
732
722
698
698
696
694
692
676
680
674
700
710
698
698
708
718
722
702
700
690
666
642
646
648
642
646
648
656
648
648
648
634
650
654
658
646
640
456
794
604
602
596
590
586
580
584
572
568
576
570
570
578
572
572
574
554
568
562
560
572
560
570
566
568
566
564
568
570
564
574
568
576
574
574
574
564
566
564
566
556
562
560
558
552
550
550
550
548
546
540
534
548
536
536
532
530
532
534
526
518
524
528
516
518
520
526
516
518
520
518
526
532
528
532
544
550
546
550
556
558
556
552
552
546
548
538
546
536
536
532
534
534
528
532
530
530
538
536
524
532
524
526
526
520
514
516
516
516
520
516
524
528
528
526
528
540
540
552
542
552
554
552
546
552
550
548
544
548
546
538
544
552
544
546
600
496
772
822
636
952
462
570
842
696
714
790
500
488
484
482
480
480
474
470
468
470
472
470
470
470
472
468
476
474
482
484
492
490
496
492
504
496
506
510
508
514
512
514
512
510
516
510
506
506
510
508
504
500
494
502
500
496
498
498
504
502
498
502
494
508
482
500
490
496
492
504
490
502
512
510
506
506
514
522
512
514
516
526
514
516
516
518
516
506
504
512
514
514
504
512
510
500
514
504
500
516
512
502
502
508
522
504
512
512
522
526
524
526
528
532
534
536
532
538
534
538
534
538
532
534
534
534
540
538
556
534
554
532
540
542
542
542
536
540
546
550
544
544
538
534
532
532
528
534
540
538
542
548
546
556
554
548
546
546
548
546
540
550
548
546
548
556
560
564
564
548
560
564
562
552
542
540
536
540
542
544
546
550
556
560
562
562
562
570
572
572
568
564
560
568
564
566
578
574
570
576
564
558
554
550
552
562
552
562
560
566
572
570
572
582
586
590
580
586
584
580
588
590
586
582
580
580
576
570
574
572
572
572
576
574
578
580
576
582
574
556
560
556
552
552
550
556
558
554
552
556
558
554
558
558
562
554
556
562
564
564
560
566
564
558
562
562
562
556
554
560
554
550
562
564
570
572
572
584
582
586
584
588
584
580
572
578
558
550
544
550
552
554
556
562
568
564
568
570
560
564
566
574
568
560
560
564
554
556
554
556
550
552
560
568
572
570
570
568
570
560
566
564
554
554
552
554
552
556
550
556
548
554
552
554
548
552
548
548
548
546
546
546
548
548
538
726
360
534
534
538
534
532
528
482
586
530
526
532
516
524
514
518
518
530
516
522
524
520
526
520
522
532
524
516
524
528
528
526
518
516
526
522
524
520
522
516
526
520
512
518
522
516
510
510
500
506
506
508
514
508
506
510
512
504
510
510
518
516
502
512
514
512
514
512
516
526
522
518
520
524
530
522
526
524
526
528
518
514
516
502
506
500
512
496
494
502
504
