930
908
972
960
936
922
946
998
956
954
992
972
912
940
954
956
926
908
922
930
918
860
906
922
884
886
918
932
924
930
942
972
896
920
952
984
940
928
966
994
936
924
960
974
932
918
920
914
918
924
920
910
918
950
928
890
940
972
942
920
950
976
938
956
984
970
934
932
940
916
886
928
952
954
902
944
962
954
938
958
942
922
948
970
932
936
962
944
888
930
950
916
930
976
996
956
934
938
898
914
954
978
936
944
976
976
960
968
996
962
930
930
878
866
914
942
912
926
926
886
844
794
802
746
712
698
686
676
654
656
664
666
658
666
662
658
646
646
624
644
644
640
636
638
644
630
650
650
648
648
656
660
676
684
696
716
736
798
798
860
892
808
774
752
734
744
760
828
942
1060
1108
1042
1064
1026
912
848
922
982
1076
1060
982
1002
998
938
916
900
878
990
1066
1034
978
1052
1030
924
894
894
920
908
974
1064
1038
1002
990
1066
1080
996
998
970
924
920
932
922
968
954
964
998
944
854
958
1010
1062
916
974
1006
982
872
900
924
902
910
938
984
940
898
912
932
948
942
994
1000
962
950
962
934
954
1034
1032
926
906
890
850
818
926
988
944
956
1006
1000
954
958
986
980
934
928
938
956
926
936
944
940
932
972
980
906
942
894
850
892
932
1028
1000
950
964
986
992
894
910
936
918
908
914
920
898
932
1000
956
898
922
938
936
890
924
924
928
918
920
892
906
964
962
932
948
1000
970
910
902
924
936
928
860
974
996
954
896
944
1004
952
890
916
944
962
884
916
906
854
896
892
870
888
902
894
866
800
796
774
760
736
736
730
830
834
854
946
914
966
886
994
964
992
930
924
952
946
962
916
944
960
950
916
892
910
932
900
896
926
1012
980
890
962
944
932
880
906
948
986
944
876
980
876
862
882
962
1010
954
954
968
960
948
918
940
952
936
870
930
950
954
884
986
1032
1000
900
946
958
974
938
886
932
984
942
860
950
960
930
854
966
934
926
846
930
958
964
892
934
1026
1010
954
946
960
958
862
946
970
926
942
944
990
976
888
876
916
948
936
866
938
988
978
876
942
948
896
926
914
936
858
872
860
806
796
782
752
740
726
730
728
730
736
730
716
708
704
686
662
662
658
646
644
652
664
670
672
678
666
676
678
672
664
662
650
652
650
652
676
704
694
720
728
808
840
938
920
854
800
784
750
724
742
846
1034
1054
988
1022
1066
1064
964
952
976
1012
1000
932
942
980
1014
932
912
882
882
836
948
1126
1114
960
944
1014
1036
1008
1096
1118
1070
1068
1080
1072
1020
1026
1046
1022
1000
1026
1018
936
958
1030
1092
1008
998
1022
1014
1006
1012
1026
980
998
1054
992
946
980
982
942
926
994
1056
1064
1044
1086
1096
1056
1072
1064
1020
1016
1032
1014
988
1012
1032
1020
1010
1020
1048
1004
992
1014
1010
972
986
986
950
976
982
970
970
972
998
946
956
972
1012
980
942
952
962
944
950
946
880
928
934
942
922
852
880
890
952
908
946
1100
1076
1000
978
986
944
972
1022
1034
1002
1000
1016
1032
1006
1016
1016
1034
1004
952
962
932
920
966
1018
968
980
1082
1054
990
1036
1028
972
940
948
950
954
942
1008
1050
1040
972
1026
1034
1008
1020
1032
1012
966
990
988
976
1044
1050
978
996
1034
1014
988
1008
1040
940
978
998
1014
970
1012
1068
1028
986
956
978
974
940
962
940
914
898
912
908
916
1018
1006
982
928
938
934
908
928
954
920
938
934
946
1036
1038
994
964
986
982
964
914
948
980
1008
946
924
952
950
902
910
968
1028
974
928
964
970
942
962
1000
1002
986
990
958
938
968
982
972
958
968
978
962
974
972
966
962
966
990
910
944
974
980
930
914
946
1010
972
944
978
1026
996
974
964
928
926
932
928
894
900
934
954
914
948
938
880
906
914
946
938
908
926
996
952
942
978
988
942
970
992
968
932
924
940
940
938
952
998
966
950
974
958
952
940
958
930
910
928
948
934
912
924
920
912
912
972
936
918
950
948
926
970
1022
1000
986
948
974
948
942
948
970
942
946
950
980
922
934
934
944
930
906
914
930
920
920
948
958
934
912
918
896
898
900
918
924
916
914
930
914
914
946
960
920
940
938
934
910
928
980
970
888
916
942
956
904
930
974
978
906
904
892
888
880
880
924
978
924
942
996
1046
996
980
994
924
936
952
932
928
918
928
934
930
924
974
946
928
942
954
942
944
958
994
938
946
956
1002
944
972
1010
1014
966
940
978
984
956
902
944
936
922
926
934
952
928
930
940
938
908
922
954
962
888
900
912
898
898
898
902
930
906
896
906
854
942
920
960
930
916
924
938
928
912
928
940
924
920
926
936
922
898
924
944
910
902
916
942
932
928
906
932
928
916
942
976
938
932
936
918
884
918
898
898
882
868
886
942
930
912
904
930
910
896
892
910
898
900
896
938
950
910
900
908
928
900
898
910
956
906
896
924
962
968
910
924
926
958
920
928
942
974
910
912
926
946
904
878
908
918
892
832
890
902
940
904
882
906
962
930
926
938
928
904
922
952
946
914
906
918
944
914
874
904
944
906
896
916
970
936
900
932
952
944
884
916
900
884
878
880
968
914
862
920
938
946
920
916
970
996
956
924
950
952
946
930
944
972
940
932
940
954
914
900
898
904
900
850
928
944
914
920
898
890
860
882
940
974
908
952
970
1008
938
932
964
972
906
944
946
964
896
950
950
974
926
904
902
924
926
852
918
910
918
904
872
900
914
924
910
890
910
938
906
910
938
974
910
890
924
924
912
890
928
960
918
856
912
892
902
880
894
946
934
880
930
956
958
942
884
926
928
932
898
894
906
924
900
904
926
978
922
944
944
948
902
896
908
904
892
906
906
922
852
900
910
920
856
912
934
936
912
912
936
956
914
904
934
944
930
896
924
952
944
904
944
946
924
906
926
928
910
882
896
918
898
888
906
910
876
886
892
900
898
894
902
902
878
924
960
914
914
936
920
920
918
936
894
910
934
920
850
912
938
938
902
926
942
960
930
914
942
988
948
892
908
910
876
902
932
954
932
868
928
928
900
888
918
922
856
906
928
914
884
834
888
926
924
856
946
964
936
906
906
926
950
914
922
932
944
902
900
914
916
900
856
902
930
922
860
960
962
926
888
930
920
928
928
878
874
886
916
890
878
900
960
920
900
922
964
922
848
908
902
914
854
940
946
904
848
898
920
916
890
906
908
942
908
918
924
928
906
864
896
896
892
852
902
910
850
878
874
924
894
856
914
932
910
904
928
946
910
904
918
910
872
918
924
944
910
890
918
932
914
870
918
924
888
880
900
930
914
858
914
894
890
852
886
898
910
844
910
920
908
858
910
930
904
860
868
908
948
868
852
850
906
966
948
918
970
982
956
934
958
952
932
942
944
964
918
938
944
942
920
904
918
916
902
860
936
938
906
832
892
896
916
888
908
948
918
906
912
916
908
830
892
902
870
894
902
916
902
856
896
894
900
862
852
870
862
900
862
900
914
898
838
874
874
908
886
858
908
968
952
910
948
942
924
850
916
912
908
884
898
896
876
858
870
912
892
892
904
898
922
882
870
888
888
886
838
902
920
906
860
908
910
908
900
918
934
914
892
910
922
902
856
898
910
902
870
878
894
930
888
874
890
916
882
862
870
882
854
874
884
948
920
904
906
916
918
864
936
934
908
898
918
944
900
862
924
922
910
910
842
902
906
896
846
898
928
918
868
912
928
902
850
864
850
904
918
866
912
920
930
910
880
936
942
870
908
890
890
838
870
870
888
882
844
860
866
852
844
850
888
950
920
876
978
984
952
868
938
918
908
862
926
938
908
850
934
940
884
900
896
890
888
860
878
884
894
862
876
874
898
890
852
926
930
902
858
938
928
892
860
934
934
900
852
914
916
870
902
908
924
868
900
888
916
868
838
886
910
904
900
964
928
868
968
968
920
850
944
934
916
866
918
976
912
846
856
872
864
902
838
928
936
942
890
886
902
910
898
850
918
924
876
902
934
926
912
840
890
896
900
852
876
878
912
854
860
868
890
902
864
858
878
912
862
880
886
890
844
872
864
870
850
868
892
908
866
900
922
956
926
870
948
926
912
866
944
922
912
840
906
894
888
844
880
872
890
856
878
876
862
852
848
860
890
858
868
864
870
890
852
866
904
898
872
848
870
892
858
856
872
888
868
876
870
884
886
846
904
924
904
870
924
920
876
916
914
904
878
862
892
920
918
870
920
914
930
872
918
922
924
862
902
888
878
862
886
900
916
866
902
902
902
870
884
894
902
892
846
902
920
900
850
900
922
928
868
904
896
890
858
872
852
886
916
866
902
924
960
916
860
912
898
890
850
942
930
894
902
906
932
872
912
914
926
876
900
902
900
874
862
894
898
900
854
884
906
906
900
836
896
908
908
858
916
942
916
862
918
914
902
858
894
890
882
848
874
892
922
904
898
920
940
898
844
922
914
892
834
876
866
906
880
872
892
908
890
872
892
938
908
896
918
936
914
880
906
892
894
840
894
916
934
866
882
886
882
858
868
908
932
904
880
898
922
890
842
896
904
902
872
872
890
950
904
852
914
926
894
850
910
904
856
846
862
856
856
828
836
854
876
854
848
934
946
904
880
866
918
884
876
884
888
918
880
916
926
966
922
892
920
920
900
836
896
892
878
834
876
892
912
860
844
876
874
872
842
884
902
916
862
884
874
882
906
856
908
882
900
876
828
876
904
886
848
900
908
912
882
922
948
932
890
854
896
924
888
900
898
926
910
850
906
920
882
842
886
866
870
840
864
906
920
888
882
894
900
862
916
890
918
880
842
914
908
896
836
874
892
884
860
878
874
890
856
876
868
874
880
854
872
872
878
844
898
930
938
844
906
918
902
858
888
876
918
908
852
886
882
910
860
888
886
900
884
836
890
918
922
882
884
890
900
842
870
888
858
848
858
852
874
888
870
830
884
892
876
824
860
850
842
826
850
892
898
844
874
918
908
876
846
908
920
886
830
882
872
876
858
854
890
884
848
870
872
906
870
866
848
866
846
848
874
882
852
854
878
906
892
842
878
872
880
844
870
866
886
874
884
920
914
894
872
832
838
840
842
846
816
834
856
928
868
920
932
932
896
918
896
924
858
888
906
910
894
874
890
886
880
856
866
866
864
832
882
876
858
846
852
854
816
832
830
866
836
858
896
894
896
844
890
902
914
892
864
878
832
804
812
816
954
988
926
978
1026
978
864
958
878
884
824
784
754
746
758
768
752
744
748
708
856
768
790
816
790
792
756
752
744
720
726
724
714
706
712
684
672
670
656
656
658
652
662
648
662
662
682
654
646
644
636
622
636
626
618
636
606
594
592
584
580
578
552
576
534
1084
592
568
554
574
576
620
764
828
854
848
864
888
870
848
758
798
856
856
858
852
934
936
906
866
786
766
754
750
730
750
738
864
932
926
854
806
750
758
762
762
758
752
874
914
846
880
1012
886
874
862
816
848
860
956
886
880
814
776
784
752
798
830
868
840
910
1006
1004
934
830
858
888
938
908
884
866
886
950
1006
1016
960
888
818
854
808
832
826
916
982
1034
936
928
840
810
854
852
922
876
886
898
1008
964
964
954
930
844
818
768
760
784
836
826
888
906
884
882
910
888
828
814
808
810
792
772
768
782
762
812
832
886
856
806
790
814
792
784
780
784
790
840
922
954
924
884
796
848
834
836
934
1016
1026
982
994
1050
996
988
932
904
866
884
880
982
920
914
910
922
890
852
888
884
876
870
858
866
902
892
876
856
852
850
846
814
780
784
812
928
900
888
910
948
902
902
840
796
768
744
724
706
726
712
712
782
836
830
858
934
976
966
880
814
794
802
834
924
1008
1110
1078
1030
1032
1020
990
910
926
950
938
922
924
968
982
932
910
930
932
904
864
896
924
940
922
900
936
988
950
922
912
940
862
902
896
960
898
934
916
938
944
920
864
896
802
870
952
920
892
906
870
896
818
862
1002
958
938
894
958
980
940
860
918
834
832
814
822
828
910
880
902
966
984
946
882
902
840
868
862
962
952
928
864
850
796
796
782
770
760
752
760
766
766
794
830
876
838
812
800
808
822
828
914
984
1018
966
912
884
922
898
914
956
1050
1022
984
978
1004
960
918
932
928
1034
972
970
978
974
970
952
898
868
860
890
888
862
894
920
924
1032
1082
1010
1014
954
912
956
984
980
974
968
966
906
884
912
932
992
958
934
966
962
940
988
1008
1002
982
968
976
1010
966
904
928
928
960
930
944
948
978
954
960
952
970
936
956
942
950
930
932
974
930
930
940
922
922
970
998
952
964
1022
972
956
984
986
948
946
958
966
940
942
934
962
944
962
978
964
968
974
998
972
958
972
958
910
896
878
866
862
880
986
920
938
960
992
970
974
972
1004
968
946
912
918
898
898
916
960
926
976
1028
1036
990
960
954
936
930
896
916
940
932
920
970
998
968
932
958
944
912
890
920
896
904
906
916
912
906
906
906
918
920
892
902
896
912
892
904
892
946
928
928
918
910
908
922
914
928
904
910
918
958
932
942
918
942
948
900
916
936
980
954
948
968
968
922
908
946
934
916
940
936
998
962
926
946
928
912
866
834
806
770
790
792
772
780
774
768
768
762
762
762
754
746
748
740
746
804
838
894
926
924
902
864
828
778
780
772
846
858
834
856
848
866
926
1036
1066
1002
1016
1008
1014
940
920
936
938
1014
974
972
1014
998
1010
894
974
934
926
872
904
832
866
862
868
990
1048
980
1032
1062
1070
1020
1032
950
968
912
952
964
984
948
962
978
996
978
962
974
964
968
934
976
956
968
926
908
934
924
864
920
958
902
900
902
890
892
880
890
852
866
876
866
816
876
862
842
852
786
768
742
728
720
714
688
638
816
650
682
670
646
646
652
640
634
630
630
624
618
622
620
608
600
604
588
548
628
586
582
592
624
676
690
656
698
726
612
872
754
752
782
726
674
732
662
674
680
654
622
644
628
630
624
636
634
634
626
630
634
626
620
624
614
610
606
612
614
612
626
618
376
848
656
632
636
642
644
644
638
686
698
704
716
730
748
778
788
796
790
750
742
764
772
820
782
800
782
810
858
880
858
842
896
914
940
970
944
834
916
872
822
820
810
842
912
974
934
916
870
874
872
816
864
860
844
908
896
890
962
992
1002
960
928
914
932
938
916
830
898
924
944
934
882
948
958
970
920
844
918
960
910
932
836
932
948
938
868
878
914
920
906
868
904
890
894
836
880
820
872
932
864
898
848
932
932
874
868
950
942
938
870
874
902
914
890
864
904
958
1016
974
894
954
890
954
942
836
864
876
894
900
856
906
876
884
814
806
780
760
742
746
754
770
820
918
974
920
874
928
910
914
830
812
804
852
904
874
916
1004
1032
1010
954
932
896
850
854
838
826
834
998
1012
1002
940
900
840
874
802
800
808
802
942
924
890
972
946
954
888
918
918
952
930
900
920
892
912
904
848
910
932
960
928
872
932
916
910
838
890
874
892
918
862
846
874
926
954
926
836
910
934
922
910
844
830
826
894
852
888
966
950
982
940
846
886
844
816
796
782
756
750
740
742
738
730
726
712
704
698
694
700
702
766
786
888
994
998
966
862
908
918
978
958
932
866
910
940
1028
960
900
926
882
882
880
846
866
916
988
1010
944
892
926
926
998
962
918
956
998
984
938
928
914
916
922
870
858
850
856
856
858
908
1034
1088
1042
950
1000
1006
990
922
908
946
964
956
946
910
934
940
968
958
864
912
904
956
940
908
888
922
934
954
928
922
934
994
968
926
928
954
944
970
938
904
924
958
1012
956
884
916
906
942
908
928
932
996
974
958
904
886
860
904
990
1010
966
974
1042
1046
978
942
986
988
972
884
944
976
1002
982
936
892
946
950
1006
908
868
890
894
918
932
914
992
996
998
950
908
890
870
860
828
824
828
940
1012
978
972
1000
1040
984
920
942
930
900
918
944
1000
962
884
924
866
866
828
838
860
936
1016
1008
964
1000
1028
1032
980
914
950
946
990
938
938
962
1002
956
918
944
948
952
932
874
896
910
960
928
930
1008
996
990
922
910
940
992
972
906
854
852
848
854
872
976
1070
1096
1016
1002
1044
1048
998
974
922
940
902
876
894
926
948
910
942
980
1002
982
974
908
884
886
864
868
928
988
932
948
960
958
960
956
946
962
962
934
946
922
940
924
942
938
938
996
972
952
960
964
970
896
924
914
902
912
840
834
838
828
944
902
950
1010
1036
988
946
980
978
924
888
922
916
942
934
938
940
966
954
894
918
930
920
914
882
916
972
1028
910
860
878
890
990
920
910
1050
1124
1006
932
928
986
1014
1004
968
976
986
1006
956
960
934
952
948
892
934
920
974
934
952
978
964
938
898
938
938
1002
968
930
952
960
934
944
946
954
962
930
902
922
932
926
936
922
896
876
840
820
832
836
814
814
800
778
732
726
720
736
724
756
764
772
770
762
764
752
750
760
768
780
764
772
770
752
744
754
750
742
786
840
806
808
792
794
870
920
888
900
964
1002
998
968
950
978
964
982
976
960
950
950
960
936
940
938
990
960
936
948
938
986
970
942
948
940
946
934
878
872
898
890
936
904
896
920
944
950
926
906
920
906
942
914
924
990
996
938
914
926
926
890
856
890
880
922
910
906
920
936
942
908
860
896
890
958
964
928
936
944
980
1002
966
950
944
946
898
906
908
988
976
938
940
952
952
956
880
920
878
884
882
874
912
970
1038
962
936
984
964
994
958
954
952
968
948
918
930
922
984
932
952
976
964
954
934
932
916
874
920
892
898
902
894
932
934
912
898
906
904
910
848
892
884
884
900
866
856
874
878
884
870
832
846
844
844
858
860
856
860
882
878
874
954
978
940
896
886
882
882
890
860
916
1002
988
938
952
940
892
874
852
870
870
874
866
868
928
946
938
918
866
852
822
802
774
736
722
714
722
712
754
848
950
960
922
884
912
904
920
872
896
906
882
900
864
930
948
966
960
926
940
954
924
950
934
872
904
908
902
940
916
842
898
914
928
920
866
910
912
898
910
864
890
894
892
838
854
866
882
928
898
900
914
916
890
898
888
906
878
874
880
888
868
892
854
858
870
874
890
866
870
874
876
864
818
812
784
824
900
860
984
990
992
926
970
974
948
960
894
926
882
896
864
868
872
894
922
900
874
898
930
944
916
834
884
884
860
884
870
870
884
856
858
824
802
786
792
814
924
