558
596
590
604
598
586
622
598
586
592
582
586
588
568
592
596
608
604
620
630
632
634
636
636
664
632
450
360
540
406
506
456
674
644
688
666
650
658
632
638
592
616
604
614
610
624
618
610
612
612
614
624
630
640
682
688
696
698
668
660
658
636
630
632
652
666
692
694
690
660
636
662
664
682
708
728
702
694
664
650
648
640
654
674
674
696
682
694
700
688
668
678
702
726
750
762
782
752
736
696
684
670
680
690
712
724
740
740
744
764
770
794
780
756
748
736
728
702
710
712
724
744
748
738
710
670
684
664
640
648
656
672
680
702
706
712
704
678
668
644
610
612
592
606
614
644
676
718
746
748
746
746
746
748
742
736
700
726
714
734
732
708
666
690
678
682
690
676
682
682
690
700
702
726
738
726
700
722
700
712
700
702
700
714
706
694
680
676
674
676
686
688
694
694
684
676
674
672
676
674
678
672
708
714
714
704
702
706
692
680
692
678
686
672
666
676
664
642
652
640
624
602
600
604
600
598
594
610
618
650
686
724
766
792
780
792
788
754
694
714
688
706
744
734
756
760
740
722
744
726
728
754
798
792
810
798
770
754
742
734
744
732
738
742
734
724
718
702
714
728
758
772
764
764
744
734
694
688
686
688
710
710
728
706
728
730
740
720
702
700
700
688
640
632
634
630
658
662
672
692
700
732
738
722
750
754
744
730
704
716
716
714
706
724
748
726
716
702
674
684
682
680
662
678
680
684
708
694
698
696
686
666
648
644
648
652
664
684
666
652
654
656
648
634
638
626
612
674
650
644
626
618
620
626
586
624
630
682
684
660
658
658
630
626
622
610
590
596
584
588
580
572
574
566
552
570
588
636
676
724
788
850
850
828
804
782
774
756
730
710
730
724
746
808
854
874
854
844
796
776
750
708
738
754
780
776
762
732
732
712
724
740
744
736
726
720
692
676
680
678
664
656
624
612
612
618
624
628
666
676
688
720
724
722
716
708
680
684
676
678
690
716
738
762
764
774
768
776
734
726
746
758
748
708
714
718
718
726
718
704
674
662
662
650
656
658
690
700
720
768
766
734
694
700
708
758
762
748
732
708
698
674
652
636
652
648
658
674
698
700
704
710
732
736
724
730
726
716
722
710
718
722
718
742
764
768
738
728
706
676
650
658
666
672
692
700
718
728
728
726
726
722
720
722
734
724
686
704
686
694
716
712
696
688
694
694
710
688
698
698
720
710
734
768
752
738
706
714
682
700
694
698
680
668
666
646
658
656
662
682
704
724
754
764
758
764
766
760
748
744
740
752
744
744
750
734
694
678
674
670
688
678
716
686
690
690
688
700
718
742
772
772
758
718
708
724
754
770
786
764
758
758
766
762
764
752
736
734
742
776
784
790
784
766
742
722
690
720
742
782
798
814
806
772
716
722
720
738
748
764
750
760
758
730
694
678
690
700
722
740
736
742
750
760
784
790
786
780
758
770
772
748
722
732
720
696
716
716
754
760
786
798
812
786
762
762
770
680
698
702
696
724
734
756
614
848
826
734
700
706
668
692
692
718
754
782
768
760
716
704
692
680
660
668
676
684
694
668
680
680
700
708
704
718
710
718
712
714
716
696
678
680
688
716
720
710
690
700
702
696
680
684
674
646
660
658
672
700
724
744
718
724
748
748
740
732
736
718
728
726
724
704
702
702
686
698
674
690
698
702
706
710
718
716
716
716
726
716
732
716
716
710
700
702
678
692
684
692
674
676
684
678
668
680
686
718
716
736
748
748
744
734
746
710
706
702
708
704
682
706
712
730
722
734
728
736
728
728
736
752
710
734
730
734
710
722
734
714
722
752
744
740
728
682
670
658
658
670
680
670
664
640
664
672
706
732
744
728
752
752
764
742
706
716
704
684
650
652
664
682
682
696
732
738
724
734
758
720
708
698
678
668
684
714
714
736
794
794
806
742
758
760
764
752
750
740
680
694
692
714
752
766
748
728
692
680
674
676
732
742
770
804
776
808
806
838
816
816
802
780
758
748
748
738
728
728
716
726
754
764
786
790
790
796
786
770
730
738
736
726
736
736
754
722
744
756
770
724
750
750
750
714
690
686
664
692
690
716
746
752
766
780
768
758
758
742
714
738
742
744
744
714
722
722
702
720
724
736
734
740
696
694
710
718
720
734
742
722
734
748
766
732
742
736
746
746
726
730
730
728
740
740
734
722
724
722
718
720
722
720
714
694
682
670
682
690
714
698
694
692
668
682
694
710
698
724
706
714
688
696
706
698
690
700
722
726
718
734
744
730
732
714
708
708
722
712
696
696
678
680
676
688
694
724
742
760
784
782
786
762
748
750
750
736
704
692
696
698
700
716
720
712
718
722
722
694
688
686
688
688
682
684
686
726
704
718
720
734
730
726
718
682
696
688
706
722
736
754
734
706
698
694
678
676
678
692
700
706
724
738
716
728
736
702
708
704
698
696
710
708
708
732
748
740
760
758
734
744
732
702
718
710
726
738
752
776
774
804
786
786
756
718
718
710
712
712
686
702
704
692
682
692
712
718
720
722
710
728
758
758
760
720
692
736
744
692
682
698
716
754
794
814
838
842
830
814
830
816
788
790
780
772
768
764
746
758
754
748
744
742
738
720
682
686
684
668
650
676
666
666
704
722
744
722
760
774
766
772
738
766
774
762
752
724
718
710
708
716
734
732
722
746
764
774
782
786
780
778
734
746
748
752
768
772
788
742
740
738
736
726
708
738
744
768
750
740
754
732
710
732
736
734
714
734
730
726
732
736
738
704
716
718
690
710
724
740
728
754
758
764
742
734
746
742
738
714
722
732
724
728
730
690
684
714
738
770
762
776
834
848
800
796
780
762
720
750
746
726
720
718
742
762
736
776
788
780
748
760
746
742
712
724
720
736
732
748
752
746
716
728
714
722
736
696
702
706
710
690
682
696
688
698
678
714
724
716
682
706
678
668
690
700
706
710
748
760
738
736
740
736
720
746
746
766
748
756
762
756
756
734
748
746
750
756
748
756
750
768
732
694
714
712
690
694
720
744
724
732
770
768
748
724
728
712
720
700
696
720
742
768
746
748
756
758
736
744
748
758
742
758
768
780
780
764
764
750
726
750
770
788
782
808
814
802
786
792
798
796
772
766
756
732
700
700
704
704
696
700
720
720
690
692
700
682
672
692
702
708
712
762
756
720
768
740
708
722
718
704
692
708
720
736
730
752
768
730
740
744
708
702
714
708
698
712
720
730
722
732
740
738
736
708
716
716
720
692
692
706
706
700
712
714
714
692
706
706
724
700
706
714
710
690
716
720
694
664
666
690
724
760
796
822
758
762
720
718
720
722
744
746
754
732
702
712
710
690
696
688
692
690
694
706
718
644
634
758
698
660
644
654
662
666
652
630
612
608
602
600
596
594
632
666
704
752
776
820
832
842
820
834
834
798
736
676
676
678
678
680
692
682
658
680
744
724
692
680
720
740
764
804
808
832
826
746
738
722
726
722
756
720
690
672
672
678
694
712
748
778
788
820
874
872
862
862
822
792
780
768
764
764
754
738
682
686
702
702
686
704
740
762
732
748
766
782
740
754
764
760
750
724
736
740
754
746
720
736
738
744
712
720
712
674
696
688
668
690
694
724
714
716
730
726
726
694
686
702
706
714
724
692
712
722
724
724
742
732
728
724
690
718
740
730
752
770
770
768
772
710
726
712
716
686
692
710
736
750
722
746
766
772
766
786
776
780
782
754
754
748
694
716
710
684
664
704
708
724
704
744
772
780
760
768
760
720
746
760
774
752
714
730
728
742
758
718
750
750
748
746
720
738
736
738
712
758
760
746
722
738
734
744
726
744
730
688
712
712
716
700
738
736
726
738
762
746
734
774
750
722
748
752
722
736
736
704
700
708
720
688
728
738
730
718
746
744
720
754
744
714
736
740
742
712
740
746
732
720
736
738
714
700
708
706
688
700
714
720
710
738
756
752
716
756
760
726
734
736
736
714
734
732
722
710
732
722
696
722
748
762
750
814
814
778
814
812
778
792
796
806
762
780
780
766
754
784
806
766
758
774
768
748
768
770
734
718
736
732
704
706
728
720
702
732
732
720
718
750
740
738
786
758
736
760
758
724
770
776
740
760
790
760
762
776
764
740
756
754
760
724
744
746
744
722
742
744
736
752
778
792
764
798
810
820
778
800
808
746
748
768
768
736
758
778
752
734
782
750
738
782
774
740
796
798
768
790
796
738
774
780
768
734
768
730
764
776
802
788
818
820
772
796
776
734
748
740
750
772
802
830
800
810
824
802
800
826
806
754
792
774
738
784
790
758
774
816
782
774
808
772
762
794
794
788
820
798
786
812
822
794
816
808
758
774
786
768
742
762
768
754
746
774
782
760
786
790
774
746
762
768
772
776
770
774
762
722
728
736
738
740
782
814
840
840
848
848
818
812
814
828
812
808
820
818
792
792
806
760
736
762
762
744
780
836
842
820
858
838
768
794
794
776
786
832
856
848
852
852
826
812
842
856
850
844
888
822
802
800
806
776
836
870
864
898
928
874
902
934
948
888
902
908
892
864
912
922
896
934
936
902
906
898
858
874
864
840
796
840
856
798
794
816
782
756
806
768
762
816
852
820
874
884
848
862
878
884
884
892
874
840
868
886
862
802
820
842
866
862
876
902
906
832
846
846
816
814
876
892
914
962
922
900
906
866
826
840
858
866
932
914
862
902
892
894
900
944
912
872
880
874
846
842
870
868
820
848
864
826
764
800
804
768
776
822
848
798
844
776
806
784
758
694
718
722
704
698
752
776
744
774
808
838
802
846
872
876
860
870
864
848
846
838
852
842
844
818
830
844
850
828
812
826
832
788
798
826
848
822
806
820
816
802
814
814
798
764
782
780
758
738
774
818
816
824
878
882
850
870
860
810
842
868
842
790
836
862
808
834
842
784
826
844
818
812
852
850
816
832
832
802
814
828
814
772
798
784
746
744
764
740
698
678
694
696
714
716
706
752
796
774
674
936
768
812
788
768
742
766
776
744
700
664
652
660
650
648
678
724
752
776
816
820
826
826
750
402
360
360
360
732
766
776
802
830
812
802
778
788
790
804
794
784
808
804
822
780
802
780
790
792
810
816
838
866
854
852
846
818
796
800
790
752
786
786
762
812
832
802
852
846
816
828
826
754
766
800
798
770
812
830
812
818
826
820
806
816
828
770
780
802
786
810
868
882
830
884
898
878
858
862
850
816
844
856
794
816
832
834
786
820
842
808
804
834
820
802
826
826
804
824
846
846
838
848
874
844
852
856
800
810
824
790
750
788
810
790
790
816
816
806
814
808
786
814
822
792
794
796
786
768
768
786
810
788
830
866
800
810
808
766
754
786
752
752
798
826
824
858
864
858
856
858
848
804
822
836
858
812
824
860
850
832
848
844
784
800
804
796
780
814
840
792
810
828
830
804
836
832
812
830
838
826
816
844
838
808
798
820
822
812
824
820
756
780
768
728
762
768
740
756
792
820
798
814
852
864
868
880
846
810
828
846
862
850
884
892
894
882
874
854
810
802
816
816
818
800
826
842
808
800
812
814
782
812
814
780
798
800
770
812
828
788
806
806
778
800
794
750
750
774
784
804
858
898
866
884
906
904
860
860
862
840
814
834
870
868
848
878
882
876
872
880
878
824
852
832
778
798
798
770
790
824
798
830
886
876
896
944
948
926
920
900
860
880
862
778
788
768
740
770
788
766
800
842
868
898
946
938
908
902
892
866
880
898
902
872
840
858
862
850
844
862
824
810
810
822
814
818
834
856
832
838
822
790
804
840
866
838
842
848
834
812
830
834
802
828
836
802
812
828
768
764
770
726
766
824
856
824
890
930
902
888
910
898
848
846
838
808
834
868
902
874
872
886
878
868
878
838
852
856
870
866
850
832
818
826
860
890
844
778
804
822
820
796
838
854
818
854
890
876
892
904
892
854
872
888
868
828
856
850
840
854
856
848
796
810
806
774
812
878
872
866
916
948
928
860
860
860
848
830
890
906
884
894
894
796
788
796
762
790
886
1016
948
1012
984
1012
1018
1018
1038
898
932
930
854
848
874
902
910
864
910
940
912
926
924
922
900
898
878
842
864
886
904
886
898
866
778
804
812
782
828
888
900
900
920
900
870
900
896
844
826
840
806
842
904
914
888
926
944
916
866
868
832
784
840
890
866
886
888
792
746
780
852
822
758
802
772
726
694
696
708
710
708
748
738
766
768
762
734
740
744
766
758
790
812
770
786
774
764
752
740
758
808
846
856
846
848
850
844
790
810
788
776
778
782
788
794
770
786
782
758
726
790
714
742
790
794
852
836
826
802
778
734
698
704
708
738
754
794
824
844
878
878
816
840
830
798
830
862
844
854
844
822
844
858
850
858
858
786
790
756
774
802
848
772
796
762
718
722
726
742
730
768
790
770
782
772
736
756
760
756
764
790
792
774
794
792
788
790
770
788
804
788
752
772
776
766
784
786
794
806
816
790
804
808
802
776
778
760
730
756
770
786
784
810
826
838
834
840
804
826
832
788
784
806
776
804
840
856
796
830
816
820
816
818
838
864
864
856
870
864
830
844
850
852
890
890
812
818
826
830
794
826
830
794
792
802
768
762
782
766
760
810
822
790
818
810
756
776
790
816
806
874
876
842
870
868
826
828
836
806
824
828
816
788
808
816
836
784
788
784
790
800
828
846
848
810
826
824
818
800
802
802
800
786
798
798
762
752
772
762
754
758
776
760
748
794
784
776
818
800
784
834
826
806
842
858
840
832
842
838
842
890
912
906
852
872
866
870
830
840
832
832
818
854
840
836
864
846
820
852
818
826
836
788
816
834
820
818
838
844
836
858
868
844
852
860
840
804
820
834
870
840
784
796
792
776
794
830
788
790
790
740
848
718
716
764
760
796
758
772
776
798
776
802
808
804
826
780
804
800
772
796
792
798
790
774
792
806
826
830
840
824
798
786
750
784
810
828
822
838
812
816
796
812
812
796
806
830
794
786
820
800
794
820
796
774
804
822
800
786
806
814
780
812
844
854
844
878
858
788
792
800
754
784
832
808
868
918
898
932
966
948
940
952
912
838
846
806
744
782
788
774
812
870
876
902
934
928
858
874
856
802
834
824
794
818
822
806
826
838
812
782
774
782
758
784
802
830
832
852
862
864
848
858
850
844
816
820
814
806
758
798
816
830
798
830
828
814
836
846
808
784
810
790
782
792
844
852
848
848
824
828
822
828
842
806
872
838
776
830
814
784
802
850
876
846
876
894
854
842
876
872
828
854
784
782
808
838
806
888
838
844
898
934
878
944
858
842
838
822
792
844
864
876
858
866
884
842
866
910
892
832
840
838
864
840
858
874
876
856
848
862
860
828
850
856
824
836
828
816
822
848
854
818
822
812
748
740
768
786
764
812
832
874
868
912
916
884
856
848
834
806
838
836
816
844
868
880
856
868
882
872
852
866
862
812
750
770
776
776
798
846
858
796
820
820
834
842
892
916
920
908
896
856
818
824
852
822
812
832
854
868
886
866
820
850
860
862
820
848
810
784
796
814
836
816
822
810
772
812
834
826
840
872
882
852
856
830
834
864
868
878
886
876
876
856
870
890
864
872
892
886
780
758
750
732
732
800
846
864
956
980
962
992
936
902
908
880
814
818
808
772
798
824
844
826
850
870
872
874
868
844
868
876
862
840
820
808
780
810
852
854
850
846
852
820
790
822
822
804
758
756
718
712
740
802
816
862
914
852
874
888
864
872
924
890
864
890
876
824
842
866
864
860
902
918
882
854
864
824
812
848
878
868
888
914
924
908
914
894
852
864
860
826
832
836
852
834
860
854
816
744
756
758
726
766
836
872
864
926
956
968
992
992
968
986
982
960
976
924
852
858
858
844
896
940
890
888
922
934
890
894
892
870
880
906
902
894
916
944
900
854
868
878
874
872
896
890
816
780
804
856
866
902
948
948
896
928
922
866
860
846
754
740
766
794
844
920
964
976
974
1014
968
926
966
980
958
862
890
906
898
942
956
944
906
930
948
902
836
834
848
820
820
840
880
892
948
914
894
918
880
822
836
828
838
836
864
886
858
840
862
872
870
780
782
776
724
712
770
800
760
832
860
774
750
798
754
892
770
728
702
672
678
664
672
672
670
666
672
692
700
694
696
716
732
756
760
726
746
736
730
728
722
716
676
700
688
696
692
692
714
712
738
756
784
820
822
810
848
828
774
720
704
686
694
712
776
768
838
862
868
848
806
722
720
682
644
640
640
646
664
694
720
774
784
758
792
818
812
790
806
796
764
750
728
728
708
724
728
718
734
726
748
736
754
740
730
708
716
720
706
702
702
714
728
732
744
746
716
710
720
712
714
708
722
738
732
718
730
726
710
692
702
704
716
722
732
736
734
718
716
728
726
704
718
728
722
704
718
716
712
736
752
764
756
766
762
754
728
730
726
712
698
686
684
686
680
668
686
714
680
772
698
702
696
664
658
656
670
690
708
758
798
850
862
850
830
804
776
778
770
770
766
788
782
796
834
832
828
836
834
806
816
806
778
774
758
738
736
752
746
752
780
776
756
772
760
746
760
748
750
770
754
772
786
782
826
818
808
822
800
758
768
768
770
770
772
758
770
790
788
766
764
770
770
810
808
786
806
800
792
792
786
750
754
748
758
766
758
758
748
732
734
734
738
716
718
718
694
690
698
716
712
748
760
782
764
794
784
768
770
766
738
762
784
800
804
802
798
796
764
772
758
724
738
714
718
750
768
758
786
816
806
822
814
814
774
744
742
748
746
758
760
720
730
740
774
778
776
776
738
718
744
728
708
686
672
662
672
696
742
788
830
838
836
816
794
786
788
744
712
692
662
638
636
648
680
742
804
834
866
866
862
826
754
770
754
740
752
754
744
736
726
706
726
720
750
764
778
774
760
754
756
748
760
768
740
756
756
746
754
736
720
712
692
658
648
678
590
628
622
630
636
638
652
668
662
668
658
644
636
630
628
630
594
604
590
584
572
576
564
562
552
542
536
528
526
524
510
504
504
506
498
502
496
498
492
520
502
506
512
518
518
528
528
526
524
532
534
534
542
552
556
566
554
560
560
550
542
542
542
552
544
546
556
552
568
568
580
598
564
556
536
534
528
520
522
528
534
518
536
530
524
506
506
512
510
500
508
504
524
518
516
532
530
546
536
536
550
540
542
550
546
530
544
548
540
534
540
554
546
576
564
562
596
560
594
602
592
592
602
594
592
598
588
578
594
592
574
576
590
580
582
586
588
600
584
580
584
584
578
578
586
580
568
574
570
580
578
590
578
590
586
584
586
578
582
576
568
556
554
544
538
544
542
540
540
550
540
530
536
526
524
526
534
528
528
530
538
528
536
540
536
532
536
532
528
530
524
516
518
524
528
526
526
532
538
538
540
558
560
558
562
562
568
560
564
596
572
560
558
542
552
540
530
530
516
526
518
514
512
516
514
514
508
502
500
496
492
488
488
488
482
486
482
490
486
484
496
488
490
490
502
488
514
510
510
508
512
522
504
498
502
500
494
494
502
498
500
504
514
510
508
512
508
514
506
506
502
496
512
516
516
512
514
512
512
510
526
518
522
532
524
524
528
526
518
520
520
516
508
510
512
514
508
516
526
520
518
520
528
516
520
516
506
494
496
498
492
492
490
488
484
474
482
480
478
478
478
482
484
482
482
480
484
472
478
482
468
474
478
474
476
476
482
482
478
476
476
484
482
484
484
488
496
504
516
502
508
508
508
502
504
502
500
498
500
498
496
514
500
518
506
510
520
508
512
524
512
506
514
506
520
510
512
514
510
506
508
504
494
494
496
496
486
492
496
496
490
492
492
510
502
502
512
528
512
512
518
520
512
516
526
510
524
514
514
520
518
512
516
514
520
530
510
510
514
510
500
498
504
542
528
534
528
552
538
534
538
524
530
534
540
546
562
556
554
590
580
580
580
574
560
554
554
548
542
536
534
534
530
544
544
546
562
564
588
586
618
644
638
630
618
612
598
594
586
578
582
584
592
604
602
630
616
602
626
630
602
616
612
598
596
602
594
578
574
582
578
490
632
592
624
588
580
586
566
558
550
558
552
560
560
572
574
592
584
576
582
580
578
578
576
570
568
564
564
556
546
554
552
550
546
540
538
540
550
550
548
556
570
574
580
574
578
582
578
568
566
568
572
580
594
618
610
618
624
612
622
628
626
626
608
602
612
600
604
610
614
606
602
596
586
588
578
574
570
576
584
592
586
588
588
604
592
602
618
610
616
624
648
660
688
726
718
708
676
688
688
692
696
694
666
676
678
670
658
698
684
676
668
670
666
678
652
664
668
678
646
652
646
628
628
640
644
634
640
654
648
654
640
652
646
646
646
642
632
640
632
630
616
610
600
602
606
602
610
620
640
652
668
664
660
618
604
612
614
620
628
640
630
636
636
642
644
654
656
644
646
654
648
624
628
634
632
626
618
624
618
614
618
620
612
600
610
608
616
628
636
632
644
642
636
640
652
654
650
672
680
666
662
662
658
668
680
694
688
704
704
708
694
688
690
686
692
710
720
726
696
696
676
662
664
666
668
666
652
668
698
692
696
710
698
692
666
646
660
626
644
644
666
668
684
680
674
672
662
680
680
698
708
718
716
736
740
748
762
766
756
728
716
694
696
700
716
728
754
746
744
752
756
750
736
704
740
760
750
756
764
756
726
720
714
696
710
708
694
702
720
738
756
768
712
700
682
668
670
674
692
714
714
716
734
726
724
710
688
694
688
690
720
720
694
696
698
700
692
674
686
702
704
668
650
634
634
632
636
630
620
632
652
678
712
748
766
756
738
738
726
708
702
706
714
726
724
728
742
740
702
712
702
714
712
728
730
718
718
694
668
670
654
668
698
702
720
752
754
760
744
712
720
708
704
698
704
704
718
718
740
740
744
750
754
760
756
738
714
722
720
716
714
730
732
742
732
726
726
694
674
670
656
640
624
620
606
612
600
602
624
644
684
734
776
806
778
748
754
740
748
764
762
766
766
740
