596
610
622
616
620
644
712
702
682
676
672
636
630
604
588
590
580
582
590
600
618
652
674
644
630
616
610
598
578
590
584
576
610
634
640
612
632
616
640
640
628
610
620
622
616
598
610
626
638
696
750
756
762
716
698
670
656
640
624
630
640
664
648
680
686
688
646
628
624
624
618
614
636
644
664
658
686
698
666
664
648
638
624
616
602
604
594
592
604
624
612
602
614
634
646
640
646
660
690
656
676
688
686
690
640
646
634
626
628
646
636
610
612
602
590
588
584
588
596
602
604
606
624
628
632
638
656
668
652
660
670
664
644
654
644
626
634
638
680
662
638
658
666
648
624
618
622
630
626
648
692
696
734
690
656
654
648
654
646
620
620
618
626
654
728
718
762
724
672
670
668
624
634
630
622
616
620
638
634
630
624
606
586
576
572
586
626
662
686
718
766
804
786
738
716
676
642
670
724
738
730
724
678
646
646
638
640
652
670
708
670
686
690
690
656
652
654
648
610
618
628
646
644
638
644
626
610
610
626
626
618
626
632
632
636
662
646
642
664
676
648
652
666
664
644
648
648
648
628
644
654
654
666
678
640
646
640
622
608
616
622
626
674
702
686
730
728
694
682
662
638
622
622
622
646
674
654
652
620
622
618
644
644
646
664
688
690
678
674
642
642
640
624
626
630
630
636
632
624
626
636
632
612
600
586
578
570
582
596
576
570
598
632
656
674
712
712
698
688
664
640
622
624
640
636
644
660
668
652
682
658
650
640
660
656
668
664
644
642
646
644
634
634
646
642
642
642
622
602
596
592
602
622
630
622
608
590
578
570
562
556
552
552
562
562
560
568
620
604
594
606
650
686
718
700
696
676
636
614
596
590
588
586
582
576
572
566
570
580
598
628
684
754
738
726
736
724
698
688
624
610
632
642
634
656
650
648
610
614
598
604
592
600
626
642
666
642
638
624
614
612
604
608
634
674
688
700
728
718
692
652
620
614
608
600
604
594
604
630
650
632
618
618
616
610
604
600
592
576
570
564
568
574
570
594
678
672
634
618
610
632
640
620
634
616
596
598
592
600
606
610
606
612
620
630
608
620
626
620
624
634
660
684
666
740
724
730
750
706
660
686
678
662
676
710
686
722
700
708
674
664
658
644
616
610
598
612
716
782
792
758
760
720
752
684
656
614
636
620
626
618
612
636
650
672
624
638
614
632
624
628
628
634
620
630
630
634
642
632
622
606
596
592
588
618
658
746
778
748
736
666
634
604
592
574
582
602
592
606
606
626
648
646
648
652
644
638
614
624
608
608
606
596
598
610
628
642
660
702
698
670
646
626
614
610
588
578
574
584
608
596
606
642
654
634
626
614
594
584
568
566
576
582
578
562
560
560
572
612
620
618
706
732
738
760
742
738
742
690
634
630
624
620
602
598
584
588
604
592
590
594
604
604
606
618
610
606
592
602
598
610
602
594
592
600
626
628
620
600
598
614
628
646
654
656
628
644
662
696
672
732
754
748
710
698
682
676
678
680
672
652
612
624
624
678
702
692
672
656
642
624
602
596
612
678
714
718
752
770
774
738
728
700
654
666
656
650
654
672
684
660
652
658
662
630
644
660
670
632
624
630
634
646
626
626
638
656
666
672
652
628
594
586
566
564
564
580
592
624
604
600
590
588
608
624
622
608
606
606
612
618
612
602
586
582
580
592
634
610
630
674
706
748
738
680
664
638
626
628
634
622
620
614
610
594
586
596
616
720
740
754
734
700
666
642
624
616
598
584
578
586
620
614
624
618
640
678
686
676
652
632
614
604
594
576
572
564
562
562
564
566
572
558
560
568
588
608
614
606
592
592
606
628
642
642
618
616
606
592
584
574
584
594
598
604
604
604
598
588
586
584
580
588
598
622
682
672
644
618
602
592
582
578
568
560
572
582
584
590
586
582
584
572
570
574
588
600
598
598
620
644
640
656
680
692
684
656
624
616
608
608
608
626
662
674
698
732
734
696
686
676
670
634
642
638
652
648
636
628
608
600
598
588
590
600
602
596
592
590
590
592
604
618
604
612
604
596
592
612
636
624
632
652
658
640
634
620
598
590
592
612
648
610
612
606
608
618
602
598
598
610
634
644
658
646
656
642
630
618
612
608
588
586
592
630
660
638
618
632
628
622
616
594
588
582
576
576
570
580
662
826
766
744
748
724
670
636
618
608
600
590
588
590
582
592
614
602
616
638
644
630
612
592
584
592
598
586
586
596
620
638
628
612
612
600
590
576
578
578
584
602
626
722
730
674
680
670
680
672
648
628
610
592
574
572
570
564
564
570
574
590
588
580
562
574
586
612
646
628
642
648
662
644
650
654
650
626
632
628
644
642
616
610
604
602
596
594
594
586
586
590
584
588
582
570
564
570
578
588
588
576
574
574
566
578
588
630
624
728
730
726
742
728
706
648
620
592
588
584
596
638
690
736
756
702
696
694
690
664
640
652
650
648
648
632
618
600
596
594
596
594
596
616
640
626
622
610
596
582
570
564
558
558
560
566
604
612
602
600
608
636
656
658
646
634
622
612
600
592
586
582
568
568
572
574
566
612
678
688
654
642
622
610
594
588
578
582
582
574
568
574
606
636
638
636
610
590
586
590
608
606
586
590
586
580
574
574
596
614
644
614
616
618
632
632
612
606
594
588
588
646
688
638
664
650
648
630
626
626
610
612
594
588
590
586
596
596
598
600
602
608
590
578
576
580
594
602
596
590
582
598
664
628
650
640
618
614
596
592
576
580
580
574
586
598
612
614
608
596
590
576
572
572
562
560
576
608
622
592
588
576
588
586
600
598
590
590
606
628
636
628
634
634
612
596
608
620
656
674
646
620
636
642
676
688
694
676
658
630
618
626
646
702
660
654
658
626
642
652
670
662
646
614
606
598
606
618
616
598
578
590
592
636
668
642
676
672
694
648
670
660
658
626
626
638
704
710
692
652
628
606
596
592
584
606
628
676
668
654
684
688
704
682
650
670
686
696
680
644
618
618
606
626
612
634
648
676
744
740
700
716
690
644
640
636
636
602
616
610
620
636
632
626
622
618
610
600
594
590
600
628
626
626
626
608
600
588
586
576
570
574
574
580
592
588
590
600
594
596
592
590
592
570
580
578
592
606
616
590
588
582
594
576
578
584
588
578
578
590
608
616
620
620
602
598
580
572
558
562
564
556
552
548
550
554
558
562
570
586
596
590
602
614
610
604
608
608
596
586
588
590
586
606
592
576
582
568
562
552
560
554
560
564
566
568
580
600
580
592
582
578
576
576
568
558
564
568
564
566
570
574
558
582
580
580
570
564
558
556
542
542
530
526
536
532
534
554
556
546
562
568
570
564
560
562
584
624
634
626
618
600
582
570
570
564
564
562
554
548
540
538
532
524
518
514
506
498
500
498
492
488
496
506
506
508
510
508
508
506
502
504
502
504
504
500
500
496
498
498
500
508
508
520
534
528
538
536
534
528
536
534
544
548
548
560
578
578
576
578
580
574
578
590
596
606
582
572
586
578
582
568
580
586
594
580
578
586
600
608
596
576
576
580
572
568
560
558
566
590
654
634
670
644
620
594
578
566
552
538
526
530
526
534
574
714
742
730
700
710
686
672
668
680
648
672
676
650
668
664
650
644
636
626
614
616
612
602
590
588
606
592
590
590
598
602
600
616
616
604
594
578
566
554
550
542
534
548
582
598
586
590
604
608
608
630
632
620
624
640
650
632
618
618
624
626
658
664
660
634
636
650
670
658
636
606
592
586
616
664
636
638
648
634
672
760
716
704
714
726
694
694
670
642
640
622
596
580
574
568
578
594
598
598
580
566
564
564
586
604
618
606
586
588
600
628
664
730
796
818
786
760
748
652
606
596
596
626
658
656
666
626
606
592
574
560
560
550
568
602
640
648
726
642
662
684
692
684
652
630
608
588
574
566
590
618
630
620
598
606
618
638
672
642
654
646
652
638
622
620
594
576
574
574
570
566
572
592
666
660
642
664
648
626
616
606
590
576
566
558
548
544
528
522
516
504
506
510
516
526
526
626
732
766
718
694
632
606
582
570
562
584
594
580
580
584
598
610
602
586
580
572
564
564
554
546
540
538
534
542
542
546
552
548
546
564
580
562
552
564
566
574
622
694
662
648
622
592
580
572
586
600
602
612
612
610
600
596
584
574
580
600
674
696
664
672
670
630
618
604
588
592
594
592
590
586
590
602
620
606
598
588
568
560
558
566
576
562
568
600
648
646
632
644
644
614
610
604
614
600
624
620
602
590
586
580
576
582
584
608
640
612
594
584
580
578
580
582
564
560
562
558
564
606
650
616
638
652
684
658
644
622
612
602
596
594
592
610
650
644
642
716
640
656
644
640
634
602
598
584
584
600
608
618
622
600
592
604
614
628
656
634
658
680
728
680
648
652
642
626
632
644
632
620
598
586
566
578
574
594
612
612
600
602
600
588
596
590
588
582
578
584
590
616
638
680
668
676
646
630
628
632
626
624
610
642
674
682
636
614
606
616
614
638
646
672
674
724
650
660
662
688
670
702
764
742
714
740
756
762
704
696
710
718
702
758
730
710
706
722
706
684
716
732
670
652
632
624
700
698
668
676
692
710
678
696
736
732
704
728
708
768
744
738
712
676
632
614
606
626
656
664
742
796
824
788
746
734
702
630
636
644
712
706
702
742
684
680
680
674
672
618
628
610
616
602
612
602
582
578
578
582
590
628
738
680
756
756
744
748
722
694
692
740
742
678
648
660
630
646
658
752
692
728
658
638
642
642
642
648
658
650
638
616
628
636
672
754
760
788
768
734
686
680
700
762
774
776
782
782
768
758
758
748
726
712
720
724
714
692
634
644
644
642
640
634
632
610
626
632
660
698
658
630
626
622
632
652
650
672
662
662
654
642
616
620
614
624
626
638
646
660
682
654
658
638
618
610
602
610
606
614
646
706
700
686
676
656
634
618
600
594
598
608
606
636
734
728
712
698
674
658
634
614
606
594
578
584
596
666
694
708
670
628
610
614
620
604
594
606
632
642
648
644
650
652
644
626
620
632
658
694
728
702
690
668
646
634
612
616
614
600
604
662
732
788
784
772
750
700
664
632
624
622
620
628
642
664
658
662
662
636
622
616
634
634
658
686
662
668
632
632
632
628
640
684
716
684
658
652
636
656
644
640
626
606
592
604
616
638
662
650
622
628
630
630
626
634
626
614
602
612
640
714
730
744
706
684
666
646
638
628
628
654
650
658
658
652
646
640
636
606
598
602
606
622
632
662
650
640
632
610
602
614
608
632
664
648
662
628
616
610
632
638
648
662
666
662
660
642
614
614
628
674
666
680
698
698
666
638
632
620
642
654
654
688
678
676
656
646
646
626
618
618
644
672
650
676
662
666
646
648
650
648
616
602
610
622
660
700
694
718
680
672
656
638
626
610
596
596
602
602
584
642
688
676
662
670
678
694
658
642
638
632
628
626
640
634
614
622
618
656
666
676
688
680
670
686
654
630
632
656
672
628
648
652
674
704
668
718
680
660
652
658
676
650
614
592
606
622
690
730
748
720
704
656
658
660
656
644
644
650
698
700
686
694
684
688
686
664
652
634
642
654
650
662
732
782
802
702
712
692
666
660
638
636
626
612
632
644
718
700
690
680
682
680
676
664
660
628
622
634
664
672
660
660
644
632
608
612
634
622
630
632
650
646
648
642
634
628
622
624
632
632
664
760
776
764
756
722
688
640
638
652
698
648
742
742
728
694
654
664
672
664
676
696
678
714
688
676
662
630
632
642
752
754
714
676
670
684
682
678
654
648
628
632
622
620
622
624
610
606
604
608
652
714
730
714
702
660
648
630
630
622
626
606
604
586
596
630
684
694
674
686
646
634
648
686
700
696
684
668
644
630
634
632
674
710
706
686
674
652
654
670
684
660
682
670
696
686
670
654
652
624
630
648
702
706
750
698
704
710
702
662
650
646
640
628
618
614
600
590
604
608
608
610
614
612
610
602
592
592
604
632
640
682
778
772
706
660
642
618
604
600
608
636
636
698
718
740
726
714
668
630
600
592
590
664
718
746
742
744
726
670
638
638
618
598
596
618
618
620
610
636
640
650
654
638
648
636
626
652
692
722
676
662
668
698
680
676
692
704
674
708
712
706
708
708
690
664
676
692
684
716
698
722
672
672
662
654
624
604
594
588
614
668
712
738
736
734
698
672
646
634
624
612
620
632
622
654
672
752
700
720
724
690
682
698
712
710
706
712
704
678
668
642
656
650
642
656
680
674
696
684
666
646
634
642
666
724
728
704
696
650
652
652
682
704
704
690
678
646
652
666
692
664
644
656
646
624
626
618
602
594
608
610
624
646
638
674
652
666
642
642
642
640
620
638
644
662
652
672
672
662
676
670
694
674
664
684
692
690
660
668
662
648
664
650
660
646
662
682
692
654
672
684
688
646
642
642
646
648
638
660
672
680
660
682
658
672
662
650
640
638
622
624
630
650
656
668
660
646
646
626
616
602
610
628
630
686
700
718
684
678
674
666
666
654
636
644
642
662
646
664
666
668
652
664
680
678
656
674
674
654
660
650
658
650
646
662
644
672
654
642
634
614
596
590
574
570
588
586
586
600
604
606
618
648
676
646
648
638
632
618
610
606
588
584
574
566
568
570
572
568
568
566
566
560
566
568
574
586
610
632
630
622
620
628
622
618
616
612
614
612
612
600
584
584
586
594
604
614
662
666
644
620
610
602
606
602
620
632
650
650
646
642
632
622
616
602
588
572
570
562
568
596
620
604
592
610
624
632
650
666
714
706
704
668
642
650
646
658
658
676
690
730
716
684
676
676
662
626
626
614
610
616
638
632
614
630
636
672
672
676
706
742
706
676
706
716
686
686
712
732
734
728
654
630
620
618
632
704
660
664
706
742
726
736
746
752
698
676
658
652
640
634
622
616
630
638
704
668
678
734
734
710
668
630
626
630
636
642
624
612
622
618
606
608
630
674
706
696
770
760
730
700
706
704
686
664
680
672
680
650
674
686
676
656
684
680
696
654
658
660
672
652
624
632
610
624
642
624
612
622
630
628
626
662
674
656
696
688
682
670
640
636
634
624
598
604
594
608
606
610
604
618
608
598
590
582
592
600
612
624
616
644
656
654
652
664
674
654
636
664
668
654
668
684
698
728
668
670
680
696
678
732
686
736
732
726
698
674
656
636
616
606
604
612
648
672
724
700
704
720
678
668
662
670
658
632
636
640
670
658
642
628
610
606
588
586
584
592
610
620
608
610
638
654
664
682
644
628
612
606
612
618
618
610
606
620
688
816
806
738
676
648
628
610
592
582
580
580
584
598
620
638
654
646
680
680
682
652
650
650
672
680
658
696
808
844
824
786
728
678
648
624
610
598
584
582
578
590
674
794
760
744
758
744
710
684
652
628
622
602
606
602
588
590
596
640
666
660
638
630
612
596
588
582
580
578
576
574
594
652
668
718
706
688
686
640
634
630
634
642
642
648
620
610
618
620
608
636
648
642
676
684
690
690
678
674
686
680
662
654
662
664
654
694
726
712
690
680
700
692
680
658
670
670
658
654
642
644
636
632
610
600
602
600
622
640
630
652
634
636
648
638
646
674
714
726
710
690
700
676
648
648
636
626
632
644
678
658
688
676
676
670
664
648
642
622
604
606
610
628
648
650
636
654
688
672
666
640
622
628
626
648
646
640
626
626
620
624
634
620
648
632
636
620
642
706
672
676
632
604
594
590
594
622
642
654
654
626
606
606
600
596
590
592
592
598
628
722
684
696
682
688
666
654
626
614
614
600
586
588
594
636
648
630
648
648
644
664
650
640
624
608
616
626
666
696
720
712
704
682
660
646
644
646
654
670
722
720
708
700
688
654
642
638
708
708
656
660
668
700
700
680
650
638
636
638
640
648
652
652
666
670
650
648
658
684
702
688
678
650
634
628
612
600
608
604
658
702
734
718
706
688
662
630
632
632
640
650
626
630
632
646
674
676
642
650
644
638
636
628
620
610
598
596
596
634
658
636
648
644
662
668
656
630
606
606
596
594
588
594
596
608
624
600
598
588
598
604
600
600
604
610
628
654
642
630
618
606
596
582
588
580
610
652
638
642
622
632
636
652
654
634
630
632
646
668
646
622
624
618
622
636
640
632
642
638
636
632
634
632
616
628
624
614
610
592
606
606
608
608
610
602
602
586
584
578
578
572
564
570
566
568
558
564
560
556
562
562
582
642
620
642
680
686
656
632
610
606
600
598
598
592
606
626
630
646
666
642
624
628
592
598
590
576
572
580
588
600
616
620
618
604
592
582
568
564
554
562
572
578
572
570
566
564
586
600
604
620
638
648
638
644
642
634
618
620
616
624
618
610
600
590
588
572
580
576
572
574
590
588
618
608
600
590
590
580
580
582
586
582
578
590
594
600
618
622
624
606
620
622
626
620
610
620
618
610
608
610
618
620
610
624
626
616
614
618
606
588
592
590
610
618
608
598
600
610
608
600
602
592
582
558
560
550
554
560
562
576
580
568
572
566
562
578
568
574
590
598
586
584
582
584
568
576
572
562
572
562
564
568
570
572
576
568
564
578
602
628
626
602
598
588
580
564
564
576
590
590
590
614
636
608
598
588
582
574
586
568
568
578
580
578
582
600
604
596
626
650
672
688
616
600
592
580
590
610
596
598
634
668
670
648
628
630
618
602
618
666
804
704
680
674
688
650
632
608
606
620
660
632
644
648
630
620
626
612
594
618
628
634
616
640
642
632
614
642
674
676
654
680
696
676
706
780
766
776
714
744
736
764
694
642
620
662
782
798
786
770
754
726
672
662
672
732
744
712
686
708
710
688
674
664
640
618
606
588
576
566
582
592
588
612
618
616
680
784
780
776
716
692
658
632
634
634
624
634
626
620
616
616
612
608
598
614
612
594
616
620
628
630
624
616
606
604
598
576
586
602
662
726
742
708
702
668
626
618
624
654
658
736
704
736
738
678
642
614
598
604
592
582
588
584
586
602
628
642
644
668
760
742
708
664
624
616
636
654
652
722
810
794
730
722
692
678
650
636
632
632
638
634
652
656
644
646
644
626
638
646
646
648
628
600
582
574
576
602
658
750
726
758
780
766
754
692
652
652
688
744
690
714
736
724
672
662
662
652
640
660
656
666
648
648
662
684
650
646
646
626
610
608
594
574
568
596
604
600
586
598
618
658
664
636
630
646
658
668
652
622
606
584
578
578
592
618
642
748
742
716
728
732
700
662
650
638
632
632
638
640
616
614
598
598
598
582
594
600
590
592
596
596
590
584
576
574
564
556
546
544
544
552
554
566
560
574
574
572
576
570
564
550
554
554
560
570
574
568
570
574
580
598
614
598
594
578
568
574
588
596
592
588
582
576
560
558
574
606
620
618
638
668
644
624
596
582
568
562
554
552
562
590
640
692
662
666
632
612
598
572
562
560
578
586
586
596
660
748
738
742
686
670
630
628
614
606
610
586
586
592
628
712
658
764
732
726
750
714
668
666
668
640
662
710
706
688
716
706
692
682
642
612
608
596
582
602
626
658
834
816
766
746
736
672
610
602
588
580
558
562
572
592
638
736
750
728
692
666
646
622
626
622
632
688
742
700
750
678
656
606
608
580
616
664
732
692
712
694
658
644
624
614
654
722
652
682
776
764
770
730
698
660
644
626
618
618
610
630
728
732
710
668
650
642
646
628
610
598
584
586
634
742
758
738
760
730
686
640
608
598
598
642
660
668
636
610
604
590
596
644
658
666
658
634
612
624
666
714
690
692
662
658
638
622
602
596
686
850
818
824
818
782
730
724
684
726
754
752
720
724
738
760
746
736
772
792
790
778
764
722
712
720
738
732
726
744
760
754
754
776
760
730
730
724
704
706
694
702
706
646
614
610
586
576
582
602
622
608
630
638
618
606
610
604
590
604
606
616
600
614
612
604
598
594
596
584
578
578
574
566
562
556
560
564
564
584
576
566
582
576
590
580
576
582
592
604
604
632
644
652
666
670
654
636
630
618
630
628
644
638
650
630
618
638
652
632
642
644
676
686
674
656
656
640
638
640
650
650
634
656
688
660
662
646
622
616
610
598
600
600
606
608
598
584
588
592
580
588
610
632
626
664
650
632
646
646
620
650
630
664
658
686
642
672
634
636
646
652
682
742
722
730
754
762
750
720
716
718
678
690
696
724
724
686
642
636
620
650
678
670
632
614
620
630
630
608
620
620
652
688
662
636
630
650
740
810
794
774
746
690
656
644
674
734
766
758
742
726
712
682
642
628
622
608
628
652
778
756
682
678
646
630
608
626
646
680
706
792
736
746
762
730
720
668
662
674
672
640
628
608
610
640
664
666
698
766
704
724
750
678
684
680
718
744
722
738
714
668
648
668
700
742
720
720
690
648
664
682
700
708
706
720
694
696
682
658
636
644
686
756
770
758
746
720
682
654
640
634
638
650
666
746
710
692
698
706
680
662
662
634
614
616
636
642
744
764
740
680
634
640
646
646
624
652
658
664
680
750
734
726
750
768
756
732
730
732
710
724
706
718
728
740
742
728
714
676
672
658
630
636
640
692
688
692
672
660
648
618
612
612
634
732
734
724
694
674
656
642
630
624
618
608
608
638
622
596
604
622
646
660
652
642
636
616
626
632
648
650
634
616
626
650
720
674
674
714
746
744
718
714
714
718
706
676
648
612
620
610
612
628
642
648
636
650
720
736
666
646
642
620
604
606
602
602
602
614
618
638
650
678
662
678
702
692
666
688
726
666
668
676
640
658
676
644
662
662
664
660
650
626
624
626
660
720
660
694
732
694
678
694
700
672
648
654
630
634
632
618
608
610
632
750
712
698
670
648
618
622
620
636
628
638
672
724
704
678
682
684
634
608
588
604
628
656
636
666
724
692
760
766
758
718
694
688
688
640
630
654
704
736
666
648
630
604
602
610
614
606
612
648
708
682
706
678
658
636
626
622
612
606
620
668
790
746
774
766
740
700
680
636
608
624
656
652
700
788
730
710
718
686
664
656
654
672
676
664
648
676
704
740
714
696
654
642
628
598
588
588
610
628
682
694
692
636
644
622
608
598
596
588
590
598
604
602
596
596
584
586
582
582
588
596
592
576
562
564
580
616
620
630
654
706
668
690
676
674
658
656
646
632
652
658
678
676
680
636
640
630
662
636
658
626
668
664
720
702
672
688
718
712
696
684
672
648
618
618
624
674
742
752
752
696
734
732
710
674
638
614
602
594
600
666
808
794
792
778
766
730
698
634
620
630
682
706
816
800
794
768
738
748
746
724
714
668
634
616
620
648
706
664
670
722
730
682
738
724
690
658
674
686
658
686
670
648
690
680
662
724
726
700
720
756
698
722
702
676
660
634
610
618
638
708
728
696
682
702
712
656
662
668
700
688
712
666
664
638
648
614
614
610
600
596
598
588
590
604
618
616
604
620
618
600
598
588
584
570
570
570
566
564
564
570
592
586
602
608
582
588
586
572
566
552
546
540
532
544
560
566
558
562
566
568
562
566
574
568
554
556
560
560
558
564
566
572
562
556
554
558
560
550
550
554
562
586
590
582
614
620
630
622
608
600
588
576
586
586
596
590
598
624
638
648
616
612
620
632
630
594
594
590
582
590
590
600
598
592
590
570
562
556
586
746
756
748
726
732
690
622
602
588
604
636
692
686
674
644
646
634
626
624
622
626
630
656
638
626
638
652
624
640
666
710
662
640
638
620
612
594
588
588
598
618
626
598
624
672
662
624
624
618
598
594
592
604
602
606
634
664
638
664
684
710
674
650
666
666
656
664
694
678
650
644
630
622
600
608
610
604
638
646
650
628
658
674
678
650
664
668
642
678
690
674
690
716
718
694
708
718
690
712
780
792
776
764
778
780
734
740
728
696
702
682
648
640
652
674
658
680
660
634
616
604
592
580
586
582
594
608
604
602
614
630
654
636
644
652
658
660
626
650
656
686
680
730
700
724
686
710
698
686
718
722
720
682
708
728
718
688
700
714
684
654
674
712
680
750
708
686
690
698
692
664
704
746
680
734
730
728
684
712
728
692
676
684
688
664
656
678
706
678
692
704
678
646
646
626
604
600
580
586
610
634
614
632
660
660
620
614
624
614
638
670
726
722
736
700
658
628
616
606
592
598
612
680
730
736
768
728
702
664
622
612
604
630
648
692
776
840
812
822
814
814
796
784
666
632
620
650
708
704
710
642
634
612
602
634
664
642
696
748
696
726
726
734
694
732
728
720
708
762
796
784
768
748
716
678
660
644
644
614
618
626
652
732
712
738
722
686
666
648
662
674
678
664
642
624
636
660
662
710
824
828
778
750
772
776
696
642
636
620
598
614
620
610
610
632
704
704
664
664
654
638
636
642
638
636
664
690
654
652
668
668
644
666
662
664
632
636
632
630
622
640
648
670
654
698
716
708
678
702
698
672
698
686
674
642
660
646
644
642
644
630
620
602
604
620
614
630
638
616
642
638
636
612
630
646
656
630
684
734
748
704
738
732
694
658
686
704
704
674
672
672
648
636
664
716
684
714
732
748
692
690
706
708
676
764
778
762
712
710
700
656
648
644
626
626
642
654
738
660
694
682
654
628
622
614
610
608
608
600
590
598
598
588
610
630
664
636
676
720
686
680
