1054
1136
1048
956
964
1006
1040
986
1034
1104
1128
1070
1128
1148
1146
1078
1104
1140
1124
1056
1060
1104
1128
1090
1118
1068
1086
1036
1084
1202
1246
1156
1268
1230
1160
1186
1170
1088
1096
1074
1070
1034
1046
1140
1186
1160
1190
1198
1184
1104
1132
1120
1098
1050
1090
1090
1122
1072
1080
1092
1096
1076
1102
1132
1118
1044
1024
1082
1144
1112
1218
1266
1198
1126
1194
1188
1130
1060
1076
1150
1108
1072
1110
1172
1120
1060
1072
1092
1086
1026
1014
1062
1092
1060
1086
1130
1146
1086
1016
1088
1152
1108
1206
1254
1166
1160
1204
1210
1122
1104
1098
1088
1078
1180
1318
1262
1160
1250
1218
1134
1144
1182
1108
1070
1106
1164
1152
1110
1126
1180
1174
1146
1080
1116
1138
1118
1058
1062
1116
1142
1088
1104
1164
1178
1096
1074
1122
1172
1114
1062
1104
1164
1154
1090
1110
1132
1150
1098
1130
1192
1166
1112
1220
1216
1140
1132
1154
1144
1096
1098
1150
1152
1110
1108
1154
1158
1110
1126
1196
1192
1140
1140
1196
1184
1114
1102
1140
1178
1116
1068
1116
1130
1090
1110
1172
1192
1112
1152
1186
1142
1152
1154
1094
1118
1172
1136
1076
1088
1118
1126
1080
1108
1156
1142
1098
1146
1168
1134
1098
1168
1184
1138
1086
1136
1162
1140
1080
1160
1198
1130
1138
1170
1140
1076
1086
1110
1142
1098
1086
1170
1168
1126
1064
1114
1102
1070
1110
1108
1068
1104
1144
1164
1114
1162
1182
1152
1094
1146
1160
1144
1092
1108
1124
1144
1084
1110
1176
1156
1098
1118
1138
1120
1084
1098
1130
1114
1068
1094
1116
1086
1076
1150
1104
1064
1078
1092
1068
1018
1056
1076
1054
1054
1132
1178
1112
1144
1150
1146
1074
1072
1106
1126
1082
1060
1080
1102
1068
1052
1084
1142
1104
1084
1096
1144
1092
1038
1044
1062
1044
1028
1104
1132
1072
1080
1138
1140
1078
1104
1140
1138
1066
1092
1136
1142
1074
1114
1144
1100
1074
1132
1146
1096
1100
1154
1148
1104
1120
1158
1172
1118
1122
1176
1186
1120
1104
1130
1150
1138
1086
1114
1158
1146
1080
1088
1142
1150
1094
1096
1128
1124
1080
1108
1148
1136
1088
1140
1168
1154
1074
1110
1144
1126
1068
1104
1174
1148
1090
1098
1154
1176
1116
1150
1214
1162
1098
1146
1160
1134
1072
1096
1144
1126
1096
1064
1152
1178
1134
1076
1090
1140
1170
1108
1104
1196
1182
1118
1118
1128
1102
1052
1070
1114
1088
1054
1100
1140
1112
1074
1104
1138
1104
1096
1150
1154
1086
1086
1136
1134
1078
1082
1104
1114
1076
1080
1180
1186
1150
1104
1204
1200
1164
1094
1136
1160
1154
1094
1098
1154
1140
1086
1082
1112
1098
1068
1168
1234
1142
1146
1192
1184
1090
1106
1120
1092
1054
1090
1110
1064
1088
1118
1118
1066
1074
1088
1070
1042
1084
1098
1068
1040
1078
1140
1146
1094
1086
1108
1130
1070
1054
1070
1068
1032
1060
1128
1100
1072
1140
1144
1098
1142
1184
1148
1070
1110
1124
1154
1090
1090
1140
1124
1066
1070
1122
1134
1090
1134
1190
1180
1096
1096
1132
1136
1084
1104
1124
1142
1080
1090
1120
1088
1024
1000
1132
1198
1130
1204
1316
1234
1136
1168
1196
1194
1070
1070
1156
1282
1226
1148
1258
1300
1206
1132
1190
1184
1136
1080
1094
1118
1112
1058
1048
1070
1066
1040
1046
1104
1112
1056
1072
1124
1110
1070
1106
1132
1062
1048
1088
1102
1078
1030
1072
1144
1144
1070
1078
1110
1142
1086
1104
1162
1148
1090
1102
1156
1154
1100
1106
1140
1126
1070
1106
1124
1104
1072
1130
1148
1120
1050
1080
1108
1104
1050
1078
1120
1112
1068
1106
1148
1152
1084
1096
1136
1148
1102
1116
1144
1180
1092
1094
1138
1102
1092
1132
1114
1060
1024
1094
1206
1122
1176
1258
1202
1144
1172
1186
1118
1110
1164
1164
1100
1076
1134
1142
1102
1098
1178
1206
1132
1114
1178
1160
1098
1110
1158
1142
1088
1144
1170
1094
1106
1142
1132
1082
1078
1104
1078
1070
1128
1238
1230
1150
1234
1264
1176
1102
1152
1186
1128
1114
1176
1186
1108
1094
1144
1190
1138
1076
1150
1198
1144
1104
1130
1156
1098
1058
1074
1144
1120
1076
1128
1184
1160
1090
1120
1150
1100
1060
1044
1030
968
980
1118
1174
1164
1100
1094
1122
1154
1114
1120
1136
1138
1042
984
1020
1154
1302
1188
1232
1304
1240
1144
1126
1136
1148
1120
1124
1174
1140
1074
1166
1164
1108
1046
1014
1016
1006
972
1026
1196
1256
1178
1256
1256
1206
1140
1176
1180
1072
1098
1142
1150
1128
1178
1260
1218
1142
1206
1162
1108
1152
1110
1062
1066
1114
1128
1104
1272
1288
1200
1200
1254
1168
1092
1132
1118
1068
1062
1148
1154
1116
1120
1168
1172
1074
1040
1082
1170
1082
1064
1156
1218
1222
1160
1200
1224
1204
1146
1154
1216
1228
1216
1124
1160
1202
1186
1138
1140
1190
1188
1146
1128
1192
1200
1122
1142
1154
1126
1070
1100
1230
1216
1146
1202
1228
1142
1186
1236
1178
1182
1200
1112
1056
1106
1142
1190
1162
1284
1310
1234
1142
1200
1190
1140
1174
1156
1138
1100
1128
1162
1166
1120
1130
1162
1154
1114
1120
1172
1184
1116
1104
1154
1116
1066
1094
1134
1112
1084
1134
1112
1014
966
1018
1108
1108
1222
1320
1252
1204
1306
1284
1224
1136
1174
1168
1106
1152
1176
1146
1100
1148
1170
1182
1112
1120
1146
1124
1064
1100
1124
1072
1052
1134
1176
1136
1078
1126
1168
1146
1082
1094
1134
1150
1076
1134
1164
1140
1050
1010
1070
1170
1158
1120
1212
1284
1226
1132
1150
1178
1160
1092
1112
1128
1120
1064
1058
1122
1130
1100
1102
1146
1136
1102
1138
1194
1186
1118
1164
1166
1122
1178
1188
1118
1052
1094
1194
1168
1148
1280
1258
1150
1196
1228
1140
1054
1032
962
918
1002
1102
1066
1074
1178
1212
1174
1100
1116
1132
1144
1072
1066
1106
1186
1186
1122
1196
1220
1196
1146
1066
1070
1056
1070
1036
1014
1060
1042
1012
1022
1060
1014
984
1018
1046
1034
978
946
998
1092
1060
1050
1182
1302
1210
1210
1264
1242
1162
1200
1226
1194
1138
1192
1206
1190
1154
1048
1058
1096
1164
1100
1154
1328
1278
1170
1276
1248
1160
1158
1180
1170
1112
1110
1130
1158
1092
1120
1180
1170
1098
1140
1168
1118
1054
1042
1142
1308
1218
1324
1232
1224
1148
1236
1246
1168
1088
1098
1198
1260
1184
1268
1256
1178
1178
1166
1146
1102
1140
1190
1174
1160
1198
1168
1106
1128
1158
1098
1036
984
1046
1256
1182
1258
1276
1200
1236
1246
1188
1094
1118
1148
1148
1126
1206
1216
1188
1138
1158
1176
1154
1098
1104
1122
1134
1082
1064
1110
1136
1082
1056
1144
1176
1142
1096
1142
1182
1112
1082
1116
1112
1060
1080
1120
1080
1092
1138
1140
1060
1092
1122
1160
1110
1172
1242
1150
1132
1156
1156
1102
1062
1112
1194
1176
1108
1160
1224
1212
1112
1112
1150
1166
1092
1086
1128
1180
1164
1128
1168
1220
1194
1088
1016
1078
1154
1110
1172
1352
1232
1188
1272
1256
1216
1126
1136
1176
1188
1162
1094
1096
1134
1172
1152
1112
1154
1208
1160
1090
1098
1140
1110
1054
1060
1108
1202
1130
1172
1238
1216
1130
1154
1182
1170
1096
1118
1192
1180
1102
1104
1146
1146
1094
1088
1138
1140
1122
1042
1004
1096
1222
1200
1138
1300
1306
1230
1138
1216
1222
1180
1100
1120
1148
1134
1074
1112
1140
1120
1078
1082
1150
1168
1126
1068
1096
1128
1078
1030
1034
1048
1078
1010
998
988
1004
1004
1128
1106
1158
1098
1198
1240
1204
1120
1168
1146
1106
1036
1042
1052
1110
1082
1194
1218
1228
1152
1176
1184
1142
1096
1146
1158
1122
1176
1184
1134
1034
1022
1094
1204
1200
1184
1314
1238
1144
1192
1218
1148
1094
1142
1148
1128
1066
1042
1108
1180
1150
1128
1290
1216
1134
1144
1172
1114
1060
1064
1114
1172
1118
1164
1234
1202
1114
1126
1182
1218
1154
1108
1210
1214
1124
1140
1166
1198
1160
1100
1128
1162
1134
1136
1130
1200
1192
1196
1194
1092
1102
1190
1174
1096
1190
1282
1148
1182
1210
1114
1134
1176
1162
1088
1090
1148
1160
1106
1132
1160
1156
1098
1104
1156
1178
1146
1198
1230
1190
1216
1212
1164
1180
1172
1188
1226
1246
1202
1232
1290
1218
1282
1214
1110
1202
1248
1186
1234
1242
1152
1180
1210
1192
1194
1198
1202
1198
1214
1146
1164
1122
1126
1102
1088
1080
1098
1036
982
1030
1124
1050
1040
1076
1064
1020
978
982
972
946
966
998
1010
1012
1110
1082
1054
1094
1126
1086
1078
1100
1048
1014
1040
1100
1180
1134
1172
1232
1164
1156
1112
1046
970
994
1086
1130
1090
1144
1176
1100
1090
1080
1040
978
980
984
980
988
1050
1046
1038
1074
1032
1034
1000
966
986
1012
980
954
1014
1038
1018
1020
1070
1060
1076
1066
1030
1020
1034
970
942
946
962
1002
938
918
996
1070
1046
992
1010
1016
994
934
972
986
1006
1006
1010
1058
1088
1062
1064
1086
1052
1020
1014
1026
940
938
968
990
982
968
1096
1098
1014
960
1008
1020
1030
994
1022
1108
1100
1048
1060
1066
1058
1024
1024
1044
1038
1026
956
986
998
1026
1042
1008
1046
1082
1032
1000
1032
1034
1028
1008
1036
1020
972
954
1030
1076
1046
988
974
1028
1008
972
928
1062
1146
1168
1162
1222
1130
1054
1028
1040
1030
1000
1032
1052
1014
974
1004
1016
1002
1046
1066
1066
1068
1008
1012
1000
946
990
980
974
942
934
894
916
1074
1130
1100
1224
1156
1088
1118
1114
1110
1060
1104
1136
1124
1184
1188
1126
1184
1192
1160
1224
1210
1190
1254
1190
1256
1226
1226
1262
1228
1196
1126
1024
1138
1562
1200
1232
1314
1262
1138
1142
1148
1106
1150
1144
1140
1174
1128
1102
1128
1116
1114
1140
1110
1086
1156
1182
1112
1134
1120
1038
1038
994
964
1020
1222
1168
1064
1056
1120
1192
1202
1124
1140
1136
1132
1106
1066
1082
1060
1032
1060
1082
1040
1068
1082
1046
1084
1130
1102
1082
1104
1070
1074
1076
1066
1080
1074
1086
1116
1158
1166
1146
1086
1126
1140
1120
1130
1152
1122
1154
1172
1218
1180
1198
1190
1152
1164
1152
1110
1106
1110
1092
1148
1058
972
1010
1568
1298
1266
1302
1198
1148
1130
1064
1032
1020
996
986
1010
1068
1016
1028
1078
1028
1026
1068
1032
1090
1084
1068
1086
1066
1032
1042
1062
1034
1072
1070
1056
1074
1044
1044
1036
1002
1028
1038
998
1006
1008
1000
1028
1034
1046
1012
1034
1048
1004
1028
1058
1016
1120
1130
1102
1152
1124
1068
1084
1050
978
962
966
962
918
912
1028
1080
1032
996
1056
1100
1062
972
980
974
1000
1010
1088
1104
1122
1128
1100
1112
1088
1052
1078
1072
1068
1140
1116
1098
1078
1058
1086
1132
1234
1236
1168
1182
1218
1210
1108
1172
1176
1170
1132
1226
1102
1020
1016
1076
1016
1100
1254
1230
1132
1144
1162
1158
1134
1072
1106
1140
1134
1112
1128
1114
1108
1190
1150
1194
1184
1160
1176
1166
1170
1126
1168
1136
1024
982
900
882
890
912
992
918
928
906
890
870
832
822
790
788
780
760
746
726
712
716
716
756
888
842
944
1262
1254
1176
1318
1318
1216
1276
1304
1234
1206
1314
1288
1154
1226
1202
1144
1192
1214
1148
1196
1282
1204
1206
1232
1188
1174
1294
1246
1202
1220
1160
1202
1216
1154
1214
1216
1142
1168
1146
1210
1224
1198
1278
1190
1172
1188
1128
1124
1160
1182
1142
1172
1168
1210
1218
1176
1208
1172
1180
1142
1192
1168
1122
1076
1012
1046
1152
1076
1192
1128
1096
1150
1056
1026
1022
1008
976
984
1002
1000
988
1008
1086
1114
1120
1160
1182
1136
1136
1118
1000
964
1030
1140
1144
1320
1342
1216
1250
1210
1200
1180
1134
1156
1174
1144
1158
1162
1116
1138
1118
1090
1142
1154
1130
1166
1130
1174
1196
1132
1156
1160
1120
1144
1166
1102
1158
1150
1110
1122
1118
1024
994
994
974
964
1044
1116
1292
1186
1210
1176
1104
1064
1060
978
916
934
986
1070
1058
1200
1304
1252
1180
1214
1180
1078
1014
1024
1054
1056
1112
1272
1236
1172
1178
1140
1108
1110
1074
1092
1106
1090
1084
1074
1080
1080
1056
1100
1096
1074
1090
1102
1066
1086
1052
1034
1056
1100
1118
1124
1182
1140
1124
1120
1058
1076
1060
1018
1064
1074
1068
1124
1130
1106
1096
1092
1066
1036
1066
1044
1050
1032
1064
1076
1094
1148
1120
1062
1090
1060
1014
1036
1016
980
990
1050
1040
1088
1100
1116
1114
1050
1060
1022
1024
1020
1004
998
976
1020
998
998
1000
980
1048
1096
1098
1046
1124
1126
1086
1118
1128
1062
1066
1032
1044
1046
1128
1108
1170
1216
1148
1124
1140
1082
1086
1066
958
916
948
1052
1068
1316
1476
1312
1146
1198
1196
1166
1086
1076
1096
1096
1080
1102
1166
1144
1100
1136
1138
1084
1066
1064
1026
1012
1034
1002
984
1034
1040
1008
1012
998
958
968
972
944
916
960
956
900
902
972
1004
1022
1024
1082
1104
1038
1044
1058
1058
1046
1012
1032
1080
1106
1072
1092
1124
1138
1088
1106
1116
1082
1092
1112
1070
1092
1080
974
988
1010
960
1046
1088
942
892
868
838
814
802
792
784
782
778
772
766
764
754
742
734
732
724
720
712
700
704
698
708
734
734
734
736
760
826
970
996
996
1036
1242
1234
1230
1164
1182
1208
1182
1156
1206
1162
1154
1216
1142
1130
1162
1110
1102
1188
1120
1078
1102
1086
1044
1060
1138
1150
1046
998
1102
1142
1052
1074
1170
1198
1132
1182
1198
1106
1074
1104
1080
1050
1078
1134
1120
1176
1180
1126
1138
1142
1120
1100
1142
1174
1104
1088
1096
1106
1072
1072
1054
1018
1056
1092
1182
1104
1114
1128
1078
1094
1094
1046
1026
1034
1062
1086
1066
1092
1092
1060
1096
1120
1098
1128
1154
1068
1022
1114
1216
1098
986
1084
1220
1146
1226
1242
1144
1154
1146
1096
1060
1098
1118
1108
1104
1114
1098
1128
1094
1100
1136
1116
1118
1180
1152
1114
1148
1146
1086
1096
1058
1078
1042
1102
1242
1158
1166
1124
1032
1064
1074
1040
1076
950
888
846
844
928
1066
1356
1266
1176
1122
1190
1184
1122
1064
1092
1100
1078
1088
1132
1138
1098
1168
1158
1100
1112
1146
1152
1088
1076
1130
1130
1094
1106
1126
1104
1152
1170
1118
1134
1144
1086
1056
1052
1046
1034
1128
1190
1116
1130
1154
1112
1106
1120
1114
1108
1070
1080
1120
1032
1062
1178
1210
1080
1092
1142
1164
1102
1090
1136
1116
1084
1124
1128
1088
1116
1150
1082
1086
1058
1018
964
1012
1136
1126
1092
1134
1126
1038
892
862
846
814
866
1272
1206
978
942
922
878
860
898
994
1036
1026
1018
970
968
1004
1018
1012
996
964
1018
1032
1004
984
1050
1102
1076
1046
1084
1078
1012
954
954
996
964
906
984
1116
1114
1010
1012
1086
1134
1092
1112
1234
1218
1182
1208
1164
1144
1084
1130
1162
1108
1006
1022
1064
1076
1242
1184
1074
1174
1268
1148
1224
1230
1214
1150
1172
1192
1164
1110
1146
1138
1090
1088
1098
1088
1042
1006
1066
1110
1132
1090
1074
1118
1110
1066
1060
1084
1034
988
1006
1028
982
970
1008
1038
1012
992
1054
1072
1032
1054
1072
1054
1062
1056
1036
1050
1046
1014
1038
1006
964
986
1000
984
914
898
940
1014
980
1070
1154
1098
1026
1064
1078
1042
996
1038
1080
1100
1064
1072
1132
1150
1138
1100
1138
1146
1138
1068
1034
1090
1198
1110
1024
1036
1132
1262
1122
1050
944
884
866
876
926
1138
1080
1202
1228
1210
1126
1098
1140
1132
1102
1126
1126
1094
1024
1056
1074
1100
1120
1190
1128
1142
1078
1082
1106
1014
928
892
892
918
1098
960
978
940
1308
1222
1108
1128
1156
1144
1082
1052
1086
1082
1092
1056
1076
1122
1152
1122
1114
1150
1144
1090
1090
1118
1100
1058
1084
1098
1086
1016
956
1018
1092
1120
1116
1034
1034
1058
988
928
966
1060
994
970
1046
1106
1076
1074
1032
968
894
868
944
1126
1078
1196
1246
1230
1142
1162
1204
1204
1178
1192
1150
1136
1136
1102
1102
1070
1054
1054
1048
962
910
952
1046
934
930
1062
924
924
928
924
932
1038
1030
988
1016
1066
1038
932
886
890
926
994
1072
1092
1196
1222
1224
1210
1158
1132
1156
1172
1158
1106
1052
1052
1098
1130
1080
976
1114
1156
1092
1030
1044
918
876
884
888
888
992
1388
1264
1172
1188
1212
1192
1194
1110
1084
1126
1158
1144
1120
1060
1054
1110
1166
1102
1006
1040
1074
1056
1020
954
1008
1070
1026
948
892
892
870
854
846
844
864
890
922
1064
1082
1062
990
1022
1040
1006
1034
1088
1096
1090
1094
1162
1172
1176
1122
1132
1180
1138
1136
1114
1166
1234
1182
1118
1068
1176
1166
1148
1094
1168
1208
1182
1116
1140
1186
1166
1110
1136
1146
1130
1094
1100
1120
1132
1110
1106
1122
1128
1104
1102
1152
1136
1104
1074
1104
1106
1106
1066
1078
1084
1100
1070
1042
1058
1068
1056
1006
1010
1060
1114
1072
1094
1092
1026
964
962
1036
1088
1078
1196
1228
1150
1170
1182
1148
1100
1110
1102
1066
1092
1136
1126
1068
1080
1062
1042
1064
1112
1094
1080
1082
1110
1076
1082
1090
1030
1002
1038
1036
1026
1092
1150
1140
1180
1186
1192
1200
1170
1192
1178
1170
1156
1156
1180
1176
1184
1158
1226
1112
1060
1100
1110
1090
1184
1242
1214
1172
1264
1230
1166
1122
1128
1134
1094
1058
1040
1064
1076
1022
1078
1298
1394
1236
1320
1172
1032
958
962
994
894
860
844
854
832
818
830
850
892
918
938
952
952
942
918
922
938
972
1012
1048
1144
1136
1022
1174
1306
1104
1096
1134
1056
1080
1072
1064
1168
1270
1280
1204
1248
1250
1224
1164
1168
1134
1168
1142
1176
1080
1084
1222
1262
1234
1280
1292
1242
1252
1206
1146
1112
1134
1142
1110
1054
1012
1040
1056
1024
1018
1166
1192
1152
1184
1152
1144
1100
1104
1118
1132
1100
1094
1118
1114
1072
1092
1096
1110
1086
1054
1056
1094
1128
1094
1052
1064
1032
978
952
1076
1124
1092
1016
1116
1114
1070
1144
1160
1078
1072
1052
1050
1016
1062
1106
1120
1116
1060
982
936
948
970
972
942
1076
1126
1086
1086
1166
1234
1212
1184
1136
1146
1136
1114
1098
1064
1050
988
964
984
1034
994
956
956
984
924
880
874
862
860
848
860
920
970
990
966
1022
992
1006
980
1038
1078
1128
1136
1126
1090
1074
1034
1060
1040
1146
1214
1132
1152
1208
1164
1092
1130
1132
1088
1098
1146
1186
1114
1132
1160
1186
1182
1134
1146
1166
1166
1126
1160
1194
1120
1146
1132
1216
1192
1166
1192
1176
1128
1168
1174
1150
1164
1150
1164
