778
798
834
874
904
898
874
820
842
820
816
804
788
784
766
780
800
828
880
910
920
888
850
840
846
830
792
762
750
756
740
764
828
876
890
896
880
864
816
772
790
796
782
830
888
922
402
464
826
784
756
738
732
728
720
706
694
672
664
648
638
630
620
620
622
626
628
626
660
704
736
726
712
706
714
732
770
784
774
750
722
712
688
676
672
678
678
670
678
676
658
648
650
648
654
686
718
730
722
736
738
722
732
700
710
700
690
686
682
676
668
664
652
664
672
670
680
724
830
886
922
884
924
886
802
800
758
720
694
684
666
658
656
650
648
652
668
660
666
684
670
668
670
668
662
654
654
632
622
628
650
686
672
708
736
774
766
734
732
734
736
738
798
850
892
924
924
874
850
820
794
764
774
782
808
802
780
758
732
728
752
794
792
758
746
732
710
696
674
694
710
760
788
826
852
896
894
862
802
768
728
706
684
680
676
660
674
688
702
714
720
746
744
720
712
700
692
700
724
710
710
736
744
728
726
706
696
692
690
708
770
790
782
778
794
744
786
790
716
720
692
666
686
674
660
672
644
644
614
612
602
600
598
618
608
612
612
620
620
622
628
624
620
622
608
606
596
602
602
590
596
594
602
632
630
660
672
670
692
728
760
752
740
722
694
686
690
678
660
656
664
670
708
736
716
710
742
594
648
630
624
626
650
666
674
664
666
664
662
644
630
628
634
636
646
672
662
682
710
730
702
698
706
690
678
674
646
634
644
684
712
726
718
676
650
620
808
418
746
496
640
692
728
760
742
732
740
734
712
706
670
682
672
662
652
648
634
634
638
642
656
676
704
696
700
700
710
714
748
732
722
712
696
680
646
646
646
642
668
688
710
736
736
736
736
720
738
716
734
754
762
774
762
778
750
748
752
764
752
720
688
684
690
682
684
688
692
668
674
666
660
652
652
642
644
666
680
704
570
768
664
646
650
656
672
700
748
788
786
754
732
724
688
690
688
690
702
698
722
734
734
722
720
702
700
706
698
698
698
682
666
658
658
650
654
680
688
682
726
730
734
752
746
728
722
698
674
662
652
632
626
648
690
692
752
806
816
782
756
744
730
686
662
642
638
644
634
658
686
760
772
732
754
770
776
766
756
740
760
762
752
762
770
760
762
766
754
762
776
784
800
816
810
804
794
766
748
752
748
758
784
788
800
780
792
780
770
786
794
782
754
764
750
750
782
766
788
794
796
794
780
768
752
740
726
728
728
726
736
736
758
760
734
726
724
722
734
744
748
734
710
720
720
738
724
708
728
742
740
750
740
742
732
714
690
664
662
682
678
686
724
758
774
780
770
738
740
718
712
688
668
656
648
642
650
676
696
718
728
728
736
758
752
754
752
748
736
734
734
726
736
754
754
744
752
754
750
740
754
774
788
776
774
774
774
760
772
776
784
790
780
774
770
752
748
742
744
738
734
750
752
758
758
746
722
708
700
706
716
732
730
762
790
796
798
782
772
730
724
720
722
728
758
770
800
812
828
836
844
834
802
794
788
778
776
780
782
772
750
742
734
748
754
746
744
738
758
780
824
840
842
814
814
802
788
778
764
766
790
794
758
746
760
792
822
842
814
786
776
764
778
790
786
792
782
782
790
752
734
734
760
774
766
738
716
698
688
674
676
672
676
668
670
644
640
636
624
616
598
600
610
608
606
610
630
666
760
738
730
748
750
744
748
740
782
780
772
744
712
696
672
650
660
660
684
706
690
666
660
670
656
664
690
748
716
724
724
708
728
720
716
682
668
658
652
650
646
646
644
640
630
624
618
626
642
670
672
684
746
774
798
786
772
758
740
728
728
742
726
716
588
838
706
708
698
686
680
680
680
696
692
700
700
706
720
712
710
676
646
640
642
660
706
730
742
738
742
740
716
710
720
706
704
710
686
678
676
672
662
660
672
666
668
692
706
704
682
662
654
638
630
614
618
644
644
658
684
726
716
726
740
724
724
706
362
972
634
610
600
590
588
578
592
634
698
734
764
766
786
776
758
710
690
674
662
652
646
654
662
680
712
726
738
758
776
796
776
752
726
698
402
930
640
694
646
680
686
688
694
692
700
696
686
724
766
756
818
876
834
824
780
754
708
678
678
670
666
690
708
710
720
718
694
728
764
790
778
770
766
724
716
680
694
688
710
722
722
716
746
780
790
806
780
746
682
682
656
644
648
644
414
928
690
692
708
700
702
706
728
730
726
708
702
684
686
678
664
670
682
668
688
694
684
666
666
670
692
696
700
720
712
704
690
694
690
696
686
686
698
702
682
690
674
680
656
704
696
698
678
666
686
666
672
686
686
684
688
688
674
656
644
634
624
642
648
646
648
644
622
616
614
626
652
658
690
750
770
808
880
902
902
892
808
806
762
740
708
676
660
678
678
694
706
732
726
808
796
740
772
718
732
684
674
676
694
690
692
704
676
668
654
660
644
662
680
714
664
680
698
718
802
842
880
808
794
782
756
732
684
690
668
664
658
678
686
738
834
844
800
828
810
780
752
722
702
678
678
686
714
748
768
796
800
790
798
784
784
754
722
720
702
666
662
662
670
674
688
708
760
782
810
804
820
800
762
736
700
704
688
680
666
680
686
712
754
776
790
808
798
776
762
736
716
708
714
716
694
718
698
706
716
734
766
778
796
786
752
736
706
676
692
684
704
708
742
754
762
756
734
704
696
700
690
712
712
762
786
840
866
884
818
764
736
700
676
664
676
674
704
686
714
710
722
708
718
688
704
676
678
674
678
680
676
702
658
670
654
640
626
632
618
604
620
636
628
632
610
642
626
608
612
616
590
598
598
610
592
612
596
606
592
602
594
576
586
588
580
556
554
566
552
522
552
514
538
540
872
688
512
518
512
504
552
528
528
518
554
536
534
536
544
546
532
520
542
522
522
504
534
510
514
500
524
508
502
506
504
502
498
486
512
484
528
522
524
532
546
532
538
542
544
528
552
538
532
548
532
512
556
534
512
540
522
530
512
528
516
524
516
524
518
512
536
524
518
518
542
536
522
550
540
532
538
534
548
550
554
544
544
530
524
534
530
520
536
530
522
574
566
572
594
602
588
604
616
604
580
612
598
592
590
592
602
588
584
594
586
592
592
596
602
588
602
600
602
610
606
592
588
572
578
578
578
562
570
590
590
604
608
604
608
604
608
620
618
622
600
600
614
608
592
578
610
592
604
606
606
614
626
626
616
604
620
616
622
598
644
628
628
610
624
610
618
592
610
592
598
600
596
592
608
578
594
600
586
612
610
616
612
592
610
612
612
614
610
618
624
622
610
606
604
600
604
608
594
606
614
610
598
602
574
580
582
572
576
576
580
562
576
560
560
566
572
552
556
586
564
566
572
574
564
560
992
692
534
538
566
550
542
544
550
544
550
558
556
562
566
548
560
568
554
562
564
552
574
570
566
568
582
582
584
584
588
562
576
548
568
558
546
566
564
564
550
560
576
564
566
560
576
572
578
578
570
550
572
550
552
548
562
552
544
568
554
554
540
550
540
550
528
556
536
544
548
552
552
546
552
546
564
548
560
536
550
534
542
542
562
562
556
562
578
598
614
622
630
618
594
578
566
540
538
538
534
528
536
522
530
528
530
536
562
560
588
620
704
710
692
638
618
576
566
572
570
558
558
562
558
576
564
576
560
558
570
582
598
610
606
606
616
624
640
654
650
632
636
648
664
654
658
652
654
652
660
684
714
710
716
704
704
700
702
714
720
752
768
776
764
776
792
778
778
752
754
742
748
754
768
758
734
704
682
680
690
686
688
706
700
734
734
740
746
766
768
756
740
730
702
700
692
694
714
720
726
734
752
756
750
748
754
734
732
704
706
720
732
746
738
712
694
676
656
648
658
682
744
808
834
834
802
766
744
742
742
746
740
744
728
706
708
718
770
804
786
802
794
792
788
776
770
756
724
724
730
730
724
724
686
682
678
680
648
560
730
626
640
644
670
664
660
676
676
676
668
648
650
646
634
608
606
600
598
610
610
626
640
644
638
614
596
600
614
638
648
634
628
616
602
592
608
646
730
766
774
818
840
838
848
818
790
740
710
702
704
712
738
718
688
662
642
656
642
604
678
664
640
650
682
708
744
766
744
730
716
698
684
670
660
640
646
654
678
708
736
748
746
768
744
728
704
692
678
694
684
692
648
648
650
642
670
758
852
868
838
834
834
784
748
720
696
710
732
744
760
738
702
680
634
632
612
610
626
594
634
688
714
750
738
710
692
674
660
644
644
642
618
630
614
620
616
610
608
598
588
580
584
584
586
590
594
586
582
574
572
578
604
626
626
618
624
612
612
628
646
656
634
622
606
590
580
564
564
548
550
540
542
546
586
734
780
796
794
778
726
706
690
666
648
636
604
578
578
564
560
552
548
550
546
540
542
544
546
540
530
546
574
600
770
832
888
872
838
840
724
722
720
740
732
694
694
662
644
658
668
674
680
654
642
626
614
608
592
588
604
614
642
678
720
724
704
688
648
640
630
634
678
726
818
914
958
936
910
828
782
774
782
780
776
738
670
680
642
630
652
690
778
844
846
836
806
708
670
654
634
632
664
710
780
830
898
900
868
808
788
776
760
754
770
808
796
814
806
812
804
456
1062
736
712
696
694
698
696
688
692
670
678
660
650
662
680
726
756
784
790
746
748
726
710
704
690
672
678
674
678
706
724
714
704
720
732
748
732
722
710
706
698
678
658
640
622
616
636
644
670
724
772
746
728
722
708
692
684
670
678
688
684
696
674
648
646
642
660
650
678
670
688
694
674
718
748
762
768
744
720
690
652
624
602
584
578
594
646
690
744
756
800
762
802
820
846
818
800
748
730
730
726
728
738
728
696
660
656
662
648
664
672
694
688
700
718
758
806
830
814
786
744
702
680
654
628
616
614
618
614
598
590
582
600
630
712
772
794
778
756
726
670
644
654
658
670
660
652
670
658
648
662
682
744
806
834
814
834
848
854
810
812
822
778
788
800
792
780
766
758
732
734
678
686
686
702
752
790
810
786
792
796
686
674
690
656
682
704
736
762
726
696
696
700
712
686
700
680
672
684
654
658
666
642
666
660
662
676
666
686
672
670
678
668
658
652
662
654
634
624
610
608
602
616
622
636
652
658
638
634
618
618
594
584
598
586
594
582
604
592
616
620
642
640
648
638
640
642
638
638
632
630
642
654
642
634
612
600
594
584
580
572
584
574
586
586
596
602
612
622
630
640
616
612
596
600
584
578
594
574
582
556
578
560
560
562
556
572
574
582
584
600
586
588
576
586
572
578
580
576
576
570
584
560
570
550
574
560
562
580
576
572
570
578
572
572
572
572
572
558
562
542
558
540
538
880
690
528
544
540
544
540
558
556
554
560
568
566
558
578
562
448
662
550
552
868
772
550
548
538
522
558
550
554
542
548
564
440
668
562
564
554
576
568
568
592
584
578
610
588
572
570
590
578
582
582
584
580
592
582
592
582
586
594
566
576
574
558
546
564
578
586
608
612
622
610
598
604
618
596
584
608
604
616
610
632
626
630
634
616
618
614
636
622
616
640
634
622
648
632
624
624
650
630
638
636
650
652
664
668
646
626
616
608
604
598
608
600
602
600
646
626
626
632
634
654
644
652
632
618
616
610
600
604
594
602
616
616
626
636
652
680
676
690
684
658
644
624
610
614
600
608
632
624
650
664
640
668
660
662
666
662
674
656
652
636
636
626
624
644
626
612
616
624
616
644
646
528
788
646
648
638
652
636
642
636
640
622
628
632
622
624
614
638
630
650
658
660
658
652
640
638
626
636
628
622
624
624
636
628
642
652
650
626
644
648
654
686
662
652
636
618
616
642
650
690
706
678
682
660
682
666
654
636
614
598
574
562
548
546
536
564
582
610
670
692
716
716
722
716
702
672
652
616
582
558
556
564
558
580
608
610
598
612
626
622
618
598
582
568
550
546
580
556
560
548
570
550
566
598
516
550
540
538
528
524
520
516
516
518
508
516
502
512
506
500
976
968
486
498
524
542
576
560
620
648
662
646
614
576
564
548
542
532
536
536
546
532
538
548
546
524
532
526
534
516
514
534
538
534
540
556
574
578
566
570
572
568
550
544
538
550
528
540
602
638
722
682
718
726
744
742
668
652
630
626
614
598
596
580
578
566
594
594
630
720
762
762
778
748
722
674
646
616
582
594
564
586
658
748
774
754
722
670
670
682
716
744
728
700
704
722
734
726
718
692
678
670
668
654
636
618
624
602
598
612
702
840
872
868
898
886
926
932
900
856
872
874
876
874
804
756
726
748
778
844
824
782
750
766
790
816
824
806
744
718
700
696
784
832
868
840
810
766
734
674
654
652
662
698
730
722
672
666
674
696
746
726
734
730
716
690
644
630
612
600
594
604
622
754
838
850
838
818
778
722
690
660
654
658
678
718
740
740
728
734
688
690
730
764
748
752
752
756
744
744
750
744
754
740
768
754
774
748
726
706
674
658
648
634
638
642
648
666
704
742
770
818
826
844
786
764
756
736
716
716
724
734
762
778
776
792
778
758
730
724
738
760
792
776
792
802
810
778
762
750
752
750
736
710
670
644
644
636
666
696
778
896
920
892
830
802
752
702
674
658
640
632
638
654
702
736
752
750
736
704
674
658
660
698
792
808
770
738
696
716
716
702
718
680
682
672
670
660
650
632
608
592
576
566
572
588
590
610
632
646
644
634
620
598
580
572
546
544
546
538
564
620
986
844
782
866
882
848
786
762
780
716
742
778
740
748
700
742
704
676
672
656
646
660
666
660
648
634
616
592
586
574
572
564
594
622
668
706
712
714
690
668
632
616
692
520
580
744
376
440
672
534
516
534
514
518
502
518
506
516
512
518
516
516
506
522
514
524
524
534
544
538
542
534
546
528
542
526
532
524
526
516
516
514
528
522
518
536
532
524
538
528
524
530
524
518
522
516
506
504
506
504
504
502
506
506
512
512
518
528
526
520
522
522
526
522
518
516
508
504
494
490
496
486
486
998
526
532
584
574
624
604
630
682
646
656
656
648
656
656
644
654
652
656
654
652
640
638
636
628
550
676
600
606
626
626
618
662
632
640
630
624
640
630
626
618
604
608
606
600
612
606
614
628
620
602
644
624
628
622
628
620
622
636
622
630
616
622
638
622
622
612
622
620
632
614
614
610
614
618
604
610
596
606
588
576
596
598
602
646
666
676
700
696
686
684
682
664
640
614
602
606
594
598
598
590
584
604
622
668
696
740
750
678
642
618
588
590
598
600
608
618
638
636
650
648
650
654
658
638
652
630
638
632
628
632
634
640
628
634
644
636
656
678
672
660
644
620
616
608
602
596
608
624
630
628
612
610
612
608
604
598
606
602
636
764
790
770
728
686
648
638
626
624
620
604
596
596
594
582
582
588
614
622
664
722
708
738
762
730
720
716
696
688
676
678
654
664
666
652
652
658
634
650
628
640
652
634
654
652
646
652
640
652
656
652
640
634
648
652
666
644
658
674
654
662
636
642
608
616
606
594
594
586
590
580
596
596
590
596
576
630
612
610
598
618
614
616
614
610
598
600
594
600
586
588
572
568
590
588
586
602
594
600
622
610
610
622
610
622
620
620
614
620
616
608
638
624
652
632
646
660
652
620
638
616
626
608
612
610
614
610
622
622
620
624
634
640
632
620
620
586
572
592
570
566
580
604
700
678
672
656
650
634
646
640
630
638
634
618
602
610
590
598
602
616
614
604
632
628
616
610
598
594
590
610
602
610
610
630
624
628
624
624
608
610
606
604
616
622
628
650
638
636
626
632
628
640
672
660
654
636
646
644
644
670
680
684
676
696
678
700
704
716
700
694
692
694
698
696
698
700
708
698
706
696
672
674
654
644
650
642
644
658
648
652
650
638
644
656
658
662
680
646
654
658
652
682
672
670
646
660
648
616
620
618
612
622
626
634
644
622
610
602
682
638
636
624
812
422
624
610
606
612
610
600
588
590
578
586
592
588
584
572
562
558
548
564
622
746
862
882
856
830
824
810
742
706
666
650
622
614
606
608
616
622
636
656
618
630
626
646
652
674
712
738
736
738
700
688
670
640
626
634
626
624
636
646
658
686
690
690
674
660
662
640
624
610
610
612
628
650
676
698
724
752
816
814
796
778
740
738
724
758
802
794
794
776
764
728
726
740
740
742
744
730
742
750
744
750
752
768
756
758
768
776
776
790
766
764
768
762
772
782
772
768
772
758
772
758
758
742
734
722
718
726
708
686
684
696
698
716
726
750
754
740
710
708
692
656
644
632
620
614
612
624
652
694
736
746
764
766
764
756
734
720
704
704
704
704
702
712
702
716
712
722
716
734
722
722
718
714
716
708
708
696
706
704
710
712
714
708
718
708
720
706
714
722
724
734
728
742
750
736
728
738
744
754
754
764
754
756
740
730
732
718
702
694
688
696
704
702
688
690
694
676
682
682
686
688
704
706
710
724
722
718
716
706
688
670
670
650
640
656
676
682
702
710
704
716
724
726
740
744
742
742
740
734
738
738
742
742
744
746
746
738
748
744
750
762
762
780
764
766
766
742
736
724
718
726
722
718
716
728
742
750
742
732
722
714
712
714
720
712
710
700
688
712
718
718
708
696
690
674
652
660
656
656
664
686
686
694
732
746
758
748
730
720
714
698
692
694
696
718
732
744
734
728
742
746
752
746
744
748
744
730
716
718
718
750
764
764
768
768
772
768
772
770
766
760
768
778
778
762
776
774
770
778
744
736
730
730
734
734
740
728
740
730
742
736
724
722
722
726
720
724
724
720
732
736
726
708
712
704
704
708
690
704
718
710
686
684
668
662
672
686
684
700
714
726
728
728
722
726
732
720
720
722
726
716
716
714
714
724
718
722
720
724
718
722
720
718
716
718
706
700
700
696
684
690
684
684
704
714
704
708
708
710
720
724
722
718
710
712
716
714
712
710
714
728
716
718
708
704
698
702
692
698
702
704
708
710
700
688
670
658
654
662
686
718
754
782
782
782
768
766
760
748
730
716
720
750
774
762
748
764
792
794
788
790
756
718
696
698
698
712
724
728
736
744
754
754
760
752
746
740
730
732
728
742
770
782
776
774
782
782
790
810
792
768
754
748
740
728
716
712
714
738
760
762
742
736
718
714
706
690
694
694
702
718
716
720
700
706
760
790
770
736
708
684
690
698
732
766
788
790
768
762
768
764
736
722
696
674
670
664
650
648
656
664
676
700
740
756
790
800
790
776
756
740
722
700
684
672
684
686
700
714
728
744
736
748
746
744
734
724
718
712
714
710
710
712
718
734
728
736
730
724
706
700
692
692
694
708
704
716
718
718
716
696
688
690
714
724
738
728
720
688
666
652
654
666
682
682
690
682
676
682
712
710
720
718
714
704
700
698
690
680
678
676
690
712
712
708
688
700
688
664
656
654
700
762
822
852
864
852
784
774
766
784
778
748
772
762
760
774
772
772
774
760
772
792
776
776
762
740
716
704
680
662
636
634
636
670
712
740
774
784
772
748
742
720
710
704
702
700
698
704
714
744
734
714
718
694
674
658
652
652
664
664
664
668
668
664
674
700
704
726
748
750
732
730
724
720
742
756
760
746
714
700
702
724
716
710
744
758
768
766
760
756
754
746
748
746
742
754
766
776
778
778
746
760
760
766
778
782
772
748
730
722
716
760
750
740
738
716
704
708
714
734
746
742
726
716
716
722
730
742
724
730
724
734
732
744
734
728
716
720
716
696
692
706
716
732
742
760
754
746
732
712
688
672
692
674
654
642
626
614
624
648
692
694
694
694
694
722
712
742
766
788
802
786
756
712
698
690
714
742
762
776
794
784
786
792
792
794
776
744
740
734
724
734
738
740
726
728
724
728
734
730
718
732
730
728
722
700
710
726
734
734
722
720
698
704
696
700
710
726
738
758
768
758
764
756
738
708
700
684
670
698
734
748
742
744
750
750
724
714
712
720
740
766
758
762
772
770
756
746
720
718
724
740
752
748
738
718
700
686
678
674
672
660
684
738
714
698
698
716
738
746
748
728
718
714
708
692
706
710
752
752
748
722
720
718
726
734
738
744
748
756
752
766
768
764
764
746
740
746
746
760
750
762
762
766
758
760
756
750
740
734
718
722
714
720
734
744
742
728
744
746
746
750
748
746
750
736
732
724
724
724
730
736
722
742
736
734
738
726
716
708
692
690
698
706
702
708
716
724
746
772
782
766
768
760
768
734
716
710
668
670
668
664
670
656
662
652
640
636
614
616
586
586
582
578
574
574
578
582
590
616
628
648
670
706
666
676
662
654
642
646
624
616
626
636
638
632
638
618
596
584
570
556
560
546
554
572
592
602
614
610
606
588
602
598
612
704
820
852
828
788
742
700
694
698
706
686
686
698
674
692
682
680
684
670
688
672
670
670
660
654
650
662
658
654
658
650
652
642
632
622
616
618
618
614
636
634
656
684
676
710
708
696
696
686
662
666
656
650
640
648
652
652
672
656
670
694
700
704
700
660
668
650
654
650
644
632
632
636
646
666
670
670
672
686
682
686
696
698
682
682
674
674
658
662
658
674
676
674
682
688
688
690
686
682
670
672
682
672
676
694
708
702
670
686
658
666
690
690
708
690
696
690
692
702
678
668
678
668
676
672
676
688
682
684
666
672
654
676
676
672
684
660
682
674
676
668
692
678
682
658
664
670
670
684
666
678
696
704
696
704
716
694
682
672
664
658
646
642
644
648
654
652
668
648
678
692
712
672
678
756
750
788
738
742
708
700
708
674
684
668
650
634
628
616
618
626
616
612
628
614
622
602
620
612
610
614
612
610
612
602
618
606
608
606
594
604
598
606
602
594
586
590
590
590
594
598
598
576
590
576
582
572
574
586
574
570
574
576
564
562
580
576
586
594
616
620
624
628
616
630
628
620
610
620
598
604
584
592
588
578
588
578
592
604
610
610
606
628
622
618
620
608
602
602
592
596
590
588
592
584
588
572
582
560
552
568
558
552
544
538
524
534
518
504
528
518
520
512
526
526
526
514
526
520
532
514
530
518
534
516
536
524
538
528
542
530
542
540
538
536
526
538
526
528
518
522
528
528
522
530
526
528
526
532
536
538
542
552
556
542
548
536
536
532
524
536
540
546
542
560
558
558
546
570
554
568
552
566
548
560
550
546
552
532
532
528
516
522
510
546
542
576
610
646
612
620
642
616
620
628
604
612
584
588
584
572
566
550
550
534
544
528
528
534
524
554
550
560
596
582
500
640
562
556
564
560
544
558
540
552
550
564
560
564
582
584
576
568
588
586
582
590
616
600
594
594
592
598
594
596
580
570
556
554
536
546
554
596
650
678
660
656
678
710
722
718
704
696
674
668
664
662
678
708
722
710
710
724
708
696
688
678
678
684
696
732
742
738
726
728
704
702
710
732
770
728
726
714
704
674
670
676
682
674
670
670
664
664
676
704
742
778
798
782
754
700
680
664
662
662
684
708
702
694
686
670
652
648
688
682
674
652
648
628
634
650
664
676
678
690
708
734
722
706
696
688
722
744
760
758
748
746
750
776
798
792
800
788
786
786
780
762
752
752
758
794
810
828
828
790
776
754
722
692
694
680
670
702
744
786
840
844
840
810
774
748
710
702
692
694
696
730
760
786
804
806
806
784
790
782
776
764
742
722
716
708
688
710
728
776
822
812
844
840
838
796
804
798
776
770
754
740
752
756
788
808
796
790
760
730
730
718
696
712
700
690
712
714
764
776
814
834
836
774
772
748
708
726
710
716
734
746
732
752
726
732
702
722
734
724
752
752
774
802
774
778
774
750
754
754
766
756
762
746
742
730
750
756
766
746
752
742
690
698
700
708
744
766
814
830
836
786
780
766
734
720
710
692
694
696
686
688
698
704
714
736
726
712
742
746
768
764
784
766
752
738
718
726
726
714
706
688
678
680
708
724
758
768
774
786
796
796
770
784
782
776
780
768
770
740
738
724
734
740
736
742
