1262
1218
1282
1194
1052
1130
1146
1124
1256
1186
1180
1124
1064
1008
1054
1094
1054
1108
1126
1080
1078
1036
1000
956
996
986
1030
1124
1108
1168
1222
1166
1158
1136
1136
1068
1082
1094
1038
1046
1060
1016
1080
1188
1146
1134
1222
1166
1110
1112
1080
1056
1048
1064
1056
1034
1080
1080
1058
1068
1036
1018
1026
1056
1076
1026
1090
1088
1068
1066
1070
1030
1056
1058
1052
1064
1056
1042
1050
1094
1054
1066
1108
1078
1026
1054
1032
998
1070
1046
1076
1114
1134
1114
1118
1162
1102
1134
1172
1164
1134
1158
1188
1126
1062
1120
1078
1080
1132
1148
1176
1258
1186
1128
1100
1142
1074
1112
1164
1160
1110
1124
1132
1076
1064
1154
1182
1136
1192
1176
1160
1180
1166
1116
1150
1144
1102
1078
1066
1018
1016
1058
1060
1158
1166
1124
1130
1154
1132
1136
1162
1148
1068
1076
1080
1004
1108
1086
1078
1154
1152
1114
1140
1138
1028
1066
1084
1114
1146
1238
1160
1144
1118
1140
1074
1150
1206
1148
1182
1176
1080
1116
1100
1084
1124
1174
1160
1186
1132
1114
1122
1064
1078
1100
1058
1064
1148
1096
1102
1142
1076
1042
1006
946
910
920
1086
1086
1224
1346
1246
1222
1254
1156
1150
1160
1064
1052
1100
1064
1046
1092
1060
1118
1162
1114
1096
1122
1094
1010
1040
1050
1046
1038
1046
1050
1010
1010
944
868
826
798
760
734
726
740
734
726
724
754
756
782
758
774
728
710
714
710
720
808
936
1044
1106
1138
1178
1184
1230
1214
1168
1098
1172
1162
1074
1086
1176
1110
1108
1168
1074
1112
1074
1064
1122
1092
1108
1202
1118
1044
1128
1114
1146
1218
1166
1078
1132
1112
1078
1108
1126
1092
1136
1126
1118
1098
1176
1166
1108
1144
1102
1018
1042
1044
1044
1156
1150
1134
1186
1140
1092
1168
1130
1126
1154
1092
1130
1176
1144
1190
1150
1052
1126
1112
1098
1116
1118
998
1038
1086
1034
1050
1162
1104
1144
1246
1156
1162
1248
1182
1146
1192
1152
1084
1172
1096
1082
1220
1188
1178
1246
1164
1150
1210
1142
1122
1168
1100
986
1046
1068
1080
1194
1212
1186
1254
1174
1170
1198
1116
1104
1144
1098
1106
1116
1082
1096
1126
1078
1144
1122
1084
1210
1192
1130
1172
1138
1092
1150
1130
1068
1162
1142
1092
1132
1118
958
986
1020
1050
1152
1192
1158
1272
1154
1194
1166
1098
1128
1140
1074
1132
1134
1082
1164
1138
1114
1156
1116
1074
1144
1122
1074
1128
1136
1092
1158
1138
990
1034
1092
1040
1174
1176
1154
1234
1162
1124
1172
1134
1120
1216
1110
1122
1182
1138
1114
1152
1046
1018
1122
1132
1182
1276
1170
1204
1170
1134
1192
1178
1142
1198
1144
1114
1178
1144
1090
1124
1084
1046
1112
1106
1128
1160
1120
1096
1182
1154
1136
1196
1166
1126
1148
1130
1068
1132
1104
1100
1224
1136
1134
1202
1094
1072
1122
1076
1028
1132
1038
986
1040
1044
978
988
988
960
1028
1050
1036
1164
1122
1096
1158
1118
1058
1120
1072
1012
1066
1032
982
994
1028
1060
1238
1214
1188
1236
1136
1184
1188
1132
1116
1140
1086
1100
1102
1068
1144
1098
1030
1080
1060
1036
1068
1054
1014
1112
1078
1074
1144
1100
1070
1128
1082
1094
1136
1106
1074
1114
1068
1056
1064
1054
994
1014
1076
1090
1098
1198
1130
1116
1214
1190
1132
1192
1144
1122
1182
1160
1170
1226
1182
1126
1164
1074
978
1060
1160
1138
1180
1166
1116
1224
1184
1158
1192
1176
1116
1178
1140
1094
1148
1088
1036
1120
1140
1106
1090
1160
1116
1084
1130
1110
1032
1088
1104
1074
1134
1132
1074
1148
1110
1120
1128
1116
1064
1130
1142
1102
1188
1160
1080
1144
1154
1098
1170
1176
1166
1208
1150
1134
1230
1182
1142
1178
1140
1106
1158
1116
1066
1152
1138
1070
1112
1108
1040
1138
1168
1108
1166
1160
1108
1136
1124
1082
1138
1122
1082
1146
1128
1090
1132
1122
1072
1120
1088
1052
1112
1120
1090
1168
1102
1086
1130
1084
1060
1126
1076
1070
1136
1100
1080
1146
1098
1086
1164
1104
1092
1154
1070
1070
1134
1088
1124
1158
1098
1106
1152
1122
1122
1196
1158
1132
1194
1172
1120
1156
1116
1064
1124
1116
1050
1106
1114
1092
1160
1138
1094
1162
1132
1092
1154
1138
1090
1134
1118
1074
1128
1104
1092
1172
1140
1112
1164
1142
1116
1170
1138
1118
1144
1116
1022
1048
1042
1026
1034
1180
1202
1196
1258
1178
1166
1186
1096
1138
1142
1100
1112
1182
1102
1104
1132
1096
1070
1160
1118
1124
1164
1122
1082
1136
1088
1058
1130
1116
1120
1190
1142
1110
1162
1138
1080
1154
1126
1078
1136
1104
1056
1128
1050
1018
1100
1072
1052
1108
1102
1070
1130
1110
1120
1158
1156
1112
1164
1124
1064
1112
1104
1040
1084
1124
1084
1070
1138
1110
1080
1144
1142
1056
1122
1098
1062
1122
1120
1076
1138
1078
1062
1138
1124
1074
1138
1122
1076
1134
1108
1048
1096
1086
1046
1112
1116
1056
1094
1090
1060
1124
1088
1078
1120
1072
1036
1080
1056
1028
1118
1112
1068
1122
1100
1050
1086
1076
1058
1092
1090
1050
1130
1104
1104
1136
1112
1074
1142
1072
1072
1112
1046
1020
1096
1098
1052
1094
1090
1030
1098
1102
1054
1122
1084
1044
1094
1134
1076
1130
1142
1096
1164
1124
1058
1100
1094
1062
1094
1076
1040
1104
1110
1090
1240
1160
1102
1200
1190
1154
1214
1166
1148
1182
1162
1110
1168
1136
1092
1124
1116
1062
1128
1100
1084
1112
1068
1020
1078
1068
1052
1102
1092
1054
1090
1076
1014
1076
1056
1014
1078
1102
1040
1078
1080
1038
1068
1062
1022
1074
1112
1048
1100
1112
1038
1088
1084
1038
1114
1120
1084
1150
1138
1082
1142
1116
1070
1114
1108
1038
1112
1148
1120
1190
1164
1120
1160
1142
1092
1134
1094
1036
1074
1066
1022
1082
1074
1028
1054
1098
1048
1116
1156
1088
1112
1126
1064
1114
1138
1084
1102
1144
1060
1064
1106
1062
1052
1114
1086
1068
1132
1098
1070
1110
1092
1044
1090
1064
1028
1068
1082
1044
1100
1106
1076
1134
1134
1082
1140
1092
1092
1126
1072
1044
1098
1088
1048
1106
1106
1062
1122
1108
1046
1098
1078
1012
1074
1106
1054
1110
1124
1084
1116
1096
1056
1124
1092
1048
1106
1118
1060
1128
1102
1068
1110
1118
1068
1106
1110
1048
1090
1108
1048
1100
1082
1086
1122
1114
1070
1116
1110
1008
1068
1112
1062
1102
1152
1088
1154
1140
1116
1160
1140
1080
1148
1136
1068
1118
1132
1034
1064
1094
1062
1078
1178
1126
1112
1156
1126
1088
1128
1066
996
1028
1064
1012
1122
1156
1098
1168
1168
1098
1144
1132
1070
1112
1090
1072
1106
1124
1054
1102
1118
1060
1108
1160
1094
1132
1150
1082
1130
1168
1098
1104
1136
1092
1058
1110
1074
1038
1086
1072
1034
1064
1076
1022
1072
1110
1034
1108
1166
1102
1122
1148
1068
1090
1124
1068
1028
1070
1040
1000
1058
1032
1028
1074
1064
1072
1146
1110
1102
1118
1072
1088
1106
1062
1044
1122
1108
1062
1144
1138
1112
1148
1126
1072
1108
1102
1066
1122
1100
1068
1112
1092
1062
1070
1076
1038
1086
1124
1050
1108
1112
1062
1086
1084
1036
1002
1026
1008
1168
1292
1156
1228
1206
1160
1212
1176
1128
1168
1164
1098
1152
1154
1098
1166
1160
1086
1102
1160
1102
1120
1170
1080
1102
1120
1072
1040
1082
1062
976
1014
1042
1000
1070
1180
1120
1112
1162
1140
1124
1158
1100
1066
1122
1052
998
1058
1092
1034
1100
1062
1026
1068
1048
1006
1072
1070
1054
1114
1108
1050
1074
1060
982
1010
1010
1000
1046
1088
992
1034
1106
1058
1150
1134
1066
1122
1118
1070
1108
1114
1074
1116
1108
1042
1090
1080
1026
1074
1052
1012
1082
1066
1060
1126
1084
1048
1102
1118
1054
1108
1102
1066
1120
1104
1060
1108
1136
1074
1104
1110
1054
1024
1056
1090
1040
1128
1130
1078
1140
1118
1040
1106
1122
1114
1130
1078
1106
1168
1096
1092
1138
1110
1034
1118
1120
1080
1152
1128
1084
1114
1092
1060
1128
1118
1080
1148
1146
1060
1096
1100
1074
1120
1096
1036
1080
1084
1040
1092
1088
1040
1090
1086
1030
1062
1076
1032
1096
1106
1050
1102
1090
1040
1094
1088
1042
1056
1078
1058
1042
1084
1064
1026
1070
1084
1050
1086
1080
1038
1020
980
922
868
820
834
822
810
800
790
788
772
778
780
766
758
748
720
734
730
730
728
808
888
1012
1088
1148
1152
1182
1188
1218
1252
1156
1154
1114
1160
1222
1158
1036
1090
1106
946
954
1012
1038
1274
1256
1250
1336
1218
1204
1250
1216
1200
1190
1182
1212
1172
1120
1190
1166
1138
1202
1156
1076
1150
1162
1112
1184
1188
1126
1202
1178
1098
1160
1148
1060
1150
1132
1096
1128
1114
1078
1146
1120
1036
1138
1094
1048
1066
1040
996
1076
1072
1074
1152
1126
1128
1172
1158
1116
1118
1110
1048
1070
1104
1062
1124
1136
1094
1162
1154
1104
1148
1130
1068
1124
1120
1102
1150
1116
1094
1152
1114
1086
1144
1122
1068
1126
1114
1064
1148
1116
1038
1128
1086
1038
1072
1036
968
1096
1118
1066
1164
1158
1098
1184
1158
1078
1144
1128
1104
1126
1108
1062
1112
1118
1040
1118
1122
1070
1122
1114
1092
1146
1130
1116
1174
1142
1086
1132
1128
1048
1116
1116
1068
1112
1102
1006
1098
1144
1110
1200
1210
1126
1214
1172
1180
1212
1178
1092
1146
1130
1072
1138
1172
1072
1124
1116
1084
1120
1126
1088
1124
1086
1078
1156
1100
1066
1144
1100
1076
1136
1084
1040
1088
1082
1010
1090
1088
1012
1032
1044
1032
1088
1108
1082
1166
1148
1132
1174
1148
1102
1166
1132
1080
1140
1124
1062
1124
1128
1082
1104
1094
1030
1106
1076
1070
1140
1128
1110
1136
1126
1050
1078
1096
1074
1108
1178
1130
1130
1202
1146
1132
1158
1100
1146
1134
1064
1116
1116
1084
1132
1126
1036
1066
1126
1080
1166
1164
1118
1180
1156
1094
1144
1128
1090
1122
1110
1042
1118
1094
1054
1090
1126
1072
1146
1140
1108
1138
1128
1050
1130
1098
1074
1114
1128
1078
1124
1106
1060
1118
1140
1098
1170
1130
1076
1116
1112
1036
1116
1122
1076
1140
1124
1076
1122
1108
1068
1134
1092
1090
1148
1128
1084
1126
1110
1078
1132
1118
1030
1106
1098
1062
1068
1072
1034
1054
1112
1060
1106
1166
1096
1088
1114
1084
1048
1132
1084
1088
1150
1096
1094
1152
1106
1062
1156
1138
1102
1152
1122
1056
1118
1108
1094
1150
1128
1070
1108
1144
1072
1108
1112
1022
1058
1082
1050
1110
1102
1068
1126
1100
1048
1112
1088
1048
1106
1120
1102
1160
1116
1036
1096
1116
1084
1144
1132
1096
1168
1136
1078
1120
1112
1036
1098
1120
1110
1164
1130
1066
1118
1114
1038
1086
1102
1048
1088
1092
1070
1168
1136
1132
1174
1132
1070
1144
1118
1074
1130
1098
1096
1154
1114
1080
1158
1094
1014
1084
1120
1070
1162
1190
1140
1198
1162
1112
1166
1134
1064
1150
1120
1114
1156
1144
1066
1140
1122
1038
1106
1106
1070
1104
1156
1120
1102
1142
1080
1090
1152
1102
1108
1142
1090
1082
1142
1104
1092
1148
1086
1088
1096
1040
1032
1088
1062
1144
1068
1082
1040
1148
1158
1116
1232
1202
1144
1194
1158
1108
1200
1142
1074
1168
1134
1080
1176
1190
1134
1214
1182
1128
1148
1126
1026
1108
1126
1084
1184
1166
1104
1194
1148
1138
1148
1138
1066
1144
1118
1076
1140
1118
1058
1096
1088
1014
1062
1084
1058
1226
1198
1192
1276
1178
1152
1266
1110
1102
1154
1128
1046
1128
1090
1070
1118
1088
1086
1190
1112
1138
1158
1120
1104
1176
1100
1082
1144
1118
1106
1124
1080
1054
1138
1096
1092
1166
1126
1072
1140
1112
1018
1088
1086
1050
1120
1122
1076
1146
1162
1136
1186
1148
1100
1148
1116
1050
1104
1096
1056
1118
1106
1094
1150
1108
1064
1108
1152
1100
1198
1150
1124
1114
1120
1034
1118
1110
1100
1176
1122
1054
1156
1132
1100
1156
1144
1082
1164
1146
1076
1102
1100
1084
1178
1148
1126
1176
1144
1042
1096
1082
1014
1064
1108
1044
1122
1128
1036
1082
1120
1048
1116
1098
1120
1118
1114
1054
1142
1150
1032
1070
1074
1026
1060
1138
1070
1136
1150
1072
1102
1164
1114
1170
1166
1128
1180
1152
1154
1162
1072
1138
1116
1032
1068
1082
1046
1120
1190
1110
1158
1156
1102
1164
1122
1052
1098
1088
970
1040
1090
1050
1142
1140
1074
1168
1156
1076
1150
1140
1078
1110
1134
1086
1176
1152
1142
1188
1152
1126
1206
1176
1092
1150
1138
1084
1154
1152
1090
1152
1134
1074
1120
1098
1028
1070
1076
1058
1120
1126
1100
1188
1136
1064
1106
1102
1062
1116
1074
992
1060
1056
1050
1236
1196
1164
1202
1184
1096
1204
1206
1142
1184
1166
1122
1054
1126
1100
1092
1182
1186
1108
1184
1158
1100
1200
1156
1058
1084
1096
1044
1046
1074
1048
1116
1110
1100
1170
1134
1086
1130
1120
1022
1060
1086
1052
1066
1094
1040
1064
1158
1132
1262
1196
1190
1232
1198
1108
1200
1164
1066
1130
1120
1050
1180
1118
1122
1144
1120
1044
1170
1152
1092
1076
1172
1118
1130
1162
1132
1090
1154
1122
1118
1166
1126
1104
1150
1118
1062
1106
1126
1076
1148
1148
1082
1114
1168
1042
984
1064
1142
1138
1244
1182
1174
1202
1158
1156
1196
1128
1166
1168
1098
1162
1152
1090
1144
1090
1032
1060
1038
934
938
1066
1118
1248
1236
1144
1228
1228
1132
1182
1180
1132
1198
1206
1152
1208
1186
1082
1160
1148
1060
1126
1114
1094
1126
1108
1062
1130
1134
1088
1132
1134
1056
1106
1114
1094
1172
1164
1102
1162
1126
1056
1132
1124
1064
1116
1168
1052
1078
1136
1082
1134
1162
1104
1208
1160
1106
1158
1148
1034
1108
1124
1090
1130
1120
1040
1060
1052
1008
1004
1116
1076
1058
1142
1106
1084
1170
1134
1094
1152
1128
1092
1134
1100
1020
1108
1098
1066
1154
1136
1136
1144
1116
1050
1148
1186
1146
1178
1164
1104
1166
1140
1000
1018
1044
1016
1116
1206
1136
1176
1218
1162
1164
1234
1168
1150
1212
1186
1146
1190
1178
1074
1144
1130
1114
1158
1134
1068
1138
1116
1064
1106
1096
1048
1102
1078
1042
1072
1094
1040
1070
1136
1080
1124
1124
1058
1074
1066
1010
916
888
804
852
824
798
804
794
788
780
786
764
748
748
740
724
716
708
698
694
670
682
676
742
880
1038
1120
1176
1208
1238
1198
1064
916
832
836
862
864
1280
1292
1184
1248
1210
1148
1206
1156
1062
1140
1118
1104
1166
1168
1060
1098
1170
1108
1120
1160
1134
1082
1122
1094
1006
1086
1110
1074
1182
1146
1050
1118
1112
1096
1084
1024
966
1026
1140
1076
1180
1138
1082
1092
1162
1144
1106
1130
1112
1016
1088
1092
1088
1218
1186
1106
1148
1084
1024
1090
1078
1004
1078
1136
1084
1190
1144
1116
1144
1052
1062
1122
1102
1098
1168
1120
1122
1160
1126
1090
1120
1102
1064
1106
1072
1066
1154
1138
1074
1132
1112
1098
1160
1146
1098
1184
1136
1122
1150
1100
1042
1094
1150
1086
1076
1162
1106
1144
1214
1140
1060
1144
1090
1074
1174
1174
1064
1058
1138
1106
1288
1242
1198
1262
1228
1158
1216
1170
1100
1180
1174
1148
1212
1192
1148
1188
1170
1094
1150
1160
1120
1172
1148
1122
1160
1144
1098
1126
1142
1084
1110
1122
1096
1142
1130
1056
1036
1020
900
876
956
1118
1090
1182
1154
1154
1272
1180
1078
1142
1134
1104
1148
1138
1076
1094
1096
1032
1042
1048
1034
1086
1128
1068
1122
1220
1126
1116
1208
1146
1064
1138
1132
1072
1124
1144
1068
1084
1128
1100
1022
1014
1080
1034
1150
1248
1136
1138
1208
1110
1036
1154
1090
1090
1218
1154
1160
1216
1152
1116
1210
1156
1092
1168
1134
1070
1146
1118
1090
1110
1144
1058
1068
1134
1074
1080
1186
1108
1060
1130
1104
1034
1116
1114
1026
1042
1126
1060
1082
1198
1110
1106
1136
1100
1068
1104
1066
1028
1102
1112
1080
1154
1112
1022
1058
1138
1082
1110
1170
1082
1054
1158
1128
1092
1114
1086
1010
1086
1124
1048
1020
1146
1120
1062
1150
1146
1092
1134
1178
1084
1120
1184
1108
1092
1176
1106
1062
1140
1134
1088
1154
1200
1138
1140
1182
1122
1060
1116
1130
1066
1096
1090
1030
954
1072
1274
1184
1272
1248
1160
1226
1202
1080
1142
1002
974
1168
1182
1146
1232
1188
1158
1232
1180
1114
1158
1162
1120
1168
1176
1110
1126
1154
1094
1084
1164
1120
1074
1176
1184
1144
1170
1192
1138
1114
1156
1094
1046
1150
1112
1056
1092
1142
1092
1096
1186
1134
1088
1184
1124
1028
1120
1202
1118
1176
1200
1110
1126
1150
1034
1064
1196
1108
1082
1166
1130
1082
1142
1142
1078
1104
1114
1064
1096
1122
1068
1044
1104
1074
998
1080
1162
1074
1128
1218
1144
1066
1118
1118
1036
1088
1088
1012
1062
1124
1070
1104
1140
1080
1096
1096
1078
1038
1100
1146
1104
1164
1138
1104
1138
1138
1092
1154
1206
1158
1140
1166
1140
1084
1142
1138
1066
1070
1090
1050
1060
1120
1088
1088
1102
1058
970
920
900
846
838
826
830
828
824
884
912
840
896
886
852
846
826
838
822
822
798
756
762
736
744
748
726
698
710
712
692
698
602
752
676
660
650
644
642
646
662
676
696
692
688
704
696
726
726
842
980
900
900
886
874
904
962
890
832
830
814
794
836
856
902
876
836
926
998
1042
1132
1110
1086
988
956
966
1012
988
938
976
978
944
916
966
996
966
900
858
854
846
836
824
820
800
798
804
804
792
838
854
874
846
828
760
762
742
760
770
886
960
1006
1020
1084
1128
1106
1086
1064
960
986
1034
1054
966
854
882
892
880
936
906
888
868
876
824
796
802
758
726
712
686
692
662
664
636
646
644
642
638
640
658
698
748
800
832
828
848
838
818
758
754
736
720
728
736
728
736
718
728
730
724
724
750
770
714
794
760
752
782
774
806
808
816
790
768
776
772
748
746
740
742
748
768
736
794
794
808
766
786
768
772
682
726
722
674
712
680
690
682
680
684
650
668
644
628
604
626
606
604
610
596
588
596
602
606
610
604
612
590
614
692
662
664
670
664
658
626
660
628
630
620
636
602
616
612
620
676
720
722
726
722
706
702
690
686
682
672
682
644
654
602
626
604
592
584
578
576
584
592
638
648
636
636
646
646
634
640
636
624
624
618
660
618
600
596
588
582
584
584
568
580
570
584
566
620
638
674
648
622
642
608
624
624
628
618
624
624
634
616
620
618
552
1188
732
590
568
636
602
598
590
588
604
588
594
598
592
586
578
596
592
610
598
598
592
596
600
602
590
610
544
592
590
640
608
622
604
606
652
616
656
666
686
666
546
804
638
656
652
648
664
654
642
702
696
726
710
728
728
748
770
748
756
770
784
808
796
856
832
782
822
814
806
792
790
794
794
756
720
724
710
712
672
684
694
694
700
684
692
668
684
660
660
670
798
688
710
726
726
784
736
696
696
664
672
666
674
670
678
702
748
796
796
762
744
726
708
700
698
678
686
664
670
658
670
664
660
656
664
648
632
648
646
646
638
630
640
614
608
604
608
596
600
630
644
660
696
668
684
692
680
662
654
648
628
624
612
608
598
594
596
590
584
584
586
598
622
376
328
668
674
678
670
