752
798
816
800
810
816
794
792
776
772
774
772
770
774
770
768
760
754
746
740
718
704
680
656
640
620
612
648
724
748
726
806
950
844
832
804
872
914
896
864
838
850
874
854
832
832
844
808
800
816
846
860
840
816
838
862
868
838
814
800
778
764
780
780
780
798
842
816
796
796
810
818
812
796
788
824
844
818
808
802
816
830
830
816
798
806
806
810
806
800
794
808
834
830
824
810
800
798
786
770
748
732
724
716
728
768
770
766
754
782
810
824
812
798
806
840
830
816
806
800
806
806
792
780
772
764
746
750
758
756
774
804
788
768
756
764
774
766
748
736
746
748
738
728
732
744
752
742
740
764
822
828
818
814
816
822
806
792
794
798
792
774
762
754
758
742
740
732
738
758
750
748
770
802
820
806
786
802
812
820
810
794
790
800
820
804
808
792
804
808
804
804
790
784
790
792
788
774
766
770
766
756
748
744
734
742
762
766
772
766
792
808
818
810
812
800
810
820
818
810
804
802
806
834
802
800
798
796
788
786
802
810
794
782
790
782
786
786
768
780
770
752
740
724
704
688
668
666
674
676
672
714
790
792
776
738
726
710
726
774
768
762
794
860
868
838
834
840
868
870
856
846
856
864
844
822
832
850
822
814
794
804
784
760
752
762
770
764
762
766
786
818
800
788
796
798
824
814
802
802
802
784
766
758
756
762
784
806
826
840
852
838
846
842
820
786
770
748
752
756
764
810
816
814
802
804
842
824
796
786
800
814
800
786
776
782
788
802
802
792
796
790
772
762
786
806
784
776
760
752
742
734
720
728
728
724
742
766
770
758
750
750
762
756
752
750
748
738
742
740
734
732
740
738
754
744
738
746
752
786
800
790
792
772
780
786
786
784
782
780
792
812
794
794
778
776
790
782
770
774
780
776
764
750
756
768
760
750
742
740
744
734
732
722
714
720
706
706
698
698
734
738
724
728
736
722
722
720
696
690
668
658
662
666
662
660
664
662
666
680
684
684
712
732
764
738
742
772
810
800
794
772
786
822
760
762
764
738
736
728
706
716
704
726
708
710
702
710
706
708
718
716
714
708
702
698
696
698
720
738
746
798
876
856
802
780
786
784
802
780
774
784
812
824
808
784
802
816
838
810
796
802
802
816
814
798
796
804
820
812
810
806
808
824
812
798
798
804
812
810
802
796
796
800
800
790
788
794
798
798
796
782
792
806
800
800
782
768
780
780
790
794
788
792
792
784
774
764
766
776
788
786
792
796
802
806
800
816
822
810
814
816
814
816
800
814
824
812
812
800
804
804
798
788
798
802
802
796
782
790
790
788
768
766
772
784
796
780
792
800
808
806
800
794
792
788
772
768
762
764
772
792
780
776
784
798
808
800
808
826
836
850
830
822
830
824
802
794
808
820
818
804
806
812
824
804
794
792
792
780
782
788
788
794
798
794
806
816
806
792
800
802
804
792
788
774
758
740
720
712
752
788
788
800
826
846
842
832
854
874
860
850
834
844
850
836
822
808
822
828
828
822
830
834
838
834
816
832
832
838
830
800
800
796
796
790
786
790
802
794
782
804
810
798
792
798
792
776
772
762
766
770
786
778
794
802
808
804
806
806
808
792
782
782
786
796
794
794
794
794
794
794
796
816
826
802
796
796
802
810
802
790
794
810
804
800
798
804
810
798
778
782
762
744
738
724
744
778
816
794
808
826
822
818
802
816
818
826
830
824
820
826
816
794
804
802
806
804
798
794
790
790
786
788
792
810
796
788
794
794
812
800
780
786
786
784
776
776
792
824
828
820
826
846
854
844
836
834
836
838
826
812
828
838
826
808
810
808
812
802
790
798
794
806
802
798
802
808
818
812
802
808
806
804
796
792
800
804
808
796
784
788
782
782
778
776
784
790
782
768
778
790
788
780
772
776
780
794
782
784
798
806
824
812
802
814
826
822
822
808
822
828
818
816
796
812
834
830
822
814
818
834
822
804
808
806
806
792
770
770
776
776
764
758
742
736
744
740
746
790
854
844
830
840
858
864
846
840
850
856
842
824
828
828
826
816
802
796
796
794
794
788
782
788
788
786
782
790
808
820
810
800
780
750
742
696
704
708
730
754
736
732
722
730
734
724
720
718
708
692
702
684
690
686
678
676
674
668
668
662
664
666
664
688
660
672
684
680
678
680
684
682
690
730
732
746
740
724
750
778
806
808
796
806
814
826
804
792
808
812
816
802
784
782
766
768
780
772
788
810
828
830
806
820
822
820
804
804
802
810
806
794
808
818
816
812
796
810
824
810
804
810
812
828
822
810
816
822
816
798
768
752
754
744
752
768
788
794
788
810
836
852
832
834
844
854
842
834
854
856
848
830
834
836
836
824
818
828
838
840
824
804
822
826
838
824
826
826
820
812
808
820
832
820
804
790
790
794
792
786
780
802
808
814
802
788
806
804
800
790
798
802
818
806
802
812
814
828
820
806
796
806
808
802
788
782
790
810
806
802
794
812
814
814
800
812
818
820
816
798
802
804
804
794
784
796
804
816
806
786
796
798
794
790
780
784
786
782
768
776
776
786
778
772
766
768
770
766
766
770
780
786
778
772
790
804
798
796
794
806
808
810
802
792
800
808
800
786
790
788
792
784
778
792
796
800
798
798
822
834
820
814
814
824
818
810
812
820
824
806
804
796
800
790
774
772
778
810
818
804
838
868
854
840
842
846
850
832
826
834
834
826
804
820
830
830
820
814
820
832
814
804
816
818
812
804
788
786
790
772
778
764
748
716
702
692
684
682
682
680
720
786
806
782
776
784
806
802
818
816
824
844
850
820
822
832
840
832
812
810
808
810
800
794
810
824
814
810
800
816
828
816
806
812
816
828
818
800
808
808
810
804
788
790
804
806
802
786
784
790
788
784
784
800
806
800
796
802
820
826
804
804
804
814
820
792
794
808
814
806
808
814
822
824
812
800
812
810
812
802
788
800
800
816
798
790
794
786
786
768
770
782
798
796
792
800
810
816
808
800
822
830
822
806
798
804
802
790
784
790
786
792
776
774
780
782
780
780
784
792
804
790
786
788
792
792
780
768
780
788
804
790
784
792
806
798
792
794
800
808
794
790
798
788
786
776
770
784
786
780
780
778
780
790
786
774
768
772
770
770
770
772
784
784
772
774
776
772
772
766
774
784
776
770
768
774
782
780
764
748
730
724
732
734
774
868
856
838
870
878
888
854
846
864
874
854
830
836
844
846
832
830
822
824
808
804
812
820
812
814
818
820
828
810
800
806
810
812
806
792
798
792
784
780
784
782
794
776
770
778
776
782
778
764
782
786
790
778
772
780
788
784
782
770
766
758
758
760
794
816
800
808
822
796
794
806
798
788
778
754
760
772
760
756
770
804
816
794
808
798
778
784
766
764
770
774
772
782
792
812
814
806
796
806
814
832
814
806
820
820
820
806
794
806
816
814
802
806
812
822
820
812
816
816
824
810
800
810
814
818
814
798
816
824
814
806
792
800
806
804
796
786
794
814
824
808
796
820
816
824
808
798
812
816
812
810
798
808
806
802
788
792
786
790
786
776
784
788
796
788
774
788
790
788
786
780
772
782
794
790
790
790
786
792
780
768
778
782
792
788
780
786
796
788
788
784
780
794
792
780
792
808
802
796
786
798
808
796
792
780
780
778
770
774
794
810
802
800
808
826
838
816
822
834
842
828
808
806
806
802
788
780
788
792
786
778
778
788
790
784
774
778
784
796
784
778
762
740
736
738
754
812
856
858
838
850
872
892
852
852
864
860
842
836
848
858
842
830
842
842
838
818
828
828
832
818
802
816
812
806
798
794
798
806
798
782
790
790
792
786
778
792
794
788
784
776
782
798
788
786
782
786
798
792
778
788
790
800
790
778
788
802
798
796
794
798
804
810
788
782
792
802
794
786
776
786
790
792
784
778
784
798
778
776
762
754
766
764
754
772
794
798
790
804
820
810
798
804
806
808
802
798
796
802
794
778
792
794
796
782
774
782
800
788
784
768
762
762
756
730
748
778
818
792
782
778
798
824
832
816
802
818
830
818
820
820
822
836
810
802
818
824
826
812
806
820
822
810
806
802
802
792
782
788
802
810
802
798
812
820
812
794
802
804
804
796
790
794
798
794
780
780
784
794
786
780
786
788
796
790
780
794
802
796
790
774
778
782
784
764
768
778
796
794
786
788
798
804
786
782
790
788
786
776
782
786
786
786
780
776
788
804
784
782
790
794
802
794
792
800
798
790
770
766
776
770
770
772
782
790
792
774
784
790
798
790
778
786
794
786
780
792
800
812
796
782
788
790
786
774
780
788
796
788
768
784
780
784
780
772
774
774
778
768
770
772
772
772
758
766
778
772
758
760
764
780
818
806
800
814
824
832
816
818
826
826
818
816
820
822
816
802
818
822
800
794
792
798
794
780
788
794
780
778
772
776
780
774
770
780
778
774
764
766
766
764
760
760
770
774
782
774
782
794
788
778
770
786
790
790
778
768
778
776
766
764
766
774
786
774
766
766
764
766
766
764
772
788
798
792
784
802
820
842
814
814
824
828
822
798
820
826
826
812
794
802
806
806
796
792
794
794
784
768
774
782
784
780
782
762
732
714
720
718
710
704
700
692
700
704
702
698
708
702
712
700
704
710
724
734
722
730
744
734
734
732
750
766
798
796
814
802
806
814
830
828
814
796
794
802
794
792
780
774
776
776
764
760
766
766
782
774
774
776
782
786
774
762
754
756
754
742
714
704
710
698
688
704
714
712
720
746
796
778
816
818
820
820
804
794
800
804
810
800
784
798
794
802
780
768
750
714
696
696
702
696
692
704
700
706
708
718
762
796
782
792
808
822
824
822
808
818
822
832
822
804
800
810
818
822
812
796
810
820
824
818
770
758
738
702
722
714
716
702
692
690
684
686
692
698
692
702
716
762
832
802
784
794
788
810
836
838
830
824
828
836
842
822
836
834
836
818
806
824
830
826
810
812
822
826
806
802
820
820
838
812
808
824
828
824
808
810
814
822
800
788
806
818
820
804
800
812
818
818
802
812
824
830
818
808
820
832
820
794
814
822
818
804
790
796
802
796
792
798
798
826
798
780
790
794
806
802
798
814
846
820
818
828
838
830
816
828
828
814
822
826
832
816
808
818
822
800
786
796
784
784
776
788
798
800
782
792
790
802
800
782
788
798
788
786
790
802
822
810
804
822
830
820
812
816
824
828
814
822
826
832
812
808
816
830
814
810
818
818
810
800
796
802
800
788
802
820
814
808
810
826
830
818
806
814
816
808
790
804
800
798
794
794
796
802
794
782
802
796
790
788
788
796
812
800
784
776
774
768
770
780
824
812
812
844
862
852
832
838
844
836
818
830
828
818
810
808
814
804
792
806
810
812
798
786
770
744
722
724
746
764
756
802
842
848
834
840
862
872
864
846
844
860
858
836
850
858
862
842
824
834
832
828
816
814
826
818
804
816
816
822
814
810
814
814
808
794
804
808
814
798
798
806
816
806
796
804
818
808
800
810
818
822
808
798
808
812
798
794
800
806
806
788
790
794
806
796
800
800
802
794
786
802
814
800
804
802
802
798
782
792
794
790
790
796
800
816
808
804
816
832
824
814
812
816
818
806
814
812
818
810
802
804
806
806
794
802
806
814
798
792
802
808
800
790
798
802
792
776
790
802
798
796
800
818
808
798
816
832
820
810
818
818
824
804
808
812
820
806
804
808
812
808
798
808
806
800
792
798
798
800
786
794
794
788
776
788
794
796
786
796
806
810
796
806
806
808
806
792
800
802
792
790
798
814
808
798
798
802
812
800
804
808
816
804
804
808
816
808
804
808
814
804
792
802
804
800
802
814
822
816
798
788
798
794
800
800
808
824
814
804
814
814
822
804
802
804
804
788
786
792
798
798
786
790
794
794
782
792
792
796
790
794
800
808
794
798
802
808
796
792
798
806
798
788
796
792
792
786
788
792
788
782
788
800
802
796
804
822
818
802
794
800
802
798
800
808
814
808
804
814
816
812
804
812
820
810
798
808
804
804
796
800
806
812
794
798
806
804
804
808
806
812
798
798
802
800
794
798
796
802
788
782
792
792
788
782
782
784
776
768
786
790
784
784
782
784
792
778
780
788
788
788
786
790
800
794
788
796
792
784
776
780
780
786
784
792
800
792
788
798
800
802
798
800
808
808
794
798
802
806
800
796
804
822
800
792
800
798
806
794
804
814
812
810
816
836
826
812
820
828
820
802
816
816
818
804
798
806
804
796
810
816
818
806
804
808
806
794
796
798
792
786
774
784
802
802
794
806
818
816
808
806
818
812
786
780
780
792
816
800
822
850
860
838
856
864
864
854
858
862
842
838
838
842
846
826
830
842
838
834
822
828
838
826
808
816
816
812
800
808
808
808
798
798
798
800
796
800
810
812
800
808
808
804
796
802
804
804
790
790
794
794
792
788
796
796
790
770
778
782
800
810
796
814
816
808
798
806
818
832
818
818
828
832
818
816
820
822
816
804
816
814
796
794
804
818
814
802
808
808
808
796
800
800
816
802
800
804
804
800
790
798
798
794
780
790
788
786
786
788
790
804
792
786
794
796
798
788
794
806
806
792
800
800
802
790
778
790
794
792
788
768
752
748
738
732
742
786
784
762
790
852
828
818
816
840
850
862
834
846
854
858
848
836
844
852
856
836
828
840
850
854
830
818
828
824
834
810
798
812
806
820
802
790
806
816
836
814
804
808
816
816
806
786
802
812
810
796
788
784
790
772
762
746
726
722
698
722
722
716
718
722
728
732
730
746
818
808
804
804
816
834
840
830
834
840
862
844
816
820
828
828
822
804
806
814
812
796
806
808
828
812
802
816
818
820
804
802
810
826
806
788
796
796
812
806
800
808
824
824
800
790
792
774
760
718
716
722
690
702
688
694
700
686
702
696
700
694
696
696
694
694
694
694
688
692
688
696
692
678
670
674
674
668
676
682
682
694
726
748
756
764
768
770
760
750
758
776
798
814
824
806
826
800
780
808
810
790
786
762
756
746
732
756
802
770
818
836
852
832
828
838
858
836
826
842
848
848
842
834
842
850
832
846
850
838
828
822
806
776
766
776
734
750
756
750
720
742
716
702
714
724
718
730
812
806
828
836
860
862
884
876
882
886
874
866
868
852
832
820
804
808
806
816
814
814
826
832
826
814
826
824
836
822
814
832
830
824
824
802
802
810
818
814
816
828
846
838
834
828
834
842
834
822
834
834
840
834
832
834
834
830
820
822
822
836
822
816
826
832
818
798
804
802
800
802
790
794
796
798
784
772
760
748
750
750
750
780
768
804
830
850
848
834
836
848
844
838
836
840
842
832
818
834
830
828
830
834
830
824
810
820
822
830
826
818
816
820
820
814
804
814
822
818
818
822
822
812
804
812
812
810
800
814
818
820
820
806
812
812
796
794
800
814
832
814
818
842
864
842
832
846
846
846
826
832
830
836
830
814
824
818
810
800
804
810
814
802
796
802
804
810
806
810
824
832
820
808
824
836
824
824
828
826
824
810
812
820
826
810
816
820
818
812
802
808
818
818
808
812
812
810
800
808
812
806
802
798
796
800
794
788
800
804
798
800
804
810
806
796
804
804
802
790
798
804
818
804
802
812
816
812
806
804
810
812
800
804
808
808
800
800
804
804
792
788
796
792
782
786
786
796
782
776
786
786
782
784
788
792
790
786
788
790
768
766
774
790
802
788
766
796
816
816
796
800
818
816
798
786
812
816
804
782
796
800
790
776
796
814
804
788
780
798
808
800
786
806
798
796
778
790
790
782
768
788
802
796
782
790
796
794
780
788
796
794
770
778
806
826
796
784
822
824
798
798
812
824
802
794
828
824
788
810
820
816
800
818
842
834
800
778
782
786
806
806
788
850
874
884
852
878
886
868
858
862
864
856
840
852
854
852
846
852
858
850
832
842
836
818
814
822
814
806
808
808
806
802
804
810
818
814
804
812
814
800
798
806
812
802
784
790
792
790
782
796
798
802
798
792
800
802
796
802
816
804
800
800
802
812
796
798
810
806
800
796
802
816
808
802
814
818
820
812
810
816
812
806
804
804
810
806
804
806
804
794
788
800
800
798
788
794
800
794
784
788
790
794
790
790
800
798
786
794
808
808
802
804
802
792
792
796
800
798
794
798
806
794
788
800
822
808
804
806
804
794
796
798
810
802
798
798
796
784
780
788
792
800
782
790
796
794
786
790
792
804
794
786
794
800
792
796
796
800
798
784
794
800
792
788
798
804
816
804
804
810
816
810
808
810
812
804
792
798
808
798
792
794
794
804
796
804
816
808
798
802
796
798
794
796
804
798
788
796
796
796
798
814
824
808
800
802
800
786
790
794
800
796
792
796
796
786
794
804
806
800
792
788
794
782
788
788
790
800
790
784
796
798
794
810
808
808
806
800
806
804
792
802
802
798
794
798
804
812
804
806
818
808
806
812
810
808
810
810
822
810
812
816
814
808
808
804
798
794
798
810
804
802
810
806
800
802
800
798
784
790
790
792
776
780
782
798
790
792
798
808
796
792
804
812
808
802
804
802
794
786
798
804
808
796
796
796
788
784
796
804
798
800
798
802
806
798
804
820
808
802
814
804
792
784
792
806
798
798
804
808
802
806
806
830
814
814
814
816
802
808
812
820
806
806
810
802
792
804
816
812
806
802
808
804
800
804
812
804
792
790
794
792
792
794
804
798
792
804
808
802
794
812
822
814
802
812
808
808
806
808
814
806
808
812
810
796
808
800
788
780
784
792
786
780
802
814
808
808
812
822
830
822
836
850
832
824
836
834
826
824
828
830
816
804
808
810
806
808
810
806
808
790
796
798
816
806
806
820
834
816
812
822
834
824
820
818
818
800
810
812
812
806
804
806
806
800
804
802
808
804
804
814
806
802
806
800
790
786
790
792
788
792
804
822
812
810
822
834
838
824
828
830
818
812
826
834
826
810
810
814
796
790
800
806
804
802
806
810
802
796
810
820
808
798
798
794
786
786
794
802
794
788
794
798
790
786
792
800
792
796
796
796
792
788
794
806
800
800
808
818
806
810
816
828
818
818
822
824
812
816
816
814
804
798
806
810
800
804
810
808
804
802
800
796
794
796
804
800
796
804
808
800
802
804
814
804
798
818
828
814
808
816
814
798
796
806
808
806
804
810
824
820
806
816
832
818
828
842
830
824
822
822
834
824
804
794
768
742
738
742
742
740
726
730
718
710
710
704
702
708
728
730
726
732
736
732
740
804
800
820
840
822
826
836
858
842
816
830
830
822
806
800
820
840
824
806
822
842
850
834
816
834
842
850
832
822
834
850
832
822
836
848
852
828
812
834
846
848
826
836
842
836
826
830
844
852
832
820
838
850
848
824
826
834
834
818
824
838
850
828
818
840
850
846
830
844
852
842
830
848
862
848
830
840
838
830
802
804
806
816
792
778
776
750
738
726
724
728
718
724
724
728
716
720
714
708
712
700
692
690
676
652
648
662
646
632
640
638
624
614
618
618
610
610
606
608
620
642
652
688
780
840
804
804
798
820
816
806
790
822
854
836
818
848
864
828
810
848
850
836
812
814
876
894
846
824
844
872
870
836
820
844
846
842
824
822
816
810
798
812
832
856
834
820
822
816
804
814
830
822
818
820
816
800
820
832
828
824
828
836
818
798
812
828
822
820
840
868
842
836
850
844
830
810
828
830
826
814
822
834
818
800
818
828
830
814
806
834
848
820
806
820
828
812
798
808
812
806
802
810
832
818
804
820
830
816
806
822
826
818
804
814
818
804
794
804
806
808
790
790
808
812
798
780
788
788
790
780
784
794
796
788
792
792
804
792
784
808
806
790
786
784
788
786
774
786
802
786
784
778
780
768
764
774
802
780
780
794
802
808
794
790
804
802
786
782
790
794
792
786
798
824
812
798
808
806
816
802
806
824
830
806
814
816
816
808
808
812
820
812
804
812
806
784
774
786
792
832
830
810
844
876
854
858
876
864
838
824
810
782
746
738
762
778
780
844
838
834
824
832
860
882
854
836
856
892
890
852
840
844
848
824
804
806
800
808
802
778
790
802
804
796
782
808
842
824
816
820
824
846
830
800
810
828
840
824
792
804
820
840
820
806
812
830
838
816
796
804
818
830
816
802
800
812
814
804
774
788
790
802
792
782
780
800
812
796
786
792
