538
522
578
538
534
534
536
516
538
558
554
560
556
556
574
592
578
572
576
570
566
590
584
588
564
560
552
552
548
542
550
538
538
542
528
538
530
544
570
564
560
562
576
586
584
578
574
566
546
560
542
552
546
558
566
564
572
570
564
560
560
558
546
546
550
548
546
542
550
556
558
556
548
546
532
530
530
530
532
526
514
526
526
508
522
520
512
516
516
518
508
522
520
542
538
530
538
540
538
528
528
532
538
552
544
562
566
572
564
566
568
574
548
556
564
556
560
568
556
576
564
576
580
588
572
578
588
596
598
600
590
586
586
580
580
580
578
574
584
582
590
584
578
588
564
558
568
568
558
572
568
564
556
568
566
552
558
558
562
558
552
572
558
566
568
556
562
570
566
566
566
558
562
548
544
538
532
532
552
546
568
564
558
582
596
600
586
596
612
600
602
598
604
582
596
596
604
600
608
616
620
614
622
618
622
610
592
588
582
584
568
580
580
580
576
578
608
604
620
614
604
610
608
580
580
582
606
594
590
576
572
572
598
624
612
610
610
612
614
604
606
600
596
604
596
598
596
596
598
598
598
600
602
580
574
570
556
564
566
558
556
558
564
554
550
550
556
558
550
554
552
556
554
554
562
556
552
548
554
542
528
530
538
576
606
610
618
614
596
576
582
564
564
548
552
576
590
620
622
626
618
598
600
566
562
570
548
546
542
536
538
524
514
498
500
484
484
490
492
502
548
570
584
614
620
596
606
600
604
576
584
592
576
580
566
552
558
562
550
574
568
576
568
574
558
554
552
540
534
530
536
526
532
520
516
524
524
514
526
516
522
526
518
526
536
524
534
522
524
526
530
540
534
552
568
580
570
576
572
568
578
554
556
564
554
550
550
544
564
560
564
568
560
564
550
540
544
538
568
588
564
570
566
568
568
554
562
562
554
566
576
582
572
570
566
564
572
552
560
564
554
552
548
570
584
598
600
598
592
602
572
560
568
574
556
558
568
556
566
562
568
572
564
560
566
572
570
580
582
586
584
588
580
594
578
590
578
588
592
596
588
594
594
590
588
594
598
588
596
588
596
584
582
564
566
558
554
546
544
542
552
552
548
544
566
566
566
564
568
534
554
558
536
538
528
518
534
518
550
576
570
576
592
608
610
606
616
606
596
594
578
590
580
580
578
596
594
594
598
584
576
578
580
586
576
578
576
578
576
570
570
568
576
570
576
578
582
586
580
574
584
586
582
574
566
580
578
572
566
568
564
554
552
544
538
536
534
530
536
528
528
552
552
556
548
576
564
548
550
536
528
526
524
518
522
522
530
520
542
540
552
540
550
546
546
546
548
536
550
542
560
552
552
554
560
550
548
552
544
530
540
538
522
526
530
528
528
546
554
556
558
552
552
540
552
548
552
556
554
542
552
558
584
584
604
604
600
600
592
558
586
580
564
568
562
548
566
584
564
580
576
558
558
558
542
550
556
532
554
552
548
568
552
552
540
522
538
552
574
546
576
574
582
584
586
584
584
602
598
594
602
616
604
594
562
550
572
560
578
594
602
588
586
608
580
598
590
578
592
584
614
644
630
638
618
586
576
566
578
580
554
570
564
606
616
626
622
618
608
588
584
596
594
632
636
640
658
662
658
646
642
622
612
610
608
590
606
606
594
594
608
612
610
596
588
564
560
542
542
544
550
552
552
554
546
546
540
552
540
542
526
530
540
546
560
550
574
586
598
588
604
620
600
608
606
608
584
590
614
598
618
632
626
620
630
594
604
602
594
614
638
612
666
650
644
648
644
640
628
632
630
614
604
614
626
604
626
624
620
632
618
626
628
634
622
628
602
610
590
614
628
620
620
600
586
584
580
586
574
574
580
576
592
590
584
574
572
574
572
558
562
558
556
554
558
562
558
564
588
564
580
562
556
564
578
556
566
562
608
578
580
586
588
582
582
594
552
560
554
558
566
604
618
604
616
590
570
574
556
546
556
548
576
608
594
598
608
592
598
610
590
602
592
578
580
582
580
582
596
584
602
594
572
582
572
572
576
576
580
598
608
618
610
596
574
590
590
600
606
622
604
626
626
606
614
614
618
594
608
604
602
588
584
598
586
594
608
594
602
602
582
592
588
562
582
578
592
586
624
622
612
604
618
612
604
592
588
580
590
580
580
616
638
630
630
612
580
582
590
602
628
614
594
600
570
566
560
572
570
552
554
566
550
580
596
570
588
582
572
570
582
564
558
570
566
582
604
600
604
608
592
582
558
568
566
560
556
570
560
568
556
556
542
554
550
556
568
558
558
542
552
550
540
538
532
530
528
552
534
558
552
548
578
560
550
558
560
562
566
546
552
534
540
542
544
518
528
542
540
534
540
542
550
548
540
538
546
524
520
522
520
560
562
546
560
564
566
556
564
570
552
538
544
546
538
536
532
524
516
526
528
534
530
528
538
566
544
542
544
564
550
564
560
550
554
524
536
534
562
572
576
572
584
570
570
558
554
548
552
556
570
572
584
576
584
580
558
552
544
546
532
538
534
552
548
566
548
554
556
554
552
552
544
544
538
528
538
540
542
538
564
560
562
558
560
568
558
526
534
528
536
554
536
548
554
532
536
540
520
538
534
538
530
530
552
550
560
574
556
568
544
550
548
542
548
554
550
544
550
574
558
598
590
578
572
548
558
550
544
544
544
526
534
526
540
536
524
538
524
532
532
536
526
534
524
520
552
552
542
538
546
532
536
536
528
534
524
518
526
520
518
524
534
520
546
534
540
536
534
532
528
480
576
552
582
588
558
560
556
568
572
560
562
576
560
564
574
558
560
568
570
556
554
534
538
546
538
538
546
546
532
542
544
534
540
542
530
542
560
560
558
568
568
552
558
552
534
556
554
540
552
556
544
550
550
550
544
536
540
522
564
604
610
598
560
588
582
562
570
554
564
568
552
554
560
556
550
550
556
562
578
610
574
586
572
574
574
592
578
576
584
568
570
588
572
580
588
584
592
596
592
582
578
580
572
584
566
558
560
562
574
574
564
572
564
566
564
554
556
566
560
560
566
558
556
568
566
556
560
578
562
582
576
566
572
546
570
578
626
552
628
566
562
564
564
590
602
632
654
636
648
626
618
618
596
582
580
584
614
600
596
614
614
606
604
604
596
608
600
606
598
616
612
596
596
590
578
586
586
590
592
602
588
590
576
576
564
570
570
576
596
586
588
584
582
572
574
570
584
596
600
598
574
596
610
614
588
634
614
586
598
600
592
596
600
608
608
632
632
616
630
612
618
638
650
648
654
674
654
628
640
608
618
608
584
592
590
600
618
628
614
626
612
620
588
584
582
556
554
552
540
518
528
530
530
528
524
514
506
512
488
490
494
486
486
480
482
488
476
474
480
474
502
482
494
522
574
610
652
610
604
560
582
576
592
592
558
546
536
518
508
508
498
478
488
474
470
472
472
462
460
472
476
466
474
488
474
472
464
472
462
454
460
448
450
452
448
448
456
468
454
452
448
448
452
448
442
436
440
442
462
448
464
460
466
474
460
474
448
464
456
466
470
482
494
476
472
480
474
476
480
478
474
502
482
482
486
492
478
490
506
496
486
494
494
500
500
490
530
566
566
548
566
532
530
526
502
498
504
496
496
512
506
502
410
740
560
584
592
584
550
562
552
528
546
516
522
512
516
510
542
558
540
548
566
552
526
518
512
508
508
506
504
512
506
514
512
496
526
538
524
550
546
542
530
534
522
530
532
532
522
518
518
520
520
522
516
522
512
500
500
510
502
532
544
546
558
544
520
534
526
530
536
538
528
520
520
526
514
542
552
550
550
556
546
556
548
554
524
532
528
510
518
500
502
512
498
506
506
536
556
528
532
538
566
564
542
536
538
532
528
534
538
548
530
526
530
532
522
526
522
530
524
618
590
552
542
538
520
500
498
510
518
518
514
548
528
530
540
538
530
538
536
530
530
534
510
506
522
506
530
518
542
556
558
536
530
524
508
502
510
512
504
516
534
510
538
532
536
544
546
524
526
542
526
538
554
544
530
538
524
526
536
514
522
538
528
518
532
552
532
536
534
546
530
542
536
520
516
514
510
512
504
498
512
520
508
510
532
528
528
530
548
530
550
494
522
524
500
496
488
494
496
476
492
480
494
516
482
494
534
520
514
514
510
530
516
516
518
522
510
500
510
512
500
504
522
508
502
522
512
504
522
432
410
686
504
494
512
514
498
538
526
522
530
530
512
520
536
528
544
544
510
536
538
514
534
532
508
518
524
520
534
524
518
520
538
522
532
528
526
514
490
522
524
578
554
554
558
552
540
538
524
518
510
504
518
510
504
510
520
526
530
516
524
528
526
502
512
558
576
572
570
544
544
522
520
530
522
504
520
510
510
536
530
530
548
538
544
552
552
538
532
520
528
522
514
520
512
516
512
524
516
516
516
508
520
526
510
512
514
512
518
510
508
492
504
514
522
508
516
542
538
536
542
560
542
526
530
520
530
532
530
520
514
520
514
534
520
538
520
524
536
522
574
538
560
554
542
520
540
530
538
524
530
530
514
514
522
520
510
514
516
502
502
526
516
522
560
580
622
634
626
628
614
598
574
558
542
528
526
516
510
498
506
494
494
510
560
564
544
554
554
556
550
544
532
520
516
524
524
524
526
524
520
514
510
544
524
528
552
526
532
546
532
528
522
530
524
514
520
506
504
512
508
498
508
506
512
506
504
514
502
530
522
534
524
516
522
512
516
520
504
518
520
508
514
502
498
514
504
508
504
536
546
548
538
534
530
514
508
514
508
506
506
508
500
502
480
486
504
482
508
506
498
520
518
504
516
524
520
506
520
510
518
528
540
526
534
524
524
526
518
504
502
504
516
528
546
532
526
544
536
532
540
534
524
536
526
520
526
532
526
540
526
536
542
528
530
528
524
518
540
518
544
534
544
550
548
558
546
548
546
538
520
528
530
520
524
528
532
528
532
562
574
570
564
536
530
516
506
516
506
494
522
510
514
532
566
546
540
558
546
550
542
514
518
528
520
520
526
522
558
534
542
564
542
554
558
558
544
532
532
522
526
520
520
514
536
534
534
542
534
528
530
526
526
538
540
534
554
550
544
548
540
556
552
550
518
540
522
518
554
528
556
540
542
554
538
566
556
558
550
552
536
540
524
526
524
524
540
520
522
530
518
526
528
524
524
532
510
518
508
516
518
520
528
530
516
522
518
534
534
526
526
528
524
522
522
540
532
532
546
538
518
524
514
514
510
504
512
502
508
520
516
516
522
512
520
514
514
510
504
510
510
516
506
506
500
510
514
506
504
516
512
500
510
530
506
528
524
504
514
518
518
504
512
520
512
522
526
538
522
524
532
538
538
540
518
520
518
502
504
502
502
498
498
524
514
516
514
506
514
512
504
502
510
492
538
504
520
518
518
512
520
518
502
506
500
520
524
536
526
522
526
514
500
494
492
474
488
484
486
480
504
500
508
522
538
546
556
550
554
544
546
542
546
540
542
532
520
530
532
526
526
520
538
550
528
606
552
550
558
542
548
538
548
540
532
524
532
520
516
522
522
510
514
538
540
562
536
552
570
554
558
562
560
574
558
558
560
542
550
544
568
560
574
568
562
556
538
536
546
534
558
556
562
554
558
528
538
522
516
520
518
520
532
552
552
536
546
556
534
540
534
536
530
530
562
548
562
572
554
554
548
558
542
548
544
540
562
544
524
528
526
548
530
546
542
524
522
522
522
528
522
540
542
556
526
546
556
540
540
544
520
526
552
536
530
542
532
546
554
540
536
542
534
538
540
524
512
532
530
552
538
546
546
540
526
524
510
522
514
532
516
526
530
518
530
520
536
548
550
546
556
562
556
562
550
542
532
532
538
534
532
516
534
508
512
504
500
512
506
510
524
526
528
516
512
498
514
480
502
506
492
508
510
520
514
490
498
504
488
514
498
496
510
494
496
494
484
482
504
504
516
502
518
518
514
522
520
512
518
528
514
538
554
528
536
560
522
502
524
508
510
506
534
530
522
528
552
542
530
538
520
520
528
528
534
534
530
552
544
562
552
550
544
524
518
524
518
524
530
508
524
520
514
506
506
506
508
504
534
542
538
544
542
520
500
520
520
540
572
580
570
580
570
576
576
526
548
554
556
630
684
674
668
626
660
672
668
676
630
614
610
610
584
576
562
542
522
538
530
530
538
530
538
526
536
542
538
528
530
532
534
520
548
542
548
530
524
516
520
522
510
514
514
512
508
520
504
504
508
494
500
508
500
506
514
508
508
528
516
522
520
500
502
494
506
494
500
522
504
508
534
516
502
508
502
486
496
498
498
504
500
508
526
510
506
512
496
496
490
492
484
486
496
522
544
514
520
514
516
512
510
524
520
520
536
512
510
504
510
512
514
508
502
534
518
534
534
506
504
518
510
510
502
508
518
512
512
514
508
518
518
526
544
518
516
522
514
506
518
518
508
524
526
526
536
522
542
560
562
580
580
574
602
598
602
610
586
566
546
552
526
532
528
526
502
512
498
484
484
488
488
478
496
504
498
526
524
518
520
514
538
532
542
530
550
546
546
524
532
532
526
526
514
514
518
508
514
510
514
510
540
530
548
546
520
518
506
498
498
506
490
506
508
502
502
500
504
506
500
504
502
496
488
500
492
504
502
498
504
502
498
500
494
498
498
494
496
498
492
492
494
514
522
504
514
538
526
482
568
524
520
532
518
520
526
510
518
516
510
518
506
512
518
512
510
502
492
506
500
490
496
484
514
516
504
506
504
494
492
492
480
480
470
478
480
482
486
480
480
482
484
484
476
494
504
498
526
500
508
526
530
516
532
520
522
508
512
516
514
516
522
520
520
520
522
522
526
552
526
530
532
508
524
520
516
536
538
532
546
546
534
536
530
522
516
510
508
506
510
510
512
508
508
520
544
546
536
520
532
524
518
530
524
526
532
530
514
518
512
526
530
532
522
526
498
492
500
492
530
530
534
568
574
582
570
570
558
546
548
538
524
530
532
548
538
538
540
538
556
564
550
536
530
512
518
514
512
512
510
534
544
566
558
558
554
546
542
548
554
570
576
560
554
526
528
526
542
546
558
562
546
598
582
584
584
584
588
582
574
550
550
530
542
534
530
524
528
524
530
558
536
566
556
546
552
538
542
548
544
538
546
546
538
560
520
536
546
566
552
562
542
550
548
546
552
546
542
550
550
536
540
552
570
558
564
556
568
562
556
552
528
542
540
530
550
544
542
544
578
558
560
568
558
558
562
558
558
554
544
556
538
540
536
544
544
556
546
562
572
554
564
556
556
550
552
534
540
534
536
538
544
540
530
534
534
518
516
524
524
520
532
526
518
540
532
552
538
536
536
538
534
534
536
544
540
550
566
550
556
558
546
554
552
554
546
554
548
570
564
546
566
544
548
542
538
540
530
534
534
530
538
536
546
542
534
540
536
546
536
534
536
546
544
536
532
552
552
554
550
540
550
548
542
556
552
552
552
556
544
536
532
536
528
526
530
520
520
524
524
514
540
532
534
542
524
544
618
580
568
548
548
558
562
582
598
592
592
584
580
578
560
548
556
596
592
584
592
584
572
562
562
538
548
546
540
542
564
584
580
584
572
578
572
562
562
558
566
558
582
572
602
576
596
586
574
566
542
546
542
536
526
518
518
520
522
520
512
568
586
550
658
576
674
632
566
598
584
576
564
532
546
518
526
504
526
520
506
526
544
560
560
578
594
580
588
578
574
542
554
542
524
544
532
534
538
520
522
514
502
512
500
504
498
518
514
496
520
520
514
514
520
492
494
476
458
460
456
482
474
482
498
506
520
536
546
546
516
528
522
548
548
510
520
500
508
500
500
500
494
490
498
494
492
500
492
520
532
528
532
518
500
482
472
486
488
494
504
504
504
492
498
500
490
496
498
490
514
506
510
508
506
516
524
524
524
524
526
524
522
522
518
524
516
512
520
512
524
532
546
536
510
522
488
504
500
490
494
488
522
554
522
550
542
534
534
536
532
538
532
526
526
516
528
512
514
518
514
522
512
520
512
542
526
532
534
522
528
526
528
526
496
526
542
542
556
554
554
528
544
534
528
530
536
534
536
534
532
534
524
546
532
544
542
518
534
518
514
528
510
516
524
512
534
514
524
528
544
546
564
544
518
532
504
494
508
508
508
510
524
562
546
544
588
568
560
566
572
536
520
522
494
512
506
508
514
512
502
508
492
500
496
486
492
502
494
514
524
542
532
526
530
526
526
524
528
520
522
532
548
536
532
538
532
542
526
510
502
516
500
522
510
510
524
518
520
512
516
494
474
472
482
484
520
546
534
540
552
534
508
566
552
566
580
654
680
662
652
618
532
628
586
550
520
544
538
554
574
594
614
650
620
634
640
606
596
620
606
594
576
578
562
556
552
566
600
620
598
572
580
564
558
550
560
554
554
576
582
600
620
630
624
616
586
572
566
558
562
562
558
562
554
560
558
564
564
566
556
580
564
554
544
544
528
526
522
524
522
524
522
518
544
540
544
558
544
546
552
534
540
514
530
524
520
520
518
506
410
424
636
492
488
496
498
498
534
548
536
554
538
546
554
526
530
532
524
530
542
550
560
548
554
338
322
372
410
622
482
502
478
488
528
678
704
694
690
698
698
674
662
614
632
614
612
602
608
590
578
548
556
546
516
542
540
584
620
660
648
670
680
670
622
658
646
634
652
626
632
634
610
624
604
616
608
614
600
614
658
672
666
676
682
678
624
640
640
634
628
642
634
646
660
656
658
648
644
620
636
644
646
634
646
610
606
616
606
612
602
608
626
624
610
612
616
610
608
608
630
612
608
632
684
684
692
694
652
632
650
646
694
698
694
686
676
674
666
658
636
624
574
588
580
580
578
602
614
628
644
642
634
646
652
664
656
674
666
668
672
660
676
664
672
658
660
660
654
640
622
624
620
606
618
644
642
656
662
656
654
636
626
602
594
598
586
580
578
580
574
576
576
602
632
638
616
640
646
656
638
598
602
584
588
584
618
614
602
592
608
604
638
644
642
636
612
610
598
582
584
588
618
630
618
628
632
634
622
612
602
610
600
602
606
614
626
632
652
648
648
648
622
612
614
610
594
606
604
600
586
592
590
590
586
618
612
614
620
612
608
612
612
590
606
606
588
592
602
596
600
592
592
586
594
588
616
602
588
590
584
584
584
586
580
584
596
596
594
594
592
594
588
598
594
600
614
598
600
612
596
588
582
576
574
566
572
570
562
568
584
572
566
582
570
572
574
584
568
562
564
562
562
574
586
572
574
580
570
572
584
592
586
584
590
582
578
586
594
592
572
568
554
560
564
578
574
554
566
570
566
588
606
608
614
612
610
600
598
596
622
622
608
604
610
616
638
648
654
664
658
668
668
664
652
618
610
612
588
600
592
590
628
718
716
694
706
692
660
666
646
626
608
604
598
590
574
590
576
572
572
566
570
556
562
556
548
548
542
552
548
544
572
566
568
570
574
566
578
580
570
572
588
580
590
598
594
592
576
580
588
578
584
556
582
574
572
568
560
558
560
552
542
536
532
528
518
518
506
524
536
544
532
548
574
554
554
566
558
554
548
536
542
540
530
534
536
530
576
574
576
580
582
580
562
568
566
558
576
564
574
578
548
550
560
536
538
550
548
548
542
542
548
564
570
580
616
614
602
582
588
582
572
570
574
548
560
556
554
562
566
562
576
570
578
614
610
588
594
576
588
572
562
572
562
562
572
562
576
574
568
580
570
590
600
578
592
606
566
580
576
572
582
568
572
576
578
572
578
574
578
570
570
560
564
568
558
564
560
558
566
544
564
554
568
568
562
594
568
582
578
582
570
560
558
554
550
598
574
586
586
584
602
596
588
618
598
592
614
608
582
584
582
576
570
570
566
570
550
544
558
542
552
572
566
586
598
580
612
596
580
592
592
580
594
604
590
606
602
590
594
584
568
582
576
556
574
570
566
564
562
562
568
566
564
574
562
578
548
596
574
552
560
564
560
556
558
568
568
568
562
560
548
536
544
538
540
526
536
538
534
536
514
522
514
498
518
514
508
512
500
506
510
502
502
506
502
500
502
506
542
546
544
540
552
544
566
532
512
622
534
528
520
514
500
508
506
500
494
498
498
512
494
502
498
494
496
490
496
510
504
506
512
510
496
502
494
486
498
490
478
504
502
514
456
554
508
514
494
516
556
558
556
560
544
556
542
546
530
516
512
514
510
510
516
512
514
504
508
508
496
508
508
502
498
492
496
492
500
492
508
500
508
524
530
528
562
536
540
538
538
532
532
526
526
524
518
528
514
532
534
536
536
532
536
536
540
534
560
542
532
538
556
536
538
538
558
542
540
542
564
556
542
558
548
558
556
574
582
588
586
594
602
592
562
560
550
554
548
550
522
522
528
528
570
550
568
578
556
564
564
566
572
556
552
562
552
558
558
578
584
570
578
590
592
590
588
586
586
610
594
600
598
600
592
628
620
628
634
634
630
618
612
622
612
606
614
608
614
586
596
572
590
594
572
576
576
574
586
580
592
592
588
596
596
598
616
632
622
620
630
622
616
616
584
602
598
602
608
624
608
624
612
644
626
628
624
594
610
596
578
580
568
576
580
558
562
572
582
570
582
572
618
606
600
578
568
574
564
562
564
596
582
576
580
574
574
588
604
580
578
546
536
544
546
556
548
584
558
548
554
550
540
530
518
516
514
510
514
520
526
514
516
518
494
500
498
506
504
502
502
496
570
520
526
542
524
520
518
520
520
516
502
512
510
502
496
488
498
496
482
486
490
490
502
524
538
560
534
542
514
518
510
498
510
510
504
500
510
500
504
522
506
504
520
514
546
562
580
568
606
576
648
592
576
570
548
558
566
570
570
568
540
542
518
502
504
490
486
492
494
482
480
512
500
510
526
564
566
554
542
556
548
534
542
528
522
528
522
526
552
538
534
544
546
524
528
528
522
518
536
530
544
564
542
542
544
536
540
554
548
544
530
526
528
524
520
524
524
520
530
536
528
544
552
524
528
526
522
516
522
528
554
538
544
546
536
536
530
518
520
520
512
508
508
510
508
508
510
508
520
512
520
514
518
512
522
510
520
528
514
504
486
488
472
476
474
502
522
538
524
538
560
552
544
554
542
534
526
534
532
524
514
504
500
504
518
522
562
560
560
574
570
582
556
560
554
542
538
540
536
554
544
566
580
564
572
566
564
556
538
546
548
582
592
592
574
568
562
566
558
558
576
564
560
564
586
602
608
606
608
608
598
600
626
600
604
612
580
576
558
572
560
560
586
576
568
584
562
570
556
558
582
564
598
590
584
592
596
594
596
574
592
580
576
588
572
580
574
560
564
560
556
568
578
562
570
562
578
566
576
592
574
598
570
560
570
580
604
580
578
578
570
560
586
574
604
598
580
554
558
558
562
568
556
560
572
562
574
568
576
568
566
568
560
548
548
554
558
566
560
576
570
570
564
566
570
566
566
576
574
570
562
564
558
554
578
572
560
568
574
572
562
560
564
570
544
550
528
528
532
536
524
552
562
570
570
572
552
554
544
542
526
530
532
536
564
574
586
594
600
598
572
546
532
540
544
528
530
616
640
676
670
678
680
658
646
634
602
604
604
620
644
650
666
648
650
628
610
598
604
600
646
630
632
652
666
646
648
630
618
602
602
604
632
614
622
610
608
594
596
602
598
600
602
582
584
562
566
574
568
598
598
594
584
570
570
548
542
550
552
548
576
574
560
568
568
566
578
576
574
578
570
568
576
584
580
588
570
572
590
568
584
592
590
610
616
610
612
606
610
604
614
610
614
586
584
576
574
572
556
548
554
550
596
634
634
628
628
640
628
638
622
624
626
656
660
642
650
640
644
636
650
642
644
622
624
612
618
616
654
658
672
676
676
680
660
632
626
638
628
626
632
622
618
632
616
628
608
610
608
652
660
664
654
642
648
648
646
654
626
620
620
622
600
612
618
596
608
602
612
610
606
602
584
572
584
580
636
654
664
646
658
666
656
666
636
632
638
630
652
632
656
666
656
650
650
644
618
622
634
622
630
636
650
642
646
632
624
630
628
608
612
612
622
618
608
590
588
584
576
570
576
578
584
600
608
618
614
604
596
576
584
582
564
576
576
574
570
580
600
600
620
626
624
614
616
612
616
618
612
620
608
610
610
608
558
546
540
540
526
532
538
544
534
544
538
562
558
552
562
548
536
536
530
532
534
548
546
556
550
550
550
550
546
528
530
538
526
554
570
580
564
556
544
546
534
532
568
582
606
582
596
580
592
596
594
616
596
596
596
594
588
568
570
566
570
570
572
598
580
582
584
582
586
562
576
570
588
616
604
608
610
572
554
544
544
550
554
572
614
628
642
644
644
636
636
628
628
638
632
636
628
624
626
626
614
622
646
646
634
634
624
592
586
590
596
582
598
596
576
584
580
604
632
674
674
660
650
634
654
642
644
650
634
636
650
636
638
648
640
632
590
592
574
564
546
532
550
550
540
590
624
600
636
656
670
658
646
634
634
636
624
616
628
620
604
600
602
586
588
576
580
588
580
574
590
602
604
606
612
596
586
576
590
590
600
610
594
594
602
572
584
590
574
592
584
586
588
596
584
580
586
568
586
578
570
600
620
642
630
624
626
616
628
626
620
608
584
590
588
592
594
572
566
570
570
552
558
560
552
576
566
572
570
560
560
546
550
548
540
546
560
572
600
620
622
612
606
586
588
570
574
608
614
624
612
590
594
586
572
586
576
610
596
606
620
606
594
598
592
594
568
578
584
572
614
594
600
596
582
580
560
544
560
556
574
570
596
608
614
606
630
628
646
642
642
644
628
602
610
604
626
638
642
662
660
666
668
664
672
670
650
660
666
650
658
658
632
632
632
634
612
602
610
622
616
614
600
606
598
588
596
598
628
614
618
634
636
626
630
624
618
618
618
626
638
626
626
634
620
626
630
632
640
646
638
634
618
612
614
616
594
586
592
616
634
634
646
632
644
640
632
616
604
618
618
604
612
612
604
622
606
610
622
618
628
620
630
642
624
636
634
600
594
596
600
600
604
596
622
624
614
624
614
588
580
560
566
558
568
604
630
618
662
682
680
708
710
678
628
676
660
652
662
658
630
640
612
634
630
632
622
608
602
586
578
580
586
574
614
610
616
606
598
604
594
638
612
608
592
592
598
598
614
620
626
636
628
598
596
594
604
604
592
606
618
612
622
600
596
576
568
556
558
546
546
554
554
556
558
554
566
574
592
580
582
586
588
558
570
554
546
552
548
554
550
562
570
556
556
556
544
528
526
532
528
530
564
570
576
578
586
588
580
588
600
590
596
594
582
580
562
564
550
528
538
546
544
544
562
552
610
612
604
600
610
602
584
596
594
596
590
592
576
606
570
564
560
558
556
540
546
548
546
538
536
532
534
524
528
530
538
556
534
528
534
528
532
534
526
534
546
532
538
542
528
534
524
516
520
520
510
508
522
516
532
542
552
564
560
562
544
548
524
534
536
526
534
540
542
536
540
538
564
548
572
572
564
570
560
568
556
544
530
544
546
534
552
554
562
554
554
544
518
536
512
496
494
488
478
484
480
486
488
480
482
476
496
492
492
496
494
486
488
476
486
484
490
490
482
480
482
490
486
504
500
494
490
496
498
494
488
486
486
484
482
488
486
482
484
478
474
490
486
490
492
502
498
492
494
490
492
498
492
494
482
478
484
474
484
472
484
482
488
488
492
494
486
496
492
492
500
474
486
486
478
474
478
488
496
510
508
508
522
526
516
512
504
486
478
470
474
468
486
496
490
488
494
490
486
500
490
492
508
522
532
530
530
524
514
506
496
492
478
480
478
474
456
458
462
456
444
448
454
446
442
448
444
434
446
442
428
438
442
444
428
434
426
436
442
444
446
446
458
460
452
456
466
456
460
462
460
456
458
456
452
456
452
448
444
448
450
436
434
430
430
436
424
444
442
442
454
458
450
454
454
454
440
456
458
460
450
452
464
462
462
470
470
474
464
470
472
466
470
460
470
464
466
478
478
476
486
500
492
488
494
488
482
498
506
506
508
514
510
508
504
506
502
508
526
524
526
526
526
516
520
518
500
512
500
490
492
506
508
512
516
534
536
534
530
536
516
524
516
512
524
542
526
552
562
550
568
582
572
554
556
550
536
556
542
546
546
574
552
578
580
570
562
566
562
554
560
560
558
570
572
568
572
576
580
568
568
564
558
560
598
584
580
592
580
582
556
552
554
542
544
558
566
564
570
566
574
598
580
614
614
602
606
594
570
574
572
572
560
572
564
570
582
602
576
588
584
578
576
568
550
548
548
542
548
548
540
560
570
552
540
552
560
558
554
572
562
570
590
574
570
586
574
556
560
562
564
568
546
554
558
550
540
542
546
528
538
540
556
576
564
586
600
586
580
572
594
606
594
594
578
592
580
578
574
588
582
566
604
580
604
606
606
586
574
578
572
562
568
578
570
566
568
582
558
566
562
568
562
578
580
586
578
582
568
558
560
558
552
564
558
570
556
558
570
560
550
544
548
538
544
548
538
542
554
568
550
538
544
548
538
576
576
580
580
572
574
560
568
566
566
550
564
560
574
568
568
578
566
580
572
558
560
556
562
562
576
562
574
572
556
536
544
550
