1004
1046
1044
1036
1054
1036
1044
1032
972
882
1012
1050
1042
1050
1056
878
920
998
898
956
1020
914
1036
1030
1032
1036
1028
1014
1030
1030
1038
1046
1032
1032
1050
1042
1038
1044
1052
1038
1046
1032
1040
1042
1038
1032
1032
1040
1040
1052
1058
1032
1042
1030
1044
1044
1038
1040
1030
1042
1050
1052
1058
1020
1012
1008
882
968
1052
960
1004
996
904
972
1058
1028
1040
1032
1044
1030
1034
964
936
940
1010
1000
982
1034
1040
1048
1042
1032
1044
1030
1016
1000
1008
880
1030
1034
998
1030
1032
926
936
972
924
1020
1038
1036
1040
1028
988
994
918
934
1034
1038
1048
1054
1038
1054
1046
1036
1038
1046
1030
1038
1032
1030
1036
1036
1034
1034
1032
1042
1042
1044
1050
1044
1040
1044
1032
1036
1032
1026
1024
1030
1016
1048
1038
1036
1040
1036
1046
1042
1040
1042
1044
1030
1046
1044
1040
1046
1034
1050
1040
1034
1022
1038
1020
1024
1038
1038
1024
1042
1028
1026
1030
1024
1038
1030
1024
1028
1038
1036
970
758
736
980
998
1008
948
908
854
998
1026
1044
1050
1038
1044
1038
1052
1038
1034
952
952
998
1022
1042
1032
1042
1046
1032
1040
1046
1038
1040
1042
1030
1036
1034
1030
1030
1034
1044
1030
1034
1022
1040
1036
1032
1028
1028
1032
1036
1026
1036
1020
1034
1026
1016
1032
1018
1020
1030
1024
1022
1030
1016
1022
1028
1014
1034
1022
1024
1020
1032
1022
1034
1026
1024
1024
1014
1024
1022
1036
1024
1030
1028
1024
1020
1022
1014
1020
1020
1022
1014
950
854
1002
1010
1028
1026
1032
1030
1028
1036
1038
1028
1040
1024
1034
1038
1032
1024
1028
1016
1014
922
798
804
926
1014
1004
1052
1036
1028
1026
1030
1026
1014
1022
1020
1016
1022
1026
1028
1022
1036
1026
1030
1022
1016
1028
1016
1030
1024
1032
1038
832
898
990
1012
1030
1028
1032
1040
1032
1048
1032
1030
1032
1032
1018
1024
984
912
986
1008
908
850
972
892
1004
1048
1034
1046
1054
1036
1032
1026
1034
1028
1030
1020
1034
1028
1028
1034
1024
914
794
924
1014
1028
1032
1034
1040
1046
1036
1044
1042
1038
1038
1044
1040
1032
1040
1028
1030
1042
1038
872
996
992
954
968
1062
1022
1034
1034
1042
1032
1024
1030
1042
1032
1034
1046
1040
1032
1044
1028
1020
1018
892
838
912
1042
948
1054
1024
1030
1034
1024
1028
1030
1028
1016
1038
1028
1026
1032
1032
1030
1040
1030
1026
1032
1032
1018
1028
1024
1028
930
1024
1026
1042
1030
1032
1034
1030
1024
1036
1018
1026
1026
1028
1022
1032
1030
1022
1028
1026
988
1010
1024
976
1024
1024
1024
1034
1022
1022
996
986
940
844
964
1042
1026
1046
1038
1036
1054
1032
1032
1042
1030
1032
1032
1020
994
1010
1000
862
950
1004
1028
1028
1044
1028
1030
1032
1006
892
962
1026
1026
1032
1022
1024
1018
1012
938
998
1032
1030
1036
1044
1040
1038
1038
1030
924
1012
1036
1030
1040
1034
1032
1038
992
878
902
1002
1034
1038
1032
1044
1038
1052
1048
1034
972
1020
1026
1010
1038
1054
1026
1024
1036
944
952
1014
960
916
1006
1022
970
976
1004
932
966
966
954
986
1058
1028
910
860
916
834
870
1016
1032
1020
1022
1008
894
980
1020
960
982
1024
982
994
1000
890
846
1016
1040
1046
1054
1044
1048
1050
1040
956
926
974
900
936
1064
686
392
752
722
674
706
864
746
660
692
732
760
776
768
768
848
868
804
762
728
688
718
768
992
1070
1022
952
1052
1024
948
1036
1018
918
1000
1078
940
1046
1040
988
1022
944
930
1046
1070
1074
1086
982
1026
1036
902
872
1066
948
960
1116
1074
1092
1078
956
1044
1046
962
1030
1074
996
956
1012
878
976
1106
1024
1036
1054
922
850
1020
1066
988
1098
1058
978
988
1006
860
1026
1072
902
974
990
900
940
1018
928
944
1002
932
936
1024
960
1068
1054
934
982
1058
994
1016
1010
884
980
1034
968
1052
1046
926
956
982
946
1030
1028
948
1026
996
964
1048
1000
994
1076
990
952
1054
1008
1018
1034
994
962
992
882
950
1030
958
938
1024
946
932
1042
1020
1006
998
926
1016
1078
1020
1046
996
978
1042
1018
1078
1082
984
980
1024
938
1078
1072
1064
1082
1072
1050
1010
1042
960
1010
1064
974
1064
1084
1074
1074
1082
916
958
1040
1016
1062
1092
1044
1052
956
900
1012
1050
962
1008
1010
930
992
984
926
996
1084
1016
980
978
922
854
1040
1048
1036
1040
1046
872
866
1018
1020
960
1054
1062
1028
1028
980
888
1024
988
900
918
1006
944
972
1072
986
978
1034
1000
922
982
942
888
980
1054
902
904
996
968
946
1068
988
926
998
1016
928
974
1016
974
920
906
938
910
998
1042
930
882
904
760
768
1022
878
810
748
770
776
724
716
740
996
956
850
878
1006
900
892
974
1090
1052
1086
1090
926
982
1024
972
956
1032
1066
938
914
1034
998
894
962
1066
980
1048
1084
982
898
962
952
924
1068
1094
1030
980
1034
1008
950
984
994
926
1088
1076
894
904
1024
926
952
1108
1034
958
1002
1048
928
974
1058
1004
1014
1100
1006
1002
1032
950
968
1004
952
914
1016
936
918
1022
994
898
942
986
934
932
940
924
956
1016
976
1058
1008
856
940
1046
1046
834
850
1042
1048
972
1026
962
918
958
972
962
878
936
900
902
926
942
920
974
970
940
974
1008
980
978
962
976
1004
1018
1006
974
994
1004
996
1092
1024
1066
976
826
806
954
1056
1016
956
994
964
1042
1024
1072
984
974
1014
952
996
990
990
1036
1016
1190
1090
1030
1076
1000
954
988
968
1004
984
1000
1024
908
978
964
966
998
1002
976
896
972
968
984
940
952
992
944
858
842
874
848
892
958
942
916
914
902
918
962
920
976
888
832
876
874
852
852
862
836
820
766
760
726
726
724
828
772
798
664
918
780
1112
448
1130
1168
838
740
718
714
726
720
736
740
742
734
692
724
704
772
722
710
708
684
674
662
660
652
636
632
618
640
870
866
804
774
760
846
846
798
716
768
1006
838
868
1046
958
868
880
1092
1024
958
968
990
892
896
938
964
930
906
816
812
758
800
830
816
810
842
912
848
842
826
852
810
794
794
796
888
820
782
820
888
848
814
794
806
888
848
832
868
1080
932
806
744
786
830
860
824
846
884
862
842
784
782
792
796
784
778
790
906
828
844
824
860
842
766
726
766
912
908
800
726
738
762
796
758
818
964
862
808
832
954
986
896
938
1008
912
872
942
962
930
1016
1074
944
816
882
1030
958
908
976
1046
918
830
928
1014
934
914
1030
958
918
932
982
934
934
946
1010
944
928
966
914
842
904
918
902
892
1012
1008
926
912
924
830
828
876
946
860
800
770
730
728
756
882
1034
882
840
820
764
714
762
720
544
1162
894
824
854
834
840
806
808
758
726
716
752
770
452
1036
698
708
744
814
862
1012
878
768
808
830
820
836
838
1180
1074
936
794
826
1008
1098
988
958
904
882
926
906
906
918
908
888
880
858
754
762
858
1048
902
880
940
940
914
906
956
910
886
900
892
822
860
994
908
872
836
848
830
838
918
932
894
906
964
884
874
946
940
914
1040
1086
970
914
872
838
764
758
836
1058
880
892
972
980
948
954
956
858
878
904
862
832
958
986
872
810
854
842
838
884
958
896
878
902
880
844
866
938
876
866
866
810
774
808
904
892
848
870
898
864
812
820
852
846
832
902
938
864
848
892
856
816
848
946
878
856
894
894
858
864
898
856
808
840
972
888
886
918
864
792
836
936
864
876
896
860
798
840
972
948
904
892
860
800
786
836
898
850
868
942
898
826
828
844
822
826
820
912
864
838
854
828
812
828
848
818
850
902
862
830
812
846
836
828
850
844
822
814
848
852
814
824
842
814
826
860
850
846
854
896
866
820
812
872
870
848
856
908
854
834
848
846
840
822
836
826
830
842
882
848
792
820
902
850
826
832
872
834
826
850
852
836
806
832
818
818
810
864
846
800
792
804
828
812
818
890
836
816
818
840
834
802
830
840
818
816
918
880
834
840
850
840
834
832
960
864
890
906
896
826
826
856
824
708
708
726
696
722
716
726
708
804
1106
1050
940
938
960
846
812
808
828
864
1064
1050
994
940
868
862
916
888
846
820
944
864
862
842
842
810
822
832
874
846
862
938
868
846
832
854
834
870
910
854
832
840
850
794
822
860
914
848
856
920
880
872
886
894
860
842
842
818
782
808
908
852
848
838
834
828
812
860
826
832
888
1018
884
802
782
712
708
704
742
758
814
1048
1010
898
890
930
816
804
872
878
842
884
996
914
858
848
824
780
820
902
844
844
872
872
860
842
866
828
782
898
890
844
842
844
766
764
838
914
828
872
968
886
840
884
888
866
1020
1060
954
854
890
914
848
872
992
910
890
918
888
894
632
1160
906
804
800
780
804
784
784
728
722
728
888
766
770
818
808
934
956
866
866
914
882
746
730
768
912
858
978
930
970
954
990
874
846
886
868
868
856
968
930
790
778
800
920
950
828
762
744
786
782
1150
892
952
932
860
900
868
920
896
898
844
796
760
816
826
900
1010
982
970
962
874
878
910
918
902
836
810
788
752
728
830
944
830
822
1064
1042
934
950
1000
956
846
1018
1072
1006
1038
1022
910
974
956
946
960
984
1018
964
988
998
946
966
990
976
962
994
964
940
982
1018
964
894
966
952
938
952
950
976
958
1008
976
966
990
960
940
974
1004
978
996
996
974
974
970
972
964
978
984
956
926
966
946
898
932
946
938
908
922
974
926
944
946
966
930
952
946
934
886
936
978
916
908
968
956
934
942
970
930
898
840
862
838
914
1006
904
844
886
966
910
934
1092
978
930
898
928
870
848
888
942
894
906
918
894
890
890
854
810
848
824
948
984
906
934
1048
938
786
926
1042
926
874
998
1026
914
880
1000
992
958
978
994
902
940
934
922
826
848
926
908
860
874
978
938
850
846
940
900
852
842
1002
908
882
898
958
910
842
888
916
900
856
826
932
934
870
892
946
904
800
860
902
852
858
934
1034
918
838
894
934
886
858
946
1026
926
828
902
888
880
816
888
1028
926
946
994
968
910
914
956
928
946
974
926
856
896
934
898
900
958
900
846
872
910
872
876
1026
940
900
912
912
866
786
864
968
876
872
906
876
834
844
872
858
856
832
892
850
850
894
864
832
824
988
894
848
882
874
830
780
830
950
860
852
862
858
844
834
834
880
830
798
878
906
840
864
932
890
786
850
892
848
850
882
980
874
842
880
864
824
850
948
872
886
958
950
862
818
876
868
864
886
940
884
832
858
866
766
766
892
912
848
844
864
880
846
828
922
874
828
824
838
832
822
836
930
850
804
810
862
840
834
824
916
846
822
830
880
842
830
850
888
878
820
798
828
882
828
792
748
722
712
674
694
704
754
746
846
942
838
768
790
810
842
822
826
844
928
848
772
804
822
834
798
800
838
1010
878
812
802
872
896
846
804
856
902
856
760
830
838
828
806
796
874
862
790
768
814
898
828
804
758
816
912
836
800
764
846
940
842
842
802
884
840
832
840
950
876
838
846
810
790
782
848
884
870
926
908
860
844
858
796
798
854
898
854
828
860
858
810
840
944
864
826
890
858
846
876
1036
930
860
854
944
898
828
882
874
858
934
1004
892
808
848
904
846
850
874
866
820
840
1036
930
928
914
868
778
856
904
874
888
930
910
888
896
886
838
874
856
900
874
814
860
856
800
830
840
822
770
800
876
828
832
886
910
860
824
846
832
796
842
936
904
878
840
838
790
774
800
958
872
892
1096
968
918
988
1042
960
964
1038
986
846
948
1052
980
980
968
860
868
930
914
912
1046
1010
914
918
1028
932
868
932
978
926
966
1038
956
954
972
956
842
922
976
920
862
886
898
852
854
954
936
906
920
920
846
848
962
896
894
924
980
896
898
980
914
886
1008
952
920
924
922
916
944
1054
950
866
946
950
902
880
968
912
906
930
1002
942
868
918
936
924
1048
1028
932
876
928
904
874
896
940
916
998
986
910
854
908
892
838
934
974
916
936
960
874
846
916
926
900
970
1016
942
938
966
888
872
992
950
952
1046
1048
970
924
916
834
796
932
1158
1042
1130
1098
970
1026
940
900
950
1058
972
994
1002
896
888
1052
978
994
1116
1032
1022
982
932
890
968
1022
978
1038
966
894
862
840
832
824
1072
1088
994
974
942
874
874
1000
960
1034
1096
994
952
1082
1018
916
960
926
850
916
1136
1042
896
868
936
914
1006
1128
1060
956
942
1006
950
894
1124
1104
1016
1080
1070
918
888
962
1050
958
960
962
862
840
890
1028
904
914
1018
964
966
986
954
842
920
912
882
1006
1086
988
1030
1008
900
898
1010
992
1102
1054
926
896
1052
950
1158
1152
1058
1004
1026
930
1076
1110
1030
1070
1046
932
952
970
920
908
938
912
920
1108
1034
976
1070
1064
960
1006
1102
1044
1054
1072
956
1030
958
850
938
1118
990
1026
1044
944
1012
1112
1012
864
996
1096
1048
1064
1066
1058
1066
1072
1016
1060
988
966
1060
996
996
1096
956
902
988
956
784
744
742
1054
1096
1134
1144
1146
1102
1012
1008
1026
1006
984
894
900
942
934
906
918
914
866
876
990
910
986
994
934
936
926
840
908
996
944
1076
1084
994
1052
1100
986
918
1042
986
906
956
1018
958
840
824
952
886
878
958
1016
940
988
964
858
828
1064
998
922
982
972
920
1022
1066
948
870
896
910
1004
1146
1028
1050
1056
916
984
994
952
930
1002
966
966
924
772
806
984
1042
924
910
940
930
1026
1052
994
1018
962
820
830
1122
1124
1152
1150
1122
1054
972
824
846
896
854
1060
1144
996
1026
1036
828
772
720
722
820
542
1082
852
874
896
778
810
758
754
692
692
702
660
694
690
682
682
676
678
652
638
654
636
642
480
886
672
686
774
1058
918
908
1014
1000
886
942
956
916
916
922
1020
900
854
1056
1100
960
900
978
1080
956
860
918
946
908
910
1012
994
940
958
964
886
952
1072
962
904
974
862
848
936
936
914
1030
1008
934
930
978
938
946
956
928
1018
1056
948
926
1100
1016
1066
1128
1018
966
1046
1096
1028
1104
1150
1088
1090
1058
914
988
992
952
1002
1110
942
894
1038
1008
896
1026
1144
1012
1132
1094
1038
1030
1058
916
974
1032
1010
1168
1196
1088
1048
1102
1038
1006
1058
1094
982
980
1076
1050
986
1036
1140
1044
982
988
1074
1026
878
960
1056
960
924
990
968
880
934
1002
952
876
954
1016
960
942
988
1040
966
982
1036
984
966
1030
952
904
1108
1076
992
1070
1036
948
1030
1056
998
1064
1058
996
1032
1012
934
976
986
930
944
1012
968
994
1056
928
914
960
916
920
1110
974
1030
1034
886
944
1026
958
1018
1094
1014
906
1004
1002
974
970
1020
952
876
978
1058
1004
1126
1050
1008
1032
1030
886
914
1074
984
960
1078
1004
1006
1056
970
1004
944
830
864
1102
1098
1058
1112
1022
950
976
850
912
1076
1016
1078
1074
932
932
972
926
1082
1060
914
970
1100
1024
1062
1056
972
1070
1130
1012
1062
1126
1042
1052
1042
968
1016
964
884
962
1058
960
1004
986
884
880
994
928
930
1030
972
990
1016
946
984
1086
1006
992
992
962
1044
1054
944
932
1090
1092
1064
1038
954
1014
1032
920
906
930
872
1072
1100
1108
1114
1106
1078
1060
982
1038
1040
948
934
924
868
874
898
940
964
1110
982
942
966
884
1022
1110
1100
1106
1118
1000
1062
1084
1052
1070
986
900
1022
1082
974
888
1048
978
968
1022
994
936
950
984
960
946
966
958
1040
996
908
914
918
870
1062
1100
1104
1116
1104
1096
1088
1048
988
1020
1030
962
1060
1080
1022
1024
924
818
910
1078
1082
1092
986
886
1020
1074
982
980
1020
986
1002
1062
1020
966
1028
926
846
850
784
734
716
748
1014
1040
922
770
752
938
898
978
1046
1078
1034
964
932
962
950
796
744
826
1048
950
1084
1090
980
1010
1036
918
892
1076
1092
1004
942
834
806
850
1076
1094
1116
1108
1036
1006
1036
888
944
992
942
892
904
1092
1030
1020
972
828
790
870
922
842
1082
1092
1106
1092
1018
864
930
958
924
990
1090
950
948
904
782
734
808
834
1078
1130
1110
1062
1024
1038
920
932
1006
940
824
908
946
894
838
1068
1054
906
1000
1078
1010
1076
1040
990
988
994
930
934
950
940
790
872
914
852
886
894
868
800
1064
1082
1094
1076
940
1036
1070
1018
1038
1044
948
994
908
914
934
972
916
928
1080
1042
946
1022
1010
868
990
1058
974
1022
1028
926
984
1050
998
1022
1024
922
970
1044
970
1022
1080
964
1008
1070
1034
1106
1058
1022
1030
1048
1018
974
946
834
744
838
1060
1092
1102
1094
956
920
884
838
962
1080
1030
1080
1084
958
950
988
898
936
956
980
916
898
928
912
846
1000
998
940
980
998
914
878
1006
994
942
1030
1044
972
980
1018
990
960
982
914
860
1024
976
938
1032
1078
976
940
932
852
898
988
1000
964
998
996
874
918
954
956
1022
1058
986
1018
1050
980
1012
1012
936
984
1094
990
1034
1054
988
1028
1028
930
826
834
946
988
1018
1088
1022
932
940
998
964
988
1058
988
870
912
950
918
916
1038
996
922
982
990
926
884
918
878
804
858
878
892
1112
1108
1118
1118
1108
990
960
1072
994
1046
1048
1006
1006
1014
984
910
896
856
878
1036
924
936
984
928
878
932
1014
982
1076
1076
1028
930
1046
1044
970
1030
1080
990
982
1060
992
952
1000
904
986
1082
976
958
1058
1006
896
876
1008
968
976
1046
984
784
740
752
736
716
742
724
744
742
780
750
760
746
786
920
858
988
1026
918
892
940
854
862
880
964
886
894
932
928
886
838
906
906
992
1048
942
944
1002
962
950
1042
964
870
926
1068
958
924
916
982
934
1054
1160
1002
1002
1058
900
948
1052
954
974
1152
1060
948
990
1014
952
868
792
726
738
766
918
878
1024
940
936
1042
1010
928
1016
1066
994
1060
1052
982
942
1000
972
914
914
918
874
830
948
1072
918
852
978
1012
934
1000
1026
980
976
958
894
926
1072
1024
934
974
1070
950
886
932
990
938
926
974
946
918
998
974
1072
1144
1046
998
1054
984
1068
1124
1052
952
962
994
916
930
936
932
988
1004
910
950
962
920
894
910
868
960
1002
946
1052
1028
926
866
934
994
896
904
1070
1028
942
1070
1062
976
1034
1038
1002
978
1070
1020
902
1002
1006
972
920
962
898
984
1150
1110
1090
1100
1072
880
856
1082
1116
1146
1130
1042
1060
1078
976
956
1002
888
912
1084
1114
1024
1054
1022
892
878
988
964
926
962
946
928
1004
956
872
996
1034
956
994
992
976
996
1030
944
934
1100
1000
956
1014
1012
920
890
1066
996
916
854
1054
1086
990
996
1028
934
896
948
918
1092
1106
1052
1094
1072
948
1036
1010
944
1002
1078
1014
952
918
1044
964
952
984
1026
930
934
1068
1022
958
1028
1070
956
954
988
916
878
914
968
916
1092
1062
960
1006
976
908
916
998
936
946
966
1016
950
938
978
950
944
1008
1008
934
974
982
946
910
1076
1042
966
944
944
