770
768
764
780
788
780
776
740
770
762
750
760
720
754
718
744
742
768
762
760
734
784
768
744
770
754
762
754
750
748
754
750
734
740
722
728
692
720
706
704
682
712
706
718
712
704
730
742
736
718
744
744
754
728
728
748
710
712
744
734
712
726
726
700
710
696
692
702
730
756
784
784
746
770
756
720
710
700
738
778
840
810
786
752
746
726
738
754
784
822
792
798
790
748
752
766
754
726
730
720
702
716
700
698
702
702
708
710
722
716
726
738
732
740
716
728
718
698
708
720
696
698
724
718
718
706
720
712
716
718
710
706
718
726
746
744
718
736
734
702
732
722
718
716
704
688
684
684
674
668
664
670
658
682
678
676
686
714
762
748
742
704
708
728
716
690
696
700
694
692
688
678
696
688
686
684
696
712
712
726
736
770
776
762
728
728
748
706
712
698
720
714
698
726
696
736
708
712
718
704
720
696
708
710
722
694
698
690
704
696
692
682
706
710
712
718
700
724
716
716
698
702
722
714
696
698
714
682
698
690
692
698
702
724
732
722
718
722
714
710
712
724
758
756
776
782
794
780
750
764
758
738
720
724
746
730
714
722
758
756
760
756
748
744
756
746
714
762
748
752
752
742
734
744
724
734
766
752
754
752
772
782
772
762
762
778
776
770
754
748
716
746
764
742
722
798
924
888
846
830
826
812
810
796
804
804
776
806
816
796
796
824
810
830
814
834
842
840
830
868
838
846
816
846
880
854
852
890
886
878
850
856
862
834
820
838
862
852
936
978
994
922
944
942
886
904
900
910
902
856
872
854
852
834
858
864
852
890
926
908
898
934
950
908
912
912
886
862
836
860
838
848
844
878
914
998
944
902
906
898
866
886
852
864
876
876
840
874
876
864
830
860
872
832
850
904
892
924
888
918
910
892
838
856
834
804
790
760
790
804
790
742
744
766
768
774
736
878
710
838
838
842
826
802
798
788
788
792
788
788
788
776
786
762
762
752
742
726
726
712
704
720
700
694
690
694
690
694
684
692
672
650
636
630
630
628
624
634
636
640
714
792
822
842
840
786
770
752
740
724
722
726
718
722
742
734
728
716
732
712
714
708
710
700
708
702
694
688
696
694
690
706
706
712
700
702
704
742
716
722
726
746
750
752
738
710
712
718
730
686
714
692
708
684
688
704
666
688
666
638
654
634
622
624
624
606
602
602
604
626
602
610
588
600
618
620
610
630
618
606
618
612
620
622
618
650
628
630
636
648
660
654
658
666
678
648
644
648
642
644
660
632
644
640
620
630
648
644
632
628
638
652
664
670
674
682
694
684
668
672
672
664
668
646
652
636
668
660
644
680
684
686
666
678
700
690
672
708
706
716
724
720
716
730
704
704
690
732
716
702
728
764
744
742
758
766
746
768
758
766
738
752
778
758
758
764
774
778
736
768
760
754
716
742
756
740
716
736
742
742
726
732
742
752
754
748
766
774
764
740
752
758
740
702
730
734
734
748
770
778
730
742
778
758
730
728
716
734
684
690
670
680
674
666
658
668
650
658
636
648
630
640
640
642
642
640
638
650
664
680
698
698
700
712
696
676
676
658
648
644
658
658
648
676
692
722
782
744
710
688
700
690
684
738
708
850
614
578
856
716
736
784
652
692
686
686
708
702
698
682
668
662
670
670
690
704
850
952
846
890
846
926
888
846
872
868
860
872
874
868
856
858
838
810
808
814
810
806
812
828
846
836
868
868
868
854
848
836
826
808
762
820
796
806
794
846
870
836
860
876
858
850
870
864
830
810
794
794
782
814
834
818
814
866
844
810
812
820
816
818
804
810
790
784
764
738
702
682
678
664
664
660
662
660
668
646
644
640
642
640
630
618
644
616
636
616
628
628
656
654
672
682
702
716
728
714
690
684
678
686
658
656
646
660
650
650
654
646
666
662
688
696
684
686
662
664
656
662
660
652
654
636
654
682
746
898
898
894
866
858
820
770
734
714
698
694
656
650
648
672
730
864
882
1002
982
948
902
914
856
822
784
762
728
692
686
668
668
768
936
946
1044
1090
1026
1020
1012
930
904
878
852
820
786
756
768
758
762
766
792
872
988
974
928
978
1008
994
968
1010
992
932
920
898
864
890
894
880
938
1008
946
960
1036
1050
988
944
930
900
878
872
878
878
872
876
876
866
846
818
798
788
774
764
752
762
764
768
786
890
1054
1010
930
910
920
938
906
856
826
840
816
834
720
766
766
778
786
782
862
854
832
818
820
854
832
816
834
808
808
812
772
822
828
808
812
860
848
854
830
834
828
830
822
828
854
834
832
872
888
858
850
870
866
856
848
866
844
828
804
812
808
792
804
754
772
776
818
808
798
800
818
802
782
780
810
834
820
894
884
860
862
872
860
884
916
886
864
872
868
836
872
884
874
862
852
872
858
872
852
836
934
1062
1028
952
906
880
848
824
808
814
826
842
840
870
868
830
838
842
844
840
834
874
862
860
840
876
876
862
832
872
868
842
848
876
884
836
838
852
842
818
808
806
830
848
858
906
900
830
866
852
838
812
842
842
826
844
876
886
834
886
892
910
890
892
898
878
860
878
848
842
856
856
812
834
834
808
814
832
818
844
830
842
838
834
838
798
824
792
778
756
748
744
748
750
762
764
758
764
754
734
764
738
766
724
724
722
712
674
700
672
682
662
672
656
678
680
690
700
696
682
702
658
658
660
642
650
650
646
636
636
638
632
648
642
640
658
650
664
656
674
662
692
666
676
664
674
668
666
660
656
678
664
660
654
662
666
664
672
682
676
680
688
678
686
662
692
680
684
668
690
698
696
698
678
726
674
686
664
692
672
670
684
692
718
710
732
744
766
764
754
776
786
748
758
750
770
784
784
834
846
806
826
850
806
788
824
816
810
798
816
856
860
858
924
962
928
902
912
890
856
864
864
834
814
878
886
880
942
1030
938
916
938
914
878
920
916
876
902
916
886
880
914
914
858
898
912
872
864
908
924
898
904
962
984
908
954
944
926
872
918
910
902
934
944
926
880
910
886
892
870
896
892
894
912
950
918
890
904
892
848
882
888
870
862
862
862
834
862
838
862
864
892
870
866
908
920
898
868
890
876
858
874
896
880
898
928
956
936
892
860
888
848
838
858
900
868
908
900
906
870
878
874
854
874
876
914
872
904
910
936
856
906
990
930
924
904
876
864
878
892
890
924
938
940
934
916
924
908
896
844
888
872
862
890
916
900
952
978
950
918
934
916
906
912
920
890
880
896
888
880
862
896
890
878
874
902
904
892
886
902
886
860
884
902
898
894
914
950
930
894
918
908
876
854
870
864
858
860
910
928
926
914
944
930
876
910
904
862
904
926
932
898
954
932
904
888
930
906
886
904
940
900
878
900
900
902
862
890
884
880
844
890
870
866
850
888
898
870
882
886
880
838
854
858
834
832
864
842
854
828
842
828
826
852
840
844
870
842
852
826
832
834
822
794
818
816
814
864
854
924
896
888
856
860
848
846
852
856
880
852
864
870
860
834
868
858
834
830
850
852
826
848
880
894
902
878
898
874
854
868
838
848
822
790
794
888
894
886
906
888
828
866
846
834
848
844
822
838
826
812
808
810
808
830
816
848
854
840
812
844
834
814
804
806
794
804
814
772
796
772
780
782
766
772
790
778
768
764
754
754
760
760
764
782
784
776
782
792
810
796
792
782
786
776
772
802
816
806
810
862
830
840
846
820
828
822
822
832
828
832
824
840
818
828
822
798
816
812
806
832
832
836
820
828
802
810
800
802
812
814
804
824
846
816
830
832
826
800
808
808
810
800
806
802
780
794
812
852
842
854
856
862
854
866
882
848
808
840
842
828
828
794
818
810
806
804
808
822
808
800
826
820
830
844
838
820
796
814
798
796
804
810
818
826
836
834
844
838
834
796
816
826
816
804
828
838
840
832
862
862
850
806
856
836
840
834
818
848
860
822
844
842
842
846
844
854
824
844
836
802
828
832
820
850
816
816
836
840
844
822
872
856
808
828
840
828
822
816
824
822
826
812
822
846
854
826
838
854
834
818
832
840
846
838
860
870
858
842
830
848
860
854
872
846
814
800
814
792
780
794
834
846
870
852
828
922
1036
978
966
902
894
860
824
806
816
816
794
854
870
860
910
880
912
896
908
852
882
856
860
850
852
876
856
860
862
850
852
852
850
836
824
826
820
812
808
802
792
794
796
798
822
882
1042
1026
996
1016
950
892
916
856
850
834
822
812
800
804
814
840
824
828
830
818
798
794
774
762
752
734
714
706
698
692
692
696
708
720
720
726
722
722
714
710
708
704
702
696
692
692
684
686
680
674
682
698
748
814
814
808
794
778
764
746
728
712
700
686
674
664
660
656
654
656
670
696
702
716
718
754
786
826
830
866
832
808
832
804
806
816
772
748
768
722
732
728
732
724
740
734
742
740
764
794
842
836
842
816
794
792
780
772
768
768
802
836
828
882
914
856
818
842
816
816
826
842
852
826
830
846
854
836
802
828
810
808
792
804
804
786
772
794
806
790
802
824
790
788
770
784
778
770
780
794
786
760
782
760
768
742
772
760
790
782
796
802
796
782
794
796
772
770
772
750
744
712
724
722
734
744
736
748
744
750
732
732
720
736
720
738
732
726
728
734
736
742
748
734
748
738
742
730
734
736
758
750
750
754
772
774
756
730
752
750
728
738
714
686
708
676
690
692
724
728
726
736
742
736
708
734
720
722
712
716
706
710
714
722
710
732
714
730
722
722
716
728
722
720
720
724
714
712
708
712
710
696
694
684
688
676
674
676
674
664
656
652
640
662
650
634
634
620
628
626
632
638
648
648
638
642
634
662
636
658
662
642
630
612
626
618
618
612
614
614
604
608
604
606
606
602
602
600
588
594
590
572
582
588
602
592
596
620
644
626
644
648
656
644
648
636
636
626
618
636
608
614
608
600
604
598
590
592
590
612
596
580
598
624
636
638
648
678
666
672
662
670
660
662
642
634
642
622
622
616
614
624
616
608
612
608
596
618
618
612
592
608
604
594
586
580
590
586
586
588
586
604
608
604
604
644
658
666
662
652
658
650
642
630
626
616
628
616
604
606
608
606
594
588
596
596
592
590
594
600
604
602
602
590
598
598
610
602
584
602
588
592
608
582
588
570
582
590
582
580
572
580
604
586
604
590
600
612
602
598
590
598
602
612
624
600
606
610
600
618
596
600
602
602
598
610
586
594
592
582
570
592
582
602
588
580
590
596
594
596
596
594
594
592
572
574
564
570
564
568
574
572
602
616
644
658
658
652
656
630
620
624
624
610
604
602
590
590
584
580
586
584
584
580
610
602
606
616
608
632
632
644
668
652
668
664
646
632
642
628
624
622
634
640
670
670
688
698
706
740
714
680
704
662
676
656
628
654
648
668
662
674
692
700
678
706
674
682
672
702
674
694
688
688
694
666
696
686
668
696
690
686
668
686
668
682
656
662
666
676
700
692
670
700
710
702
712
708
706
708
740
756
708
696
700
736
742
726
684
718
726
748
756
734
700
766
734
742
756
744
718
748
746
758
760
780
782
778
768
746
748
744
716
720
682
686
662
678
710
734
746
746
770
788
780
766
750
762
758
728
716
698
690
668
650
638
630
636
722
1134
942
956
940
916
908
856
738
708
704
700
734
756
760
756
774
774
768
758
722
740
728
726
718
708
698
676
702
712
702
692
756
998
898
1066
978
906
806
842
824
782
796
800
808
820
856
876
826
832
816
804
792
762
754
728
706
698
674
676
670
670
662
662
656
666
662
666
666
642
660
650
632
648
634
638
636
632
632
622
626
624
632
626
648
638
642
658
696
664
676
696
698
700
686
688
696
666
666
658
676
650
662
664
660
668
654
644
650
652
654
654
650
644
618
662
638
640
656
680
672
684
692
694
696
702
692
668
686
678
666
656
656
654
640
642
642
646
648
650
648
654
662
660
656
650
648
644
636
634
626
618
620
612
606
604
606
604
610
606
610
614
610
606
606
598
594
590
584
576
572
574
578
586
584
588
596
596
606
612
612
610
604
604
590
588
594
602
618
642
678
718
752
750
728
690
672
660
646
640
624
608
608
602
610
612
626
648
670
676
716
728
738
708
686
694
668
658
650
646
638
644
646
674
702
732
738
740
752
796
828
882
848
834
812
786
768
738
726
724
712
710
720
720
714
710
708
714
716
708
710
708
718
722
734
738
742
756
754
738
728
734
734
726
718
712
716
716
700
702
700
702
726
756
776
778
776
750
744
740
738
728
724
714
710
702
692
688
684
680
672
666
658
660
654
642
640
644
644
652
654
662
662
666
666
662
662
654
658
650
636
630
624
622
614
608
606
606
612
618
618
616
614
610
616
630
678
800
790
772
784
762
738
734
716
696
696
672
670
664
692
688
702
714
720
726
740
736
732
716
714
706
706
706
702
704
704
714
726
734
740
760
802
884
1002
866
910
894
884
882
854
806
786
784
774
770
766
806
938
936
944
942
888
884
856
844
808
770
756
766
764
764
746
758
740
736
720
714
726
702
688
702
686
694
676
684
672
662
652
658
650
654
654
654
644
680
652
670
656
662
652
652
638
630
616
598
598
588
574
570
562
584
572
596
602
656
680
708
728
704
676
684
676
660
662
654
646
636
630
626
624
618
618
612
622
600
612
602
584
598
612
634
698
1042
842
844
834
792
788
784
768
752
736
714
710
704
692
672
662
656
682
672
684
702
718
730
718
724
726
730
726
726
720
704
706
694
686
678
686
688
724
736
750
764
752
746
738
712
708
700
688
684
692
696
702
706
708
708
690
666
682
676
680
714
740
754
736
740
758
782
724
730
724
716
770
720
742
754
740
716
752
730
736
740
768
768
806
878
850
850
844
834
806
812
776
772
758
782
790
812
808
834
854
858
826
818
828
816
776
776
774
784
828
822
818
834
818
822
810
798
774
784
780
810
852
882
944
960
896
892
916
914
866
864
876
860
826
834
822
814
768
784
788
820
884
878
890
898
894
864
816
780
774
778
760
750
756
752
778
832
908
966
1006
1008
998
996
980
944
938
930
890
908
940
972
934
940
936
940
904
926
958
970
936
988
1022
984
994
990
954
934
966
1008
964
986
992
956
944
958
950
914
950
974
952
960
1012
1068
1012
1036
1052
1018
1010
1014
970
978
940
936
956
956
924
906
924
940
934
934
978
1012
998
982
982
980
912
928
934
936
906
936
960
956
940
956
966
934
910
918
914
904
896
904
884
916
904
922
922
922
908
892
880
866
852
844
828
854
884
946
998
972
1006
994
990
1004
976
924
958
958
956
972
978
962
952
898
860
890
896
920
966
956
1006
1030
1030
990
1022
1020
998
946
984
1010
982
934
966
980
972
932
982
1014
1038
980
1024
1056
1008
930
956
972
966
946
966
978
926
918
862
848
812
790
802
1168
1080
966
1012
1050
1034
954
938
918
920
920
904
898
906
868
898
908
912
916
902
874
848
844
840
864
910
942
912
934
934
956
922
976
1020
992
978
1012
974
912
952
968
946
936
992
1004
944
978
972
960
910
948
962
962
918
932
942
924
974
1014
1052
980
1016
1032
1016
946
982
982
950
902
938
938
940
916
956
978
938
956
968
928
942
950
972
976
926
962
994
972
948
972
970
918
948
978
1004
966
990
982
978
948
934
886
916
922
936
912
902
936
970
960
956
986
994
946
920
930
918
868
896
906
924
886
916
916
884
918
918
914
880
916
922
928
882
912
904
918
906
926
992
1050
998
1004
1002
986
918
944
958
976
922
948
988
1028
972
970
984
978
924
942
954
966
922
952
976
974
922
944
948
958
910
936
958
992
958
932
958
952
928
902
926
938
928
890
930
956
968
928
994
1040
1026
956
980
984
972
910
934
938
930
898
920
928
958
926
942
984
998
950
972
978
974
904
920
914
922
894
922
958
990
942
946
968
964
918
936
952
978
936
966
992
1004
936
962
976
974
932
920
944
970
946
910
938
934
938
900
946
998
1038
990
988
1012
1014
956
950
964
956
944
908
928
946
964
928
950
974
980
914
926
946
962
908
908
924
932
904
948
980
994
954
988
1000
982
932
964
988
996
944
988
1012
1018
958
930
894
858
866
870
892
928
916
930
956
970
964
924
934
940
944
926
914
912
910
878
888
908
928
922
922
950
966
944
910
928
926
926
894
910
916
944
916
928
962
966
936
922
950
940
904
884
894
920
944
912
954
986
990
936
888
902
906
904
884
916
948
1020
980
964
970
970
934
940
942
948
912
906
916
914
898
872
896
924
940
964
976
938
940
940
944
922
928
938
950
956
928
926
920
922
898
912
880
886
860
886
920
966
924
898
872
856
874
892
926
990
1006
976
914
942
938
932
878
906
902
914
886
922
960
992
958
988
1004
1008
942
968
992
990
926
942
958
982
940
924
946
956
950
994
1030
1072
964
990
1012
988
980
1044
1078
1050
958
986
982
994
936
962
974
976
930
960
974
964
890
922
922
932
936
906
942
972
1012
962
978
984
978
948
946
950
944
898
896
910
922
916
872
888
1008
994
1012
1010
992
946
972
980
986
954
952
964
970
978
958
942
942
928
904
878
890
892
892
866
920
896
900
872
880
920
936
876
810
844
804
768
754
732
712
686
676
664
652
648
644
642
634
632
638
636
642
656
666
690
716
720
754
752
746
742
716
702
696
690
696
724
744
764
824
802
790
754
738
718
702
682
684
702
762
1158
962
992
982
928
832
852
868
866
880
916
928
926
916
920
922
886
872
878
880
872
890
988
986
936
926
970
994
924
940
978
976
960
968
968
948
922
910
938
926
884
852
858
844
790
818
788
780
778
778
760
748
744
730
730
712
724
764
854
872
816
836
846
848
830
794
800
786
798
802
806
806
800
786
780
732
764
730
740
734
732
730
728
736
722
754
772
840
842
870
890
840
810
798
834
798
762
792
770
772
792
808
826
844
840
872
890
864
866
894
902
888
878
860
804
790
806
800
828
824
858
830
810
780
840
784
792
770
792
794
800
818
824
830
840
850
858
888
898
926
924
886
876
842
848
814
806
844
806
860
836
800
818
782
778
744
750
726
722
710
706
712
718
734
734
744
756
774
762
752
758
764
764
776
786
784
778
790
788
778
764
754
732
712
696
676
676
664
676
666
678
720
806
804
900
828
826
816
812
798
792
796
806
812
802
768
770
794
756
748
744
746
746
742
722
736
766
786
786
868
942
940
914
860
842
888
878
846
868
864
858
818
824
838
818
790
806
794
792
822
866
854
844
904
890
892
872
870
836
830
808
790
778
770
764
762
784
818
798
826
824
780
806
760
764
766
712
734
710
710
688
692
696
710
724
742
732
746
754
742
732
720
710
700
688
702
736
772
804
828
822
816
824
812
784
778
784
780
770
756
750
720
714
696
692
688
724
698
690
702
710
732
788
776
824
894
860
846
856
844
840
826
784
794
774
764
760
756
778
778
788
830
838
846
832
824
760
792
748
736
708
704
696
690
694
682
688
684
682
690
682
662
674
658
658
638
652
650
734
772
764
838
904
878
878
904
894
892
866
844
820
794
776
778
770
774
778
784
830
870
946
882
844
888
888
872
850
834
836
798
812
834
894
918
890
900
906
876
864
872
874
864
836
830
834
836
842
816
836
840
860
904
892
966
976
990
948
904
920
922
894
858
856
832
824
816
850
906
944
886
882
898
892
856
846
820
796
796
812
806
844
864
864
872
886
902
914
882
876
886
906
908
880
882
892
892
912
892
924
930
940
920
898
912
894
870
848
860
854
848
832
832
822
796
764
792
778
770
772
834
870
876
870
914
912
894
850
858
852
846
830
826
834
850
874
860
890
910
918
908
894
896
870
864
826
842
832
824
812
786
794
770
796
796
820
838
842
832
808
796
796
798
800
808
820
848
840
836
826
816
802
798
810
834
880
930
898
928
930
934
934
894
860
830
828
814
818
852
894
914
896
878
906
928
916
878
916
910
910
880
874
892
914
910
872
892
890
868
850
860
858
846
850
824
840
854
882
900
902
900
838
870
844
852
848
842
818
802
808
818
850
884
884
942
990
1012
958
918
928
916
902
860
826
826
862
886
880
866
834
796
824
826
852
886
918
932
928
926
876
870
852
836
834
832
834
852
890
904
920
932
932
924
898
872
824
830
798
810
814
806
766
798
788
794
814
828
828
844
852
848
838
784
786
780
778
788
812
792
810
826
842
854
844
882
882
880
876
888
874
886
880
862
836
818
804
800
804
812
830
832
878
918
964
954
914
920
908
902
884
848
880
866
874
882
842
880
892
932
926
888
