554
574
580
590
598
604
590
602
574
562
550
550
554
558
596
612
616
592
668
628
612
598
598
570
574
580
570
576
550
552
562
570
580
576
574
572
580
570
568
576
600
632
604
610
612
614
598
600
410
796
606
598
628
584
586
566
568
576
566
562
582
568
600
588
582
588
586
592
592
584
596
594
576
556
564
546
546
550
536
580
562
566
564
568
550
546
528
524
516
502
504
496
490
494
498
488
496
506
494
516
512
532
510
514
520
522
522
544
550
572
548
564
558
550
558
534
526
536
532
532
544
582
578
570
562
554
550
544
540
538
546
540
580
580
612
586
596
608
598
606
594
564
584
586
580
586
570
574
564
562
566
560
564
556
552
546
550
544
532
544
530
520
524
518
512
518
514
516
526
528
534
534
550
568
580
598
588
580
584
572
574
562
566
568
570
566
558
562
562
560
544
542
552
544
536
556
550
556
562
556
558
550
556
578
556
532
534
524
514
508
512
510
554
594
568
598
620
604
582
582
574
562
546
538
536
526
522
526
528
524
530
530
528
524
528
526
528
534
528
532
534
526
532
532
538
528
546
546
538
536
526
524
530
542
544
552
564
570
554
558
574
562
538
540
540
532
526
534
530
566
532
600
566
582
562
572
572
562
558
552
548
538
546
554
552
532
530
544
466
592
546
562
564
564
658
616
612
622
586
600
584
574
564
578
570
574
590
582
590
598
590
588
590
598
616
596
674
656
642
626
614
590
588
588
590
580
594
594
594
624
618
614
624
634
632
614
578
580
560
572
566
570
584
714
652
630
634
634
626
600
612
594
596
596
602
596
598
592
578
566
572
572
566
568
576
572
568
570
582
572
572
590
598
610
610
606
592
592
576
576
576
572
568
556
550
544
548
548
540
594
574
582
578
592
578
588
562
566
560
580
570
584
588
586
572
576
566
570
576
560
546
556
540
534
528
530
532
530
526
518
522
530
522
524
410
410
304
548
410
710
578
606
590
582
584
588
570
590
574
592
584
582
570
576
550
564
572
564
544
540
548
546
540
554
564
560
556
564
568
556
554
556
546
546
528
550
552
568
556
566
598
562
572
554
562
562
552
578
578
564
552
548
554
544
536
546
546
534
558
560
548
550
554
542
542
536
538
544
538
534
532
522
522
522
514
546
540
550
544
778
886
530
410
410
432
550
572
570
598
584
622
556
582
568
566
654
584
566
564
556
546
554
520
532
528
518
516
512
508
534
548
548
560
552
552
546
558
566
576
564
568
548
548
538
528
524
520
526
526
512
524
522
512
522
524
528
554
540
544
552
550
542
532
530
548
548
536
546
546
552
552
552
572
548
534
544
550
540
544
544
530
574
574
492
542
546
544
548
548
540
544
534
538
540
550
548
540
566
580
594
594
604
598
560
582
556
550
532
546
534
540
540
582
580
564
594
586
650
658
642
626
622
616
584
600
574
554
550
542
520
520
522
522
506
522
558
526
566
570
552
546
548
540
542
540
550
540
564
576
574
580
568
626
646
614
606
596
556
546
536
534
532
554
556
592
582
604
632
590
596
592
578
542
546
550
558
566
562
562
560
552
550
544
512
526
516
524
530
550
580
554
586
560
550
552
536
546
546
550
510
540
524
524
550
538
562
552
586
620
600
578
600
576
556
558
556
560
550
556
546
550
558
564
564
554
568
564
554
556
562
548
560
558
544
548
564
556
580
562
570
574
576
566
558
566
556
552
588
572
574
572
566
568
574
574
572
582
566
578
566
570
570
572
562
576
572
568
572
568
568
570
560
566
564
560
544
544
550
572
592
598
602
592
576
574
566
566
566
566
556
564
570
564
588
586
570
582
572
578
564
562
540
558
542
610
600
586
558
564
574
552
540
544
538
536
542
552
556
558
590
592
586
578
584
586
580
582
584
584
576
616
590
588
576
564
568
564
560
560
556
560
586
600
590
578
576
566
556
554
544
542
542
546
556
556
590
564
570
586
574
578
570
582
554
566
552
538
558
532
540
544
528
534
576
620
600
602
574
592
570
574
578
564
570
576
566
568
564
570
570
560
558
562
546
554
554
544
550
548
562
542
570
586
572
566
570
562
554
554
548
538
544
542
538
534
546
534
544
552
546
552
540
540
544
542
542
536
548
548
544
556
536
530
528
528
524
526
526
528
534
532
526
542
556
544
542
536
534
530
530
530
526
534
536
546
546
542
542
546
546
538
550
534
524
530
532
524
516
518
524
524
558
528
554
554
566
570
578
568
568
580
578
568
572
572
562
578
574
572
572
580
574
574
572
564
598
594
608
592
596
584
584
588
576
578
586
592
598
586
564
582
576
572
568
592
596
588
586
594
596
580
594
596
604
592
604
592
590
586
588
592
588
582
580
602
602
590
594
592
564
562
574
574
568
588
600
582
596
612
600
598
606
582
604
520
566
558
546
562
572
574
584
594
586
610
596
584
586
558
564
726
470
556
568
580
576
570
578
632
592
602
570
574
568
564
562
588
606
616
600
610
586
594
592
562
554
562
558
544
546
550
544
542
568
562
564
568
564
574
588
574
576
578
572
576
574
570
586
562
556
548
552
540
540
520
546
532
522
516
530
530
514
554
554
564
574
562
564
568
570
556
564
566
556
576
592
596
584
590
642
626
626
604
586
574
568
572
566
568
572
566
566
570
564
588
576
574
574
572
562
564
562
568
564
572
560
560
550
540
546
552
546
538
526
518
528
520
552
584
610
588
600
598
592
590
586
570
566
556
562
564
560
564
568
564
570
600
598
586
574
584
582
582
586
580
594
576
576
562
576
552
542
540
536
526
530
538
530
558
536
554
560
576
578
564
566
568
558
556
562
576
562
568
562
556
562
552
560
566
576
576
572
594
618
590
580
578
582
574
556
558
552
562
544
560
558
548
548
552
542
570
584
600
614
634
632
636
644
628
628
636
616
616
602
604
590
576
556
558
540
540
538
534
536
536
530
550
534
522
516
522
512
524
486
508
500
542
538
542
552
520
486
410
410
430
542
554
536
550
540
552
560
570
568
570
584
582
592
592
590
586
576
576
578
562
570
568
574
568
562
570
562
568
598
558
572
576
576
572
582
580
598
574
564
558
558
560
562
560
554
550
572
556
552
542
548
544
546
546
552
564
546
580
568
570
572
572
572
564
562
558
562
544
570
562
548
540
544
542
528
540
544
540
542
594
580
614
586
592
590
600
598
574
586
592
568
570
576
566
570
568
540
552
550
550
542
552
538
538
530
532
512
518
506
508
508
514
502
542
514
546
544
560
564
550
562
556
560
556
548
558
548
550
544
536
608
568
566
550
550
550
540
550
548
524
544
542
546
540
528
530
514
514
510
506
512
514
506
534
542
564
562
566
582
584
588
602
586
596
560
548
548
540
542
542
602
554
464
578
560
554
572
436
410
778
534
536
524
514
520
520
504
510
508
514
514
514
510
508
508
504
494
492
494
494
494
494
492
510
520
520
530
532
534
564
546
542
574
562
564
562
566
556
568
566
566
582
586
568
580
616
588
632
594
590
582
590
576
570
568
562
576
574
586
560
536
536
540
538
510
544
552
544
542
554
540
554
554
538
536
578
572
570
574
582
582
570
576
570
552
548
562
558
554
546
544
560
548
556
546
546
510
506
578
556
562
554
558
560
554
552
546
542
554
558
562
542
562
540
552
538
538
534
546
546
526
530
522
516
512
516
560
600
602
618
612
616
594
602
594
584
572
566
540
548
538
518
534
544
528
534
536
532
534
534
522
568
556
540
558
568
554
548
544
528
534
530
522
534
524
522
526
510
504
500
500
496
504
504
546
564
592
578
566
578
572
556
538
536
532
522
530
532
528
536
530
518
504
518
520
516
514
510
512
512
514
506
518
510
508
506
514
494
488
492
484
488
482
488
482
492
504
512
516
506
510
524
524
526
516
542
528
518
510
504
506
508
506
496
524
520
530
528
524
546
544
528
530
536
516
510
502
522
552
550
514
522
528
534
550
542
542
540
540
540
536
526
526
528
514
514
530
524
528
522
536
486
502
512
500
504
534
522
556
572
558
558
542
476
536
518
544
532
502
508
506
514
506
500
524
502
508
510
504
504
496
516
504
522
518
516
526
528
528
518
516
518
518
514
524
522
520
526
520
478
514
502
490
502
502
520
530
562
538
544
564
564
558
564
556
554
552
562
556
562
564
568
564
560
522
532
520
524
528
522
516
544
530
552
544
544
544
544
556
560
564
552
530
520
518
518
514
512
514
514
530
510
538
556
540
558
554
552
572
564
546
554
544
536
522
522
528
548
564
580
584
574
578
574
550
532
530
532
546
536
538
526
532
524
524
528
528
532
534
532
524
534
524
534
552
578
548
556
570
568
562
566
566
556
546
542
536
522
538
534
520
550
548
566
548
574
542
556
562
540
546
536
528
536
528
514
520
526
528
526
496
410
304
402
508
530
560
568
556
596
558
552
530
530
538
534
516
536
528
520
532
524
514
526
522
512
518
540
550
558
576
564
558
566
554
556
536
530
526
526
564
534
566
576
556
558
568
580
562
558
558
552
546
536
530
532
518
512
510
502
500
506
500
504
526
524
522
542
542
538
536
546
528
530
524
524
520
516
510
510
468
518
564
518
542
544
534
532
542
528
528
540
518
510
506
500
500
508
500
498
510
490
520
556
556
540
552
540
530
536
534
524
524
524
514
516
514
514
520
520
518
512
534
516
512
516
514
516
518
514
520
506
508
512
506
528
520
526
532
522
524
520
520
538
524
532
524
528
524
540
544
534
540
564
544
546
550
534
534
538
520
526
522
522
546
562
560
580
560
566
556
560
562
550
550
556
558
544
556
574
574
560
566
550
536
540
540
530
536
532
536
540
548
534
538
538
538
542
540
536
528
536
528
530
534
552
536
556
562
554
560
554
546
544
542
552
550
540
562
580
592
582
582
576
582
570
562
562
548
550
578
574
562
596
582
562
538
548
552
596
562
566
580
570
580
574
574
568
562
552
546
544
538
528
538
530
524
530
526
524
524
530
534
528
534
534
526
530
530
528
516
520
514
506
504
492
490
486
486
486
488
482
474
492
484
500
518
530
522
532
560
558
548
558
554
548
540
544
548
538
536
536
526
530
530
506
530
524
536
528
538
548
532
548
570
556
658
600
580
566
564
550
546
550
544
544
550
536
544
530
534
532
528
530
528
534
532
520
518
518
516
514
512
512
508
528
532
530
528
518
512
508
498
508
502
494
502
504
500
526
518
516
518
500
496
500
488
488
488
478
472
470
474
480
468
486
494
492
522
510
506
532
514
514
522
538
526
526
524
520
508
504
504
506
504
496
492
570
582
600
578
584
592
558
556
536
554
536
542
556
540
540
548
550
552
558
556
530
570
532
520
538
534
534
532
522
526
410
254
430
452
492
474
410
754
562
502
518
518
516
504
510
522
526
512
526
514
510
504
502
492
508
506
494
510
482
410
770
628
598
568
576
562
546
542
528
536
540
570
540
542
532
522
510
494
494
498
506
500
498
502
490
590
582
544
570
572
524
528
544
536
540
410
638
526
526
532
532
538
534
540
550
556
542
574
576
556
550
546
552
550
566
590
566
632
594
598
574
570
576
562
546
546
544
550
538
542
558
556
564
558
544
542
544
538
544
542
532
520
528
520
522
522
524
516
546
534
536
556
556
566
574
570
562
576
576
586
584
582
588
582
578
594
588
580
586
584
584
576
566
568
564
564
566
558
560
562
560
556
546
554
558
544
544
544
550
534
544
538
576
592
566
566
564
546
546
546
558
562
560
564
558
588
594
606
618
612
608
594
586
590
592
584
606
608
604
602
576
588
562
574
578
578
572
594
588
572
552
572
558
572
566
574
580
594
604
604
628
648
638
656
652
648
608
618
606
598
594
596
598
592
586
586
592
596
612
604
616
636
620
632
612
610
606
612
606
612
600
600
594
582
572
578
582
574
592
586
586
596
634
624
626
668
658
650
654
656
640
640
642
636
632
618
620
616
622
602
608
602
632
610
640
666
652
648
668
674
660
654
658
666
662
666
666
678
668
688
682
664
642
640
648
636
640
612
602
612
602
632
650
620
636
642
668
652
654
654
670
652
674
674
670
668
656
654
650
646
644
640
650
644
606
594
622
620
622
646
620
624
620
622
596
614
612
612
646
620
622
634
614
602
602
608
610
616
634
648
644
638
654
666
666
664
644
656
648
660
654
694
664
646
652
654
650
648
668
690
662
670
694
664
654
662
646
636
644
640
626
636
618
604
608
606
656
660
672
630
626
614
588
582
578
586
576
630
634
628
664
660
654
658
662
674
660
674
684
690
674
684
684
696
666
652
666
660
662
654
662
668
718
704
686
646
656
654
650
642
648
676
686
664
692
698
686
668
678
678
674
640
658
662
696
674
682
650
670
672
642
646
628
620
620
618
624
652
632
638
654
640
636
648
664
658
666
648
640
624
630
616
604
614
646
654
630
634
640
640
632
622
618
636
654
630
644
632
634
620
638
644
648
666
648
650
660
648
650
638
642
642
632
628
638
624
646
652
670
690
688
678
658
636
626
622
610
612
616
656
694
674
660
656
668
654
660
658
628
618
600
616
624
672
682
702
678
650
688
658
736
702
682
668
660
656
646
626
642
634
626
654
654
660
666
674
686
668
668
678
660
636
624
602
594
604
604
600
630
632
648
672
680
684
686
686
678
638
656
652
630
628
640
636
660
640
658
680
678
660
656
660
656
656
666
662
670
672
678
676
638
626
614
602
618
612
632
650
656
684
714
680
698
704
696
680
680
672
662
644
650
650
642
660
650
656
654
666
650
650
672
666
676
664
670
646
646
640
636
620
632
630
634
636
656
656
670
684
676
666
658
644
636
636
638
630
616
622
610
612
616
620
638
634
628
624
630
646
652
654
680
698
672
646
664
634
614
610
602
596
604
606
626
616
618
622
610
612
614
626
620
612
612
638
634
646
636
618
630
632
648
656
638
658
656
656
648
660
660
624
644
638
634
634
670
660
646
686
660
680
670
668
662
642
626
644
644
644
660
652
686
672
644
622
614
592
592
596
584
586
632
636
632
642
682
684
694
682
670
668
676
658
658
662
656
664
646
650
646
652
654
652
672
722
534
840
706
692
690
664
656
674
662
664
658
638
630
646
648
670
676
676
692
572
766
652
646
642
632
646
636
644
644
642
668
690
712
686
696
702
696
696
676
664
642
632
648
642
670
688
700
696
664
692
674
668
674
690
704
696
694
678
660
658
658
658
658
692
684
682
682
672
622
620
610
586
598
594
622
654
646
642
636
624
614
600
604
600
604
606
634
626
638
630
620
628
616
626
644
664
650
658
652
680
654
660
676
678
666
662
674
680
674
692
674
674
676
676
668
690
676
680
682
678
652
668
666
652
676
672
674
688
698
702
700
704
700
680
696
696
700
692
658
638
644
646
660
676
698
684
688
686
680
682
678
686
672
672
688
676
706
702
686
694
690
690
696
714
694
692
718
706
700
714
712
708
716
716
706
716
718
694
712
712
694
706
690
674
684
674
668
680
672
676
742
698
706
718
712
696
704
686
682
692
676
696
684
682
688
676
664
678
652
656
658
642
644
654
628
638
618
632
628
628
644
662
642
662
664
660
656
662
662
666
662
660
692
694
682
678
664
672
656
652
674
660
676
664
666
674
650
640
656
656
650
648
674
692
738
698
708
742
736
714
718
728
706
732
726
716
720
726
720
714
718
708
706
698
668
658
666
646
654
664
656
652
664
710
674
690
702
692
688
710
704
706
696
722
728
714
718
724
708
714
716
702
710
694
678
696
676
688
716
708
684
670
658
630
642
636
632
632
640
692
696
676
688
686
718
696
686
710
702
694
720
724
710
726
726
748
732
662
590
640
622
616
624
614
612
604
590
582
566
562
544
540
538
530
536
536
532
528
552
556
554
560
562
542
558
542
528
542
532
542
526
522
524
520
516
520
518
514
520
516
512
516
516
502
510
514
498
504
502
508
504
506
498
496
502
502
492
498
500
492
492
496
490
492
484
486
492
498
500
504
496
488
496
498
488
524
534
526
530
526
532
530
526
522
516
516
504
500
498
496
490
492
488
486
484
486
494
500
508
526
506
512
514
516
518
516
518
516
520
510
508
512
514
502
546
548
530
566
558
560
552
564
562
558
554
560
560
612
608
608
654
634
636
650
618
612
602
576
578
578
582
576
578
590
586
580
600
594
588
598
592
584
600
492
666
580
586
576
560
572
568
576
604
588
596
608
572
574
584
578
580
606
574
572
564
566
556
570
602
618
598
620
582
640
642
612
636
666
658
654
656
704
664
700
706
694
694
678
662
682
680
676
676
712
690
660
686
680
684
688
732
708
704
726
706
726
712
724
706
702
708
708
732
714
706
718
700
700
710
754
708
732
728
718
712
710
702
674
708
742
718
732
728
736
730
768
770
768
770
756
790
764
758
750
740
718
740
732
708
724
732
718
740
738
740
728
702
704
714
704
710
722
764
764
738
746
762
740
758
762
748
760
764
736
754
750
712
700
716
770
750
750
760
744
744
760
750
732
740
736
718
716
720
724
724
716
722
712
716
704
702
706
694
694
700
706
714
698
710
704
700
696
698
696
694
678
710
718
702
726
716
712
710
714
712
736
744
736
732
732
736
736
712
718
718
720
726
754
732
762
746
732
712
728
704
714
716
706
716
710
702
704
696
702
724
730
714
712
700
686
702
722
728
768
744
744
740
744
740
718
726
720
728
734
724
734
728
736
690
698
712
696
704
690
708
718
712
700
724
758
710
688
708
690
672
684
690
664
670
680
680
688
712
720
700
720
704
706
684
702
710
710
732
720
740
740
726
716
704
706
714
706
700
720
706
716
720
708
700
708
710
696
710
706
688
680
682
696
694
676
680
664
678
708
710
704
712
716
706
716
708
712
730
714
738
748
738
736
742
720
702
678
680
670
682
688
698
698
712
706
706
702
708
702
694
704
698
722
708
724
730
736
722
734
716
688
714
714
698
752
754
760
758
762
764
750
752
780
766
756
766
760
776
770
756
736
710
682
676
678
696
698
688
702
690
664
658
612
704
692
722
738
724
760
724
726
700
692
678
660
678
672
672
670
686
680
670
704
674
680
688
678
678
684
676
674
680
682
680
678
670
670
662
632
660
664
666
684
694
692
714
712
712
732
712
722
722
692
696
698
652
684
682
674
684
672
680
630
664
698
664
672
674
666
670
694
684
690
686
674
676
666
672
668
672
682
678
662
630
632
648
644
680
654
682
692
694
692
696
682
710
678
728
710
676
706
676
692
678
658
674
662
658
684
674
672
680
678
682
656
662
622
646
626
622
650
644
672
692
678
712
700
698
694
688
672
680
658
658
686
680
680
688
694
668
674
694
670
666
666
660
660
664
656
664
652
648
662
680
664
674
674
672
642
646
660
682
670
692
710
690
702
706
700
690
674
690
684
678
688
676
690
676
674
678
674
704
702
714
718
706
700
686
686
684
706
700
710
696
696
708
676
670
668
654
638
648
638
626
642
652
644
668
696
674
680
692
690
676
646
666
660
630
672
646
652
652
642
658
658
660
656
650
598
656
634
638
646
652
692
656
658
658
652
652
662
650
650
646
650
642
696
646
656
648
650
640
632
598
632
644
616
682
656
644
672
670
650
678
680
668
672
666
662
668
672
666
662
674
674
682
678
666
680
652
662
650
648
648
646
658
664
678
636
682
674
680
666
644
620
628
684
598
646
638
652
642
668
664
678
676
676
662
660
642
662
642
654
662
668
684
696
706
684
694
700
704
718
704
666
688
660
644
664
662
660
670
664
672
648
678
640
640
638
660
624
622
612
610
612
602
630
666
672
666
686
694
686
692
682
684
704
688
696
710
700
660
682
634
670
672
660
632
654
650
652
650
658
688
662
726
694
696
702
690
658
688
704
686
698
686
686
684
672
684
664
674
682
674
674
674
650
680
680
676
678
680
676
704
710
694
708
704
700
706
706
712
700
698
702
696
704
712
692
688
688
674
678
688
698
694
686
706
704
696
680
680
654
674
658
668
634
664
646
694
666
670
668
666
670
644
640
636
660
694
688
716
712
706
710
706
700
706
684
692
714
704
718
726
720
726
696
718
712
700
718
718
696
702
684
686
692
698
716
730
716
734
732
712
732
718
708
720
714
716
724
698
712
688
692
688
704
698
722
700
692
712
752
736
734
736
734
734
734
750
770
756
760
756
750
760
772
748
750
736
728
730
732
726
724
730
724
730
726
720
724
726
712
714
730
700
678
666
702
724
714
722
728
726
728
720
720
714
718
718
724
742
734
754
736
748
742
732
718
722
728
722
736
732
738
724
714
700
678
682
660
676
658
646
612
618
590
578
562
578
558
552
544
544
540
536
526
528
530
528
536
550
568
586
586
584
596
586
594
578
578
584
568
576
578
604
580
604
594
622
590
592
596
596
594
602
638
634
636
652
654
620
620
614
586
596
588
588
592
580
596
584
590
586
586
580
574
580
582
564
580
598
598
596
610
612
608
676
626
616
616
610
590
594
592
588
584
596
594
592
586
596
598
584
586
580
568
560
550
548
550
562
550
550
558
546
554
564
562
556
570
584
586
592
606
592
588
588
588
572
578
580
574
568
580
570
550
570
540
564
558
548
556
586
606
600
574
566
568
558
546
538
540
548
540
530
518
510
514
504
502
502
490
498
498
488
502
492
502
492
494
490
490
492
490
496
494
500
492
502
500
498
496
498
492
498
504
498
492
504
494
492
494
506
504
494
514
504
530
512
494
502
498
486
490
484
488
482
484
488
480
486
480
488
502
508
514
514
514
514
520
528
512
514
526
522
518
530
534
536
556
544
564
550
554
542
544
540
538
536
536
542
530
542
548
532
548
530
528
530
534
532
548
540
544
550
536
562
560
540
562
576
674
592
640
696
650
610
676
660
650
604
594
578
566
546
552
554
552
554
548
544
536
546
564
582
584
566
592
580
580
560
568
564
560
568
598
586
616
602
598
616
598
582
598
590
570
582
576
562
578
578
538
572
560
556
548
554
558
574
572
576
618
594
598
606
580
594
598
620
596
592
610
582
590
620
588
600
598
572
580
590
610
586
602
598
594
600
602
590
410
788
594
598
604
586
592
596
598
598
602
612
600
586
592
586
616
616
602
620
636
626
630
624
628
600
612
618
614
652
636
652
676
674
670
644
660
674
656
638
660
688
668
666
674
672
642
658
656
654
626
654
666
654
660
688
664
646
670
658
652
656
686
668
676
684
654
652
656
652
644
632
620
622
702
640
662
668
632
626
644
646
636
652
646
642
652
662
664
652
648
654
696
674
652
676
692
674
694
700
684
688
684
670
660
656
638
628
644
654
660
652
646
664
638
622
612
606
612
626
632
630
620
622
642
632
630
648
628
612
618
618
638
630
626
622
616
654
670
640
624
636
596
594
604
600
592
610
618
652
650
642
616
624
616
600
620
614
618
614
644
632
606
594
588
590
584
598
590
642
614
624
642
640
622
600
608
610
604
606
604
626
640
626
612
614
608
586
590
588
606
614
622
622
622
626
636
632
602
620
616
618
620
610
604
594
602
606
642
660
646
658
690
664
666
668
660
648
646
646
654
654
622
620
626
616
644
606
602
612
604
634
658
650
694
698
664
694
678
674
674
662
646
656
648
654
666
690
680
676
664
660
660
632
624
624
622
642
660
634
656
648
642
644
646
638
648
662
642
666
648
644
668
672
658
684
680
670
664
670
656
624
638
642
630
630
658
636
668
662
636
636
640
626
624
610
608
602
602
608
616
632
638
638
650
658
654
644
648
656
646
650
652
660
634
656
650
650
618
624
600
600
612
610
646
684
666
714
710
710
722
718
722
718
706
702
692
706
688
680
656
666
674
686
720
702
702
680
688
698
680
694
684
690
676
684
676
670
664
662
696
674
686
700
710
698
698
706
694
700
696
700
700
672
684
688
714
710
708
716
724
716
724
686
708
704
686
704
706
706
708
704
706
714
718
718
720
694
696
684
694
684
696
712
712
708
690
676
666
654
652
648
634
634
624
622
620
612
620
618
620
672
674
680
710
708
718
724
712
724
730
736
738
732
738
746
742
722
728
738
706
710
708
704
698
714
734
718
730
732
700
694
684
654
640
666
738
722
716
710
688
700
688
670
652
654
666
664
654
664
644
638
654
644
676
668
688
684
676
670
678
666
688
682
694
708
688
698
700
682
688
682
668
664
672
670
656
662
648
656
658
686
680
690
686
688
686
694
680
708
704
696
710
692
678
682
678
668
676
666
672
664
686
692
678
662
684
678
684
684
690
684
682
700
704
698
698
704
714
710
690
702
692
678
684
692
682
680
696
682
686
688
656
658
654
656
650
662
664
666
664
656
664
654
658
672
664
664
656
652
640
648
650
638
646
642
736
734
736
704
678
704
708
704
668
676
704
694
698
662
652
654
644
658
672
678
686
704
686
696
696
694
700
698
690
694
690
698
682
692
738
746
718
750
744
734
742
742
758
734
734
742
752
740
730
732
736
722
730
732
738
726
748
736
716
728
722
708
716
738
714
734
742
724
740
732
724
702
708
704
724
702
726
728
722
728
734
724
684
670
690
706
724
704
722
732
726
732
738
736
730
764
734
742
752
742
728
744
726
726
728
700
724
722
722
728
734
734
732
716
714
722
722
724
740
746
734
728
716
702
716
710
704
718
728
708
730
730
714
722
712
718
710
720
722
712
720
722
702
720
714
688
700
704
694
666
656
676
672
684
704
724
718
708
728
726
716
742
760
734
764
764
746
764
754
732
730
734
712
688
674
660
662
656
676
682
710
696
704
708
702
706
706
706
736
726
740
740
750
736
740
748
728
720
730
698
692
700
694
686
684
696
702
700
712
704
702
712
698
712
700
702
708
670
680
688
670
690
728
724
724
728
730
738
700
710
686
694
692
676
642
674
668
662
630
630
614
590
576
574
554
546
542
518
530
518
500
520
514
502
502
490
492
486
494
506
506
508
510
498
494
498
492
500
484
472
476
470
464
464
464
464
460
460
464
452
460
462
476
484
508
494
498
480
486
484
506
504
494
498
496
488
494
492
496
494
490
496
496
500
496
488
492
490
482
478
480
492
536
552
544
544
560
556
548
544
520
520
514
504
502
496
490
476
482
480
468
470
474
474
452
482
504
486
490
488
490
490
478
498
492
504
498
498
496
486
488
484
494
518
508
510
504
504
508
494
498
496
492
504
494
498
514
504
494
502
504
502
484
488
490
488
482
490
508
500
498
508
516
528
548
562
588
590
604
632
634
854
378
594
610
594
600
604
584
578
548
544
546
512
516
524
522
534
522
536
554
556
566
560
558
560
560
566
588
586
582
604
612
612
606
592
574
578
560
566
560
556
552
582
566
550
552
548
538
548
542
548
542
538
544
