478
510
512
500
492
508
522
542
538
548
546
546
536
534
532
528
536
538
542
558
574
604
624
614
618
608
564
562
572
570
568
548
560
560
546
554
544
544
536
540
532
528
522
526
516
502
510
514
490
500
498
490
492
488
498
502
504
506
502
508
490
506
530
526
548
548
544
542
548
536
534
538
532
532
528
518
510
524
498
512
514
506
522
534
552
548
552
556
548
554
558
552
558
558
562
536
538
546
524
528
528
534
530
526
534
538
540
538
538
540
538
542
550
534
548
534
542
542
536
520
526
532
532
520
522
516
508
514
494
502
516
524
518
520
518
518
530
512
528
534
568
554
556
550
530
520
514
520
560
610
618
588
614
580
588
582
572
572
568
566
562
564
558
564
566
564
560
570
560
558
570
552
550
556
556
546
552
556
562
576
558
572
554
542
546
532
528
526
536
522
532
532
560
572
564
576
568
556
560
536
532
532
536
530
518
522
526
524
516
526
538
538
530
538
562
548
546
544
548
542
520
526
530
512
512
504
510
512
520
522
524
554
592
570
576
576
578
582
560
574
548
556
530
538
534
514
508
508
504
496
502
486
500
488
484
476
484
482
484
474
482
468
476
466
602
584
588
582
566
560
560
548
554
554
554
546
540
538
532
536
534
540
538
542
542
544
568
572
570
576
558
546
542
536
538
538
530
526
528
508
494
498
482
494
490
482
496
486
598
640
632
654
616
594
602
572
604
632
608
594
556
544
532
510
526
504
502
498
488
486
486
480
476
486
482
508
500
490
490
490
500
506
510
512
516
524
536
524
522
552
596
564
574
592
584
586
554
548
532
524
516
518
516
514
510
518
510
516
510
506
514
510
512
532
540
534
542
554
548
544
546
544
542
540
544
534
536
540
536
548
564
554
548
556
556
544
558
534
520
528
520
530
518
526
538
550
580
618
596
602
598
578
582
578
588
588
584
558
562
546
532
542
526
522
516
510
506
488
496
490
498
486
488
482
472
472
470
478
478
492
508
512
516
520
524
528
534
536
550
552
548
554
578
606
598
608
630
618
614
592
572
584
560
564
544
552
546
538
548
528
538
542
526
538
530
536
526
522
534
520
518
518
524
532
550
536
540
542
536
530
522
516
520
510
508
518
500
482
496
496
494
504
518
520
530
562
576
582
596
598
596
596
592
586
576
588
558
548
530
520
512
512
506
500
502
502
504
498
502
504
512
518
538
562
552
558
558
554
550
548
546
552
544
534
532
532
522
524
516
518
510
530
546
548
562
566
552
570
548
548
534
532
530
524
520
514
520
510
518
546
566
602
660
632
622
630
598
600
608
600
584
578
574
554
550
538
530
514
508
498
472
494
492
470
468
468
540
572
594
606
624
624
632
620
620
622
608
586
592
590
556
540
552
540
570
552
562
568
562
570
542
540
552
532
532
524
526
526
522
508
520
512
520
524
524
524
532
528
530
530
530
506
508
504
498
502
502
502
502
502
494
496
498
496
492
488
486
484
492
488
492
496
500
496
500
488
506
470
486
488
492
490
494
492
490
492
492
486
494
488
488
480
470
480
474
484
480
478
476
484
478
474
480
470
470
470
470
462
460
462
464
468
470
468
472
464
464
464
476
468
466
474
464
470
476
476
474
478
462
468
466
464
474
474
476
478
474
476
472
472
468
470
468
464
464
462
468
470
470
468
468
468
466
466
470
474
476
472
472
470
468
472
466
470
470
470
470
470
474
474
478
484
484
486
502
496
494
494
496
486
482
482
474
478
486
490
490
494
498
496
494
494
500
496
504
502
502
508
508
512
512
506
508
510
510
494
500
498
496
502
496
496
494
474
488
478
468
458
470
470
478
486
478
500
518
510
514
510
518
522
518
526
512
512
524
496
502
510
510
516
526
534
530
548
554
544
552
550
554
564
564
554
552
552
548
544
536
532
524
514
516
504
504
506
488
498
494
496
496
498
496
498
498
490
498
498
496
488
498
498
496
502
500
510
520
518
516
528
526
530
524
522
522
526
526
522
526
526
520
524
518
516
516
490
494
496
494
504
510
516
506
508
514
516
514
514
512
514
506
512
514
520
504
500
508
502
496
506
508
504
502
508
506
500
506
504
512
502
502
512
512
518
534
532
526
534
532
532
520
522
524
518
528
520
510
518
516
510
510
512
522
520
544
582
582
590
590
588
570
568
558
546
548
544
534
532
536
544
530
536
532
530
530
522
528
526
522
524
530
550
540
540
544
522
524
516
522
514
514
512
516
526
526
530
526
532
498
516
510
510
514
512
530
540
560
548
554
550
544
542
520
546
538
558
566
556
560
540
548
526
536
532
524
522
536
524
496
516
506
502
508
506
520
540
576
574
608
648
618
648
634
658
656
624
590
608
582
580
568
566
556
544
540
538
538
530
528
538
540
528
532
532
554
550
562
566
560
570
556
554
546
526
526
514
510
496
508
502
494
514
510
518
524
512
512
514
540
578
698
652
650
666
612
622
628
580
566
576
570
550
550
554
546
544
538
536
538
538
532
538
538
544
522
530
532
530
526
524
536
528
526
526
526
526
514
524
524
526
532
538
528
534
530
524
534
514
518
532
534
528
536
530
538
532
540
556
556
548
548
544
536
536
524
532
538
572
568
570
564
576
572
572
578
602
584
594
590
590
572
550
564
548
542
536
534
524
536
528
534
530
536
542
542
548
538
550
534
532
530
536
552
540
560
576
570
564
564
570
552
556
534
532
530
532
558
556
556
562
568
574
570
584
598
602
596
600
576
588
564
556
570
556
558
558
544
550
556
536
546
576
570
574
578
568
576
550
566
560
562
542
560
544
548
536
538
546
532
542
542
590
616
584
598
590
596
584
574
568
572
554
546
560
542
534
540
534
546
544
538
540
572
602
580
590
598
592
586
602
590
594
568
568
566
554
534
536
548
526
528
528
538
566
556
570
578
560
556
534
542
528
536
542
576
570
572
572
574
564
572
542
550
530
514
518
522
522
520
522
518
516
528
534
536
552
548
550
554
554
544
530
536
544
562
572
554
570
572
562
564
540
542
550
528
538
530
532
544
540
544
560
552
552
560
556
550
566
554
560
544
560
530
538
520
518
524
524
522
526
524
526
524
524
522
534
526
534
542
548
576
576
576
588
600
604
614
612
608
584
574
556
546
540
540
536
542
534
534
518
516
534
532
534
532
552
554
550
558
564
560
544
550
544
532
524
526
514
516
512
508
520
518
528
526
520
520
516
510
518
518
500
504
506
498
502
510
528
638
682
618
658
636
632
636
600
612
584
594
586
582
586
560
570
556
554
560
542
538
544
546
540
530
532
530
534
540
532
534
552
560
560
562
556
562
562
560
542
550
556
522
526
522
520
518
522
490
510
486
498
506
528
514
528
540
554
560
574
568
562
578
576
562
558
546
538
538
542
532
512
506
518
498
500
508
506
518
514
522
522
522
530
504
506
504
504
508
508
512
514
538
538
538
540
544
542
538
536
562
570
562
570
544
546
530
548
528
530
534
526
542
536
542
552
564
568
558
564
554
550
544
568
562
564
546
548
546
552
560
614
586
600
598
602
598
598
602
570
566
556
554
566
562
554
566
568
572
592
576
582
580
582
586
592
578
584
594
584
596
590
594
568
564
568
562
562
558
586
568
566
580
576
580
576
562
574
578
576
568
596
580
574
580
578
578
554
560
548
554
560
550
564
582
592
592
590
590
590
592
574
564
564
558
550
544
544
538
548
532
548
566
586
624
638
606
608
600
574
582
572
570
578
556
558
546
558
548
556
564
532
540
532
534
530
530
524
530
526
560
572
568
592
610
594
604
594
582
562
556
556
526
526
532
526
552
550
554
566
564
564
558
554
560
546
554
550
552
548
560
574
586
568
582
566
570
548
546
550
550
550
544
548
558
556
552
568
578
564
568
574
568
560
548
550
544
536
546
562
564
560
560
568
562
556
554
542
526
522
528
518
516
520
512
518
514
536
526
522
516
524
520
518
522
532
542
540
560
570
582
574
570
570
572
562
568
548
550
548
540
550
546
544
546
548
550
550
546
572
590
594
588
590
576
560
562
560
530
550
526
542
522
536
512
522
524
532
542
548
554
548
552
550
550
554
550
566
560
554
552
540
538
538
542
524
536
558
544
556
582
588
580
588
582
580
578
578
568
570
558
536
544
516
534
522
516
526
510
490
506
500
492
500
498
542
552
546
544
540
552
528
526
520
518
524
520
520
518
522
522
518
514
516
524
518
510
526
528
530
522
526
524
522
520
508
518
526
572
610
600
678
670
682
680
638
644
612
616
610
598
592
596
574
570
552
548
540
520
526
524
534
524
524
520
516
500
496
504
508
516
522
524
524
526
538
542
532
534
538
538
528
536
540
536
542
542
538
534
534
536
546
536
538
536
538
530
532
534
550
566
586
574
578
564
556
546
542
540
534
528
532
528
532
524
510
508
516
506
524
542
548
558
578
602
612
602
612
614
600
608
568
562
554
544
532
534
540
528
522
514
514
500
498
506
516
524
536
540
564
566
574
592
588
594
572
566
558
570
550
554
540
558
540
540
538
528
520
518
516
524
512
518
528
526
528
534
534
532
538
548
542
546
518
526
532
522
532
542
548
542
540
542
538
538
538
530
534
532
532
530
528
528
532
538
538
534
540
544
542
540
548
542
546
546
546
550
522
534
530
520
534
546
560
542
546
546
548
552
518
518
518
522
520
524
526
534
532
528
530
534
538
538
546
548
548
546
532
538
538
542
518
536
542
556
586
626
652
646
638
636
620
634
618
606
608
598
582
582
576
560
570
540
552
530
546
516
536
508
518
516
508
518
506
532
548
576
634
602
666
612
646
654
628
666
694
690
664
658
616
612
616
612
610
598
594
594
588
588
588
590
590
586
594
576
584
590
586
588
582
562
568
570
570
584
628
622
604
612
608
612
612
608
606
602
598
598
606
614
614
622
610
612
616
604
594
584
596
592
596
590
594
570
586
572
574
616
620
596
586
588
576
578
612
640
612
670
656
622
638
624
624
612
590
586
574
560
570
572
600
590
600
656
630
660
644
626
630
604
604
616
610
606
574
606
612
618
636
636
632
632
610
628
616
594
596
588
578
584
574
576
550
582
578
620
606
622
650
654
632
622
610
580
592
588
570
590
578
582
572
584
554
576
578
572
574
608
618
612
630
622
624
612
610
594
600
604
590
608
620
626
632
622
628
612
586
618
602
594
592
606
602
600
604
572
578
586
586
598
588
590
594
586
588
606
612
604
600
606
610
606
608
594
580
596
600
590
590
584
584
582
592
610
600
600
610
606
590
602
586
574
586
628
638
646
664
634
620
616
612
616
622
602
580
606
582
588
590
578
574
580
560
564
576
552
556
554
534
536
536
532
544
552
546
564
574
578
568
544
560
544
552
576
598
586
586
588
564
552
564
548
538
528
544
534
534
528
522
520
508
520
514
508
528
538
556
570
566
566
542
542
540
530
538
528
552
572
562
564
568
566
572
540
558
542
534
510
532
518
520
526
524
528
530
550
568
582
586
584
594
618
624
626
658
652
640
650
650
618
624
626
580
584
578
558
554
562
562
552
556
572
618
622
618
620
622
600
602
596
594
586
588
574
584
582
576
586
588
590
588
602
606
594
602
596
592
582
592
584
564
576
586
588
586
586
588
590
592
588
590
578
576
576
564
570
570
558
592
604
600
592
574
562
554
548
540
542
548
570
578
612
652
646
644
618
594
592
568
562
556
556
558
564
590
612
610
628
632
628
644
634
618
618
612
584
582
578
576
572
574
576
578
580
576
582
586
594
584
592
592
586
586
586
584
568
582
578
588
582
600
596
596
592
598
592
588
586
570
580
578
574
588
596
596
596
596
580
562
558
554
562
556
566
558
554
562
538
536
534
526
516
514
524
514
510
514
506
508
510
516
514
506
520
492
510
512
502
510
502
518
512
524
550
536
550
540
540
538
538
532
530
534
532
534
542
540
546
546
544
538
538
536
532
540
520
520
514
514
510
512
510
512
514
548
590
586
624
628
614
620
604
594
578
570
572
556
554
536
522
512
504
506
504
502
506
498
500
502
506
508
502
512
512
512
504
514
522
514
520
530
542
536
536
544
542
536
534
536
532
540
500
514
514
516
536
566
604
608
638
630
632
632
596
580
560
546
532
534
518
520
506
506
516
514
510
506
512
524
516
520
536
546
544
534
544
554
548
542
534
524
538
518
514
512
510
514
504
496
502
496
512
520
520
520
522
528
524
524
524
528
530
508
520
516
506
516
514
512
510
520
524
520
520
524
528
522
516
522
536
528
530
540
538
532
544
534
526
538
522
516
536
536
530
532
520
524
524
524
522
534
552
560
548
552
556
548
554
558
530
538
534
536
518
512
524
514
508
510
524
542
550
588
604
626
568
574
590
606
588
600
602
584
586
570
562
552
556
540
542
544
532
546
538
538
532
526
528
526
518
516
518
502
518
502
504
488
506
500
500
502
502
502
506
496
528
522
528
562
578
556
580
580
574
564
580
540
540
532
512
514
540
560
550
554
560
554
564
574
564
570
554
554
560
552
554
550
554
554
590
428
520
510
504
526
542
508
480
686
560
568
572
556
552
552
554
552
556
546
554
556
556
562
552
578
566
568
574
568
570
564
558
550
550
548
570
566
562
566
558
566
554
554
556
558
562
568
578
566
580
586
572
564
540
538
530
544
564
610
618
632
620
602
600
586
592
570
584
576
568
556
552
560
548
542
544
538
548
546
560
560
564
580
572
550
540
550
540
540
524
544
526
584
630
610
598
572
560
560
564
562
564
552
566
574
618
656
636
682
664
668
630
608
594
592
590
586
572
564
568
592
586
586
608
608
608
586
584
574
562
574
564
572
576
588
588
592
572
586
584
560
566
560
566
560
560
570
548
562
564
552
576
564
568
556
560
534
540
536
544
548
548
558
560
564
568
568
574
562
576
538
528
550
516
522
536
542
548
550
554
528
510
530
516
510
522
520
518
536
536
532
548
544
546
544
530
530
548
588
590
576
606
610
602
608
622
614
610
618
612
600
616
594
596
586
592
582
580
594
598
596
606
630
624
620
596
586
584
574
566
556
530
548
538
544
552
540
530
522
534
538
528
550
556
574
582
580
598
600
592
596
604
604
568
574
562
550
546
554
546
552
564
592
586
586
596
598
590
588
572
576
586
570
608
602
606
610
596
580
578
568
570
584
576
584
560
560
556
534
534
522
518
526
516
522
542
564
620
628
606
592
596
596
594
600
580
600
592
592
592
582
536
538
528
526
526
530
530
548
560
566
568
588
604
586
606
598
600
584
582
588
590
572
574
562
572
554
548
546
538
544
526
536
530
546
554
564
594
596
588
602
620
610
616
636
624
608
596
594
568
566
570
532
534
524
524
526
518
544
586
596
594
596
600
590
586
596
576
578
568
602
652
672
674
674
668
648
616
598
598
586
584
588
588
582
568
576
562
556
556
550
554
532
548
534
534
542
538
536
540
536
532
522
526
522
508
494
518
504
498
514
508
516
516
538
598
668
634
658
640
636
644
680
648
628
626
570
560
558
558
536
530
528
530
528
524
522
520
532
512
498
516
492
498
508
608
692
684
670
672
650
634
614
608
610
606
600
580
562
544
562
550
548
538
544
590
592
612
642
640
626
598
600
584
576
564
554
568
554
564
556
546
554
558
550
544
544
542
524
536
528
510
500
512
500
518
522
536
546
554
570
594
590
576
582
578
582
550
570
554
534
552
546
542
558
578
568
566
570
578
566
566
566
564
558
562
558
546
550
534
536
526
518
514
516
520
508
516
522
530
540
544
592
634
640
636
666
642
648
642
608
598
612
586
586
592
584
580
574
556
564
562
550
552
536
548
526
526
528
536
526
532
528
512
526
498
498
498
492
488
480
478
488
486
512
512
506
516
494
498
494
500
500
502
496
500
508
506
510
516
524
530
546
538
584
690
674
764
754
746
692
676
672
662
652
630
602
594
572
560
564
560
594
598
606
612
628
620
634
642
642
638
650
642
626
628
620
612
606
614
590
590
588
568
582
576
570
570
566
572
554
558
556
554
560
552
554
554
544
564
578
574
584
588
592
592
586
588
590
580
582
586
586
582
582
582
588
578
586
564
574
576
568
576
590
600
584
600
594
584
578
580
588
576
582
558
578
582
586
580
580
584
582
572
576
568
576
558
542
548
544
546
548
570
570
602
614
600
604
608
582
588
582
564
570
548
536
548
548
546
554
596
624
604
600
582
564
534
534
532
532
504
516
518
520
500
496
504
502
506
484
494
496
498
508
554
572
552
550
560
562
548
534
544
546
528
518
530
522
542
544
532
542
528
528
528
538
540
532
554
574
558
568
566
568
556
562
560
564
562
540
542
546
530
536
540
522
530
538
526
534
522
518
534
532
534
526
520
518
512
510
500
492
490
488
486
482
486
494
512
538
564
546
580
604
610
606
596
560
568
552
562
544
552
552
538
532
524
506
512
510
510
500
502
508
504
510
498
502
510
516
518
532
540
542
564
566
564
548
542
556
538
532
524
536
510
516
508
508
512
526
532
578
632
638
636
642
634
608
602
588
578
584
572
558
550
534
550
528
526
526
528
522
512
516
526
518
524
516
514
518
516
512
514
520
524
528
538
574
566
560
574
574
574
574
554
548
534
544
496
520
518
530
564
572
556
572
598
582
584
606
600
600
608
600
592
586
586
560
580
568
556
554
556
554
548
552
554
554
556
570
562
560
542
536
556
530
524
512
524
538
532
550
570
564
572
586
592
590
602
592
570
568
542
550
552
540
546
550
550
554
556
548
556
556
556
552
554
552
548
550
544
534
540
532
542
534
524
530
516
520
524
516
522
522
504
524
558
564
592
578
580
592
614
592
592
598
558
538
550
526
524
518
520
508
508
502
504
534
602
602
600
602
576
558
550
560
546
556
556
554
554
578
604
626
614
612
630
628
612
602
590
574
572
574
576
570
576
558
570
552
566
564
604
642
626
638
634
624
612
630
590
590
596
574
570
584
566
572
568
558
568
554
556
560
544
552
538
542
546
538
546
540
540
536
540
534
544
554
558
556
550
556
550
562
538
546
540
534
548
550
542
540
540
546
552
554
592
610
598
598
590
566
572
550
548
542
526
526
516
524
514
516
506
506
500
516
502
510
508
500
514
526
536
526
528
532
534
540
520
514
516
492
504
500
506
520
540
546
570
624
632
594
620
568
578
602
602
606
612
624
644
622
620
636
606
608
608
590
588
576
580
584
564
562
564
560
566
548
558
558
558
544
552
556
554
574
590
590
584
590
602
596
566
578
584
574
572
570
574
566
546
560
556
564
540
544
548
548
544
548
550
550
572
608
596
626
680
664
678
684
682
626
614
616
588
602
586
594
588
590
588
612
616
614
622
618
620
610
604
590
594
592
590
576
580
576
576
574
564
568
562
556
556
552
554
550
548
568
596
582
600
612
602
600
584
584
570
576
572
576
574
582
580
586
566
580
554
558
570
564
562
560
564
522
538
532
532
540
546
554
538
552
540
540
538
546
536
544
550
548
574
592
582
600
614
594
628
636
618
636
618
592
608
594
578
586
582
576
564
582
584
578
592
608
616
622
612
592
572
570
554
566
556
556
574
574
566
568
540
540
526
532
538
560
560
586
618
620
648
660
642
660
658
630
624
614
604
580
590
580
566
564
574
568
568
566
582
598
590
594
594
582
590
580
592
578
582
600
590
580
572
566
560
554
556
550
580
582
604
640
660
634
644
628
606
596
598
574
582
568
574
570
568
574
566
564
570
598
600
608
610
598
590
576
580
576
566
556
566
558
544
554
560
552
552
558
552
552
564
552
568
574
572
562
572
574
570
572
574
566
542
560
548
544
546
546
536
550
548
554
566
552
558
562
564
556
556
564
556
550
554
560
546
548
544
572
580
576
592
606
590
602
590
582
594
568
574
574
576
568
570
566
550
560
552
546
542
544
518
522
526
514
564
566
566
568
554
546
538
534
520
536
516
526
532
526
524
540
558
544
544
546
560
570
564
564
566
566
556
558
560
556
562
542
538
538
534
532
536
538
566
582
592
580
606
604
602
580
576
556
566
552
556
542
548
546
544
532
548
542
538
544
542
546
550
550
546
540
548
552
560
566
558
558
548
536
542
546
536
554
548
550
556
568
570
560
572
574
574
574
554
566
544
556
546
546
546
542
572
588
580
590
610
612
600
598
572
582
564
556
572
562
558
556
550
562
542
546
558
558
566
578
566
566
578
568
562
568
550
552
546
542
542
544
540
532
536
544
526
532
532
524
532
518
528
506
492
514
502
516
544
550
562
570
564
586
592
602
600
574
554
552
550
536
526
522
528
538
552
564
570
570
570
590
588
598
600
596
592
580
568
568
552
562
558
550
538
554
530
548
536
540
536
556
566
556
568
572
566
572
556
566
562
560
554
582
570
580
594
598
584
600
580
558
574
576
574
548
568
574
564
614
582
592
620
646
622
586
578
570
570
556
552
552
556
536
550
542
542
538
534
568
608
630
608
646
644
636
616
618
588
592
582
574
556
564
554
554
538
554
548
538
550
544
548
586
568
582
602
596
600
582
560
560
544
532
538
536
536
530
564
552
570
588
604
600
608
614
604
602
574
572
554
550
542
548
544
586
602
586
594
594
592
594
598
566
564
558
554
554
558
594
582
580
578
580
584
560
560
552
548
546
558
594
602
608
624
630
622
620
586
594
572
584
584
576
568
574
556
574
570
572
588
590
582
588
610
604
598
568
564
550
548
534
538
522
522
524
508
516
512
546
586
612
614
618
646
644
636
636
626
606
592
604
590
572
584
576
562
578
572
576
574
580
596
598
594
588
596
590
582
566
562
570
550
552
562
560
556
562
566
566
566
584
586
572
588
596
582
584
574
574
572
568
578
586
570
540
536
522
518
526
558
494
768
648
630
602
622
630
650
628
628
612
608
598
610
610
612
614
612
614
596
594
588
572
574
570
580
578
580
578
574
572
564
564
568
580
580
590
604
588
588
592
600
600
582
570
574
574
562
582
588
600
598
550
568
566
572
620
640
606
616
614
584
588
586
582
576
586
576
606
592
594
608
606
610
600
604
598
598
600
598
602
598
592
604
596
594
584
582
586
590
608
620
606
606
584
586
590
590
592
588
598
616
634
614
612
606
606
600
604
594
596
598
596
580
592
592
586
602
584
594
592
594
584
596
602
610
610
586
586
600
592
578
580
578
578
574
580
602
608
588
592
602
602
596
572
574
574
578
552
570
570
562
580
562
568
574
574
570
594
612
610
612
590
600
566
562
548
542
546
524
524
534
514
524
532
532
566
618
584
618
640
608
616
626
626
630
616
608
600
602
592
592
580
580
568
564
564
550
552
544
538
548
552
556
550
568
560
554
562
538
546
572
580
596
608
612
606
598
578
578
566
572
568
566
564
562
570
578
622
640
704
708
664
668
668
640
638
624
574
568
538
542
528
530
536
554
538
556
556
556
550
554
530
538
536
518
538
534
526
528
528
560
572
562
586
594
590
590
568
556
566
552
556
536
550
532
536
532
514
520
520
526
560
590
590
606
614
634
622
630
604
620
598
594
586
568
576
590
598
586
590
600
596
588
594
586
600
584
582
590
580
592
564
560
550
556
548
546
570
586
572
556
564
578
604
600
590
592
574
556
562
558
548
560
550
548
530
530
534
532
532
528
552
548
560
578
576
564
568
542
546
544
540
544
520
518
528
514
528
526
528
536
534
538
536
528
530
546
552
556
572
586
572
580
558
568
560
542
532
522
516
506
520
512
512
522
538
552
598
636
614
634
636
624
624
632
608
592
576
570
568
550
536
538
526
532
536
540
534
530
518
522
526
532
534
548
544
538
536
536
524
534
526
524
544
564
570
568
594
596
588
582
546
554
540
538
546
532
534
532
524
526
528
544
548
546
562
590
584
576
600
624
592
594
576
584
592
574
564
568
566
562
562
560
552
556
570
574
558
570
580
580
570
580
590
576
572
566
552
558
552
536
546
552
542
550
548
538
542
544
538
546
518
512
528
520
514
522
536
548
562
562
580
582
602
590
592
590
590
568
554
554
552
532
548
532
528
540
516
514
512
520
512
506
498
500
512
522
522
532
544
556
544
568
584
588
576
568
578
562
572
570
576
562
550
538
532
530
520
542
596
606
598
596
576
570
568
560
544
552
542
542
546
534
534
552
554
552
560
540
544
538
542
530
534
528
532
532
526
518
526
514
526
532
522
534
530
534
532
544
554
542
550
544
542
550
532
516
516
514
502
508
510
510
512
552
588
562
562
554
548
546
540
540
550
546
542
542
540
538
544
530
538
536
536
542
536
518
532
520
512
512
504
502
516
510
512
518
532
528
524
530
524
528
536
586
608
618
600
630
658
646
650
640
630
622
612
622
606
596
592
602
596
586
578
580
574
566
576
562
554
550
558
538
546
536
526
512
514
518
528
546
560
550
562
578
572
566
578
580
556
542
534
534
522
538
522
522
530
522
518
526
534
548
560
562
564
558
538
526
520
526
532
524
518
518
512
516
512
570
540
554
572
550
558
564
548
550
550
546
542
538
546
528
528
532
532
536
570
554
556
562
584
578
574
534
544
530
520
538
578
664
642
632
654
660
648
632
620
608
590
588
566
548
544
550
546
552
544
574
566
576
588
566
572
548
558
544
548
540
544
564
580
588
594
610
604
598
612
606
586
584
574
572
548
552
558
544
554
558
548
550
556
558
550
562
530
520
518
514
512
510
522
524
516
510
520
520
556
608
672
642
642
656
622
630
622
598
602
584
578
560
548
558
542
536
516
532
516
502
508
518
510
520
520
522
558
566
616
662
670
646
660
628
608
606
586
566
566
554
536
544
548
528
536
532
532
508
526
508
516
520
526
536
538
538
532
530
528
532
526
540
512
512
514
518
510
510
506
494
486
498
536
562
648
378
514
722
772
792
768
696
656
668
634
600
584
580
562
570
556
548
530
536
526
520
522
510
506
514
510
510
508
510
510
530
564
566
618
634
616
644
646
634
624
608
596
570
576
566
570
562
554
534
534
526
534
518
510
524
520
552
676
630
636
632
602
606
622
610
618
620
616
658
638
628
616
594
592
568
586
566
572
568
560
562
596
574
600
610
610
610
612
624
618
610
594
602
592
588
596
592
592
592
594
576
574
568
576
576
578
572
578
578
582
570
568
576
568
568
558
560
548
546
566
560
556
540
542
530
540
534
568
582
574
600
592
592
592
598
568
560
534
536
532
532
530
558
588
644
662
670
664
644
614
608
632
620
626
600
584
572
570
548
546
540
536
542
544
550
542
544
546
546
542
548
560
562
564
570
580
568
562
550
560
558
582
574
598
606
606
594
592
582
576
572
572
574
562
558
564
558
552
538
532
532
540
554
552
550
554
558
564
570
568
556
548
552
548
552
556
550
556
528
528
512
496
506
510
502
518
552
544
546
556
574
578
572
576
580
552
576
550
564
544
538
542
540
540
540
566
598
586
638
678
654
654
618
598
610
616
608
604
574
574
574
554
562
536
546
518
514
518
518
558
574
592
602
602
588
580
590
586
580
584
570
562
556
550
532
536
518
516
518
512
500
510
506
512
542
562
596
606
614
610
620
616
598
580
564
556
546
552
574
568
586
594
580
584
570
574
558
552
542
552
554
608
640
596
652
658
658
632
612
576
572
554
560
556
560
602
586
612
610
604
608
618
618
594
584
578
582
588
578
576
602
584
618
616
608
624
602
590
576
554
552
538
534
536
540
530
558
554
582
618
612
616
604
580
574
572
568
562
560
562
558
550
546
548
540
540
536
542
588
574
592
590
588
582
574
566
558
554
554
562
548
550
560
554
550
562
540
536
540
534
532
542
536
532
526
512
530
522
546
566
568
620
646
666
650
646
648
592
586
574
564
546
550
530
526
526
526
532
524
530
530
522
526
518
538
536
534
532
554
622
642
624
628
580
580
558
556
544
526
528
510
504
496
486
500
492
494
548
578
588
594
600
598
588
604
584
548
552
556
548
534
546
566
612
658
756
752
800
766
714
702
688
694
656
652
642
634
638
618
588
584
562
558
550
558
532
538
528
526
512
528
506
516
514
528
620
634
668
700
674
672
652
640
622
612
602
588
600
582
584
572
562
558
566
548
560
558
556
556
558
536
528
538
536
564
590
614
598
632
640
620
612
632
608
610
614
598
598
600
602
614
612
584
580
566
568
568
566
544
564
554
550
558
574
568
566
566
560
574
580
570
576
558
566
558
560
568
564
572
564
566
572
572
558
558
582
570
550
558
558
568
578
568
576
594
604
592
588
600
580
576
560
554
542
534
520
506
508
504
492
482
488
494
530
562
560
576
554
564
622
642
626
622
610
614
626
616
596
582
582
554
564
554
566
560
552
558
560
558
558
550
552
552
548
558
532
546
546
544
542
550
546
548
552
550
548
528
544
544
536
558
548
544
564
576
556
572
546
558
534
544
538
536
520
534
522
550
544
552
552
558
554
538
528
530
500
512
514
534
564
594
578
592
590
592
598
586
572
582
554
564
550
546
552
520
530
532
