810
828
822
808
814
816
798
814
810
776
752
722
660
664
674
694
710
734
776
754
782
812
822
842
856
850
870
858
862
868
852
872
872
886
894
886
898
888
870
872
866
860
846
840
844
834
844
844
860
858
840
846
820
824
814
794
778
772
752
730
736
738
734
780
768
764
770
736
754
708
738
704
716
694
654
662
740
758
784
812
784
764
748
716
714
646
634
640
628
642
638
664
696
708
710
708
696
700
688
644
658
632
646
642
626
638
652
650
658
644
652
654
674
660
700
698
736
754
728
750
746
750
752
766
774
764
784
788
802
814
828
824
834
830
786
786
768
780
788
778
796
802
804
818
798
780
800
814
798
806
792
810
822
820
830
832
836
802
798
770
746
764
770
816
816
872
882
908
918
914
914
916
914
912
916
902
918
932
928
934
920
920
922
920
888
914
912
914
914
926
932
906
912
888
902
882
890
894
902
888
886
880
858
886
898
906
924
916
932
916
926
924
922
932
924
944
964
952
970
952
950
960
948
960
968
946
950
922
936
938
914
926
910
918
922
906
912
906
904
878
840
842
842
852
868
838
842
848
868
854
828
822
788
704
722
714
730
700
786
782
796
774
790
798
782
788
784
784
782
774
752
734
752
780
788
796
816
836
830
852
842
842
840
832
810
792
784
776
754
780
802
792
790
794
794
810
806
810
800
772
760
776
762
760
780
818
844
870
884
888
886
868
834
816
804
800
782
780
776
808
816
836
836
822
830
828
812
814
784
772
728
696
696
706
694
720
774
770
764
778
750
732
748
798
820
836
820
794
786
766
736
716
688
720
726
770
822
800
800
798
820
832
822
794
806
800
770
788
768
758
768
754
784
772
786
782
798
782
774
780
768
776
778
800
804
788
764
744
728
742
746
730
770
736
770
778
776
816
840
842
830
804
790
758
738
714
672
668
686
678
754
752
710
750
736
748
772
772
750
774
764
750
740
744
728
726
688
702
704
698
676
708
718
700
726
700
676
668
676
664
674
678
666
672
662
656
650
666
666
650
698
676
722
690
720
696
700
702
664
692
676
668
628
624
632
634
630
632
634
628
626
610
610
610
628
630
642
652
686
700
662
686
680
692
706
704
710
700
706
710
698
704
712
704
728
720
706
732
724
730
728
720
728
702
704
684
670
674
658
686
700
710
732
744
728
734
754
778
764
790
782
776
782
762
776
770
760
776
784
822
836
844
858
834
862
852
870
882
868
874
852
864
840
858
874
862
886
872
894
874
898
874
866
850
866
840
838
840
840
866
854
868
874
874
880
842
862
854
846
870
860
884
872
904
878
910
888
910
902
918
896
900
894
876
892
846
856
884
902
928
926
928
920
924
860
898
874
890
878
886
882
868
866
878
828
880
900
900
886
874
814
794
808
774
744
722
854
800
838
866
842
878
866
882
866
876
858
868
866
848
834
834
834
834
804
824
836
834
848
838
834
820
836
854
848
860
868
858
862
852
846
830
830
818
856
878
864
860
838
858
860
858
864
862
850
832
816
834
822
858
876
892
904
872
884
862
856
808
808
820
806
870
796
844
832
842
826
846
834
844
830
810
798
810
796
810
796
804
814
788
804
802
802
804
810
812
796
810
806
800
798
800
802
800
816
816
848
848
846
860
826
844
784
810
808
778
734
694
672
680
688
668
750
772
804
752
764
730
810
774
784
776
766
764
762
742
754
742
758
744
762
776
784
782
810
776
764
776
760
766
766
752
714
676
666
648
712
686
764
734
728
770
786
752
774
770
772
772
752
756
754
742
770
764
794
818
842
824
818
828
832
804
798
800
778
816
828
842
830
852
864
852
848
854
832
844
828
832
834
812
826
836
854
840
842
832
850
854
824
832
830
830
802
820
802
832
820
842
846
844
844
818
798
808
830
824
844
818
828
794
814
750
780
778
766
782
796
774
816
832
820
796
772
798
806
806
788
784
792
792
782
744
724
680
714
744
874
754
766
874
888
920
930
948
934
934
924
908
912
884
864
858
836
836
836
850
878
892
896
926
934
918
938
936
812
848
752
676
698
706
692
756
798
786
796
816
842
868
844
804
808
804
798
822
834
812
842
840
834
836
816
824
786
798
786
782
804
810
808
808
830
804
788
782
784
772
784
770
782
796
784
812
792
812
802
820
810
818
810
800
810
810
818
808
824
822
850
848
844
846
824
848
836
860
848
862
858
848
854
792
830
842
836
854
826
836
846
836
858
840
858
866
848
856
830
838
814
846
818
884
892
868
812
822
854
856
854
834
828
838
838
838
822
830
830
820
830
832
828
830
786
814
816
820
838
806
822
804
770
778
756
832
846
792
836
846
866
866
872
880
870
848
854
814
840
848
840
878
842
852
856
838
860
854
872
884
872
888
886
880
872
828
836
824
836
848
822
846
854
856
854
832
838
820
838
832
844
840
844
846
844
854
824
836
846
822
750
792
732
702
762
758
726
730
746
794
776
796
738
784
780
798
760
778
780
758
742
766
720
690
722
776
784
774
768
768
790
804
784
792
784
784
764
758
776
766
776
788
720
748
742
698
738
726
768
786
754
758
752
760
774
750
760
764
744
768
758
778
774
744
776
772
770
784
776
792
796
786
806
786
792
740
762
752
754
718
698
676
656
654
712
700
788
770
722
756
748
746
730
664
640
652
648
654
686
676
686
692
694
692
686
690
664
650
646
642
638
620
650
632
656
652
656
698
730
726
696
698
678
672
672
682
676
674
656
680
678
696
694
698
682
672
708
728
704
698
708
668
666
668
660
660
660
656
670
662
658
684
650
684
680
688
740
698
728
698
654
690
694
720
692
650
642
632
644
646
676
708
694
740
710
748
774
792
800
790
784
756
756
748
724
742
776
752
756
774
786
776
776
776
784
778
744
726
702
672
674
680
666
664
724
728
818
780
792
814
812
812
806
770
762
754
748
728
760
760
802
844
830
864
882
854
870
844
852
834
814
774
768
684
716
758
810
798
758
792
790
800
832
838
856
872
880
872
886
878
848
828
826
836
832
848
854
850
868
856
822
886
726
812
814
810
826
836
842
844
852
860
862
864
854
850
840
824
826
804
792
762
750
804
850
816
786
800
808
804
784
784
774
770
786
780
784
784
774
722
682
654
700
782
798
798
826
838
830
810
782
762
754
742
754
766
788
838
828
854
876
884
878
878
884
882
858
780
670
682
658
672
680
678
684
694
708
760
788
854
836
788
772
800
800
776
802
804
812
832
790
808
794
810
818
786
806
818
802
786
806
810
802
810
824
824
814
804
808
820
826
840
830
838
836
836
818
772
752
746
736
736
700
724
714
814
878
790
836
856
864
864
818
810
810
752
770
774
728
760
776
804
808
794
724
700
682
704
708
688
708
760
870
788
814
810
828
814
816
818
818
802
802
792
784
800
802
788
796
794
802
790
796
788
792
790
784
778
780
744
704
706
682
730
756
800
744
766
790
810
828
828
826
830
834
828
830
832
822
830
806
814
810
798
816
800
806
796
800
800
810
822
810
808
798
758
698
672
674
674
740
780
778
784
814
804
830
836
830
834
842
836
826
832
826
824
806
810
812
800
794
792
778
786
784
776
808
792
780
804
786
774
788
778
762
778
788
798
812
802
780
766
754
706
726
712
756
796
830
790
812
824
826
830
826
816
810
808
808
810
808
812
820
816
782
800
798
804
780
756
754
738
718
722
728
736
728
730
764
728
740
728
740
764
744
722
702
680
664
662
690
662
720
800
788
784
756
786
806
816
786
776
774
756
746
698
662
712
676
712
700
712
736
750
740
756
726
758
698
730
698
642
694
714
732
736
750
768
740
712
708
706
702
694
706
752
770
796
772
792
752
754
690
706
686
722
756
746
750
766
758
734
754
764
764
760
762
746
680
696
686
698
706
726
752
788
818
730
780
782
766
758
736
688
678
664
646
696
814
782
774
812
806
832
846
812
784
738
770
786
770
756
764
762
760
768
752
782
802
806
812
806
786
798
778
738
724
712
740
724
736
734
752
736
716
670
708
708
712
764
756
778
768
762
732
744
760
782
748
802
782
780
820
818
764
760
786
822
732
756
680
902
802
808
834
840
838
836
816
790
752
726
702
722
736
776
768
758
802
802
782
798
816
780
794
788
772
712
678
654
646
624
630
632
726
848
790
806
818
844
840
854
846
804
782
766
766
746
764
766
758
794
792
796
812
786
786
752
766
780
778
738
750
728
732
770
770
780
770
780
820
804
796
812
802
798
782
774
764
772
786
768
774
768
770
770
756
754
710
740
720
684
666
678
694
702
690
704
668
706
690
730
712
748
816
764
796
806
784
804
804
796
788
782
770
782
742
730
726
710
680
682
636
664
656
690
786
804
770
776
796
812
814
806
802
778
784
774
748
774
766
764
764
748
720
728
684
696
696
688
708
694
704
712
780
800
770
782
752
754
760
720
720
710
672
714
724
696
730
758
750
740
732
710
710
710
724
734
762
746
762
736
666
632
666
676
690
752
768
750
756
718
740
748
754
718
700
684
682
696
740
812
792
782
790
776
794
776
774
770
760
754
690
696
684
668
688
682
726
714
738
746
744
760
736
730
700
722
722
740
736
722
702
722
720
712
712
714
708
734
752
744
734
748
756
752
756
744
718
680
654
614
648
668
754
814
736
788
764
778
816
834
820
784
798
794
778
762
722
720
742
792
820
810
840
876
872
894
898
868
876
832
844
814
824
832
852
816
836
848
818
830
828
792
802
768
766
700
748
756
812
814
776
792
792
786
780
790
792
774
742
758
724
754
766
776
816
836
836
872
854
866
852
830
810
802
802
778
802
790
798
816
798
826
816
802
806
786
800
782
788
778
774
774
730
734
750
726
764
750
810
774
786
806
790
814
826
816
838
836
810
822
782
786
800
788
812
814
834
832
822
818
784
796
778
744
764
764
816
778
770
784
776
766
792
780
794
790
794
788
802
818
788
796
794
772
782
774
760
788
800
822
818
836
832
814
820
812
788
808
800
800
816
812
818
826
796
802
800
798
776
792
806
792
810
788
806
826
816
816
820
814
810
836
828
834
806
824
830
820
840
846
838
808
816
814
784
786
778
784
826
836
844
830
838
826
826
814
822
796
816
818
792
772
778
702
702
680
696
688
744
836
774
812
788
770
784
768
742
708
684
690
696
678
690
694
750
808
782
738
756
750
734
742
736
726
734
744
756
770
766
774
780
772
780
778
776
744
738
728
658
652
710
770
840
764
798
830
848
856
872
868
876
876
852
844
822
830
814
794
796
780
748
780
818
770
788
802
778
778
758
740
734
696
704
710
690
700
744
758
738
768
808
832
816
788
760
692
686
670
662
672
666
674
700
754
840
774
794
806
816
812
812
804
810
814
798
810
808
800
782
770
776
774
716
688
706
688
696
696
718
710
758
764
832
830
794
796
798
788
780
792
782
792
786
766
774
764
766
764
706
694
720
766
760
812
758
776
768
768
758
724
722
688
704
696
728
768
758
746
756
760
734
742
752
744
748
732
742
744
728
724
696
694
688
692
694
682
688
692
692
746
820
786
786
804
802
802
792
798
810
800
788
780
730
700
688
692
682
690
726
772
784
738
728
716
716
760
790
788
760
740
774
764
778
774
762
770
726
714
718
706
742
734
746
770
790
796
782
788
798
788
800
790
772
784
762
772
762
752
768
762
756
768
764
766
754
762
750
742
750
746
746
768
764
758
752
732
728
672
672
714
724
792
722
740
732
722
736
744
736
762
762
766
774
744
768
782
774
794
770
766
760
740
700
670
682
686
682
712
684
706
704
704
742
722
760
758
758
758
730
732
690
712
666
664
672
662
676
696
752
784
718
766
758
772
762
744
730
730
706
692
680
678
668
654
646
656
640
646
646
650
648
626
624
598
580
592
572
588
584
604
602
620
626
620
652
636
668
634
670
638
642
636
634
634
624
658
650
656
672
626
618
676
666
674
654
650
652
632
654
660
634
648
630
618
616
606
614
604
590
620
604
608
602
600
592
600
612
618
612
608
620
612
616
616
614
638
638
640
656
672
662
664
666
672
682
686
660
664
662
646
646
632
660
658
668
664
684
684
678
682
680
676
642
662
652
646
630
640
632
646
658
670
666
660
670
686
684
664
664
656
668
668
682
684
688
714
714
712
736
734
734
742
732
734
734
728
728
724
736
740
746
736
726
736
732
726
730
728
742
750
750
762
752
754
758
760
760
768
786
776
744
762
768
768
762
736
746
702
724
760
784
756
786
790
808
830
816
816
786
788
796
790
758
718
712
710
720
746
794
850
810
822
826
816
764
776
754
696
676
646
656
622
642
706
782
796
752
792
806
816
836
830
830
838
822
784
790
768
780
760
772
790
774
780
800
794
790
768
782
772
774
770
766
766
772
784
786
786
772
778
774
776
774
728
710
678
676
688
698
692
742
744
770
776
756
764
756
758
762
752
764
760
756
774
760
762
776
768
784
778
782
784
760
758
754
738
750
748
762
760
748
740
730
738
748
736
752
756
760
776
766
772
782
760
748
742
734
736
724
716
734
726
740
750
762
776
764
782
790
770
784
774
766
760
742
748
724
718
694
736
744
742
778
790
794
818
824
832
832
824
826
820
786
786
762
766
750
752
778
766
758
762
774
764
794
780
784
796
790
804
798
796
780
782
770
774
762
764
770
778
772
766
762
764
770
778
776
776
782
754
772
788
808
824
808
812
788
774
776
762
768
756
764
748
760
752
750
754
754
764
780
738
758
760
740
680
668
660
672
704
724
728
788
740
742
766
782
774
792
774
774
760
754
732
698
694
714
742
734
714
724
708
726
718
728
722
720
734
738
736
760
746
746
756
748
752
732
728
728
722
736
738
736
750
742
746
758
766
758
766
766
758
762
756
742
732
708
718
682
708
666
674
704
686
724
722
736
740
714
742
740
726
740
724
714
710
700
690
718
700
704
710
710
708
700
690
684
694
686
680
686
660
664
634
640
636
626
636
636
648
636
652
658
656
618
628
620
624
622
602
602
592
598
594
646
662
636
674
652
656
662
640
664
644
664
638
648
640
626
642
662
646
628
620
620
604
614
600
612
618
622
670
668
644
686
658
684
690
660
666
646
628
628
662
676
676
692
680
662
634
630
630
622
600
616
588
604
610
634
620
648
648
680
648
670
668
700
684
706
700
712
718
718
702
724
704
716
714
696
708
700
684
692
676
654
668
664
660
670
658
674
676
694
718
724
714
716
706
690
680
650
630
622
624
628
624
628
630
626
638
646
672
662
672
674
672
670
668
656
634
624
624
624
632
682
660
676
714
732
704
722
740
720
704
694
686
682
672
684
702
714
736
742
762
754
768
762
760
752
734
748
730
744
752
754
760
748
748
740
742
752
744
768
776
764
762
748
744
748
748
746
758
758
766
772
766
766
760
752
764
762
768
782
762
774
784
774
790
786
802
792
790
792
774
756
774
766
766
778
772
776
768
772
788
784
790
796
780
772
766
746
748
750
728
756
766
764
780
770
776
788
788
768
748
714
702
676
662
682
690
702
770
788
732
772
780
788
806
786
794
794
766
768
762
754
758
764
780
780
774
752
756
736
704
696
686
706
758
828
774
814
820
818
842
832
834
820
786
786
782
734
762
728
744
748
756
780
824
804
822
836
808
784
786
740
768
768
770
792
786
784
810
824
834
834
834
830
830
830
822
828
818
808
800
776
798
818
806
826
828
824
822
816
814
796
808
792
790
790
786
778
752
734
768
776
768
778
798
794
814
818
816
816
818
802
794
788
774
776
746
764
728
752
744
774
780
822
800
788
756
752
728
706
712
708
768
762
758
774
772
786
794
788
794
790
788
780
752
752
686
672
684
692
702
722
816
820
798
782
798
788
770
766
754
764
762
750
752
760
750
756
762
758
762
762
750
764
758
760
752
744
754
738
756
750
758
764
746
752
742
746
736
752
762
750
730
738
716
736
730
758
750
750
744
754
750
764
764
772
778
770
760
762
734
740
726
742
732
756
762
750
760
762
760
766
750
760
768
758
740
728
680
670
656
656
662
718
810
734
762
790
816
832
850
860
876
872
868
846
842
804
804
768
794
792
784
758
778
778
796
782
742
754
734
734
742
764
790
780
782
828
850
856
848
816
794
792
764
742
698
724
708
768
762
680
810
784
808
824
834
842
844
840
828
818
800
800
778
770
710
692
654
676
658
662
678
694
698
706
684
698
678
694
694
690
698
694
688
708
722
706
712
724
726
738
742
694
690
686
670
656
654
660
692
700
706
728
724
756
742
756
764
754
746
748
728
722
718
706
722
758
734
738
718
736
732
732
724
728
730
734
716
728
730
724
690
694
680
678
706
728
730
728
730
746
754
762
778
770
772
784
762
772
756
742
738
730
734
732
754
774
772
810
828
816
834
830
816
812
806
784
790
756
768
766
758
782
790
776
792
786
784
796
786
754
774
750
712
732
706
680
740
730
750
804
758
754
778
782
804
792
784
772
774
776
762
768
760
754
760
748
778
786
780
814
802
810
820
802
806
780
788
778
764
772
766
770
796
810
814
824
810
794
772
766
762
748
760
766
784
804
808
806
822
810
834
830
812
814
784
774
776
756
784
806
784
812
808
814
822
800
812
798
768
748
716
684
666
682
688
702
750
718
758
780
746
724
740
714
702
686
654
660
666
688
688
746
704
790
828
746
778
780
766
750
754
718
700
658
670
644
672
688
722
696
698
702
716
692
730
700
718
756
768
742
720
714
690
684
666
656
642
648
666
714
700
722
748
740
768
740
704
728
722
726
726
732
748
740
740
740
738
726
736
736
734
740
746
742
752
738
738
730
708
724
710
702
700
688
680
714
720
694
710
712
722
728
710
712
706
686
628
636
636
604
554
598
590
580
594
644
718
710
692
704
718
728
734
726
730
742
726
740
740
726
714
724
726
734
748
750
766
786
784
756
756
726
656
670
662
688
738
824
788
782
798
824
826
816
800
760
740
702
682
702
720
758
726
720
746
764
778
764
732
696
724
746
730
748
710
728
728
722
696
702
690
698
728
754
764
806
776
774
782
744
750
746
742
694
666
666
660
666
724
754
772
774
790
810
798
756
770
760
738
750
744
740
690
694
694
668
684
676
718
738
752
736
716
718
702
684
696
684
690
716
748
772
740
732
758
768
766
746
762
736
744
714
704
666
674
668
628
658
680
692
724
724
726
730
732
722
686
702
666
672
658
666
654
650
656
660
696
696
718
732
742
738
728
726
700
682
662
664
668
732
728
734
776
788
800
842
830
854
842
840
842
806
796
778
732
698
676
660
660
686
708
780
812
772
776
750
776
750
788
758
776
786
802
754
718
772
776
794
798
804
790
796
798
786
794
802
802
812
810
800
782
784
768
716
736
752
738
802
808
774
770
762
772
752
764
758
774
766
784
778
800
804
786
786
752
770
760
752
754
738
726
736
712
748
738
726
738
700
744
742
724
730
716
664
660
652
670
662
690
682
740
708
780
828
768
782
786
762
776
770
760
772
768
760
774
778
772
802
792
796
796
806
814
794
810
792
798
810
774
790
764
766
772
750
764
762
760
774
740
748
730
696
768
752
776
776
752
778
772
766
776
762
712
676
708
678
692
710
694
752
770
750
796
764
758
774
766
766
776
746
762
760
744
756
756
752
758
746
750
758
772
762
770
772
762
764
752
736
744
734
742
740
748
768
760
758
774
748
764
750
732
744
716
734
722
710
728
724
750
744
744
766
742
766
766
770
792
772
782
780
760
760
732
740
718
724
698
694
664
672
664
686
690
684
764
744
770
752
732
736
734
726
748
732
746
744
742
750
736
762
770
762
756
762
742
746
734
710
734
746
730
776
790
780
808
792
790
798
772
760
776
744
760
754
740
748
730
744
742
760
748
750
758
748
754
750
734
750
744
732
716
702
708
638
640
636
642
636
636
614
624
598
608
598
612
614
612
620
640
638
656
644
678
684
690
658
678
678
684
678
658
700
708
692
698
728
700
718
716
688
658
690
752
734
770
764
802
816
828
846
844
842
846
818
828
834
818
830
830
820
828
798
810
820
796
802
814
790
802
790
778
792
778
776
794
786
770
782
754
754
776
770
772
802
786
800
810
790
810
784
790
794
782
762
780
798
806
796
832
846
844
846
866
886
846
840
856
868
862
816
844
844
810
820
852
884
886
858
868
842
846
854
854
858
850
864
892
882
838
836
830
836
846
798
836
868
888
838
862
854
804
790
760
690
694
656
670
652
652
662
640
676
654
662
698
720
746
704
724
672
706
684
674
688
670
710
700
728
694
690
686
720
740
758
764
734
746
750
742
742
704
698
678
684
688
744
816
774
760
792
798
802
806
814
824
808
802
810
786
794
786
788
788
804
786
806
796
796
784
792
792
772
758
766
750
762
768
772
792
798
768
778
782
746
752
732
726
746
766
790
798
804
768
772
748
766
752
760
772
782
778
790
784
764
784
794
796
742
758
730
656
682
678
684
712
804
800
796
812
804
810
816
828
810
764
748
686
638
670
760
872
806
838
842
860
886
864
870
848
868
878
848
812
824
830
830
836
824
822
772
784
790
792
780
790
772
748
782
796
782
822
836
864
880
834
854
858
852
854
836
796
814
808
828
838
858
862
834
862
836
840
844
836
794
804
812
808
830
842
844
846
880
888
836
