600
632
638
634
626
638
654
640
660
680
676
652
630
624
620
618
610
616
622
622
636
660
682
678
696
698
712
708
686
684
664
658
666
654
654
650
660
646
654
664
666
650
646
646
624
624
610
598
596
598
594
594
604
610
598
606
604
604
590
598
588
576
586
628
676
710
722
742
752
712
688
680
670
644
616
612
612
594
606
648
676
700
744
736
730
690
690
686
686
674
696
708
696
706
720
710
710
678
670
682
658
660
664
662
660
672
682
666
676
694
696
688
704
714
684
692
694
690
684
688
694
702
712
702
700
688
648
630
628
632
636
642
638
632
638
630
628
632
632
630
600
578
576
558
574
596
616
622
620
598
592
578
570
572
592
650
700
706
728
766
782
766
770
756
682
672
654
680
692
720
710
708
734
736
744
726
730
724
720
712
716
716
688
704
710
740
736
758
754
688
706
714
696
730
720
686
694
680
684
686
696
686
664
632
628
628
622
624
604
600
592
598
590
596
632
632
624
628
624
616
616
616
622
620
630
628
626
626
622
626
648
662
662
684
740
750
746
760
764
754
734
716
706
682
656
648
634
612
594
598
604
598
592
606
628
624
634
636
634
628
612
624
638
666
658
694
700
680
668
650
626
610
598
596
584
584
572
570
570
578
600
604
582
588
592
616
622
618
628
618
616
612
614
610
608
636
660
676
660
670
662
640
620
598
604
608
634
666
666
686
694
692
676
666
634
634
626
684
704
684
750
784
748
764
716
686
686
652
632
654
650
628
630
610
602
600
588
596
594
604
606
610
634
654
644
660
660
656
648
656
660
676
704
684
662
634
620
608
604
588
584
598
612
600
618
612
580
596
598
638
678
692
674
678
640
644
640
642
670
658
710
736
722
726
720
742
740
738
752
772
756
782
762
770
702
678
658
646
628
612
626
624
622
638
656
634
648
670
632
652
662
642
648
646
650
648
666
712
658
688
696
676
650
674
678
672
662
656
656
682
712
688
692
716
694
686
666
658
638
616
626
626
618
624
632
638
624
630
634
626
632
648
640
634
640
650
626
626
628
630
614
622
624
622
614
616
610
590
576
570
564
558
558
560
558
550
548
540
546
544
544
546
546
546
546
548
554
564
576
590
768
748
728
694
694
696
656
646
640
636
612
610
608
602
592
602
600
586
604
632
660
708
670
652
640
626
638
620
624
610
604
584
592
594
606
646
674
646
654
664
640
652
662
644
666
686
690
646
644
632
608
600
584
576
592
592
610
646
660
670
694
692
760
758
688
704
702
696
730
738
744
770
760
718
720
714
680
688
722
724
718
720
738
724
682
712
676
682
682
676
680
674
700
688
672
686
684
654
678
700
666
674
690
698
668
672
704
694
728
708
690
688
658
634
636
628
612
612
628
628
622
636
652
632
638
640
624
628
630
620
608
626
640
620
626
630
608
610
594
582
578
580
602
644
720
750
754
702
674
662
622
614
592
580
564
562
586
642
644
660
632
646
646
626
608
606
598
592
582
580
588
586
590
606
620
608
626
636
656
638
648
668
662
640
624
592
614
620
610
658
668
638
616
608
602
608
604
610
614
624
610
622
624
630
602
616
620
616
610
618
630
632
622
608
612
620
620
606
608
620
610
630
636
648
638
718
768
740
750
732
684
684
636
578
568
570
560
572
620
682
674
630
628
648
638
634
646
666
704
706
728
724
702
676
636
616
624
624
612
632
624
632
618
608
602
582
566
558
552
550
550
556
552
552
554
562
552
556
568
584
582
598
626
670
672
708
724
708
710
710
680
686
682
674
664
654
634
636
622
606
594
602
604
608
612
610
604
588
592
592
582
580
586
592
584
586
592
584
576
580
588
584
586
588
592
584
582
586
582
572
572
568
564
560
566
574
576
578
578
578
580
588
580
580
574
578
576
592
594
590
602
608
606
606
608
606
596
604
604
592
586
578
578
576
570
576
574
572
574
564
572
584
598
608
626
622
620
644
646
628
638
646
636
632
630
632
618
626
638
620
640
654
624
638
634
610
606
600
594
600
614
606
614
628
638
626
636
646
626
616
628
634
626
646
660
652
668
684
666
672
694
678
676
674
678
652
670
676
650
660
664
646
650
664
658
654
664
658
642
648
654
640
638
646
640
640
650
642
636
644
640
622
612
620
606
612
612
602
616
638
620
622
626
624
616
626
626
622
632
628
620
618
622
624
620
644
638
624
624
630
612
616
620
614
612
622
616
606
614
626
616
618
626
620
618
622
626
616
622
624
616
608
624
634
616
628
646
624
604
634
640
628
652
682
686
654
658
658
636
646
642
618
616
610
594
584
570
562
622
466
546
570
618
660
696
700
664
682
686
672
654
674
686
684
684
662
678
666
626
614
616
618
612
614
614
634
608
646
660
632
630
640
634
644
652
646
630
628
614
600
578
566
578
592
590
640
666
646
642
646
626
620
640
660
640
670
694
678
682
696
698
688
690
676
668
678
662
646
638
642
624
638
648
638
674
668
662
634
640
634
618
622
632
618
618
616
600
592
602
598
608
628
624
612
624
636
624
642
670
644
676
676
644
656
658
640
650
652
642
648
660
646
634
646
620
616
616
620
622
622
610
604
610
594
622
650
628
632
644
630
622
620
606
586
580
568
576
572
594
618
604
612
624
630
670
702
654
686
734
690
692
704
682
656
654
674
640
662
692
648
684
700
678
762
754
690
694
686
658
650
646
648
650
666
682
674
680
666
644
604
594
602
714
696
694
698
664
640
630
602
602
578
588
576
582
578
578
594
618
602
606
624
638
622
646
684
648
672
722
662
674
684
650
646
658
646
628
644
642
622
636
640
632
636
640
640
636
636
654
642
628
646
630
640
636
612
618
614
600
606
608
604
614
608
610
636
630
622
642
652
626
620
616
598
602
606
606
606
608
620
606
616
618
604
602
632
676
642
702
716
676
682
660
632
632
626
612
598
608
618
612
646
646
654
682
702
658
652
652
642
634
644
642
634
642
630
612
624
620
610
628
624
628
624
600
598
606
602
616
632
616
622
632
638
630
636
654
624
654
674
656
692
700
672
680
676
640
652
654
648
622
638
632
622
624
624
614
634
634
628
636
668
644
644
644
642
616
624
624
604
620
654
660
640
654
668
652
642
644
636
638
632
654
670
638
646
664
666
650
668
686
668
686
696
666
658
648
620
632
628
622
618
630
640
630
636
650
640
638
656
638
642
646
642
646
662
650
624
646
646
628
650
660
650
656
670
662
642
644
634
616
634
642
632
638
648
648
626
622
626
594
594
606
614
608
624
632
612
624
626
622
628
626
618
618
630
630
616
622
612
638
670
640
652
666
646
622
622
638
646
620
602
612
610
600
616
636
668
658
686
700
684
690
688
686
662
664
658
642
628
624
626
602
616
616
592
614
622
672
710
680
704
686
684
664
656
660
654
634
634
642
622
634
636
624
632
662
656
664
700
700
686
680
666
650
660
640
622
638
640
680
706
674
688
650
636
604
594
612
644
720
652
674
686
668
680
708
702
700
744
760
710
742
770
702
710
726
698
700
694
678
690
704
674
670
682
662
650
664
676
666
674
692
668
682
688
654
664
668
658
662
662
630
650
644
626
634
688
610
756
708
738
696
696
700
652
670
674
658
642
652
660
640
650
656
648
636
646
666
626
646
666
642
646
662
652
646
668
672
644
654
656
630
638
654
672
646
664
660
630
638
644
634
618
620
636
612
622
616
600
612
608
602
606
602
584
610
604
600
612
632
616
636
642
628
622
620
622
618
622
622
614
624
634
624
630
626
606
612
604
590
614
616
604
608
610
604
602
604
614
604
624
632
622
628
640
618
622
610
596
600
592
588
596
604
608
622
646
624
630
628
628
632
688
688
654
666
668
634
614
594
594
600
614
600
632
652
644
676
692
652
648
658
674
678
672
668
636
616
642
688
702
770
792
788
762
772
800
758
760
738
702
710
762
722
680
690
702
666
678
684
656
676
662
686
688
662
692
714
660
690
692
666
672
662
650
614
602
620
634
652
632
654
642
646
646
636
632
620
618
616
600
600
590
604
584
624
664
688
676
696
706
720
694
702
704
678
692
696
670
624
618
620
606
600
602
596
598
598
606
594
580
584
586
576
578
588
590
586
604
624
622
608
602
604
586
584
588
592
586
590
596
602
588
586
584
572
574
572
564
574
574
580
582
578
612
686
744
730
722
710
666
652
606
604
590
564
550
554
564
590
572
602
612
592
590
598
588
602
624
656
700
650
662
670
644
644
632
648
656
680
684
672
714
698
678
698
720
672
728
742
684
722
744
674
704
708
660
654
666
650
616
630
624
606
612
614
614
634
654
638
666
666
646
680
682
654
660
638
614
620
606
580
592
592
588
596
618
614
604
630
646
622
628
632
616
614
622
624
610
624
634
610
618
622
618
626
638
622
608
620
618
616
610
616
612
602
624
644
652
634
646
656
622
634
630
628
610
626
640
624
634
664
638
684
690
662
658
666
664
652
668
664
642
644
650
634
654
670
660
650
686
698
658
688
680
638
636
646
656
634
662
680
646
656
660
642
636
642
652
628
644
644
622
636
608
628
638
614
642
646
638
642
672
660
684
694
664
676
662
656
622
640
644
648
656
616
610
602
600
602
596
582
584
570
580
596
620
648
674
670
716
666
664
632
612
618
606
596
602
602
636
650
698
680
700
722
690
708
694
678
678
644
636
650
672
638
650
644
628
624
646
638
638
668
682
664
666
666
666
638
640
646
630
610
630
630
638
622
610
604
572
570
576
582
576
584
596
584
578
586
620
642
614
616
606
592
590
602
624
630
604
608
602
590
576
594
612
600
626
674
682
618
630
660
680
704
706
718
736
712
666
654
654
628
626
604
602
600
614
616
614
616
598
606
612
604
612
618
616
628
620
604
620
620
612
606
604
614
606
636
656
638
648
668
642
648
652
626
634
622
608
618
622
622
632
636
622
638
656
614
610
602
586
584
586
584
584
598
616
606
626
630
624
634
646
642
636
652
636
642
658
624
624
630
610
620
612
606
626
632
604
618
638
628
630
632
620
612
614
606
590
600
600
594
596
592
588
588
590
602
584
586
590
580
582
594
602
584
602
616
588
594
594
566
558
574
588
594
596
598
584
570
568
586
604
624
622
650
678
660
664
684
658
648
656
656
614
648
682
654
702
806
764
788
788
750
746
706
670
670
654
678
692
650
660
648
626
656
662
646
654
656
628
654
642
674
704
694
660
648
654
624
622
618
622
614
630
634
642
662
660
640
620
638
664
678
656
658
678
664
642
664
674
662
658
674
666
632
656
666
670
640
658
664
642
654
652
650
634
652
674
646
662
676
640
646
660
644
656
672
638
650
662
654
618
624
620
590
596
594
604
610
646
642
630
638
654
648
674
682
656
668
658
624
632
614
590
590
592
604
612
636
670
656
660
686
688
654
690
698
658
678
682
668
656
658
662
642
636
638
652
664
644
638
610
598
594
586
598
662
702
702
720
722
700
714
696
648
670
670
654
680
702
664
696
716
660
670
684
644
632
632
604
610
604
606
592
608
624
610
614
622
608
618
634
636
628
646
652
626
638
632
612
628
630
632
614
622
630
618
640
640
618
628
628
618
622
634
624
622
626
610
630
648
632
646
668
644
646
658
656
626
646
650
630
652
682
656
672
672
642
636
640
644
618
628
632
618
622
626
632
618
646
666
634
646
648
638
630
648
640
626
636
654
656
668
674
638
630
622
624
620
602
608
636
652
720
722
670
642
646
624
604
600
604
594
628
680
680
664
682
654
638
640
642
616
632
642
628
628
642
624
630
634
616
620
618
596
594
576
572
560
558
558
562
576
578
572
586
606
592
602
618
620
606
616
624
598
598
610
630
666
656
618
622
618
612
596
608
614
612
602
620
652
646
664
690
694
654
636
632
648
646
642
618
624
632
660
700
706
670
706
724
702
716
728
732
688
706
726
696
704
720
756
700
704
716
706
658
654
634
628
604
610
606
602
594
600
596
598
574
586
598
588
592
614
646
626
630
628
640
666
654
630
616
600
610
586
606
640
626
596
602
628
678
716
752
734
694
714
694
676
644
620
606
604
594
590
584
594
586
602
612
618
586
608
640
640
662
674
634
632
640
638
650
658
626
638
630
636
638
640
634
628
602
620
646
704
724
708
688
666
630
616
606
618
628
606
612
620
628
620
646
652
628
604
604
610
592
608
608
598
604
600
598
614
654
616
590
606
612
646
630
638
638
634
610
608
596
574
570
558
558
570
586
596
610
596
606
586
580
574
570
584
614
652
810
746
770
780
710
710
670
630
640
652
652
646
626
606
606
616
626
618
620
620
598
618
654
662
676
630
634
636
630
632
632
644
628
610
606
616
628
632
616
632
654
646
624
618
616
590
576
566
562
570
568
588
582
584
574
562
556
562
568
576
596
642
662
684
698
788
776
774
698
688
680
646
662
656
648
610
604
586
574
566
578
580
590
572
558
552
552
546
560
572
588
604
630
632
622
658
632
644
670
668
644
638
644
628
620
606
590
574
590
582
602
632
612
620
646
654
686
652
664
690
698
662
672
666
666
642
650
652
656
638
670
690
704
678
696
684
700
702
656
660
644
644
634
620
608
596
574
568
558
568
580
594
638
688
726
786
790
790
732
760
784
712
670
676
636
632
612
622
644
638
660
662
646
614
612
614
592
610
618
606
624
622
632
614
618
616
602
598
612
602
586
578
596
620
630
602
614
606
616
662
688
668
706
704
660
670
648
634
624
602
594
592
610
640
658
674
692
676
656
656
626
610
604
618
638
620
624
644
656
646
630
654
692
680
690
682
668
632
638
618
622
622
616
632
666
672
690
718
702
704
692
676
666
622
628
622
624
610
578
586
588
606
596
594
602
606
644
664
654
626
614
602
580
566
560
566
566
608
632
666
686
730
716
718
722
716
690
674
658
648
658
616
578
582
580
706
804
790
782
730
716
728
686
686
718
746
748
732
654
638
628
640
682
700
646
628
632
664
702
748
778
768
714
668
666
672
678
664
640
642
648
636
610
614
618
648
720
718
682
684
688
646
634
640
646
648
640
618
610
622
670
786
794
800
794
770
720
718
690
688
682
670
676
666
664
642
644
656
664
664
636
624
622
624
622
624
658
698
720
728
710
674
646
630
628
626
610
618
586
578
572
590
642
742
784
778
768
742
680
638
630
620
612
602
596
582
580
578
598
612
618
598
584
586
588
588
584
590
606
594
596
598
608
598
602
602
602
592
576
562
570
580
596
598
600
604
594
572
570
576
590
600
614
632
638
654
630
618
616
644
694
772
774
754
730
708
672
638
626
616
586
564
568
572
616
682
702
700
688
686
680
676
626
608
594
594
628
734
742
754
710
668
662
676
690
678
660
640
632
622
624
628
640
662
658
668
676
666
672
690
718
694
716
730
680
682
698
700
660
654
632
648
654
668
664
622
614
602
562
566
564
574
600
612
620
602
604
632
656
718
728
684
664
658
652
630
618
598
582
578
576
582
576
564
568
578
592
608
642
656
638
654
662
690
704
714
702
704
680
686
650
646
652
650
656
660
628
620
606
584
582
572
576
590
612
634
668
686
688
674
634
622
602
618
648
614
612
626
634
646
610
608
594
596
602
650
650
644
650
624
602
586
594
582
574
612
640
668
660
656
650
632
652
672
682
674
650
620
594
596
574
560
550
548
574
582
590
592
588
598
600
616
664
704
722
666
658
658
662
676
652
646
664
686
684
662
654
684
724
706
704
714
686
674
688
674
672
658
650
626
618
602
604
678
768
744
692
758
786
778
742
736
730
716
654
662
644
610
596
602
606
598
614
634
650
640
618
624
628
662
636
620
630
640
630
648
664
642
658
654
634
626
638
658
640
654
670
620
636
630
622
620
642
642
672
682
680
646
642
638
646
628
638
628
620
618
624
632
646
654
656
678
652
662
674
654
652
660
644
654
618
652
680
662
694
672
734
724
680
694
640
662
664
630
640
658
696
706
674
622
614
594
618
650
686
732
736
718
718
712
694
694
672
640
616
606
606
604
604
606
570
570
570
580
606
590
586
590
592
618
618
624
644
666
678
684
690
674
672
650
628
640
596
604
608
598
608
624
620
624
646
652
642
648
648
626
640
638
624
630
628
606
608
606
590
584
590
590
584
578
564
552
552
548
568
602
594
612
644
618
636
666
698
666
684
692
664
664
686
686
650
676
676
616
588
586
576
580
646
640
638
652
662
626
648
632
652
654
684
678
678
666
662
668
680
702
730
752
750
732
708
646
646
668
728
788
778
768
750
740
722
712
668
622
618
604
590
606
662
674
662
720
780
722
728
776
748
690
736
752
666
682
710
666
646
662
692
678
714
726
688
720
728
712
712
672
692
692
668
692
684
648
674
676
662
692
692
642
672
668
660
680
696
732
704
666
640
624
638
650
636
656
680
638
632
614
624
626
610
608
598
602
592
584
594
602
622
622
628
626
626
606
590
576
560
550
552
558
590
618
622
662
696
676
688
690
662
660
650
586
586
564
562
564
564
562
590
580
586
604
594
586
572
560
572
572
572
556
556
560
556
554
542
536
552
582
600
612
636
646
630
636
636
608
614
612
610
606
626
666
698
796
764
744
800
720
700
726
682
698
710
704
690
714
718
698
718
736
718
742
742
718
724
742
720
704
710
680
688
672
652
660
676
686
652
672
688
670
736
754
740
722
698
656
638
642
644
630
650
662
648
654
654
692
728
690
718
686
698
662
662
640
654
658
686
678
672
686
710
650
660
658
636
650
640
658
702
704
698
676
636
642
630
618
634
638
648
674
742
768
758
720
726
710
710
680
690
698
706
688
704
722
706
720
734
738
716
688
654
618
634
670
684
730
776
746
778
798
716
766
768
700
722
730
688
756
800
692
726
738
694
690
706
692
674
694
686
666
694
704
680
708
730
718
722
744
752
740
840
800
730
704
666
672
682
636
638
652
664
650
672
662
672
708
714
724
686
648
644
640
644
642
636
616
622
628
622
646
668
668
652
674
692
668
690
682
634
644
640
600
610
616
614
608
622
626
606
612
638
618
632
650
636
654
684
662
682
672
672
644
644
636
636
636
668
710
684
702
704
666
656
662
664
664
666
628
632
640
662
684
682
658
642
660
676
646
690
736
686
734
756
754
688
700
678
696
696
676
660
676
682
678
670
690
696
682
684
696
710
706
700
716
694
698
686
686
682
680
698
674
642
640
652
634
638
624
608
590
608
604
666
702
670
692
722
686
664
688
704
660
678
658
650
680
702
662
680
696
676
704
696
662
678
690
676
686
684
674
692
664
670
674
684
674
704
708
694
700
698
714
712
692
690
700
658
658
654
642
650
630
676
694
696
694
698
720
728
712
674
680
668
644
686
710
690
700
744
700
714
702
684
642
652
664
684
670
724
734
680
684
684
636
652
666
658
680
684
636
644
656
644
648
668
678
678
674
668
668
674
670
654
646
624
610
592
596
602
660
636
688
764
750
688
718
758
750
730
686
656
620
576
566
544
540
552
572
650
654
640
622
594
596
594
618
626
612
646
664
634
604
606
616
608
608
618
614
632
630
600
604
584
584
598
606
648
686
696
690
654
662
646
630
600
594
594
612
630
636
640
618
620
626
614
622
642
650
634
692
656
694
710
698
666
626
620
610
594
622
630
614
624
634
624
632
632
640
640
664
654
698
708
696
678
694
688
652
662
654
674
672
652
686
700
684
680
706
742
678
772
736
672
676
656
630
624
626
596
614
630
638
628
670
700
668
694
704
646
678
668
640
648
646
646
624
656
666
632
628
650
644
668
644
662
660
622
648
656
662
700
714
688
680
682
684
654
672
658
660
672
662
680
690
656
676
602
560
588
588
614
636
620
634
650
652
646
638
632
612
612
618
628
620
634
646
702
746
736
710
688
652
642
646
630
636
640
638
632
610
592
588
598
606
600
590
600
624
664
672
632
666
660
644
656
654
632
646
656
642
648
658
648
632
646
682
656
696
684
674
694
732
676
688
682
654
678
672
636
656
656
648
662
654
634
640
624
610
600
594
600
634
668
632
660
682
634
632
652
656
644
700
734
680
734
764
686
728
762
704
726
726
660
686
692
662
682
732
730
684
716
694
668
652
668
656
676
694
670
704
714
704
694
688
668
684
686
690
736
750
750
728
748
724
664
652
652
622
654
680
640
698
726
680
700
726
678
698
700
664
654
664
660
640
662
638
652
678
648
654
666
658
682
672
606
618
624
668
664
652
664
662
680
684
668
672
658
638
638
636
642
634
632
648
672
650
652
680
670
666
678
632
638
636
662
630
646
658
624
626
620
604
604
610
632
612
632
654
634
654
660
638
618
640
636
618
636
654
656
662
682
630
640
640
618
606
620
634
616
622
642
646
640
660
654
630
636
656
632
642
660
644
650
652
594
616
604
606
616
634
646
652
698
718
682
722
718
656
688
690
660
690
698
684
730
744
694
716
736
672
740
810
742
762
790
670
500
768
678
698
720
658
646
646
650
654
654
668
666
678
692
666
698
714
666
676
618
622
620
610
630
662
654
712
704
668
678
668
654
656
688
660
674
670
634
638
602
602
610
618
652
660
664
676
684
676
650
656
668
636
646
652
626
650
662
618
628
622
604
620
634
618
624
630
610
618
630
608
650
692
654
674
676
642
626
618
596
608
606
616
612
636
632
656
654
640
648
630
634
628
618
616
624
600
604
606
598
622
634
602
616
620
610
596
616
628
616
614
626
632
616
608
626
606
622
630
614
620
628
632
622
638
660
650
646
638
640
664
656
614
610
606
574
566
566
568
554
558
562
562
562
564
576
580
582
590
608
590
604
642
624
664
668
642
648
668
676
646
668
666
616
622
606
588
590
598
596
612
636
642
640
630
614
600
576
580
590
572
580
594
588
584
588
614
610
600
622
650
632
642
654
656
622
640
642
618
618
644
648
626
626
610
590
568
576
550
556
556
562
564
584
604
600
600
654
646
630
658
692
660
676
690
658
682
686
638
672
690
652
666
698
698
682
706
728
688
696
698
666
664
612
696
668
676
642
664
696
666
708
752
716
744
746
660
676
958
894
594
580
588
596
612
598
618
660
686
702
752
762
704
688
686
692
688
690
680
680
680
646
652
666
654
652
662
694
676
738
736
680
698
638
648
664
666
658
702
730
706
712
710
696
688
694
650
658
666
660
666
676
706
674
712
724
706
726
738
690
704
706
658
690
696
644
644
660
678
658
708
724
702
694
716
690
688
696
678
654
636
624
604
580
590
610
610
600
630
650
626
648
652
620
612
624
620
640
666
668
696
708
690
660
652
636
654
664
644
654
654
626
640
642
636
632
630
670
628
658
678
648
646
656
650
630
634
636
614
620
632
640
616
634
650
634
630
644
644
622
632
648
634
624
644
628
630
618
596
664
666
690
714
670
684
694
668
644
662
662
652
642
668
670
646
630
640
640
594
616
636
618
658
704
680
674
714
728
680
714
730
712
708
716
720
686
710
738
712
728
748
738
710
728
724
676
696
718
696
694
706
712
666
666
660
628
646
656
678
638
656
674
638
640
674
650
664
656
670
670
662
666
668
640
620
572
580
576
584
686
710
704
682
672
688
732
754
748
716
734
722
728
714
680
674
650
634
674
672
654
680
690
648
684
684
658
664
644
628
624
616
608
622
610
616
618
644
660
688
668
690
724
694
654
626
626
598
608
608
592
600
598
576
598
596
604
600
638
654
626
658
668
642
650
638
596
602
604
586
592
614
652
624
634
620
590
602
594
560
574
580
590
608
646
678
658
708
646
610
810
666
642
602
590
568
572
572
560
540
548
544
552
550
544
556
564
568
568
602
606
604
630
656
624
638
652
640
650
684
692
660
654
670
668
690
656
670
546
598
622
622
652
670
640
672
668
640
664
636
612
596
596
584
584
598
610
608
620
630
640
612
630
648
640
630
674
698
666
730
676
666
686
658
620
600
608
588
602
602
592
608
628
606
612
622
620
620
660
696
670
714
720
660
676
670
654
662
690
710
680
678
696
666
704
734
692
712
678
650
668
694
654
694
708
656
706
708
654
672
676
646
656
636
632
622
602
616
588
606
600
616
634
616
634
642
630
618
594
584
588
576
586
626
670
642
652
670
636
628
618
486
442
360
458
658
596
596
634
614
624
620
604
618
622
628
612
632
652
612
600
594
600
578
586
604
618
618
642
670
642
656
662
634
636
630
620
612
622
632
610
616
622
604
614
618
604
606
608
602
590
596
598
634
672
678
630
656
654
616
604
610
616
626
608
636
644
628
650
686
678
688
722
674
650
660
684
658
672
682
648
652
664
660
678
696
674
696
712
670
702
724
702
716
736
710
702
702
674
688
706
684
664
668
658
644
682
702
644
690
686
646
664
680
650
656
658
642
700
716
718
752
720
726
670
666
656
626
626
608
588
580
588
580
590
618
620
634
644
618
632
634
622
674
702
712
696
656
690
668
634
672
672
724
770
722
764
736
778
754
764
772
764
726
650
652
660
632
666
724
724
758
758
744
738
736
720
710
650
648
664
692
654
630
618
628
608
654
642
650
622
620
612
598
572
596
582
576
