974
962
928
942
938
962
956
940
954
958
970
946
942
952
942
934
938
956
976
948
936
952
968
952
894
932
928
918
906
930
954
958
944
954
954
962
922
930
926
906
884
928
964
982
956
992
1000
978
974
974
982
978
982
858
938
970
924
934
942
956
950
916
926
942
926
902
918
942
950
932
938
924
926
900
908
926
952
926
920
942
944
928
900
930
936
928
890
916
926
928
908
904
914
904
896
908
924
926
900
886
894
894
898
914
976
1006
950
906
942
962
984
958
972
1010
1020
972
972
974
986
950
934
948
962
934
938
952
976
956
948
956
958
940
916
958
968
956
936
956
958
950
904
950
970
954
940
960
984
984
956
946
948
958
878
916
934
934
922
918
930
952
940
940
948
968
946
930
952
962
958
938
938
930
904
900
928
962
920
912
946
958
924
922
928
930
926
906
920
946
992
950
928
942
956
938
912
924
934
928
946
942
942
928
914
930
948
950
942
978
970
944
904
930
944
964
952
946
966
980
960
946
962
966
972
964
914
964
976
974
936
922
928
928
926
956
968
956
924
894
910
940
962
936
944
972
986
950
942
930
918
878
892
946
1008
1000
992
1048
1058
1024
1002
1030
1026
1028
956
998
992
976
942
952
942
944
910
912
922
924
930
874
926
956
944
942
920
940
950
970
936
944
950
954
924
912
932
950
938
896
954
994
1002
942
962
970
998
962
996
1054
1028
996
1002
1006
994
958
964
968
970
982
892
952
950
934
922
934
944
950
874
952
984
990
964
978
966
938
914
912
910
930
902
912
934
954
950
952
962
972
956
920
930
940
956
938
944
960
958
952
934
950
960
952
890
918
926
914
914
928
952
930
916
924
940
956
932
926
930
926
944
918
932
966
978
934
930
946
966
954
938
964
970
958
930
960
984
958
932
950
964
954
914
942
952
954
924
932
944
954
944
946
956
980
948
932
946
948
936
922
942
958
946
884
916
920
908
916
938
964
952
922
940
938
934
902
930
942
930
926
934
946
980
940
904
924
952
950
952
1004
1006
998
958
984
1006
1028
974
988
992
990
954
968
980
974
942
940
956
966
922
942
946
954
928
928
954
970
950
912
934
948
930
920
936
978
940
928
948
960
946
962
982
998
972
976
982
990
962
952
952
954
970
848
948
954
956
942
940
932
946
920
924
940
968
1002
960
880
868
826
796
758
772
732
768
856
890
836
912
962
974
940
964
952
936
934
926
958
972
962
952
960
976
982
962
918
936
944
952
922
896
924
936
954
928
916
948
952
920
884
900
906
904
900
938
1004
1020
986
1002
1036
1030
998
958
970
974
956
992
826
918
936
936
926
932
948
964
934
954
972
994
954
930
966
980
974
948
930
962
992
974
948
976
982
990
968
954
990
998
986
962
946
972
974
966
922
958
970
958
896
928
934
918
944
954
954
934
944
958
996
958
932
944
966
946
928
962
974
960
932
944
960
962
952
950
994
1020
966
970
972
982
966
918
950
946
940
872
838
796
760
718
702
690
678
662
682
604
656
660
640
640
632
658
680
712
728
750
752
794
846
866
898
864
846
894
936
968
920
892
934
952
964
922
926
942
940
930
930
966
1006
994
952
936
944
970
976
956
990
1016
1032
1002
990
1008
1026
982
964
988
994
968
978
994
988
970
918
954
952
944
916
940
966
952
936
940
962
954
940
944
952
954
918
920
934
956
930
888
924
956
948
942
986
1018
984
976
988
990
966
936
966
992
992
954
982
1032
1022
966
938
966
1018
1012
998
1040
1044
1004
962
996
988
982
938
898
938
976
966
934
988
1024
1042
1010
1028
1064
1044
1000
998
1016
1004
956
968
988
1000
992
920
956
968
976
946
946
970
998
956
970
980
980
960
926
974
996
962
942
986
1020
988
970
966
976
972
954
956
972
994
964
958
970
970
942
946
952
950
934
934
962
968
954
928
942
960
976
952
968
984
998
968
902
950
978
986
970
1006
1022
1010
958
978
998
984
964
996
1000
982
956
972
984
968
952
978
988
972
920
934
930
922
900
880
924
960
952
928
948
964
998
964
968
978
980
970
926
958
974
948
918
942
938
942
932
962
974
974
968
950
958
968
962
904
950
962
930
940
970
996
966
972
996
990
974
924
946
940
920
892
918
942
928
982
1018
1018
968
1000
994
990
930
948
950
950
932
962
978
980
962
960
976
980
950
958
958
966
942
928
948
964
944
910
938
948
932
912
936
960
966
950
946
982
992
970
926
938
956
984
962
966
1004
1022
992
996
1008
1010
978
948
962
978
966
962
984
994
972
956
978
990
956
952
960
968
948
956
984
984
956
968
976
982
960
942
960
968
964
886
938
972
942
938
956
960
956
952
930
950
956
944
940
968
966
932
940
952
952
924
934
940
926
916
938
962
936
952
972
974
964
958
964
962
916
916
930
952
944
978
978
966
926
950
960
950
940
916
930
950
966
942
958
984
976
954
956
974
990
972
884
944
964
954
956
970
992
962
942
960
972
970
944
922
946
968
946
980
992
980
940
968
990
1016
990
994
1024
978
940
950
956
944
914
934
970
970
938
958
970
958
950
980
1016
1086
990
930
944
978
968
996
1022
1028
1012
1012
1014
1010
980
972
978
988
1000
930
978
986
980
944
944
956
980
960
954
964
992
972
952
972
960
958
930
936
990
1054
1068
994
994
1038
1024
978
986
996
1014
972
976
1022
998
994
910
930
948
960
946
922
952
978
982
952
934
954
960
936
916
926
912
912
908
964
1032
982
978
1008
1046
1002
1014
1000
994
952
968
980
992
994
958
968
992
1002
986
956
982
984
988
950
940
958
966
966
910
938
940
912
896
942
966
978
948
954
958
968
954
960
980
986
972
920
906
932
956
940
928
958
954
944
932
944
972
964
954
1028
1018
988
988
1000
1002
990
950
976
992
972
948
980
988
970
934
946
946
926
908
922
922
918
900
896
944
980
944
920
938
936
932
918
920
942
948
938
924
952
972
980
948
918
946
974
976
974
1036
1032
982
960
1000
1008
964
964
972
976
972
1010
1014
1002
968
948
994
1032
1032
1014
1028
1036
1010
932
976
980
972
938
918
946
966
972
996
1040
1022
980
930
962
960
972
950
916
946
984
952
960
1006
1034
1002
1004
1014
1010
982
958
972
970
966
946
960
980
966
938
950
952
952
956
882
952
986
940
930
942
968
978
938
900
914
952
968
936
988
1026
1026
1002
1020
1028
1034
1010
1000
994
988
934
904
958
1020
1000
994
1042
1046
1020
950
988
1008
982
1004
870
978
1016
1014
994
998
996
970
952
1002
1020
1006
940
948
946
958
934
946
980
968
944
902
910
932
914
944
1010
1074
1046
1056
1056
1050
982
992
1008
994
968
990
1014
1020
998
990
974
986
994
924
992
1020
992
986
996
1006
972
930
956
954
934
918
934
952
926
900
942
982
952
958
1012
990
956
956
966
958
938
938
940
942
922
920
944
952
944
928
958
964
950
942
866
886
922
942
1016
1132
1118
1024
1098
1106
1066
1018
1016
1028
1020
974
1002
1012
1020
978
914
946
966
946
712
1082
910
938
934
994
1070
1056
1080
1092
1094
1064
1020
1024
1020
1000
972
982
992
996
970
948
986
996
996
976
978
992
990
980
920
946
932
914
888
926
960
946
944
966
958
932
930
914
876
854
932
1028
976
1096
1096
1040
1046
1024
970
944
968
970
958
980
990
980
958
974
966
928
910
964
996
972
1000
1020
1014
988
970
984
964
920
896
904
914
908
898
936
996
932
946
962
980
966
936
944
948
946
932
944
974
976
942
964
990
972
968
968
966
954
918
938
936
946
936
958
984
1006
990
962
960
966
966
928
986
1036
1038
1006
974
1014
1002
1000
860
914
960
946
908
980
1056
1006
1032
1042
1036
980
972
972
960
942
928
954
952
936
926
946
984
984
938
882
910
964
994
1000
1024
1080
1044
1000
952
980
996
994
960
970
958
976
846
936
970
976
950
1004
1040
1000
980
986
958
952
972
986
984
952
966
980
1000
974
876
962
1024
982
978
1014
1048
1004
998
1004
990
954
962
974
990
958
948
978
1022
992
988
1024
1018
978
932
968
988
982
974
1010
1082
1086
1016
1028
1036
1018
968
950
972
978
950
948
964
984
972
946
966
982
984
930
930
952
942
920
936
1016
1018
994
1036
1056
1030
1002
1022
1004
960
938
940
946
964
1012
1050
1000
1008
996
944
944
954
944
994
1048
1010
1038
1058
1050
1006
998
996
996
1020
890
968
1008
978
976
984
1008
1004
992
948
986
996
988
946
990
986
980
876
942
936
926
882
912
930
902
906
922
954
936
970
1018
1018
912
898
850
806
798
848
1160
1074
1150
1098
1072
1082
1076
1042
984
950
1002
1038
1038
1022
1064
1090
1064
1012
1054
1040
1028
972
926
992
1042
1000
1002
1034
1042
906
928
788
784
740
710
688
692
668
670
676
696
756
820
854
890
866
890
930
950
970
930
906
922
944
994
940
946
1010
1026
990
930
928
972
994
956
930
980
994
954
974
1028
988
968
1020
1030
992
962
994
980
926
892
956
1002
970
1006
1016
998
904
918
926
896
872
880
924
980
976
944
942
952
938
946
870
938
948
932
962
958
938
974
996
956
972
994
982
974
996
994
974
1012
1006
956
946
928
914
950
976
948
1006
1016
982
994
962
924
924
918
902
898
948
928
916
932
914
900
920
904
892
936
956
960
1006
972
956
928
900
928
900
868
900
948
948
934
960
958
926
860
858
818
830
882
912
1052
1072
1014
1048
1092
1078
1012
948
958
944
964
866
938
966
964
970
1018
1040
1006
966
968
978
942
936
976
1034
976
948
978
976
946
914
950
952
922
910
958
976
948
930
970
956
936
900
916
892
874
882
896
880
858
884
878
870
864
898
922
894
904
916
900
896
874
888
878
878
908
880
894
818
918
912
892
926
918
898
888
896
882
870
876
884
890
882
924
936
910
904
916
894
888
906
896
884
862
882
886
878
898
890
886
888
906
902
900
938
926
914
924
926
880
872
884
898
868
856
888
892
870
898
906
910
902
886
870
894
876
880
892
880
888
884
864
900
896
866
896
888
864
888
902
888
862
894
898
862
860
872
872
876
816
880
892
868
874
894
880
880
864
890
878
870
926
910
916
894
908
904
874
894
898
904
890
896
918
934
902
882
906
892
880
880
906
914
912
898
916
900
900
902
922
904
882
888
904
888
870
874
876
862
854
870
878
860
872
874
880
872
850
858
850
840
834
824
836
874
832
792
778
730
700
684
672
654
660
646
640
634
630
620
620
618
614
616
642
634
652
672
674
692
722
790
828
832
802
892
980
886
876
946
970
932
888
954
966
922
910
996
970
926
974
1012
936
882
954
982
946
924
1016
1044
988
972
1006
986
902
982
998
944
914
946
956
926
900
932
962
940
918
946
918
904
922
902
886
902
946
936
924
966
956
932
960
984
942
932
968
940
926
954
1002
964
936
960
940
938
964
952
974
1030
970
930
998
966
912
904
932
920
908
956
962
900
880
884
900
924
902
952
1006
974
924
922
938
930
820
860
806
772
814
654
704
692
646
734
676
672
668
666
660
664
666
670
688
690
708
726
766
796
794
768
806
842
902
860
834
880
912
882
852
930
974
916
904
956
972
916
980
1008
972
962
1006
980
928
948
974
950
980
1018
962
932
978
976
954
976
1000
976
926
986
1002
950
940
970
984
946
954
984
1004
966
930
972
968
966
946
1010
950
928
964
946
920
948
938
914
920
930
918
944
980
964
934
960
968
948
946
970
968
932
918
948
960
914
896
930
938
912
912
950
944
956
968
964
910
926
922
938
852
936
930
908
930
926
894
922
898
886
904
898
908
884
902
886
882
906
890
888
912
904
900
878
878
872
852
886
738
784
842
832
918
932
920
980
994
972
992
982
924
902
894
840
824
824
814
840
1008
1066
978
1064
1052
1024
986
990
996
960
930
960
946
916
912
948
980
944
904
938
928
918
916
926
920
888
888
890
916
908
850
900
906
942
900
900
950
940
910
916
938
932
910
932
940
934
910
932
958
940
924
924
926
904
934
924
924
950
938
916
942
960
928
950
956
922
940
892
906
904
900
940
926
916
882
910
918
912
854
894
900
906
904
908
960
942
930
938
946
936
902
916
918
898
898
926
948
948
924
936
956
930
918
948
912
926
924
918
920
906
920
870
852
876
880
900
926
924
896
794
822
806
754
730
778
874
848
966
1040
1014
964
1002
980
968
920
900
936
952
946
926
932
974
982
958
948
974
972
938
908
938
934
916
894
916
948
966
926
922
954
936
934
898
938
892
862
874
912
984
950
1004
1038
1010
1000
864
950
944
894
878
916
954
910
918
930
942
916
904
924
934
928
924
836
886
902
912
884
858
890
906
914
894
864
920
898
892
818
838
796
762
734
744
758
586
686
658
646
648
662
676
706
770
766
758
768
790
810
786
794
836
886
868
858
926
942
898
828
896
894
890
874
896
890
914
886
852
882
900
896
900
996
996
974
1010
1020
964
968
984
952
950
994
984
962
966
980
988
984
1010
1026
980
988
804
862
862
922
1132
1128
1014
1062
1094
1060
1000
1022
994
966
986
1030
994
980
1000
1014
1002
928
966
978
954
928
960
968
958
928
940
938
920
902
930
930
948
930
900
876
900
896
900
884
870
906
924
884
890
910
908
870
828
790
754
678
754
710
698
704
704
738
840
872
814
882
938
944
900
884
916
940
900
888
908
910
938
914
892
924
926
918
896
880
928
946
936
912
886
946
982
944
970
1038
1030
994
968
978
952
926
944
974
982
956
952
1004
1012
974
932
916
950
964
964
944
988
1032
992
974
978
1008
982
902
944
930
968
942
928
996
1034
1042
982
952
996
980
942
970
1002
992
974
956
1026
986
962
1000
1000
970
954
996
1006
966
950
996
988
972
1008
1028
988
988
978
1008
976
994
862
1002
1078
1014
1028
1088
1070
1050
922
1000
978
932
918
932
926
928
898
928
956
960
936
914
928
892
848
826
562
600
384
742
716
706
688
686
690
666
686
748
824
872
888
918
928
968
976
968
974
970
896
856
898
992
930
920
1058
1092
1000
994
962
940
916
926
962
948
930
956
956
948
920
942
938
970
948
912
942
926
946
926
916
956
1022
1002
954
884
962
1002
1028
992
978
926
864
846
876
890
968
1006
1022
970
996
992
986
986
910
962
962
966
944
974
906
956
964
956
916
954
986
988
942
914
960
972
978
940
924
968
956
952
884
948
962
946
908
900
926
968
958
940
942
972
986
950
914
892
836
804
788
808
862
1034
1138
1030
1032
1082
1080
1018
970
1016
1018
1024
976
958
970
978
948
926
928
970
990
962
884
890
930
942
916
914
956
956
980
954
946
996
1016
958
950
970
956
964
924
984
986
964
900
990
1012
960
944
980
986
954
936
972
966
966
870
958
952
944
912
902
918
946
902
916
914
962
950
926
894
926
944
936
908
878
908
928
908
906
878
910
930
908
924
944
994
1002
966
936
964
960
916
902
914
946
912
918
938
964
930
890
958
980
940
932
994
984
950
894
890
930
974
940
914
924
960
998
958
938
988
1024
1018
976
940
980
1002
1004
992
910
970
1026
1008
960
918
966
996
980
862
968
990
956
930
976
992
958
912
908
948
962
948
922
960
954
906
862
830
1132
418
810
632
688
700
672
686
668
664
660
660
682
712
748
748
738
762
796
830
800
814
858
888
918
874
912
952
964
924
904
964
982
994
934
910
970
978
934
910
996
1020
970
1042
1046
1016
984
980
980
964
1020
1052
1014
1098
1124
1062
1002
1044
1062
1014
996
1064
1046
1020
1094
1102
1026
960
1012
1036
1056
1034
1084
1102
1068
992
1036
1036
1008
1034
1074
1032
1008
1034
1016
948
926
980
1050
1034
1004
1052
1110
1064
992
992
1004
984
944
982
1034
1016
982
1040
1066
1018
974
998
1010
1038
978
994
1012
1036
988
964
1050
1046
1008
938
1032
1036
984
982
1040
1054
990
1032
1052
1022
980
1006
1002
946
914
968
996
972
984
1058
1036
988
1014
1002
1000
924
962
988
968
942
972
998
986
968
988
1016
976
970
1052
1020
980
996
1018
1022
978
970
1014
1038
990
946
994
1032
986
956
1000
1044
1028
984
1022
1034
1008
962
1040
1030
974
978
992
1010
1000
894
1018
1012
980
814
890
870
834
822
774
762
790
910
858
956
978
996
976
952
966
976
980
972
928
940
974
980
974
940
992
990
994
996
948
968
974
1002
962
970
998
1010
986
958
1012
1036
996
956
978
970
994
988
920
1016
1046
1028
958
970
992
994
942
922
988
1046
1022
978
976
1006
1014
994
912
974
990
994
952
950
986
1018
978
970
988
992
1006
982
892
966
976
938
922
976
1030
1038
1008
1006
1036
1042
988
984
1008
1004
958
934
966
986
986
956
958
998
1018
988
982
974
984
964
916
956
988
996
972
950
1022
1038
1022
964
948
974
996
984
930
952
978
994
944
962
990
1004
986
950
970
998
1044
994
1008
1034
1030
1006
934
970
982
948
922
964
978
960
926
932
970
980
954
944
986
1006
978
940
948
966
936
926
966
966
968
946
892
920
928
934
924
990
1014
1024
980
962
978
1000
984
950
982
986
984
946
956
964
960
940
926
950
950
956
950
930
1032
1030
982
978
1020
1034
974
958
984
994
954
938
972
994
974
944
964
980
990
1040
954
924
970
1018
1006
968
996
1012
1032
980
934
982
1000
1020
996
922
1008
1056
1038
1006
858
974
1020
1032
982
1044
1090
1026
950
990
1000
994
976
1010
788
890
936
978
976
1060
1064
1018
974
998
992
1008
922
992
1028
1046
988
1004
1032
1056
1036
988
976
1008
1024
1012
960
978
984
974
990
872
948
972
928
936
974
1018
1014
966
988
1002
1018
960
944
984
996
984
924
906
996
1070
1022
990
1018
1032
1014
966
976
988
990
944
956
976
974
944
938
966
974
950
932
966
960
950
912
908
928
950
930
914
942
958
972
928
924
948
956
926
888
924
930
912
904
956
984
972
950
966
976
984
956
928
956
970
972
944
948
968
968
942
918
908
930
942
924
1004
1038
1046
1026
980
938
988
1004
1000
1002
876
932
960
996
956
924
968
974
962
908
882
948
1062
