1100
1094
1012
948
940
942
880
866
840
834
852
882
888
910
988
960
950
1040
1122
1134
1164
1160
1146
1126
1090
1130
1132
1126
1080
1014
1014
1054
1078
1058
1044
1076
1146
1144
1120
1058
1050
1092
1102
1088
1044
1062
1102
1038
986
954
994
1034
1006
1034
1084
1102
1068
1100
1140
1134
1082
1056
1108
1114
1076
1046
1026
1058
1098
1102
1042
974
996
974
944
956
1034
1046
1084
1060
1100
1168
1180
1154
1046
996
1002
990
960
986
1092
1148
1160
1124
1154
1188
1182
1152
1114
1094
1070
1016
958
950
1002
1036
1074
1064
1106
1168
1158
1128
1084
1080
1112
1120
1108
1062
1066
1058
1058
1022
1002
996
1012
940
894
872
848
836
814
812
818
792
788
776
770
764
754
752
746
760
764
768
768
782
830
874
912
964
952
966
990
1078
1088
1090
1060
1064
1122
1128
1132
1082
1054
1114
1120
1104
1054
1032
1086
1082
1084
1044
1050
1104
1112
1082
1052
1046
1084
1092
1064
1022
1016
1088
1116
1086
1054
1110
1106
1040
980
1028
1068
1070
1034
990
1020
1116
1142
1082
1040
1038
1102
1102
1054
1012
974
1046
1070
1072
1008
994
1040
1092
1122
1062
1020
1050
1062
974
928
940
982
956
944
1036
1092
1136
1092
1112
1162
1158
1136
1102
1090
1118
1124
1082
1056
1034
1036
1080
1084
1050
1038
1102
1142
1140
1090
1050
1054
1098
1102
1060
1020
1016
1082
1090
1056
1018
1010
1090
1082
1096
1052
1032
1030
1088
1112
1080
1060
1022
1000
1080
1080
1060
1034
1010
1088
1096
1082
1050
990
992
1052
1058
1024
1012
996
1036
1078
1028
1020
990
1062
1052
1016
998
984
1034
1044
1000
990
1014
1058
1062
998
950
938
970
936
876
858
840
812
814
784
780
766
758
744
764
776
794
814
824
890
970
1004
994
982
1046
1058
972
934
960
1056
1116
1138
1122
1138
1184
1154
1042
1070
1074
1046
1022
1028
1074
1100
1102
1026
1012
1048
1046
1064
1010
1006
1028
1036
1066
1010
1024
1042
1068
1044
1010
1036
1048
1032
996
976
1038
1034
1052
1020
954
802
1016
864
828
834
886
1024
996
1000
1130
1178
1174
1136
1118
1138
1146
1124
1082
1044
1106
1108
1106
1076
1082
1080
1050
1022
1016
1126
1122
1056
982
1072
1098
1084
1014
958
1004
1026
964
946
1034
1064
1066
1006
970
980
1034
1036
1032
986
972
974
992
980
1008
1088
1096
1048
1020
1078
1102
1010
952
1000
1002
964
916
954
1018
1028
990
960
990
1052
1060
1062
1020
988
982
1050
1070
1022
1006
1054
1056
1016
1046
1066
1022
944
922
864
828
818
800
772
778
814
928
914
940
1060
1136
1124
1104
1142
1148
1112
1088
1070
1096
1076
1068
1046
1038
1064
1104
1088
1052
1040
1086
1114
1106
1060
994
992
1044
1062
1056
966
930
940
982
1004
966
916
948
990
1006
974
936
966
1020
1032
1018
982
1008
1058
1068
1054
1030
1046
1088
1050
1038
1040
1026
1010
1018
1008
996
1002
1006
952
906
884
856
820
796
792
786
782
754
764
838
910
946
932
966
1046
1044
1032
1014
1048
1050
1012
988
1006
1004
1026
998
964
966
1016
990
922
888
868
850
848
910
892
934
1084
1114
1118
1084
996
952
924
894
876
898
1022
1066
1108
1100
1080
1124
1158
1126
1082
1048
1068
1074
1058
1002
1004
1002
1016
976
936
898
950
990
1004
978
942
1006
1070
1086
1068
1024
1010
1056
1076
1040
1016
1006
1078
1082
1020
952
998
1042
1030
982
938
1030
1070
1068
1006
988
1054
1060
1044
992
956
956
1008
1014
1018
986
974
988
1040
1118
1060
1030
1090
1086
1030
992
1014
1040
948
894
882
836
802
806
796
814
820
836
854
860
876
978
1070
1086
1044
1106
1136
1120
1052
1072
1084
1094
1068
1028
992
1036
1080
1076
1010
976
1020
1044
1046
1014
986
962
1020
1046
1046
1012
984
1040
1074
1074
1016
1034
1046
1012
980
940
992
1024
1036
976
944
1004
1036
1032
984
956
998
1038
1028
1006
974
952
1012
1020
1024
984
968
1012
1032
990
982
920
892
950
1024
1014
986
990
1072
1108
1104
1112
1054
1012
1028
1014
946
898
858
850
860
924
980
916
974
1042
1074
1062
1064
1074
1062
1026
1028
1056
1062
1038
1056
1052
1048
1016
1004
1038
1032
1024
1004
1012
1042
1054
1038
1002
978
1018
1032
1026
990
958
1012
1022
1028
1032
1030
1002
984
1022
1030
1036
1024
1016
1026
1058
1060
1042
976
934
968
990
988
986
990
1074
1092
1100
1074
1074
1040
1008
936
900
924
944
938
936
952
980
968
926
934
952
966
954
972
960
908
886
866
860
848
820
794
796
764
770
744
780
768
774
774
434
1130
800
794
800
606
964
770
754
746
758
758
774
770
788
842
878
930
906
906
968
988
930
890
856
842
888
922
972
936
944
992
1012
992
958
978
1008
1010
1016
1002
982
1018
1020
1044
1002
974
1024
1034
1002
974
1028
1034
1034
998
958
998
1006
1014
978
950
990
1004
1012
1002
1018
958
926
964
976
972
928
942
988
994
1000
978
1000
1040
1028
1032
982
942
972
974
984
982
962
1014
1052
1034
1038
1002
964
978
914
926
928
890
908
946
948
942
930
990
1036
1058
1028
990
1022
1034
1036
996
966
1006
1022
1046
1026
1002
1020
1032
1044
1018
976
976
1004
1016
1030
996
1000
1028
1034
1032
1026
984
960
976
978
996
968
944
986
1020
1036
1006
978
1020
1032
1014
970
950
980
996
992
966
958
1002
1020
1014
994
988
1036
1050
1056
1018
996
1038
1046
1034
1004
992
1040
1022
1022
998
970
1020
1026
1010
982
958
992
1016
1010
980
976
972
974
942
948
996
1026
1018
988
1028
1070
1052
1018
980
1004
1030
996
938
902
924
930
904
890
924
982
1002
996
1038
1092
1090
1084
1084
1070
1028
988
1028
1036
1026
942
920
950
968
970
952
1024
1092
1098
1104
1058
1078
1102
1092
1080
1026
1022
1014
1010
976
962
1034
1046
1042
1018
1014
1072
1066
1036
1002
1036
1048
1068
1032
990
1016
1042
1042
1010
1002
1046
1046
1034
1024
1002
968
960
996
1010
990
940
908
920
886
862
832
826
882
958
948
942
962
1078
1128
1118
1112
1074
1072
1112
1094
1074
1032
1042
1056
1070
1068
1032
1012
1038
1032
1016
998
1038
1056
1048
1024
1030
1036
1028
992
960
1012
1034
1050
1008
982
1014
1038
1042
1002
992
1038
1056
1054
1020
1008
1062
1080
1072
1032
998
1036
1046
1044
1008
982
1024
1034
1044
1022
986
1034
1058
1062
1032
1008
1048
1064
1056
1022
996
1040
1044
1040
996
998
1026
1020
1016
982
986
1026
1036
1002
980
1034
1054
1030
994
1000
1022
1020
1000
972
1008
1024
1022
998
996
1032
1050
1010
980
1016
1058
1060
1036
1004
1050
1052
1020
990
1014
1038
1012
984
958
1008
1032
1048
1010
982
1028
1036
1044
1002
982
1022
1028
1002
968
982
1010
1012
988
956
966
1020
1024
1022
988
982
1032
1052
1042
1004
994
1046
1054
1048
1008
1006
1020
1030
1010
986
1018
1060
1062
1036
1022
1078
1080
1064
1014
1016
1058
1052
1028
986
1022
1052
1064
1038
1006
1048
1060
1046
1012
984
1006
1012
992
964
994
1036
1052
1016
988
1040
1048
1050
1006
974
1022
1024
1022
980
970
1034
1052
1050
1014
1016
1068
1068
1070
1026
1006
1042
1058
1048
1006
982
1038
1050
1046
1002
1004
1040
1038
1018
986
1008
1036
1038
994
970
1012
1026
1022
984
976
1004
1016
1008
984
970
1026
1032
1012
984
980
1038
1040
1028
990
982
1016
1036
1042
998
1000
1040
1036
998
964
988
1024
1016
976
976
1028
1050
1024
994
982
1034
1032
1036
994
974
1012
1028
1024
980
972
1020
1028
1000
972
982
1014
1024
986
984
1040
1052
1040
1004
990
1018
1024
986
954
982
1014
1020
990
968
1016
1048
1044
998
962
998
1018
1030
984
976
1034
1056
1064
1026
990
1046
1068
1060
1022
982
1020
1034
1044
1010
990
1038
1036
1036
996
958
998
1016
1020
982
972
1032
1058
1040
1010
1002
1048
1056
1014
978
1008
1030
1022
992
922
914
912
922
908
878
920
970
1032
998
1004
1108
1126
1112
1070
1078
1088
1084
1054
998
1000
1032
1032
1030
1000
980
1020
1014
1026
988
960
996
1010
1002
964
960
1012
1004
996
954
934
992
1008
1006
966
952
1008
1010
986
938
888
866
864
880
922
916
920
984
1032
1022
984
998
1044
1040
1042
976
952
990
996
956
938
974
992
990
958
948
992
1004
976
934
972
994
984
948
946
978
982
946
936
928
962
916
868
842
840
810
806
796
784
768
758
758
762
758
760
748
754
754
748
760
776
780
802
800
814
860
902
958
932
948
1028
952
942
904
870
832
840
840
860
866
870
950
976
968
968
932
950
936
894
874
872
860
884
954
994
1012
986
992
1004
1010
982
986
1020
1024
1022
972
1018
1020
1026
1008
992
1016
1018
992
958
982
1000
996
984
948
990
994
990
964
984
1000
998
986
954
968
996
1002
992
948
970
992
1012
1030
984
964
978
912
864
850
834
816
832
872
872
896
1000
1086
1100
1054
1026
1052
1064
1052
1002
1036
1050
1014
988
990
1026
1038
1038
1002
994
986
952
932
924
966
972
980
946
962
968
930
938
896
876
898
914
934
980
992
970
1000
1026
1032
964
922
966
978
998
962
974
1024
1040
1046
1050
1044
1044
1056
1056
1026
956
962
994
1034
1040
1028
990
1040
1054
1014
968
994
1016
1040
1008
1014
1066
1094
1090
1058
1062
1088
1082
1084
1044
1058
1026
1002
950
956
984
1016
1044
1008
1032
1066
1074
1012
972
1002
1004
978
962
1010
1032
1028
990
1004
992
938
898
884
872
880
886
896
878
868
902
926
926
908
928
970
938
898
882
870
864
912
968
1018
1030
1028
1088
1108
1120
1106
1082
1098
1112
1090
1064
1024
986
998
1022
1020
978
946
986
1010
1006
964
1004
1042
1052
1044
1014
1022
1036
1026
1030
990
958
1000
1016
1032
1016
950
946
964
984
966
954
1034
1056
1074
1052
1066
1086
1082
1074
1040
1014
1054
1052
1028
996
1010
1024
1028
1018
944
948
966
978
952
922
910
892
884
906
872
904
938
974
954
996
1040
1050
1016
1010
1042
1044
1032
982
1008
1018
1018
988
978
1014
1028
960
994
1014
1006
972
934
968
996
1012
1032
1056
1028
1008
1026
1030
1030
1030
988
954
986
1008
1014
978
980
1032
1054
1050
1014
1018
1040
1056
1032
1008
998
954
922
960
980
974
976
1094
1146
1134
1096
1102
1116
1108
1098
1042
1036
1048
1020
1012
970
948
1006
1058
1060
1032
1046
1112
1130
1110
1064
1096
1098
1088
1052
1014
1052
1058
1036
1002
1012
1046
1060
1054
1028
1016
1070
1066
1056
1016
938
952
954
922
902
962
992
938
920
888
880
882
920
900
990
1094
1100
1122
1098
1126
1156
1142
1122
1084
1076
1118
1114
1074
1036
1096
1108
1106
1076
1038
1066
1082
1064
1026
1002
1066
1066
1068
1024
976
1008
1022
1022
1024
980
990
1052
1042
1018
986
990
1030
984
912
902
914
882
862
922
1014
1036
1042
1114
1126
1140
1106
1092
1138
1140
1108
1066
1104
1112
1098
1058
1056
1088
1078
1072
1058
1028
1058
1066
1064
1010
986
1030
1052
1074
1078
1064
1060
1142
1138
1100
1040
1074
1110
1098
1050
1038
1078
1090
1078
1014
990
1050
1060
1034
994
982
1056
1024
1000
960
934
970
1016
1008
986
956
1058
1092
1112
1068
1068
1132
1124
1106
1054
1070
1104
1104
1076
1044
1054
1098
1108
1078
1040
1050
1074
1080
1044
1004
1048
1050
1050
1014
994
1020
1040
1028
980
990
1036
1038
1010
978
942
986
1032
1034
1002
1004
1078
1068
1064
1034
1018
1074
1096
1090
1032
958
998
1010
1020
982
988
1072
1112
1114
1054
1068
1072
1034
952
934
966
980
956
952
974
1006
1034
1000
1004
1074
1074
1100
1068
1084
1116
1118
1092
1062
1054
1088
1088
1088
1050
1038
1064
1054
1018
990
1044
1062
1054
1024
1006
1052
1068
1062
1026
1022
1058
1048
1006
978
1024
1044
1048
1022
1036
1064
1058
1036
994
1018
1060
1072
1042
1014
1038
1042
1036
984
926
940
954
906
890
932
956
928
912
948
1014
1072
1122
1126
1104
1120
1134
1128
1128
1094
1006
1016
1012
1016
1004
1004
1096
1118
1116
1088
1064
1098
1108
1082
1038
1062
1078
1064
1034
1000
1048
1042
1034
1020
1006
962
972
1034
1064
1054
1018
1064
1056
1022
956
914
930
926
914
902
978
1050
1086
1098
1068
1094
1102
1092
1042
1030
1062
1068
1084
1034
1032
1088
1092
1074
1042
1050
1062
1054
1046
1002
1016
1042
1054
1054
1020
1010
1064
1062
1060
1024
1002
1048
1066
1050
1026
1032
1062
1064
1022
992
1014
1036
1018
1006
938
956
946
898
870
894
936
1024
996
1046
1138
1138
1136
1082
1082
1102
1098
1054
1038
1082
1102
1100
1070
1002
1032
1040
1016
990
986
1064
1102
1102
1068
1102
1120
1114
1116
1048
978
966
952
906
866
854
844
852
850
834
836
850
848
858
900
972
1052
1100
1136
1140
1140
1090
1032
998
1028
1050
1028
996
1004
1084
1104
1096
1026
1058
1092
1100
1078
1028
1076
1108
1102
1082
1058
1084
1094
1070
1024
1048
1058
1056
1064
1038
1024
1080
1100
1094
1058
1048
1090
1098
1088
1044
962
978
1000
1054
1034
1028
1122
1150
1134
1094
1128
1148
1114
1068
1068
1090
1074
1006
944
954
1006
1046
1040
1040
1132
1136
1144
1112
1060
1066
1032
970
922
924
934
946
932
990
1046
1046
1028
1056
1074
1088
1084
1056
1110
1112
1120
1092
1074
1114
1086
1060
1000
1048
1052
1026
990
1040
1068
1078
1040
1060
1074
1078
1046
1004
1022
1038
1036
1032
988
966
1014
1028
1034
998
946
986
1002
1026
994
974
1064
1098
1088
1050
1098
1126
1116
1068
1062
1088
1098
1068
1042
1092
1094
1056
1034
1064
1072
1066
1038
1048
1076
1084
1064
1020
1046
1058
1060
1062
1012
1004
1040
1044
1046
1000
980
1040
1052
1036
1000
976
1032
1054
1052
1016
1058
1104
1114
1080
1028
1058
1086
1082
1042
1042
1086
1086
1058
1024
1010
1034
1042
1004
1006
1062
1086
1078
1036
1080
1088
1088
1036
1034
1072
1032
1040
1048
996
988
1038
1062
1044
1004
996
1026
1034
1006
972
990
1042
1066
1022
992
1074
1098
1082
1054
1000
1032
1058
1036
1018
1088
1102
1082
1064
1088
1124
1118
1082
1036
1090
1086
1084
1064
1018
1056
1060
1066
1024
1010
1058
1074
1056
1030
1046
1064
1070
1034
1020
1060
1066
1038
998
1014
1046
1052
1048
1016
1036
1074
1078
1040
1014
1052
1072
1062
1020
1036
1044
1046
1038
1010
972
1008
1010
982
938
942
946
894
868
874
882
910
896
902
968
980
948
908
918
970
1010
1026
1002
1046
1086
1100
1086
1034
1008
990
948
904
890
916
936
926
900
910
920
898
880
866
856
878
880
862
862
848
836
822
800
790
784
766
766
764
770
782
800
818
824
832
852
868
890
896
918
952
954
932
902
874
878
918
982
982
978
996
1024
1022
1000
1002
1054
1068
1058
1034
1084
1106
1104
1078
1056
1092
1112
1102
1106
1064
988
1004
1038
1046
1052
1032
1076
1126
1144
1148
1112
1080
1110
1112
1074
1012
1010
1050
1084
1104
1086
1108
1148
1122
1076
1018
1044
1044
1050
1026
1080
1100
1086
1066
1070
1040
1030
1078
1098
1100
1068
1080
1064
1050
986
944
964
964
932
914
982
1042
1076
1060
1102
1130
1118
1116
1112
1090
1088
1054
1040
1014
1032
1058
1096
1100
1082
1106
1144
1138
1096
1090
1112
1098
1096
1078
1106
1110
1070
1042
1076
1072
1020
982
990
1038
1058
1040
1004
1022
1050
1050
1032
1058
1108
1106
1076
1024
1038
1052
1060
1040
1058
1110
1132
1090
1078
1114
1134
1100
1054
1068
1074
1082
1064
1056
1096
1098
1088
1068
1092
1108
1088
1066
1034
1062
1084
1098
1076
1064
1096
1088
1086
1058
1042
1078
1070
1068
1044
1032
1058
1080
1074
1060
1080
1078
1084
1060
1034
1084
1120
1112
1082
1106
1082
1072
1048
1048
1080
1116
1124
1090
1132
1162
1164
1128
1108
1128
1112
1094
1032
970
958
948
924
934
1044
1114
1120
1100
1110
1158
1166
1142
1102
1132
1126
1114
1078
1104
1078
1068
1042
1048
1104
1116
1120
1090
1096
1126
1130
1106
1078
1092
1114
1110
1088
1050
1076
1086
1092
1060
1050
1098
1108
1080
1058
1084
1056
1054
1018
974
1032
1062
1062
1042
1042
1094
1114
1100
1054
1106
1142
1132
1076
1060
1100
1114
1118
1086
1080
1132
1116
1104
1090
1092
1106
1092
1070
1050
1088
1108
1092
1076
1056
1092
1094
1062
1034
1056
1058
1060
1034
1036
1046
1060
1036
1006
1044
1058
1076
1056
1034
1070
1090
1090
1072
1056
1098
1108
1080
1076
1124
1128
1118
1076
1054
1098
1108
1096
1032
1064
1086
1076
1052
1042
1102
1126
1104
1088
1064
1102
1104
1078
1062
1118
1140
1112
1094
1134
1160
1140
1106
1098
1136
1140
1084
1044
1042
1088
1108
1112
1090
1124
1160
1158
1124
1110
1150
1134
1108
1098
1120
1126
1100
1100
1050
1074
1082
1068
1064
1072
1112
1120
1094
1082
1140
1142
1124
1092
1086
1130
1128
1092
1058
1066
1104
1108
1096
1072
1080
1116
1118
1090
1090
1118
1114
1068
1032
1018
998
960
920
966
1018
1034
1050
1106
1156
1148
1130
1134
1156
1150
1122
1090
1100
1140
1122
1130
1046
1018
1040
1060
1048
1036
1028
1090
1132
1128
1112
1112
1124
1136
1094
1080
1120
1126
1100
1090
1046
1014
996
1016
1042
1062
1078
1088
1132
1144
1146
1060
1074
1102
1110
1118
1098
1078
1102
1124
1132
1112
1072
1084
1112
1120
1094
1070
1104
1116
1100
1078
1066
1108
1114
1116
1072
1064
1108
1112
1096
1078
1096
1106
1104
1080
1030
1066
1062
1046
1036
1070
1106
1106
1092
1098
1116
1134
1102
1070
1094
1104
1088
1054
1072
1092
1076
1088
1126
1112
1072
1076
1102
1104
1080
1074
1082
1072
1056
1054
1090
1110
1096
1068
1088
1120
1108
1084
1068
1102
1114
1084
1062
1078
1092
1084
1074
1084
1104
1088
1066
1074
1106
1102
1090
1026
1062
1070
1098
1082
1048
1088
1108
1106
1080
1066
1094
1094
1076
1064
1086
1088
1090
1068
1076
1076
1076
1052
1046
1074
1078
1058
1024
986
1032
1072
1080
1050
1110
1118
1110
1082
1116
1134
1128
1104
1048
1066
1076
1086
1070
1086
1144
1100
1092
1076
1106
1104
1100
1052
1042
1076
1086
1098
1032
994
1044
1080
1088
1070
1106
1132
1136
1094
1072
1064
1032
990
986
1030
1064
1064
1068
1110
1138
1116
1106
1100
1148
1146
1118
1052
1022
1054
1076
1080
1068
1082
1138
1136
1128
1098
1120
1146
1104
1060
1044
1054
1084
1086
1074
1040
1110
1124
1104
1088
1100
1132
1136
1122
1092
1148
1142
1132
1062
1022
1024
1054
1088
1056
1052
1098
1102
1092
1078
1102
1118
1100
1076
1100
1122
1130
1122
1106
1090
1114
1130
1100
1082
1062
1092
1084
1066
1024
1068
1082
1068
1062
1080
1124
1118
1108
1106
1146
1126
1100
1080
1078
1110
1108
1070
1072
1112
1088
1076
1066
1106
1126
1130
1104
1084
1098
1102
1074
1044
1088
1084
1062
1040
1030
1074
1090
1094
1062
1100
1136
1124
1092
1100
1132
1134
1100
1068
1110
1106
1088
1060
1082
1112
1130
1080
1070
1094
1124
1118
