808
390
322
616
614
610
626
608
788
678
610
678
844
714
800
592
616
826
746
732
696
654
626
600
602
584
632
586
714
792
938
890
624
776
784
740
660
692
732
762
724
674
654
718
832
766
754
890
1062
644
644
746
684
716
698
652
678
730
734
670
708
700
764
666
536
754
612
664
524
604
668
526
624
780
614
630
788
644
628
644
666
654
648
650
664
948
926
892
864
710
718
766
802
802
760
664
634
590
596
616
532
776
642
644
630
726
676
658
708
644
666
692
708
698
674
664
744
804
772
702
710
780
840
748
662
642
700
922
912
834
746
688
722
772
734
736
628
710
710
612
660
682
506
620
644
622
606
644
728
756
736
758
744
684
738
826
778
768
702
630
644
656
692
750
688
766
762
742
696
656
696
708
686
676
644
610
604
600
602
670
814
774
790
782
770
808
740
724
742
714
640
628
610
600
598
640
750
410
486
522
630
610
656
624
618
592
572
456
750
360
556
854
824
820
784
726
712
710
722
730
712
648
614
604
632
574
634
772
758
686
756
870
816
750
740
768
750
710
716
684
664
642
636
664
768
822
790
700
654
688
728
838
730
762
676
664
660
664
644
640
708
780
726
676
708
720
700
652
628
642
656
646
692
692
640
626
654
670
692
712
734
716
700
670
652
674
708
808
746
716
652
624
654
706
736
756
784
784
756
704
682
658
636
618
604
604
614
672
828
840
766
662
660
648
658
670
666
688
692
668
632
646
688
716
722
628
750
668
708
858
846
824
810
760
680
648
664
820
866
712
820
530
626
660
682
664
648
622
660
722
744
812
784
756
750
748
730
688
720
744
774
822
764
710
688
654
676
748
760
738
734
700
658
660
698
746
706
714
712
686
660
648
670
698
754
738
742
774
706
706
664
662
648
646
612
598
600
592
596
750
794
754
680
704
768
688
706
712
734
742
724
712
762
732
688
672
660
700
718
702
726
748
786
744
710
674
672
724
742
682
696
728
738
722
724
698
670
644
654
684
698
674
688
774
780
730
690
732
740
692
688
682
676
656
680
688
700
682
654
688
758
702
710
640
638
652
678
680
688
676
684
754
772
736
716
678
658
652
676
728
758
814
788
858
498
576
630
526
500
626
560
558
656
784
800
802
714
712
714
760
718
692
676
630
650
608
638
648
640
642
618
616
622
662
712
650
728
374
324
550
648
472
818
662
644
638
638
612
618
620
606
594
644
648
496
770
612
614
612
600
608
644
656
656
668
734
708
674
646
658
660
682
666
624
668
648
648
632
640
636
628
588
558
594
562
620
586
612
590
576
578
586
628
670
692
644
626
616
614
624
616
604
616
646
696
752
728
684
670
738
768
710
662
622
628
644
690
704
696
664
656
684
704
694
660
638
632
658
680
652
664
758
792
828
736
702
704
702
724
718
696
718
754
732
700
672
636
642
650
662
676
674
686
758
820
742
710
714
734
732
698
660
670
652
640
634
636
632
628
628
568
596
582
466
438
822
592
630
682
668
644
642
636
616
612
612
626
608
602
610
626
600
604
624
642
652
656
652
654
668
658
638
626
626
628
624
618
600
612
626
628
622
634
732
726
646
630
638
634
626
610
612
622
658
654
656
712
716
664
660
678
666
650
642
622
612
606
600
636
682
654
732
764
718
662
680
734
780
724
666
682
708
716
702
754
812
758
702
642
638
640
644
642
612
618
656
774
712
636
666
738
758
720
724
740
782
736
752
756
674
680
694
666
636
642
660
734
708
708
764
812
760
738
676
646
644
656
680
658
614
616
616
614
728
746
706
704
656
632
656
696
694
644
624
638
672
664
658
678
734
722
672
642
666
680
656
680
756
796
742
692
726
750
718
656
632
640
664
698
666
666
708
744
760
720
694
668
686
670
644
632
626
632
708
728
688
770
822
758
688
722
734
664
664
672
718
680
656
740
892
806
746
688
664
648
626
610
598
602
664
906
858
716
636
634
640
674
708
726
710
664
690
690
700
702
690
670
638
634
654
776
800
724
708
764
824
746
710
724
728
702
718
780
778
720
716
684
656
662
710
794
728
682
706
748
804
746
714
752
766
766
706
700
686
680
640
638
638
656
680
676
684
672
666
692
746
712
738
726
722
690
670
724
748
708
700
696
702
722
692
664
706
738
730
724
698
742
758
752
700
700
656
636
632
616
628
710
662
746
900
920
774
734
762
830
834
788
706
670
668
664
664
648
634
674
804
780
748
802
778
754
758
686
712
712
732
738
706
748
750
746
736
714
742
756
792
732
740
780
688
640
646
674
730
688
738
922
818
740
714
702
678
656
686
746
868
748
790
836
792
730
702
756
776
728
672
716
526
668
762
650
662
648
672
584
622
618
692
686
690
702
740
762
774
742
752
806
770
754
744
792
806
780
740
800
780
706
652
642
644
686
694
694
674
738
776
704
660
662
678
738
734
716
712
754
706
738
902
916
826
796
758
718
718
758
824
766
742
678
688
684
692
690
660
650
686
688
708
724
686
642
626
652
676
712
702
724
796
854
812
746
702
738
770
802
788
748
694
734
774
750
660
660
676
692
686
728
680
688
686
1000
1018
938
874
760
794
818
788
696
692
710
916
926
868
678
656
632
644
676
732
838
838
788
746
696
778
838
794
684
728
854
882
832
744
728
790
780
772
768
798
856
856
734
676
668
696
680
670
724
800
856
794
796
872
782
688
660
652
666
684
652
636
666
726
674
646
716
566
708
832
852
776
704
704
744
778
720
662
692
750
682
676
682
720
666
668
704
606
756
688
762
872
840
694
684
688
688
728
720
712
882
924
856
744
748
772
834
820
772
734
832
850
882
808
786
750
730
722
666
638
680
810
806
740
718
720
708
648
652
664
694
696
698
686
646
628
620
608
644
740
722
726
676
646
718
818
724
670
698
738
708
724
722
712
698
698
692
770
876
798
694
646
656
672
744
748
756
778
818
802
756
750
742
642
708
662
670
702
672
682
690
714
716
684
700
670
680
686
666
634
626
612
622
644
740
810
742
734
782
824
816
752
706
752
784
794
764
710
710
768
794
804
768
672
654
658
662
644
632
660
690
860
866
766
640
746
566
668
722
736
706
704
752
780
784
748
712
768
770
764
760
698
650
640
636
638
624
690
764
690
750
854
750
720
762
724
694
692
644
638
650
682
674
658
720
852
830
746
720
772
706
714
716
696
656
660
696
756
826
812
736
688
678
680
648
636
642
702
806
772
692
666
704
768
772
738
714
698
694
714
670
682
702
712
704
698
708
770
800
746
710
760
774
772
726
746
778
776
738
714
752
796
770
714
746
770
784
766
758
746
736
706
710
712
708
710
718
734
714
668
656
680
684
674
678
740
802
788
726
730
740
732
702
672
690
740
760
700
692
738
688
654
646
644
626
634
620
664
654
664
684
694
688
680
666
678
704
712
702
714
708
722
696
664
694
724
760
710
668
690
776
774
706
708
728
672
666
694
686
660
660
674
738
774
752
666
650
670
666
668
652
634
620
618
660
1020
922
948
778
688
666
766
820
778
750
730
674
694
694
712
692
684
708
756
784
758
750
730
716
682
684
728
750
720
724
682
766
848
818
794
716
690
684
650
634
664
758
632
698
624
640
678
732
708
790
822
806
770
742
750
756
734
702
700
728
748
736
724
730
702
656
634
626
638
700
684
744
822
766
780
830
754
704
730
744
772
714
684
718
668
676
706
716
686
712
742
742
744
720
668
674
686
674
716
704
656
656
764
780
770
742
716
736
740
746
700
692
656
650
694
654
686
718
664
630
642
686
682
694
684
678
650
654
654
662
684
760
802
764
768
740
728
706
688
678
648
632
624
638
668
670
666
650
626
624
606
610
620
734
752
710
712
710
664
706
776
758
682
666
678
698
784
780
744
714
702
694
676
670
684
702
694
684
644
642
656
656
672
660
636
612
590
578
578
588
668
714
706
668
654
646
614
602
606
628
730
702
684
684
666
652
640
680
756
750
716
652
686
766
800
738
744
754
740
714
728
740
764
734
696
714
712
698
686
704
726
720
662
642
652
684
680
700
728
714
702
706
730
732
692
670
698
698
672
690
736
758
714
682
706
716
722
644
622
622
646
666
648
634
634
630
630
608
628
694
766
734
694
674
668
638
652
654
656
658
646
670
744
796
738
702
754
768
712
710
712
712
702
672
652
702
748
736
702
660
680
746
750
760
710
686
694
698
698
696
678
676
660
636
648
700
736
718
644
644
650
670
682
670
674
694
646
648
684
740
696
706
702
676
654
666
672
688
652
658
674
698
708
692
692
660
644
618
630
678
782
786
734
700
742
778
772
742
690
698
716
736
708
672
684
714
730
710
686
714
722
744
728
694
732
758
794
776
724
744
756
742
706
748
768
728
682
694
666
640
618
618
608
616
652
664
636
692
784
796
730
690
720
738
738
706
694
734
738
778
724
654
632
622
640
694
762
754
736
720
686
646
630
632
622
606
616
628
658
698
658
632
654
698
782
688
720
710
702
700
688
716
766
698
660
710
622
664
658
624
610
618
644
728
696
688
652
616
654
644
620
718
634
632
646
666
686
662
690
622
670
656
646
654
674
684
696
682
668
642
638
684
798
800
712
758
796
728
672
626
620
610
630
642
630
638
718
778
790
744
708
748
762
748
680
628
570
636
674
444
496
602
380
698
738
730
714
686
666
622
624
610
612
630
656
588
712
628
628
672
604
494
538
458
686
734
530
904
728
638
838
456
450
814
616
618
598
610
604
582
630
580
584
580
572
576
564
576
532
642
494
656
596
580
606
566
580
574
578
590
580
580
584
584
630
672
668
686
672
648
628
626
602
594
594
576
576
574
582
586
586
582
572
624
626
610
600
590
586
582
578
592
608
626
624
600
600
598
616
646
610
594
606
618
638
636
616
610
600
604
628
668
622
606
608
626
674
632
604
614
610
622
614
618
614
656
644
638
636
598
600
578
598
600
582
582
568
584
704
772
766
758
750
710
698
668
632
626
610
606
606
596
602
584
616
692
682
670
660
662
608
620
622
650
678
660
652
628
664
536
600
604
612
636
630
622
656
642
690
696
722
690
640
642
658
688
678
678
708
702
682
678
668
636
634
644
652
658
622
598
624
634
706
688
682
644
628
654
688
654
626
644
642
634
634
636
660
720
658
650
668
724
732
724
658
636
662
682
684
644
652
660
658
646
644
692
632
616
630
630
638
650
666
682
676
634
628
638
662
680
654
648
660
660
656
652
648
628
614
628
642
698
710
690
686
648
638
656
656
648
672
658
650
670
656
702
702
692
698
658
614
612
622
618
630
626
640
636
614
612
620
662
678
678
662
678
656
664
730
736
708
692
686
694
682
642
646
652
654
632
614
606
606
608
596
586
596
600
584
660
660
646
646
626
640
632
708
716
722
714
696
672
656
628
630
670
712
748
742
726
670
708
712
740
704
632
614
616
614
606
628
634
640
678
644
678
674
700
670
666
652
654
668
678
656
652
668
710
664
682
682
676
686
676
674
694
672
676
674
668
636
638
626
652
662
670
668
662
660
698
706
644
652
656
654
668
634
640
622
638
632
620
682
740
746
722
652
668
676
636
650
660
676
662
614
622
620
638
640
686
658
706
756
722
716
734
688
656
656
690
694
658
644
638
678
708
686
696
730
738
722
730
662
676
674
662
688
662
668
672
662
662
642
634
626
636
612
606
614
628
644
650
624
612
628
622
698
726
656
728
640
632
658
712
686
752
802
810
798
756
726
700
720
726
738
672
658
686
682
650
656
662
664
684
698
708
744
688
702
700
672
674
664
650
664
658
658
662
648
658
758
720
700
736
722
734
748
722
650
660
676
682
694
706
668
680
714
750
746
682
640
632
630
630
624
624
638
642
628
610
606
604
590
580
594
590
598
586
660
642
594
698
650
626
604
854
622
470
502
428
462
454
598
684
610
640
710
698
632
630
634
634
634
626
610
612
624
620
634
656
668
654
638
638
632
638
648
648
650
648
618
620
610
620
624
610
598
600
594
606
626
618
616
610
630
652
672
678
680
650
654
636
632
634
570
630
614
586
582
594
608
632
656
652
648
634
602
648
618
600
614
672
836
828
792
748
690
668
648
656
700
692
718
704
702
682
674
734
708
722
700
656
636
636
662
684
656
666
660
668
652
638
636
644
674
688
676
648
642
690
734
774
760
738
682
658
638
672
762
694
652
684
686
674
670
660
688
760
784
760
722
768
764
744
716
674
632
636
640
628
632
642
666
680
674
644
636
636
626
634
638
622
618
696
662
606
680
418
590
926
918
786
722
696
702
706
728
698
698
676
648
628
674
674
626
636
634
686
684
672
682
696
712
708
690
664
676
678
672
706
702
726
720
676
676
668
684
698
716
706
702
674
638
624
624
654
650
656
662
662
676
678
710
722
732
664
666
672
656
672
692
700
716
700
758
790
808
788
732
674
652
634
602
618
642
672
682
674
678
680
700
690
702
654
642
628
638
626
618
612
606
608
630
660
666
664
638
632
632
630
622
634
662
734
850
832
764
666
648
634
638
656
638
614
614
600
598
618
660
660
678
666
650
660
748
858
834
806
712
676
718
694
642
642
636
642
660
674
676
674
640
654
664
686
664
680
660
668
668
670
664
690
708
752
740
700
652
640
624
610
612
630
668
762
714
696
734
792
700
704
732
714
706
682
686
670
638
638
636
648
664
690
652
662
702
716
712
716
682
674
698
742
726
704
668
686
696
724
702
658
670
660
718
698
648
666
656
650
694
678
660
718
830
842
788
694
670
668
690
628
648
716
760
726
742
780
760
732
686
660
688
652
642
606
616
634
686
706
716
654
630
634
610
722
660
652
668
698
678
656
680
720
770
776
728
734
734
708
644
654
670
686
706
684
702
698
668
648
626
620
650
726
748
760
832
810
802
698
656
648
632
632
660
712
726
770
740
750
754
676
656
660
682
660
652
614
636
658
830
838
856
840
740
720
778
812
796
744
718
778
784
702
682
640
656
702
666
686
682
698
698
720
758
738
732
736
710
706
716
696
706
750
828
828
760
702
684
656
672
704
780
740
710
692
662
654
658
676
754
750
720
752
824
870
816
728
724
734
728
674
666
684
712
762
730
722
712
746
830
832
746
696
696
720
720
694
674
654
666
718
722
676
652
682
710
768
722
714
710
734
720
686
658
664
692
712
716
690
686
722
794
828
740
760
732
738
740
726
748
694
648
644
628
608
628
690
664
694
722
730
742
706
720
740
724
714
674
694
718
744
726
694
686
712
728
714
696
682
654
656
660
662
694
686
644
622
626
630
626
638
670
684
658
654
760
798
876
790
730
688
664
626
640
652
700
716
778
800
838
828
850
790
770
688
666
664
684
734
740
744
746
790
730
748
756
776
862
784
720
732
788
690
698
702
668
658
670
742
740
706
656
634
642
680
752
868
854
822
746
686
656
664
662
666
698
712
702
702
692
628
668
630
532
614
698
622
626
616
620
620
610
664
626
628
620
632
640
570
658
734
706
704
756
832
826
704
666
654
640
620
598
616
638
662
782
776
804
812
816
788
712
640
644
640
630
626
622
704
774
824
848
822
754
742
780
808
804
788
730
708
726
782
820
858
788
720
694
718
738
738
802
758
702
706
748
824
854
810
740
720
748
780
798
784
752
716
752
776
790
824
744
736
754
790
802
754
706
732
758
800
840
758
720
736
776
766
730
686
746
784
796
776
744
690
726
758
794
792
762
688
738
764
816
766
712
668
698
732
772
764
738
792
922
916
860
758
834
830
794
736
724
768
778
796
806
792
828
926
934
824
738
778
838
840
752
722
798
890
872
832
728
772
908
892
808
714
736
778
778
768
746
748
796
884
878
762
760
812
858
858
788
708
734
772
798
822
762
730
734
764
768
732
842
1016
864
756
734
778
796
782
784
746
786
926
902
852
762
804
818
820
748
702
726
758
828
770
738
730
770
818
802
792
730
774
826
922
840
724
740
782
828
802
776
768
838
932
888
788
712
742
822
816
782
716
744
812
824
798
756
722
806
1020
934
880
946
1020
948
890
868
846
774
722
700
712
742
838
770
718
766
802
834
776
690
692
700
706
696
640
646
690
746
730
718
680
704
736
724
672
676
716
804
916
838
726
744
792
796
782
740
722
752
772
762
732
696
706
762
778
750
720
744
830
872
798
714
760
852
892
800
726
774
812
798
766
696
734
772
842
830
770
718
750
798
800
754
690
706
746
808
810
778
724
796
844
838
784
712
712
778
802
796
760
722
750
900
936
828
724
722
776
856
806
756
710
762
914
924
802
738
796
834
802
764
698
738
818
892
826
724
724
766
766
784
764
702
698
728
748
730
712
712
742
742
764
738
696
706
730
756
724
696
718
748
738
724
676
706
758
800
784
752
694
732
726
766
748
726
796
934
916
792
728
742
784
810
788
772
780
840
856
800
708
718
764
764
800
778
722
748
748
738
694
748
748
740
750
692
692
720
756
766
726
644
610
616
592
556
598
582
584
596
584
596
594
616
640
684
656
658
786
916
918
938
798
724
780
868
830
816
762
724
718
744
778
814
750
706
714
794
828
850
786
726
738
772
816
796
708
666
696
768
836
832
744
704
790
930
930
860
730
772
816
840
780
722
738
778
804
772
718
730
820
896
864
746
720
832
916
874
786
732
764
844
872
806
736
722
746
762
784
734
730
768
842
834
802
788
762
826
880
792
738
794
848
860
770
732
766
832
842
812
754
722
752
784
766
716
676
706
732
836
794
754
676
700
738
810
764
750
704
730
774
812
770
708
692
724
756
736
748
682
702
732
752
766
704
732
746
770
724
694
728
754
808
732
704
768
808
886
822
782
754
806
840
826
772
700
746
736
714
674
664
646
728
988
936
940
962
930
938
942
948
948
1014
930
952
946
942
814
838
832
788
722
692
684
690
718
736
722
622
652
624
620
654
640
652
630
708
622
628
662
688
664
672
758
918
1008
808
806
876
884
820
742
722
740
758
764
764
700
700
744
822
808
772
734
754
794
788
796
750
700
718
752
770
776
738
716
782
842
836
770
708
716
730
728
722
694
696
718
526
944
734
660
636
630
646
648
646
696
988
938
872
910
886
872
834
756
762
762
768
732
694
710
738
722
754
748
708
778
836
784
762
724
706
738
780
774
732
720
732
744
748
708
678
676
706
740
838
760
726
742
776
790
826
762
716
746
770
844
794
736
794
880
790
750
778
808
768
716
682
730
756
836
766
764
816
874
816
750
672
682
752
886
792
786
734
806
818
784
716
742
792
818
780
724
676
726
760
832
774
714
772
1016
948
832
762
844
868
854
788
730
756
796
784
798
770
696
724
740
780
796
738
642
658
548
606
650
644
634
704
948
948
864
916
922
928
846
768
862
884
928
864
736
770
840
852
870
806
740
762
796
828
782
716
780
894
900
848
758
788
836
906
884
808
726
744
758
786
824
760
720
752
738
754
754
714
738
802
848
806
720
780
934
918
832
730
760
840
938
898
778
716
776
842
870
826
728
762
886
892
838
738
750
912
924
880
782
716
764
854
848
802
726
802
812
792
718
654
626
606
588
584
586
576
580
596
642
666
652
774
804
836
762
756
804
902
912
846
742
696
712
768
816
852
812
744
792
818
824
798
748
766
782
784
750
688
734
746
782
764
754
734
780
832
820
804
716
748
756
792
812
738
668
676
720
740
764
746
738
778
850
826
774
706
768
796
802
772
696
740
764
756
782
732
716
746
766
806
768
770
772
774
772
766
702
716
740
824
806
766
702
750
784
800
798
736
760
826
860
808
738
800
814
822
788
722
766
786
812
798
722
734
768
764
784
762
694
736
778
796
770
728
742
752
752
766
720
766
808
828
770
694
712
770
754
756
726
716
776
810
836
796
710
734
760
756
714
668
666
690
718
734
710
714
708
738
768
728
724
738
776
812
766
698
726
740
758
756
696
696
762
820
798
744
678
716
742
788
772
764
694
736
774
804
770
750
798
886
820
786
754
792
816
816
770
712
756
776
776
772
726
764
792
776
790
730
738
770
778
800
784
726
768
818
860
814
714
738
804
788
752
700
714
758
842
794
762
766
778
772
748
716
758
784
782
778
720
730
760
816
830
798
702
734
790
784
760
704
760
812
850
802
726
772
784
854
796
774
760
796
800
792
722
754
784
818
784
720
760
802
868
810
766
746
778
816
818
780
712
754
778
794
786
720
724
752
768
842
778
712
748
772
768
762
748
724
760
770
774
768
718
770
804
832
778
716
720
750
788
782
708
760
792
808
788
736
800
792
778
722
696
714
732
750
742
752
784
846
798
732
764
786
836
796
728
754
764
790
742
720
748
784
820
778
732
750
764
806
766
720
756
772
772
728
688
728
770
818
824
766
708
746
768
848
790
736
762
820
884
798
732
774
810
836
812
752
812
818
806
776
726
750
788
790
796
744
770
792
784
786
724
762
794
794
782
712
738
778
758
726
728
754
792
806
768
722
758
764
766
718
708
750
764
766
728
710
742
730
760
736
722
738
738
806
764
754
748
756
792
774
712
726
758
818
810
776
700
780
806
836
778
712
766
778
798
792
722
748
770
824
788
736
708
742
770
796
764
730
756
772
794
768
728
762
788
766
712
714
728
744
770
722
690
728
732
746
740
730
700
746
746
744
750
754
744
764
754
740
778
770
768
748
718
746
776
758
720
702
748
804
840
796
730
780
778
810
776
726
748
764
768
748
710
710
748
750
754
740
682
746
766
832
780
728
758
826
854
766
716
752
770
758
770
742
768
820
820
758
716
730
776
790
760
714
754
790
772
758
756
788
824
768
720
754
778
780
732
702
740
810
842
782
746
792
812
798
736
760
812
872
800
722
752
788
804
776
710
738
764
780
776
712
736
774
766
748
728
762
776
734
708
736
766
770
760
712
742
758
774
766
712
764
820
804
764
726
770
854
794
764
782
812
848
788
722
768
784
808
796
754
792
816
808
774
770
808
838
822
758
806
826
790
734
762
792
796
790
726
782
778
788
782
758
790
794
792
738
752
778
798
772
716
762
774
840
784
720
754
766
792
770
740
782
792
822
790
734
766
798
772
742
708
766
766
804
762
700
732
772
828
772
744
746
788
772
740
702
746
760
790
758
714
738
772
754
768
750
710
754
816
812
768
694
742
762
794
766
724
764
806
806
776
746
756
798
798
738
780
794
792
788
734
768
800
800
788
730
740
770
778
780
738
780
786
780
726
738
772
768
756
716
728
766
768
764
746
736
758
756
728
702
716
762
752
754
746
708
762
784
810
782
714
756
766
774
766
736
762
772
766
756
758
768
770
766
724
752
786
782
750
686
742
748
780
762
712
750
822
854
806
750
748
798
802
756
718
750
778
786
740
732
768
790
788
