954
1004
1076
1134
1112
1082
1044
1092
1094
1078
1058
1026
1060
1106
1116
1080
1064
1098
1120
1088
1082
1034
1058
1086
1092
1072
1012
1068
1104
1104
1088
1068
1052
1068
1078
1110
1060
1026
1050
1032
1090
1050
1014
1040
1082
1088
1072
1034
1048
1084
1078
1056
1030
1048
1062
1082
1090
1050
1088
1092
1110
1106
1064
1092
1102
1142
1150
1116
1168
1178
1186
1164
1146
1146
1148
1160
1154
1106
1126
1108
1096
1016
1074
1090
1112
1100
1104
1102
1116
1100
1118
1118
1122
1120
1106
1082
1098
1094
1086
1110
1104
1076
1090
1130
1096
1078
1056
1074
1110
1074
1046
1028
1026
1020
1068
1028
1032
1056
1056
1094
1066
1010
1004
1022
1030
1026
1026
1006
1030
1036
1012
1008
1032
1098
1070
1032
998
1022
1118
1134
1082
1004
1086
1108
1166
1080
996
1046
1036
1090
1078
1044
1056
1220
1360
1150
1076
1078
1114
1148
1090
1080
1118
1144
1140
1126
1066
1082
1094
1110
1090
1090
1082
1100
1108
1056
1076
1072
1058
1054
1026
1034
1054
1070
1062
1028
1046
1082
1106
1084
1038
1090
1070
1130
1084
1016
1040
1072
1100
1074
1054
1098
1164
1162
1100
1072
1088
1098
1126
1104
1104
1098
1090
1070
1022
1062
1038
1102
1054
1050
1080
1120
1154
1112
1070
1110
1158
1122
1022
1072
1064
1156
1082
1082
1090
1096
1140
1110
1082
1066
1070
1092
1084
1064
1086
1168
1130
1070
1084
1092
1104
1074
1042
1062
1138
1066
962
1014
1024
1112
1064
1068
1104
1198
1148
1076
1034
1088
1164
1098
1068
1086
1076
1144
1084
1028
1066
1114
1130
1082
960
1006
1024
1016
1000
938
1034
1134
1138
1060
1002
1046
1042
1044
1010
988
1006
1044
1094
1058
1004
1058
1190
1148
1056
1020
1202
1174
1138
1018
1016
1152
1176
1112
1088
1102
1098
1122
1108
1054
1086
1124
1142
1118
1112
1110
1140
1110
1092
1098
1102
1106
1080
1030
1066
1078
1076
1064
1038
1054
1112
1066
1044
1044
1044
1112
1120
1082
1090
1120
1158
1126
1112
1138
1128
1150
1138
1076
1088
1102
1084
1074
1052
1080
1080
1080
1076
1088
1096
1096
1078
1042
1048
1044
1052
996
1020
1010
1074
1052
1018
1024
1042
1034
1046
988
982
1012
1114
1048
1018
1012
1056
1146
1086
1062
1098
1106
1162
1118
1036
1072
1084
1156
1118
1046
1102
1136
1172
1098
1026
1038
1066
1102
1074
1016
1068
1100
1102
1058
1032
1062
1102
1090
1074
1048
1058
1190
1116
1082
1096
1134
1114
1114
1074
1084
1066
1064
1058
1060
1062
1106
1070
1090
1078
1120
1100
1076
1066
1078
1074
1054
1040
1028
1038
1044
1036
1018
1034
1030
1034
1012
970
996
992
1014
992
984
1058
1122
1060
988
978
1082
1126
1054
1056
938
1024
1172
1136
1110
1002
930
1020
1356
1206
1194
1218
1134
1182
1192
1184
1174
1158
1148
1146
1134
1128
1114
1102
1110
1094
1054
1072
1082
1078
1084
1052
1040
1060
1080
1116
1062
1058
1088
1108
1092
1064
1064
1088
1146
1096
1066
1076
1078
1110
1082
1042
1060
1082
1132
1080
1082
1058
1074
1062
1046
1038
1110
1166
1092
1076
1060
1086
1126
1098
1084
1082
1088
1076
1080
1036
1054
1074
1100
1086
1058
1082
1122
1124
1098
1080
1078
1062
1074
1062
1036
1060
1042
1038
1010
1026
1020
1084
1104
1052
1016
1022
1052
1038
1028
956
996
1014
1126
1018
938
1032
1038
1094
1022
1024
1130
1338
1286
1102
1028
1088
1146
1132
1082
1140
1242
1180
1120
1106
1140
1110
1126
1084
1110
1114
1106
1066
1054
1082
1056
1066
1008
1004
1040
1090
1032
1022
1060
1052
1080
1060
1046
1074
1062
1028
1008
1016
1098
1092
1034
1022
1054
1172
1090
1054
1040
1050
1108
1074
1054
1064
1102
1116
1060
1062
1072
1132
1100
1070
966
1040
1040
1038
1046
912
994
998
998
1000
974
1004
1024
1074
1022
938
998
1052
1040
1016
924
970
1000
1034
990
1004
1140
1270
1220
1078
994
1064
1084
1094
1050
1026
1064
1078
1104
1058
1000
1038
1086
1188
1098
1044
1060
1162
1174
1118
1108
1140
1136
1090
1038
1070
1066
1068
1076
1080
1076
1074
1054
1046
1022
1050
1026
1016
1114
1164
1154
1154
1082
1144
1166
1142
1122
1116
1114
1156
1136
1122
1100
1122
1092
1020
1076
1056
1108
1066
1060
1080
1064
1096
1092
1068
1064
1086
1070
1070
1052
1058
1042
1050
1042
1016
1034
1040
1042
1014
1018
1040
1038
1006
920
972
966
1034
996
974
988
1178
1186
1122
1002
1032
1104
1210
1218
1032
1128
1246
1230
1156
1066
1042
1102
1090
1096
1072
1028
1052
1058
1044
1038
1114
1124
1084
1048
1004
1046
1144
1060
1042
1038
1068
1088
1050
1058
1064
1064
1076
1062
1008
1052
1026
1074
1050
970
1020
1028
1062
1024
1022
1086
1152
1098
1050
1020
1058
1106
1076
1010
1076
1168
1158
1112
1000
962
1030
1016
1010
920
990
1048
1038
1018
976
1026
1020
1064
1050
980
948
1144
1152
1080
1022
1004
1058
1124
1082
1080
1098
1174
1172
1078
1046
1092
1086
1094
1072
1032
1170
1158
1124
1090
1076
1114
1172
1174
1130
1046
1140
1150
1112
1080
1102
1118
1098
1092
1094
1092
1084
1062
1024
1046
1138
1102
1076
1058
1090
1118
1126
1080
1076
1064
1078
1076
1060
1024
1042
1112
1080
1060
1048
1124
1140
1096
1024
1076
1120
1104
1070
942
1044
1052
1090
1064
1020
1044
1056
1120
1088
1058
1066
1120
1192
1124
1064
978
1056
1052
1052
1044
946
1054
1052
1058
1048
960
1016
1058
1092
1054
964
1032
1052
1076
1026
980
1100
1154
1178
1050
1038
1068
1036
1040
1034
988
1082
1240
1174
1060
1074
1102
1158
1090
1022
1054
1068
1122
1100
1074
1026
1070
1102
1084
1066
1062
1070
1066
1062
1046
1040
1044
1100
1082
1042
1022
1072
1166
1120
1054
1076
1102
1130
1108
1072
1032
1056
1118
1056
1036
1014
1050
1134
1102
1064
1000
1094
1086
1126
1070
960
1040
1024
1102
1072
1044
1014
1086
1136
1064
1032
982
1016
1096
1070
1036
1010
1222
1222
1160
1102
1048
1078
1084
1116
1098
1084
1056
1066
1168
1074
1012
1026
1086
1128
1060
1070
1178
1150
1130
1134
1096
1106
1106
1130
1114
1070
1102
1100
1134
1108
1026
1076
1068
1104
1092
1064
1062
1090
1122
1106
1094
1056
1068
1094
1108
1090
1020
1034
1034
1118
1078
1020
1056
1064
1084
1070
1040
1046
1046
1096
1076
1018
1172
1274
1164
1048
1096
1092
1052
1000
1014
1076
1174
1120
1066
1044
1120
1152
1124
1066
1036
1044
1038
1048
1018
948
1008
1020
1096
1042
1042
1028
1132
1232
1130
1056
1078
1100
1068
1048
1030
1050
1152
1064
1056
1048
1134
1160
1126
1074
972
1030
1052
1086
1054
1006
1046
1032
1094
1046
974
1008
1016
1140
1072
1032
1114
1270
1186
1060
970
996
1018
1042
1028
938
998
1092
1140
1068
994
1044
1098
1174
1072
968
1040
1036
1074
1038
964
998
1038
1028
1020
936
1000
1112
1130
1102
1002
1006
1016
1112
1064
1038
930
1034
1142
1190
1096
1008
1058
1068
1142
1084
1000
1084
1170
1178
1146
1098
1034
1094
1100
1076
1002
1012
1056
1064
1042
952
998
1034
1170
1118
1072
1000
1052
1126
1110
1076
1002
1058
1030
1130
1068
1052
1062
1118
1156
1108
1082
1092
1104
1088
1102
1040
994
1054
1102
1084
1070
1046
1060
1106
1112
1078
1082
1102
1078
1080
1074
1024
1058
1106
1086
1076
1032
1040
1036
1066
1040
922
986
1064
1178
1102
1042
1070
1182
1122
1094
1064
1080
1112
1096
1086
1086
1080
1100
1082
1060
1066
1076
1082
1060
1050
1050
1096
1096
1072
1044
1058
1066
1048
1044
1048
1052
1046
1110
1084
1026
1044
1090
1098
1072
1006
1028
1040
1062
1046
1010
1048
1144
1180
1138
1032
1062
1080
1078
1070
996
988
1042
1052
1034
1036
924
976
984
916
906
872
888
872
896
984
1042
1182
1132
1158
1292
1248
1152
1118
1120
1110
1086
1084
1086
1100
1096
1068
1008
1056
1052
1038
1030
996
1020
1012
1018
992
1002
1004
1018
1018
990
1004
1040
1124
1056
1022
1042
1104
1066
1008
946
1000
1024
1056
1032
1030
1028
1086
1074
1044
1048
1048
1084
1064
1008
992
1016
1082
1030
1032
988
1010
1074
1030
982
928
1094
1064
1062
1036
976
1012
1026
1012
996
1054
1062
1106
1078
1016
1024
1066
1090
1074
1060
966
1024
1102
1098
1058
948
1036
1080
1048
1056
1018
944
1058
1080
1044
1028
1042
1232
1252
1102
990
980
1050
1164
1096
1090
1244
1150
1134
1144
1140
1142
1118
1124
1142
1132
1088
1060
1090
1082
1078
1086
1070
1054
1082
1052
1044
1044
1020
1024
992
960
994
976
1042
1036
1006
1020
1102
1100
1038
980
1006
1020
1110
1058
1020
1066
1106
1128
1056
1048
1052
1120
1074
1026
968
1034
1072
1104
1064
1022
1070
1140
1158
1080
1074
1114
1100
1102
1050
1018
1044
1046
1060
1008
934
1012
1030
1044
1024
936
1006
1014
1056
1014
958
1004
1010
1028
1002
968
1052
1124
1054
1010
988
1006
1064
1050
1024
958
1000
1034
1010
1010
962
1044
1074
1058
1004
968
1012
1056
1074
1040
1004
1028
1126
1092
1042
978
1028
1030
1040
1018
978
1010
1076
1064
1060
970
954
1000
996
1002
976
986
1020
1100
1032
954
1018
1104
1072
1044
960
1036
1118
1052
1024
972
1010
1076
1012
976
1040
1124
1056
1034
928
972
984
992
970
940
974
1052
1052
1034
976
1008
1060
1084
1060
1012
1058
1090
1098
1040
1018
1120
1154
1162
1028
1024
1098
1166
1082
1094
1102
1092
1106
1072
1048
1050
1062
1040
1036
1002
1014
1034
1068
1028
1042
1036
1038
1078
1064
1030
1032
1048
1062
1042
1022
1008
1016
1034
1024
982
1004
994
1054
1026
968
1000
1008
1094
1026
1012
1030
1156
1114
1054
1046
1042
1098
1094
1062
1064
1086
1058
1058
1010
1014
1028
1062
1036
964
1010
1012
1028
1028
980
948
988
1056
1020
1000
998
1082
1082
1048
990
1026
1032
1018
1000
954
1014
1024
1012
942
978
1116
1120
1080
1004
986
1040
1070
1044
970
958
1090
1082
1058
982
986
1074
1074
1048
1042
1026
1118
1106
1056
986
1018
1120
1118
1064
958
988
1114
1194
1108
1040
1070
1116
1106
1068
1058
1072
1096
1086
1068
1068
1062
1086
1078
1070
1024
1036
1030
1022
1024
1030
1036
1032
1032
1028
1040
1030
1056
1056
1010
1024
1040
1026
1024
1008
1018
1028
1034
1074
1032
970
1014
1026
1028
1032
1020
1056
1104
1058
1036
1082
1088
1136
1100
992
1028
1036
1112
1052
1066
1064
1096
1078
996
878
864
924
1028
1072
996
1004
1342
1188
1186
1180
1112
1150
1150
1152
1120
1074
1100
1102
1072
1006
1020
1038
1022
1028
1038
1038
1048
1036
1060
1062
1008
1012
1024
1014
966
920
976
976
1056
1018
988
988
1010
1098
1088
1050
976
976
1008
1008
1026
994
950
1088
1092
1050
1002
952
970
1022
1116
1018
978
1050
1136
1138
1100
1018
1060
1060
1102
1072
1008
1002
1038
1048
1014
982
1038
1100
1082
1024
978
1028
1006
1062
1016
942
1000
1062
1056
1020
974
972
1018
1080
1028
990
1036
1014
1062
1016
950
1004
988
1048
1010
976
1034
1054
1084
1032
968
1048
1078
1034
1016
890
978
974
1078
1018
976
1080
1120
1154
1110
1038
1074
1098
1070
1066
1078
1064
1070
1040
1016
1026
1052
1092
1064
1058
1036
1046
1086
1064
1054
1034
1062
1044
1060
1036
1026
1010
1034
1008
944
942
960
972
982
974
946
1060
1150
1086
1068
1110
1144
1122
1106
1056
1092
1136
1132
1112
1084
1114
1112
1086
1056
1070
1072
1060
1086
1070
1038
1030
1030
1040
1012
942
986
1022
1058
1030
1012
1028
1064
1092
1050
1028
1054
1112
1058
1046
1042
1144
1102
1084
1058
1064
1052
1052
1062
984
1042
1070
1122
1070
972
970
1004
1098
1058
1088
1216
1198
1148
1094
1112
1130
1126
1108
1064
1108
1108
1080
1080
1086
1062
1080
1070
1054
1030
1054
1054
1024
950
1020
1014
1014
1014
986
984
992
1040
1044
1020
984
1032
1164
1136
1040
1056
1068
1120
1092
1034
1052
1092
1108
1100
1014
1002
1026
1068
1088
1042
1002
1040
1040
1038
1020
1024
1084
1148
1076
1028
1030
1058
1092
1060
998
1024
1058
1120
1080
1052
1036
1120
1170
1098
1074
1050
1072
1066
1070
974
1054
1064
1118
1084
1034
1068
1080
1106
1090
1038
1054
1054
1094
1052
1056
1066
1132
1096
1078
1030
1048
1068
1058
1052
1044
1086
1116
1110
1098
1046
1058
1064
1074
1078
1028
1062
1056
1086
1076
1034
1054
1070
1052
1028
974
1044
1082
1084
1050
1028
1032
1048
1078
1046
1028
1084
1120
1072
1070
1022
1036
1056
1050
1032
1030
1042
1016
918
940
884
980
1142
1244
1116
1156
1176
1158
1170
1090
1092
1114
1136
1144
1128
1092
1104
1126
1108
1098
1058
1076
1086
1068
1052
986
1026
1022
1012
1034
974
970
998
1098
1026
990
1000
1090
1102
1070
980
1010
1032
1042
1020
998
1018
1042
1062
1052
1006
1054
1108
1046
1020
1026
1066
1094
1048
942
1030
1038
1094
1056
1000
1098
1146
1144
1068
1032
1036
1052
1030
1026
968
1008
1020
988
980
1004
1130
1172
1110
1050
966
1056
1090
1070
1080
1008
1060
1130
1186
1120
1064
1110
1088
1108
1106
1060
1090
1070
1070
1096
1074
1066
1056
1068
1050
1034
978
984
1004
984
1004
1046
1100
1100
1094
1084
1130
1134
1098
1088
1090
1104
1082
1054
1058
1052
1048
1046
1012
1016
1028
1100
1112
1042
1078
1066
1106
1072
1066
1084
1048
1078
1050
990
1038
1032
1068
1044
1024
1032
1034
1022
1028
1018
1012
1084
1108
1090
1022
1038
1038
1032
1022
1008
990
998
1094
1070
1030
974
1064
1202
1160
1104
1058
1110
1100
1076
1080
1044
1060
1072
1056
1050
1050
1064
1044
1076
1062
1020
1020
1032
1020
1022
960
956
970
1014
1014
988
978
1076
1140
1102
1046
1028
1060
1094
1106
1068
980
1060
1036
1052
1050
982
1006
1010
990
976
986
1092
1062
1024
992
1042
1024
1070
1038
992
1068
1170
1126
1082
984
1042
1032
1150
1098
1076
1108
1156
1140
1100
1030
1066
1074
1046
964
892
924
970
1046
1072
1020
1196
1242
1158
1100
1150
1148
1158
1140
1120
1118
1112
1110
1086
1060
1040
1050
1036
1036
1010
1004
1004
1128
1088
1070
1088
1076
1106
1058
1020
926
874
924
1032
1156
1080
1140
1190
1196
1202
1166
1164
1148
1156
1110
1068
1102
1112
1138
1122
1116
1124
1132
1108
1132
1104
1102
1134
1108
1098
1096
1066
1056
1010
1024
1028
1074
1078
1064
1008
1014
1036
990
984
1054
1234
1208
1106
1074
1144
1124
1130
1044
1060
1068
1108
1074
1068
1070
1082
1052
1012
946
980
978
988
996
982
992
1072
1068
1028
958
986
992
1064
1038
1014
1000
1056
1098
1116
1040
1018
1020
1052
1064
1046
930
976
1004
1012
1012
980
956
968
1058
1026
1002
928
976
966
1042
992
986
910
952
1112
1060
1016
948
956
964
964
954
964
1352
1134
1154
1118
1130
1142
1128
1120
1076
1082
1096
1116
1102
1102
1090
1078
1076
1070
1038
1010
1042
1054
1050
1040
1004
982
904
860
822
790
768
772
774
760
770
752
768
764
742
736
728
710
702
686
670
660
656
638
638
632
644
664
770
762
814
836
814
952
1104
1094
1072
1092
1078
1034
908
896
806
778
828
1278
1080
1040
1094
1138
1152
1078
1068
1128
1208
1174
1168
1114
1158
1204
1148
1170
1172
1160
1198
1180
1162
1112
1138
1208
1154
1030
908
880
838
812
836
950
1124
1022
1026
1372
1192
1156
1094
1160
1222
1148
1144
1082
1154
1228
1142
1124
1042
1108
1142
1096
1120
1060
1082
1100
1162
1112
1086
1098
1128
1146
1092
1020
1140
1128
1114
1134
1134
1160
1146
1158
1130
1076
1126
1108
1148
1096
954
916
910
888
842
832
820
820
822
822
816
790
810
806
796
828
908
984
1036
1054
1036
946
874
1086
1212
1130
1052
1048
1184
1168
1128
1118
1114
1106
1134
1104
1048
1026
1194
1144
1132
1148
1096
1198
1194
1202
1184
1178
1178
1218
1204
1192
1090
1120
1152
1154
1134
1156
1110
1136
1220
1156
1166
1130
1150
1148
1126
1054
1038
1080
1134
1136
1064
962
1016
1088
1198
1182
1156
1106
1142
1188
1162
1128
1034
1036
1064
1096
1054
1088
1122
1092
1092
1040
1078
1184
1176
1114
1060
1036
1058
1058
1056
1058
1048
1108
1116
1072
982
904
846
868
824
814
816
798
802
800
796
788
778
760
750
740
742
730
736
744
726
726
732
722
782
848
884
862
870
1062
1180
1132
1120
1064
1030
1084
1072
1056
1012
920
936
1204
1182
1146
1134
1158
1164
1176
1172
1146
1116
1096
1120
1048
1022
1072
1094
1114
1108
1046
1014
1068
1178
1156
1142
1138
1096
1132
1152
1138
1134
1104
1126
1120
1132
1126
1116
1082
1086
1108
1094
1088
1054
1106
1130
1088
1018
1034
1064
1050
1040
968
882
912
994
1012
1000
982
990
1204
1210
1148
1116
1042
1100
1162
1146
1100
1078
1116
1156
1186
1134
1070
1098
1100
1166
1106
1096
988
1046
1054
1074
1052
1080
1152
1162
1138
1074
1094
1128
1130
1098
1034
1046
1036
1034
976
966
1054
1216
1158
1126
1082
1126
1146
1144
1150
1122
1112
1102
1120
1080
998
1032
1064
1104
1130
1098
1078
1092
1144
1150
1136
1100
1074
1048
1068
1082
1056
1052
982
1028
1166
1134
1104
1088
1050
1120
1154
1118
1092
1046
988
1048
1206
1146
1100
1060
1066
1072
1126
1080
1090
1008
1052
1052
1110
1056
994
938
992
982
968
914
1016
1260
1232
1156
1126
1144
1162
1194
1166
1130
1104
1138
1144
1120
1100
1000
1036
1130
1180
1144
1126
1136
1172
1208
1166
1132
1140
1156
1160
1154
1132
1082
1118
1146
1116
1070
1104
1098
1102
1076
1070
1090
1066
990
996
1002
1008
1076
1024
964
920
922
956
1042
1010
1006
960
990
998
964
912
988
1276
1222
1182
1138
1042
1122
1090
1110
1104
1082
1086
1096
1140
1110
1090
1066
1074
1142
1142
1130
1076
1092
1112
1134
1130
1118
1094
1106
1120
1162
1130
1104
1058
1074
1080
1076
1028
970
936
1006
1126
1168
1096
1040
1120
1196
1176
1152
1154
1154
1190
1168
1142
1138
1136
1144
1124
1120
1048
1106
1096
1078
1084
1078
1030
1072
1070
1086
1076
1078
1074
1086
1068
1072
1028
964
1028
1078
1124
1070
1028
1010
1026
1090
1080
1050
1042
1034
1034
1078
1026
1004
1016
1032
1120
1068
1030
1018
1034
1096
1060
1026
1010
1026
1066
1076
1044
992
1032
1078
1144
1082
1042
1038
1092
1186
1134
1094
1090
1122
1130
1100
1094
1062
1080
1082
1108
1092
1048
1020
1018
1026
1022
1018
948
1002
1110
1122
1084
1014
1044
1096
1138
1090
1070
940
982
1022
1068
1044
1058
1000
1046
994
946
950
894
882
932
1070
1152
1090
1038
1044
1128
1174
1174
1150
1092
1094
1088
1108
1100
1084
978
1046
1108
1154
1142
1132
1150
1164
1190
1180
1158
1182
1166
1182
1176
1158
1102
1130
1114
1090
1102
1056
1072
1092
1144
1088
1046
1074
1086
1098
1070
1026
1062
1056
1114
1090
1064
1054
1098
1104
1110
1094
1104
1112
1106
1078
1028
1074
1126
1154
1124
1068
1124
1156
1148
1120
1090
1084
1092
1080
1088
1078
