602
650
644
638
630
646
610
588
580
580
576
586
648
672
692
708
704
708
746
716
724
722
686
680
678
642
618
610
600
602
600
592
590
634
630
632
646
640
634
644
638
630
624
628
616
608
608
606
606
638
634
640
636
630
632
628
630
642
618
634
616
636
622
670
674
680
674
664
666
658
652
668
640
594
606
600
604
602
650
662
634
644
638
626
630
632
624
624
626
632
628
618
632
634
626
644
646
644
656
658
652
682
658
630
626
618
618
612
602
600
594
596
598
588
588
582
576
570
554
556
552
552
546
550
614
642
656
650
654
662
656
646
640
636
634
638
644
644
636
640
638
650
650
668
676
682
684
694
654
662
634
624
622
622
640
636
644
648
636
634
630
636
624
628
622
624
620
620
618
620
618
610
606
604
606
608
612
598
604
648
658
656
654
644
662
626
606
600
604
610
608
610
614
648
678
696
702
698
702
672
652
642
636
628
626
622
630
630
634
638
620
640
646
650
652
644
648
640
638
630
636
644
648
646
650
650
644
636
644
650
656
646
634
622
612
608
618
598
622
636
650
660
648
660
654
648
652
638
642
630
628
636
632
632
636
636
636
632
634
626
624
620
616
616
630
628
640
646
656
654
646
666
630
628
620
620
630
628
632
640
638
636
644
644
634
632
626
622
618
622
630
608
636
650
654
656
646
650
646
636
630
638
630
640
650
652
652
652
650
636
656
640
618
622
622
650
660
680
680
670
684
670
672
664
666
662
652
664
662
640
622
636
630
632
630
638
632
660
682
682
678
676
674
648
638
638
626
626
632
632
638
632
666
656
654
658
644
636
638
634
626
626
624
620
614
624
616
650
662
658
662
656
664
642
644
636
638
628
634
624
652
656
656
658
652
656
628
626
612
606
614
608
628
642
652
654
654
662
656
648
646
652
656
638
634
630
636
640
628
648
652
660
674
670
684
684
706
690
696
652
656
638
644
638
642
642
628
628
632
628
630
630
620
628
630
652
654
654
654
660
658
648
648
640
652
632
624
622
620
624
630
630
624
644
636
642
642
646
622
610
626
614
622
618
648
662
678
684
676
660
672
632
640
642
638
640
652
636
658
664
670
676
666
666
654
638
606
602
600
594
602
608
600
662
728
732
720
720
710
716
706
684
664
656
636
632
622
626
618
636
616
658
662
654
672
690
680
674
694
670
648
648
642
640
636
636
626
624
634
624
622
632
624
648
640
666
660
654
672
666
692
670
670
678
664
642
650
660
658
690
704
706
708
716
716
720
708
722
694
666
654
648
648
640
650
640
672
662
656
666
640
638
626
596
618
618
612
620
626
632
626
630
638
618
652
650
664
678
652
628
622
616
618
612
606
602
606
602
608
612
608
622
600
636
638
632
622
620
610
628
612
602
602
610
604
636
648
660
672
668
670
678
636
622
620
626
642
646
638
642
594
592
592
582
616
660
646
688
704
722
726
708
732
698
696
676
660
652
652
646
642
642
650
648
652
650
666
656
662
650
644
638
634
640
632
634
624
612
606
616
608
638
638
636
644
636
640
626
660
650
646
662
614
618
612
608
608
642
652
678
658
684
738
738
712
720
698
670
662
648
666
664
664
666
668
666
666
662
648
656
646
652
644
640
654
638
674
686
668
678
652
644
630
628
622
630
620
632
650
648
624
634
618
624
636
634
684
686
692
678
700
706
682
686
674
650
642
642
640
636
632
632
634
668
674
674
676
680
672
662
648
640
640
632
626
630
636
638
642
650
652
652
646
648
642
640
640
642
646
654
644
646
648
640
624
630
634
630
618
620
624
624
628
626
622
632
638
624
628
640
646
652
656
660
658
652
646
654
636
640
646
640
636
626
686
692
678
690
652
634
642
622
622
626
648
696
688
694
698
684
690
652
650
644
644
636
636
640
636
640
646
638
634
666
666
654
652
646
660
640
604
602
588
590
586
606
650
656
662
680
676
676
682
694
700
688
694
700
680
630
606
628
622
636
682
682
678
686
656
644
632
634
644
668
670
674
684
676
680
672
664
648
652
654
654
648
668
668
664
670
640
624
624
620
624
626
630
664
684
700
706
702
704
696
686
700
664
654
656
646
646
656
668
662
686
690
698
704
664
664
666
642
650
638
658
650
668
680
674
668
688
646
626
624
612
614
612
612
612
620
624
628
658
658
684
716
668
660
646
654
620
616
618
626
628
614
614
642
642
656
656
658
666
670
670
664
674
644
598
604
598
600
592
634
632
644
652
660
650
634
644
650
730
678
680
650
628
626
624
628
632
628
654
642
656
654
654
648
652
654
646
650
640
676
672
674
670
664
682
644
644
628
618
620
618
620
618
642
720
742
746
736
744
708
662
630
622
610
604
608
600
600
596
584
618
634
670
688
678
682
682
678
672
690
668
652
650
654
656
648
658
648
654
644
646
644
644
642
642
680
660
652
644
660
638
626
640
638
634
626
604
618
604
604
604
636
638
624
624
622
620
618
628
630
638
648
652
658
656
654
628
640
648
636
646
654
658
660
654
678
652
670
634
622
618
622
630
624
610
646
644
648
660
676
672
672
666
666
676
660
632
624
630
624
640
638
626
658
718
674
658
652
644
640
642
650
640
668
662
674
678
668
666
668
664
652
676
666
650
648
642
644
648
686
682
674
636
620
612
600
610
612
666
682
708
692
702
680
688
676
672
704
694
684
682
654
652
654
648
626
628
642
614
616
632
628
622
626
620
634
630
620
626
614
616
622
618
618
618
614
622
622
620
610
608
614
616
610
620
626
632
622
620
618
616
604
598
612
612
614
616
612
622
606
646
634
634
642
642
632
626
622
652
668
680
680
666
682
652
618
590
584
588
586
582
580
644
664
676
692
692
694
740
736
716
730
712
720
716
748
724
726
706
674
658
646
650
668
652
650
654
672
678
670
678
674
674
656
660
630
622
632
632
626
626
622
654
680
702
686
694
660
654
636
642
652
642
630
622
620
614
618
624
618
622
618
642
638
640
646
644
634
636
632
632
636
638
620
622
632
638
634
634
650
650
642
648
642
646
638
642
640
636
622
612
604
600
612
618
616
628
632
620
624
632
632
630
610
620
616
626
630
628
622
620
612
604
610
618
624
628
608
642
646
630
650
604
580
586
584
576
590
638
612
610
612
598
610
612
608
602
610
596
600
588
584
576
584
576
588
574
576
566
562
574
572
568
574
584
560
594
588
568
590
566
570
566
564
574
570
622
624
592
604
600
592
594
594
634
598
580
578
580
576
574
546
556
572
554
554
558
584
592
582
588
592
572
586
594
586
580
574
574
588
580
584
580
588
584
588
592
596
594
602
588
600
600
600
600
612
584
596
588
596
584
604
600
620
616
608
624
592
594
578
590
590
584
592
596
596
590
590
586
620
620
616
632
596
594
586
588
590
578
634
654
672
682
660
656
654
664
632
614
614
614
612
606
628
662
662
644
632
588
578
572
570
614
658
696
672
682
690
700
692
706
686
710
674
670
678
642
638
638
640
638
634
722
732
740
730
724
692
694
654
656
660
658
658
644
644
664
706
696
688
676
660
652
638
636
642
634
666
672
670
662
664
652
656
664
662
668
672
668
660
656
658
662
660
658
658
652
644
650
648
628
634
642
636
652
648
642
634
600
602
582
596
604
646
650
630
666
666
666
652
672
652
640
640
648
642
642
646
618
606
612
612
614
648
650
666
680
662
660
674
668
672
638
640
644
640
644
650
632
626
628
622
640
656
664
684
674
682
680
678
666
664
646
640
638
638
636
640
628
646
640
650
652
632
646
640
658
656
654
660
630
646
644
648
638
636
624
612
612
614
616
614
624
620
656
668
668
656
668
684
676
666
688
654
618
594
584
584
594
574
590
664
702
712
722
724
730
720
728
744
730
726
688
646
630
630
634
622
620
626
630
628
636
626
636
636
640
636
630
624
626
630
630
622
618
614
612
618
614
614
614
612
610
608
616
624
622
618
628
614
606
602
606
598
598
602
602
596
590
608
598
638
638
620
638
618
590
590
592
594
690
710
666
694
678
688
654
652
638
630
620
628
630
620
642
640
634
642
616
622
620
610
594
608
638
676
658
664
656
656
624
616
608
592
584
590
576
576
636
668
676
658
658
670
676
672
694
682
680
694
654
618
612
608
602
606
598
626
640
638
636
662
674
672
672
638
628
620
616
608
600
598
604
608
606
606
652
682
676
654
662
638
630
614
606
610
604
608
616
646
652
632
632
634
638
628
634
620
602
622
622
596
604
614
590
634
634
630
624
642
604
610
588
570
564
566
558
604
610
642
618
678
684
724
722
710
706
686
646
648
662
658
648
668
668
662
662
660
664
646
652
646
652
644
668
690
668
682
652
634
618
616
614
616
616
638
608
638
644
624
648
638
648
636
636
640
618
612
626
610
606
598
598
590
590
580
600
588
598
590
590
588
584
590
592
584
576
578
580
572
592
590
598
592
588
594
596
584
604
606
602
600
606
608
600
608
608
598
604
616
588
582
584
588
588
584
586
592
592
586
582
584
586
586
594
596
580
618
626
624
616
632
636
632
622
620
618
606
624
620
602
608
608
592
600
594
590
650
612
660
630
648
662
710
712
700
716
684
672
672
648
648
636
632
634
630
624
628
622
612
674
640
634
632
644
634
624
618
618
610
608
620
612
610
618
626
608
648
668
660
654
658
660
688
646
656
634
636
640
640
630
650
654
656
652
650
654
650
652
648
628
622
612
616
616
600
638
648
662
672
666
670
680
676
666
662
658
654
646
646
634
630
626
632
634
636
638
648
638
640
642
644
636
638
646
646
656
638
646
642
640
648
650
656
652
652
644
634
656
630
604
612
616
612
644
628
644
636
644
628
602
596
612
616
678
688
664
666
634
622
614
606
612
614
608
684
674
640
664
670
666
660
664
664
654
646
666
644
624
622
622
620
614
634
630
638
634
636
638
640
644
634
628
638
644
654
642
642
638
644
622
608
610
592
588
598
596
604
648
648
646
646
646
636
638
636
640
620
622
626
620
620
626
620
618
612
614
610
630
622
632
640
620
630
650
642
646
636
630
628
628
630
634
632
630
620
630
636
626
644
616
618
616
608
614
616
620
624
626
628
628
620
616
628
610
634
616
630
602
598
604
616
610
660
666
658
664
658
660
652
646
646
646
636
638
642
640
626
628
630
636
634
640
636
624
622
632
624
616
616
616
612
606
606
606
600
600
598
596
610
632
650
650
646
646
640
636
626
624
638
620
610
604
596
584
586
594
596
596
598
600
596
582
578
616
638
644
654
652
658
674
664
668
654
648
646
660
654
650
646
664
638
610
606
612
612
614
620
654
666
686
684
700
702
686
696
656
642
644
632
632
636
640
640
636
630
612
608
602
606
606
644
618
648
654
664
650
652
654
646
642
650
664
652
644
638
648
648
646
636
656
640
624
616
614
624
618
632
636
646
636
644
622
616
610
600
578
602
596
622
634
636
644
644
634
676
690
690
678
676
668
688
654
626
612
614
610
618
622
632
666
686
682
684
652
642
630
630
614
612
612
620
618
610
606
634
602
650
652
666
654
660
678
676
664
658
668
640
612
604
596
588
590
580
610
628
656
662
668
676
674
674
668
672
674
662
658
652
638
626
618
604
604
608
600
602
604
600
614
684
694
674
674
632
616
604
592
592
598
592
622
646
654
652
644
646
650
644
634
648
636
676
692
632
628
614
592
590
600
600
654
688
684
662
696
696
694
694
690
690
682
676
698
662
652
646
644
636
628
630
630
634
638
640
638
636
620
630
628
638
640
644
642
632
624
622
620
604
602
598
608
612
618
598
640
656
668
664
676
664
656
674
652
628
616
604
596
590
592
620
602
642
648
660
654
656
650
642
646
640
636
638
642
650
648
660
674
666
666
654
666
648
638
634
644
630
634
628
602
598
600
600
590
630
646
664
662
668
668
668
666
650
648
642
628
620
624
622
610
614
610
592
602
604
608
618
604
652
658
672
674
668
658
652
650
668
652
628
628
624
626
634
620
646
646
632
636
646
640
650
650
656
650
656
656
648
654
648
650
644
644
636
622
610
596
596
596
582
616
630
636
652
648
650
646
656
640
634
628
628
628
622
640
618
616
604
602
604
608
594
590
602
592
580
582
586
580
574
574
566
562
564
572
576
582
586
586
588
592
592
590
588
594
598
602
600
598
608
602
592
586
592
584
594
594
572
582
574
570
554
564
568
550
572
584
618
584
594
588
588
590
574
598
584
584
592
588
582
570
570
562
576
582
584
574
578
582
576
576
586
588
596
576
594
632
624
634
630
626
634
616
618
614
620
618
624
626
624
610
620
618
622
618
606
634
642
628
630
640
630
646
622
614
610
602
598
598
614
620
614
614
610
614
600
600
600
592
598
586
620
592
618
646
628
628
632
622
604
614
606
612
596
614
602
658
666
664
672
640
628
616
626
596
596
610
590
640
638
646
670
690
710
696
688
652
630
616
606
614
606
630
640
660
674
676
678
674
666
670
644
602
598
608
634
672
704
712
690
688
658
642
626
616
608
608
616
616
608
630
662
698
680
704
728
736
724
730
698
656
628
612
624
642
684
696
676
674
668
660
664
668
656
646
640
630
642
638
640
646
628
646
648
648
636
672
682
678
682
670
668
660
676
654
650
660
654
646
640
634
626
622
632
618
650
666
666
652
666
644
630
616
636
632
634
636
626
630
626
646
634
630
632
630
626
620
618
628
600
602
616
614
612
614
600
616
622
620
622
620
630
610
642
640
656
650
644
638
644
632
626
624
632
632
632
624
618
624
642
634
634
654
666
674
682
710
704
698
710
666
666
642
626
616
620
618
610
624
630
648
656
658
668
682
684
674
676
678
646
648
650
648
660
650
654
630
638
642
636
636
626
622
618
628
624
618
640
650
656
654
624
602
610
616
612
620
626
634
642
632
644
626
654
650
668
668
662
652
660
666
676
666
662
658
624
608
604
608
598
622
644
612
652
682
632
650
648
632
632
618
610
606
624
624
616
602
602
616
612
608
610
600
592
594
584
582
586
590
588
594
596
600
602
602
604
606
614
596
628
660
638
656
616
632
614
622
602
626
624
620
616
624
630
636
612
630
630
620
610
614
616
606
590
590
618
630
638
648
660
662
662
652
646
650
648
638
632
634
646
640
662
664
654
658
648
644
632
634
636
634
642
642
652
652
660
656
646
644
640
622
634
640
642
632
646
634
656
644
632
636
622
626
628
634
640
648
648
646
650
650
638
630
616
636
628
630
634
634
632
632
630
622
620
624
628
626
632
636
640
638
634
630
632
632
634
634
618
650
658
648
648
648
662
624
634
634
628
642
626
652
646
656
648
642
658
646
614
618
630
638
658
672
678
670
660
668
666
664
660
652
646
646
646
634
628
628
618
610
616
622
630
634
626
676
680
686
680
678
672
662
684
662
644
634
628
622
624
614
606
600
612
634
656
670
658
664
658
658
658
646
650
654
646
650
650
634
642
676
680
672
676
644
628
628
614
616
628
666
672
682
690
690
692
688
686
674
666
672
670
660
662
658
658
650
652
632
638
638
650
652
654
654
656
636
628
626
622
626
624
654
668
644
668
674
668
664
682
654
620
602
596
606
592
616
624
618
620
584
594
594
592
578
616
646
664
676
672
662
680
672
642
652
652
662
680
676
684
678
684
666
660
654
652
650
654
646
648
642
652
634
642
638
644
642
642
644
632
650
648
642
646
636
638
632
672
672
662
670
666
654
670
634
616
608
612
620
608
606
706
708
708
716
716
724
718
718
690
686
674
664
640
658
662
652
652
632
636
660
672
654
664
662
652
650
658
654
654
658
630
622
610
620
620
620
650
676
664
670
654
652
654
644
660
652
658
664
666
674
668
674
638
624
642
642
630
638
630
624
642
684
714
708
708
668
620
614
610
606
614
606
622
630
606
646
642
634
646
642
650
650
652
648
646
640
648
622
606
604
612
620
650
656
678
702
692
700
694
694
688
670
676
664
664
656
658
654
656
662
654
658
650
682
680
672
684
654
640
636
624
632
666
676
670
678
678
686
668
706
696
694
710
670
658
664
654
642
630
636
646
650
644
628
632
652
632
656
652
654
642
658
634
614
588
598
594
588
632
664
698
718
718
762
714
696
682
666
650
648
634
624
622
618
618
618
620
624
624
604
604
632
636
646
648
648
652
662
644
642
660
636
618
608
616
622
618
654
672
680
666
688
686
672
676
658
648
642
636
622
614
616
598
608
602
598
616
630
652
666
664
650
690
660
662
632
616
616
612
608
602
652
674
668
680
708
708
688
704
674
666
658
656
662
638
646
644
640
672
684
684
670
678
664
666
674
666
650
654
660
648
638
648
652
646
640
646
644
642
642
636
626
626
622
620
618
628
624
620
660
668
674
660
668
664
654
650
642
634
642
648
646
652
632
638
624
626
618
626
658
680
702
700
688
696
686
704
680
656
654
652
648
636
640
632
636
640
636
642
644
636
640
646
644
648
650
644
638
630
640
672
692
686
678
680
644
636
620
608
588
598
596
606
638
614
654
664
670
688
692
668
686
674
644
632
632
634
622
624
624
612
612
620
618
634
626
632
622
618
622
620
622
624
628
636
620
618
628
622
600
624
608
644
662
690
690
674
680
674
668
662
680
660
642
636
626
600
616
608
612
614
618
622
616
626
666
670
660
680
680
678
672
680
684
666
654
648
656
644
666
668
680
678
672
672
670
668
648
646
644
642
642
648
644
656
640
638
664
674
666
676
666
672
658
654
664
662
648
666
654
634
640
638
644
652
684
678
702
686
678
696
668
660
658
646
616
642
628
672
668
666
660
668
644
630
640
636
660
642
680
696
712
732
716
722
672
658
654
644
644
640
636
638
652
670
670
662
660
630
638
638
628
654
658
680
652
688
724
696
674
658
656
650
650
648
646
654
646
636
636
636
632
640
638
648
674
682
676
654
636
640
636
626
630
636
666
662
672
662
660
656
648
644
632
644
632
668
660
642
660
620
614
618
612
606
646
654
670
696
716
728
736
722
726
736
708
686
684
680
682
682
676
666
680
686
716
722
706
702
678
670
660
642
616
624
608
596
602
656
632
656
674
666
662
688
690
678
686
688
682
672
684
664
646
632
624
636
634
636
632
652
648
666
676
664
674
640
628
618
604
606
612
622
684
658
720
676
676
658
652
644
654
644
662
664
662
656
668
654
632
618
630
618
624
630
628
662
682
706
668
672
680
676
676
666
666
670
664
662
660
674
688
698
692
678
688
688
692
686
704
676
676
678
668
666
662
662
656
656
654
656
662
668
674
682
690
678
678
682
654
636
642
652
630
652
644
648
642
644
644
656
662
680
690
696
676
698
664
676
660
656
604
622
610
610
606
610
668
682
716
720
734
726
716
710
702
714
688
658
646
618
608
600
604
604
606
642
666
678
676
658
676
646
622
614
610
612
616
614
608
614
604
608
600
636
638
636
634
652
654
656
646
648
628
622
626
632
632
638
636
624
644
636
626
628
640
650
656
674
666
664
664
658
656
660
660
670
674
678
668
666
676
676
670
678
684
674
676
674
680
672
682
654
652
642
652
652
644
644
672
672
692
684
678
692
678
664
660
670
660
650
646
642
634
636
628
654
642
632
650
646
630
648
646
648
640
640
650
648
656
664
664
670
672
654
654
656
666
644
642
648
680
678
644
646
628
622
628
632
736
708
766
764
754
754
766
734
688
660
682
650
660
666
660
684
702
708
704
700
706
672
672
666
642
648
650
636
640
634
664
674
670
674
682
688
692
690
668
656
648
624
614
636
632
622
660
664
664
668
672
658
664
660
644
662
654
660
646
656
652
654
654
646
658
660
664
666
664
662
658
652
658
640
634
644
636
672
680
670
680
672
664
650
654
646
646
662
672
692
660
728
688
678
672
660
666
666
658
648
642
640
626
632
626
646
644
654
660
666
658
666
656
644
652
642
632
634
630
622
618
624
606
640
650
664
660
654
650
642
636
636
646
650
660
664
662
666
686
690
676
674
676
690
664
672
684
680
698
690
688
704
658
660
648
638
628
634
638
634
654
674
682
676
680
682
680
666
672
664
658
666
646
646
636
638
640
644
636
664
666
654
650
646
620
624
630
610
614
646
618
644
658
670
662
670
678
660
664
658
664
650
652
620
628
624
668
684
688
680
688
650
616
630
622
604
614
622
646
672
700
718
718
728
714
720
700
694
680
688
686
670
674
680
674
666
678
678
670
676
654
632
624
628
624
620
620
626
630
610
670
684
688
702
688
708
696
700
714
676
682
646
634
634
642
628
662
674
678
676
680
646
640
624
620
608
612
644
652
626
700
674
662
660
656
650
638
656
640
634
662
664
660
672
654
648
646
658
652
650
652
652
644
636
650
646
644
616
624
624
610
616
680
696
682
678
676
632
652
654
658
664
652
666
684
694
680
672
692
660
622
610
628
614
616
624
660
672
698
712
698
700
676
638
654
656
642
654
632
640
632
630
642
676
670
680
686
682
674
684
674
676
684
674
662
666
646
646
654
654
666
660
676
666
684
668
680
634
648
650
642
644
650
646
636
632
630
614
618
618
612
662
670
668
664
650
610
602
624
624
676
668
656
658
648
604
598
610
590
588
600
594
640
654
664
658
664
628
630
622
622
602
608
616
618
612
678
680
658
652
654
652
626
644
644
636
640
600
596
606
606
608
610
626
582
584
582
570
594
606
628
592
590
586
592
586
572
570
566
604
606
626
630
626
628
638
594
596
604
588
594
588
588
600
636
626
668
734
668
682
688
634
630
650
644
624
630
662
638
658
716
706
706
704
666
676
668
668
662
686
684
684
654
604
602
596
558
558
560
556
576
614
660
672
702
672
712
712
696
712
692
710
682
648
674
648
642
650
618
624
620
616
620
626
630
622
624
622
658
624
628
636
614
636
612
608
608
598
598
612
632
636
616
638
658
654
656
664
664
668
656
628
644
638
628
612
638
626
654
656
664
650
656
674
662
660
676
630
612
616
598
610
644
674
664
658
668
628
612
584
592
582
578
582
572
656
664
688
676
682
670
650
656
654
658
652
602
606
604
588
576
566
550
554
542
540
572
618
758
772
720
734
710
674
660
646
662
656
652
658
654
714
684
674
638
628
614
586
590
586
578
604
586
618
630
620
608
650
618
638
626
638
616
626
612
636
674
688
694
694
678
666
660
636
646
650
648
692
688
694
698
680
676
670
660
642
626
612
622
618
614
682
666
664
660
664
656
654
644
636
628
632
634
648
692
694
684
684
644
630
606
616
604
580
584
598
680
672
704
706
688
696
662
640
620
614
610
620
602
602
596
652
640
626
646
626
648
658
654
648
648
638
646
630
642
642
650
656
640
626
624
624
612
660
672
646
656
624
608
606
606
598
638
642
628
642
606
622
604
606
594
596
598
590
588
590
578
588
580
612
622
612
622
608
618
644
680
704
684
676
630
638
604
596
600
594
590
588
592
594
586
614
604
628
632
642
632
634
642
624
632
614
614
598
600
604
602
636
642
634
638
632
630
614
616
608
610
624
618
602
634
628
608
610
618
608
614
620
642
660
666
670
628
626
616
612
604
618
638
634
628
660
670
660
664
650
656
652
654
658
656
658
660
636
644
636
634
624
652
640
664
652
650
652
662
654
658
654
654
640
642
646
602
618
622
610
620
656
680
674
666
642
654
622
612
612
612
602
610
610
620
608
618
618
606
622
622
616
600
618
624
600
610
614
600
596
600
602
600
610
614
628
646
676
676
656
670
626
636
604
608
608
644
646
658
678
682
682
688
688
658
638
628
638
630
632
628
644
636
646
648
640
636
662
698
698
676
692
666
650
644
658
656
652
658
646
688
678
686
676
676
644
642
642
638
660
632
708
682
688
652
648
658
662
660
650
626
618
630
616
628
620
650
670
680
652
660
672
680
704
690
676
670
656
610
624
616
616
630
688
720
716
716
718
714
710
692
662
652
652
638
642
636
664
664
664
672
668
654
648
658
648
668
674
670
622
612
634
626
630
608
618
612
644
652
652
634
640
686
680
664
672
618
618
598
592
584
594
632
614
638
670
700
698
674
684
658
634
632
630
634
628
638
624
644
646
626
646
636
620
628
624
620
608
604
630
620
606
632
596
592
568
578
608
624
618
612
594
574
558
566
546
564
562
572
570
564
574
564
556
544
544
538
542
534
534
536
534
532
524
522
522
508
512
510
506
510
504
494
516
526
530
538
532
538
544
546
540
540
546
542
542
558
552
550
554
566
554
572
560
568
556
568
550
584
574
560
570
564
554
558
554
562
568
580
606
596
610
606
598
598
600
594
610
588
594
588
586
598
574
578
586
592
586
592
618
604
606
616
602
622
588
560
556
550
550
550
550
552
546
536
568
554
554
556
544
538
544
590
562
558
554
594
586
608
616
608
592
632
584
558
580
568
562
576
584
588
590
594
596
588
586
594
602
606
602
598
610
608
588
580
582
542
552
544
560
552
568
568
568
584
586
584
570
592
580
504
608
542
546
546
540
542
538
528
576
586
570
562
578
596
592
576
586
604
610
606
630
638
656
654
668
660
668
658
638
642
622
642
626
618
626
634
628
612
640
604
606
606
610
592
612
600
634
638
630
640
634
632
624
616
616
606
626
620
612
656
662
664
646
650
638
638
630
644
634
624
634
632
670
638
646
652
656
666
652
668
656
648
646
644
632
622
630
636
630
614
634
620
632
628
