704
690
690
688
686
662
652
654
654
644
664
670
678
694
698
700
708
706
706
702
694
684
670
682
680
688
696
690
684
724
726
720
722
710
706
700
692
688
400
950
676
672
660
650
650
660
678
686
684
696
724
742
756
762
760
758
754
742
728
690
698
694
690
684
678
682
684
692
700
698
698
688
678
670
680
682
692
698
700
698
704
702
700
696
694
680
692
700
718
724
722
720
720
716
708
700
690
690
690
694
696
694
694
694
666
678
672
672
674
684
676
668
662
654
650
654
658
662
666
664
668
668
672
672
676
674
672
670
666
670
670
668
668
670
670
666
664
660
656
658
654
652
650
654
664
668
666
678
706
732
740
750
752
734
744
758
756
746
722
712
694
674
666
656
658
662
672
688
712
736
752
752
748
748
744
716
710
712
712
684
690
682
678
668
666
658
676
702
722
740
746
840
632
714
698
688
686
676
672
670
678
684
694
706
712
714
714
710
700
686
674
672
662
666
662
652
650
650
650
660
666
682
684
692
688
688
680
668
658
652
650
642
648
648
646
662
662
668
682
698
704
712
710
708
706
704
700
698
698
692
694
708
708
712
710
702
696
688
682
700
738
770
776
758
732
706
680
668
640
652
676
680
684
696
712
702
712
722
742
756
756
764
760
756
834
638
710
702
692
694
686
678
674
690
702
720
716
724
726
718
720
716
700
694
686
664
658
656
650
642
640
642
646
664
688
716
738
758
780
778
792
786
778
744
726
710
698
690
688
692
692
692
718
716
710
720
720
718
708
686
664
654
654
648
654
666
674
678
684
698
700
706
700
698
694
690
690
686
690
688
684
682
680
682
688
700
698
696
698
698
688
688
698
706
712
708
438
952
692
680
676
674
680
696
720
720
716
724
726
714
720
716
704
696
688
678
672
678
674
690
692
694
714
634
654
656
662
702
712
720
724
718
700
694
688
674
666
664
652
644
636
620
610
616
614
612
616
618
614
614
602
604
602
600
594
598
588
562
568
558
552
550
548
550
552
550
534
518
510
508
524
514
514
496
474
518
500
502
478
484
492
494
490
470
482
492
480
464
468
466
464
464
470
454
462
508
476
476
490
490
494
496
486
488
492
490
500
510
506
504
520
540
552
562
568
558
564
586
594
586
588
590
594
594
604
608
578
588
590
588
598
602
602
600
604
616
614
642
648
642
666
672
674
674
682
676
664
682
682
668
684
692
680
692
688
696
714
704
684
664
668
668
666
694
710
708
738
710
656
692
674
662
672
656
658
674
662
674
696
688
682
690
712
710
702
690
670
662
658
674
682
704
716
722
744
758
754
740
712
670
664
662
676
674
688
690
694
684
684
678
678
686
698
706
730
738
706
708
716
706
702
712
746
738
722
706
738
726
718
694
700
712
720
736
748
738
732
738
740
724
704
686
692
698
700
706
698
702
718
712
752
786
794
778
784
788
786
770
778
778
788
776
756
742
748
754
734
732
724
704
712
736
746
746
732
730
742
744
740
754
758
750
754
758
756
718
728
736
742
738
742
718
722
738
738
736
736
738
746
726
734
784
792
798
772
770
758
758
758
758
754
752
742
744
738
752
760
760
748
734
740
730
750
774
796
766
776
764
756
752
748
750
726
738
746
756
772
758
730
712
694
686
690
690
708
702
702
696
702
714
720
738
746
746
752
746
730
708
694
690
692
698
698
688
708
736
748
748
746
744
716
724
722
702
704
724
750
798
806
778
786
788
766
760
744
732
728
728
726
748
760
760
758
740
750
742
734
734
726
724
724
712
704
700
700
692
696
700
706
700
702
704
700
692
686
708
742
772
772
774
770
722
730
726
706
710
706
724
728
744
708
722
730
720
724
710
702
694
686
672
706
744
794
808
824
826
830
814
800
754
764
768
764
754
744
728
392
1018
676
674
668
664
668
668
716
764
798
820
820
832
824
812
802
786
762
750
742
734
722
724
718
720
726
736
746
746
766
766
770
770
764
754
736
722
706
702
702
696
700
702
708
720
714
706
702
704
702
698
700
702
710
716
706
696
688
676
644
660
660
680
704
712
708
702
678
690
700
696
694
706
724
732
742
740
726
736
720
718
706
720
728
736
740
750
758
760
758
760
744
746
744
730
728
718
724
722
718
708
722
738
732
738
730
726
718
722
706
720
716
706
698
706
716
710
710
706
704
706
704
698
722
768
778
776
758
742
744
726
710
716
706
712
706
726
740
752
752
748
730
716
708
700
696
696
696
696
684
694
702
704
724
752
744
750
748
746
732
744
742
738
742
738
726
740
750
740
734
742
738
738
744
750
756
754
746
728
714
684
698
686
708
744
762
770
774
768
770
786
782
776
760
752
742
722
726
734
744
762
752
774
764
788
802
804
782
778
758
746
726
718
720
722
738
706
730
750
752
744
748
740
734
742
762
768
760
754
752
754
738
728
702
716
724
732
740
714
730
728
724
738
740
750
776
796
804
806
802
790
786
774
776
772
756
756
750
754
732
720
742
754
758
778
790
786
778
768
748
736
732
720
720
716
728
764
788
806
808
812
810
796
788
762
744
728
718
712
716
732
756
780
784
764
762
754
760
754
750
754
752
754
734
708
694
698
702
704
736
750
758
762
748
752
784
794
784
776
762
746
732
720
700
720
736
752
772
774
772
776
762
762
740
754
764
772
768
770
770
762
730
754
750
760
760
762
744
748
736
718
728
728
730
730
724
718
706
714
726
728
730
730
732
730
730
722
724
724
718
706
716
724
706
706
704
708
728
714
726
740
740
736
734
722
698
692
690
694
708
716
730
752
764
770
762
758
716
740
728
736
754
752
750
758
776
784
752
750
750
718
714
694
698
686
694
696
700
704
724
726
732
738
720
744
762
752
742
742
736
730
716
708
702
696
702
710
728
750
770
786
814
782
802
828
810
778
768
768
752
716
726
744
748
734
730
724
720
716
722
692
724
740
762
794
782
776
768
754
716
730
732
728
734
736
726
730
732
730
728
726
728
740
754
768
760
804
814
828
830
824
816
808
780
780
764
746
748
748
754
752
728
738
738
730
726
738
730
740
752
768
776
792
806
806
806
768
788
790
780
760
764
770
798
804
804
790
778
770
760
758
732
752
760
774
786
804
806
802
780
756
760
754
746
746
740
724
722
714
706
698
714
732
742
748
776
794
794
784
770
738
752
752
746
748
744
734
730
742
760
764
778
776
776
772
742
732
742
740
738
748
750
738
736
728
722
730
724
724
728
722
704
696
706
714
722
730
728
722
716
670
682
674
668
672
680
688
694
700
710
718
724
734
760
766
772
754
752
768
776
774
750
746
740
734
730
718
730
736
728
724
716
722
730
740
728
756
748
734
730
746
758
768
778
784
782
778
772
746
756
754
756
752
750
754
762
766
764
756
766
760
748
742
744
740
716
718
712
702
712
710
708
714
722
736
752
760
786
808
818
804
830
834
836
800
786
794
792
788
746
762
762
756
760
762
744
770
758
770
776
764
764
754
754
756
762
772
766
764
756
732
740
748
746
758
768
772
760
784
800
788
782
802
804
800
794
780
780
762
760
778
770
778
760
770
782
784
782
782
782
772
778
778
774
774
762
748
746
724
740
752
780
792
780
772
768
750
712
726
742
762
764
794
808
790
814
818
808
794
788
764
754
738
730
710
722
736
774
782
774
764
748
724
736
744
742
744
744
744
744
744
744
750
766
756
788
784
790
786
762
770
780
774
774
766
770
758
752
742
732
722
746
768
772
780
786
786
774
784
790
784
784
760
774
770
768
772
768
762
754
762
766
768
770
770
786
788
772
774
772
762
750
740
708
716
716
712
698
690
714
722
728
720
724
740
724
734
752
746
752
754
778
778
748
754
766
768
752
726
750
746
752
758
776
784
778
764
774
790
782
780
776
766
756
748
754
770
758
748
742
754
742
766
762
774
768
762
774
784
786
798
800
814
806
786
752
796
798
770
758
748
760
774
766
768
756
770
764
766
764
754
752
756
754
758
768
778
774
784
784
782
768
756
748
744
740
740
738
738
750
744
744
740
742
732
722
754
768
770
778
780
788
782
770
764
756
752
718
742
750
750
752
756
748
736
730
728
708
724
738
736
742
738
726
702
716
726
740
740
756
744
712
698
686
674
676
716
752
780
818
834
852
828
852
850
850
834
812
800
782
772
766
754
754
746
752
750
752
750
756
748
760
782
780
774
758
750
740
730
722
722
724
738
750
764
778
776
794
792
788
786
770
766
760
752
744
740
738
738
734
732
712
734
742
746
750
746
762
766
768
760
750
748
726
716
710
704
712
732
734
744
770
786
792
798
796
784
788
780
760
766
750
740
734
726
720
720
718
720
724
730
742
756
762
788
786
790
788
772
774
776
772
758
746
732
708
716
718
726
738
736
734
732
706
720
712
708
688
704
716
714
720
726
722
708
708
730
754
762
778
792
794
780
796
802
798
790
788
776
776
768
762
744
732
722
702
720
720
712
718
730
720
758
774
760
746
762
762
764
754
746
748
736
724
730
744
758
770
772
778
776
774
736
760
752
736
732
722
708
716
714
710
708
712
718
712
714
714
714
738
736
740
740
730
724
718
702
716
704
702
706
706
708
714
706
728
724
732
756
768
762
754
750
742
722
720
724
714
718
718
716
704
686
702
698
696
712
720
716
722
714
712
710
688
710
712
720
738
744
750
744
754
754
748
734
720
732
736
736
740
740
740
716
722
700
726
732
734
736
738
716
722
716
704
692
688
698
704
706
710
694
704
708
714
708
714
714
706
706
710
692
704
708
712
716
710
704
692
684
680
678
692
730
724
782
818
820
830
798
804
796
762
776
778
778
776
772
756
766
782
784
784
744
756
744
738
760
762
724
746
744
760
768
760
754
734
730
718
716
698
700
676
700
712
722
736
760
782
800
814
828
824
822
812
786
760
748
746
736
744
744
738
740
754
758
752
758
768
778
776
770
766
744
750
748
746
754
760
748
768
764
760
764
770
772
750
758
764
758
756
758
756
728
748
752
756
766
768
798
812
834
826
804
810
806
786
784
780
770
758
752
746
732
724
732
716
748
784
816
826
810
806
792
778
760
728
750
750
756
756
754
760
758
764
764
774
780
776
776
774
762
722
702
724
734
750
762
774
774
770
728
746
726
722
728
724
724
720
724
738
772
788
800
800
802
812
804
808
806
796
784
774
736
732
730
720
718
722
738
740
724
734
744
750
746
718
718
738
758
764
768
764
736
748
754
762
764
764
752
736
690
708
710
728
740
726
784
806
832
846
840
836
818
802
790
774
782
782
764
732
780
790
800
792
762
770
774
764
750
722
728
728
730
734
740
740
738
714
736
736
734
734
752
740
742
744
744
756
754
756
752
750
748
738
738
744
736
714
734
740
732
722
748
786
758
794
802
796
780
766
736
754
742
728
698
712
728
732
736
736
734
726
724
722
716
734
748
754
760
742
752
756
754
750
732
722
714
692
682
676
680
692
720
738
752
750
762
766
754
710
728
730
736
744
718
736
736
732
708
720
718
716
724
720
714
706
702
692
686
694
706
706
730
776
840
856
870
854
832
814
802
784
770
756
752
744
744
724
734
728
754
768
778
792
784
784
770
780
770
774
774
768
772
758
732
746
732
724
718
714
716
712
722
740
744
744
756
750
758
756
756
756
756
736
772
790
800
796
762
764
734
732
732
718
724
726
726
752
758
774
808
802
788
776
744
754
748
736
706
716
708
708
702
702
702
706
722
728
744
766
780
786
782
754
794
784
778
732
718
756
764
746
726
726
728
712
720
702
736
748
778
794
796
784
760
746
736
746
748
748
762
762
762
758
752
760
772
752
780
796
800
798
788
774
756
744
746
746
746
754
736
752
764
766
768
766
752
748
744
732
734
738
734
732
736
740
754
758
762
762
762
764
762
768
760
758
756
752
756
758
736
750
758
750
770
778
778
770
790
796
802
798
772
790
782
790
786
792
794
790
790
788
776
772
760
748
762
768
778
736
760
758
750
768
758
758
746
738
726
728
730
742
764
776
792
816
824
812
792
808
808
822
798
806
804
796
786
790
792
786
788
790
788
788
790
796
782
776
774
770
732
758
770
768
764
744
734
712
728
732
756
790
808
832
848
848
852
854
844
836
814
790
792
800
794
790
786
780
792
808
806
808
810
820
820
816
802
802
770
762
772
786
774
774
772
758
768
772
774
782
784
794
804
818
814
822
820
818
806
802
788
792
792
790
794
766
782
782
786
808
804
796
818
838
854
838
820
824
822
820
790
808
798
792
762
786
798
804
796
816
822
802
814
808
808
792
804
812
808
780
796
800
812
816
794
794
794
790
776
762
756
752
750
712
758
776
802
820
828
810
810
794
802
794
796
760
776
774
770
762
734
738
738
734
738
736
744
752
768
772
746
798
822
838
824
808
780
772
772
766
768
762
776
792
806
786
802
824
834
830
830
832
832
830
836
844
850
852
862
850
818
838
846
836
800
832
834
798
820
840
850
832
842
842
830
838
836
836
800
810
820
816
822
824
820
818
806
792
794
796
802
838
814
828
840
826
814
778
786
776
780
776
786
768
782
796
818
824
834
808
808
816
818
832
846
838
822
834
790
802
784
766
740
722
716
712
716
724
716
722
742
746
736
734
732
730
730
732
732
754
772
764
782
788
798
794
788
776
776
774
772
774
774
794
792
796
794
802
808
810
806
800
786
778
734
752
740
736
742
756
750
728
744
762
776
774
766
750
748
736
740
730
732
732
728
732
750
762
776
794
806
812
830
834
836
836
828
798
812
796
786
774
764
760
758
758
750
766
776
774
784
778
754
728
742
744
752
754
758
766
756
770
784
784
772
750
768
764
750
748
732
732
726
730
736
726
730
738
752
770
768
762
778
782
784
776
766
764
758
734
752
764
770
766
766
748
740
752
762
766
780
770
740
756
760
760
758
740
748
748
754
758
776
786
798
790
804
800
786
756
716
744
738
750
758
758
742
720
746
754
756
760
756
738
714
726
724
724
732
740
732
726
728
750
764
774
768
762
736
744
744
740
730
730
728
730
728
734
730
732
744
760
776
788
764
784
780
794
788
764
744
716
700
710
700
694
698
696
704
684
710
736
776
792
802
810
800
794
784
792
790
780
742
770
766
758
756
738
750
768
772
768
788
796
816
810
816
798
780
798
802
800
800
776
758
740
734
740
732
738
746
750
746
756
766
738
758
774
740
758
744
746
728
738
716
720
710
716
712
746
774
804
848
854
852
846
842
826
820
804
794
788
778
784
788
768
804
826
824
818
788
818
810
792
766
762
740
720
740
738
746
746
750
762
768
770
794
776
808
810
810
804
800
758
750
754
754
748
734
730
714
740
742
752
746
740
762
778
776
772
774
764
756
714
722
740
750
758
748
774
766
766
764
752
720
734
722
714
700
696
702
698
716
740
752
796
808
804
788
802
812
802
792
770
768
754
740
750
754
766
774
790
800
812
800
796
820
824
822
786
786
774
748
730
714
706
702
700
694
728
734
762
782
788
796
806
816
810
780
804
808
804
768
770
768
760
752
752
754
732
766
786
806
810
802
788
776
774
772
772
772
772
774
778
776
766
766
790
796
810
798
792
770
768
748
762
758
746
726
726
698
706
714
732
724
726
760
776
776
744
766
752
720
758
776
780
784
784
770
744
760
754
744
712
756
772
788
788
780
772
736
764
768
776
760
744
736
736
716
742
760
780
796
796
790
758
726
750
744
748
746
750
758
768
760
748
740
732
728
726
740
736
718
766
776
776
758
734
756
758
762
764
760
752
740
730
702
716
700
692
716
758
798
816
830
834
852
844
814
802
790
790
776
754
730
732
732
728
732
722
728
746
754
780
782
788
778
770
804
824
814
822
808
794
768
766
760
746
760
776
778
788
762
780
786
778
758
744
738
744
740
724
754
770
790
764
804
814
814
810
796
782
756
760
758
760
758
752
750
746
744
742
740
742
740
738
742
748
752
754
796
810
812
796
792
790
774
774
794
800
800
814
812
816
810
814
806
786
780
786
770
770
788
798
806
808
778
798
796
788
774
748
742
728
720
674
706
700
696
718
740
750
760
768
772
774
758
786
792
790
780
774
738
752
754
744
738
718
730
726
730
750
764
776
766
742
786
816
824
812
804
786
772
752
738
734
714
742
760
768
776
762
778
772
766
748
734
730
718
722
724
740
748
776
796
820
834
834
832
822
774
810
818
804
808
800
788
796
784
776
784
802
812
824
834
838
862
860
864
864
868
858
854
864
866
844
872
878
874
836
868
878
856
840
818
822
826
788
814
852
876
892
888
898
892
858
874
868
866
876
866
842
844
840
828
810
782
810
814
802
800
806
802
812
810
808
798
776
800
820
820
790
810
808
810
806
778
772
760
758
776
782
798
802
804
814
808
780
792
784
788
812
822
838
860
856
854
844
840
846
846
862
878
880
864
854
846
830
834
828
882
908
898
902
900
878
866
854
840
832
824
798
806
796
794
794
802
810
820
838
814
828
848
826
814
814
792
784
794
798
806
802
796
758
784
758
782
800
812
808
780
810
818
820
816
766
778
772
764
748
724
706
730
748
754
764
748
724
760
782
774
774
798
804
792
790
766
766
756
738
734
724
716
716
718
734
748
774
794
826
842
824
822
816
832
836
842
830
790
794
784
762
790
806
820
830
814
826
838
838
822
790
810
814
836
826
810
798
800
798
786
776
762
748
776
788
770
796
802
796
786
786
774
768
756
766
790
790
802
794
808
806
806
804
786
780
764
756
748
756
752
756
754
754
764
780
784
792
786
788
804
806
790
802
804
798
782
768
754
738
732
748
774
796
794
822
844
840
834
822
802
792
772
764
744
756
774
782
790
800
788
768
760
764
760
766
778
790
796
812
796
792
782
774
768
788
782
786
784
778
762
764
746
732
742
760
784
802
804
788
812
834
836
844
806
798
768
760
754
758
746
774
794
784
782
778
794
826
834
840
832
776
808
814
808
798
798
798
790
770
742
766
782
804
814
814
814
776
802
826
818
810
804
794
798
814
834
832
800
810
816
808
806
780
762
758
746
770
794
806
812
780
814
830
824
818
792
774
770
766
762
766
786
804
820
832
830
858
876
898
894
900
888
862
826
842
848
814
806
782
782
790
788
786
772
802
824
828
834
838
836
830
804
802
812
808
798
798
812
812
802
794
788
774
762
748
744
744
746
798
846
870
868
862
822
868
880
864
858
830
822
802
768
760
764
742
764
770
802
800
802
792
780
778
772
762
764
788
802
810
810
802
792
780
772
758
742
736
704
728
738
758
786
786
800
800
836
842
826
822
794
802
790
770
752
730
722
714
712
702
732
802
858
856
868
860
842
816
824
814
808
790
794
790
782
778
772
768
762
766
772
768
788
816
790
816
804
814
824
812
758
766
782
780
786
778
756
754
732
732
742
748
766
768
764
804
820
830
838
834
836
828
792
754
776
776
780
790
800
806
784
798
810
804
788
800
810
810
816
814
808
780
738
788
770
854
880
894
856
828
814
804
794
782
772
794
802
814
792
802
802
804
790
772
744
746
734
728
722
726
724
718
722
732
744
754
776
794
796
820
846
840
826
808
796
776
760
736
718
720
752
772
788
796
828
860
872
870
832
836
830
786
808
810
798
808
798
794
802
806
808
800
808
840
844
810
826
834
824
816
820
782
790
776
780
786
800
800
796
798
798
792
776
774
788
794
790
808
806
814
824
804
818
818
806
772
800
786
770
752
760
752
762
772
782
780
778
774
774
782
792
794
784
814
826
834
822
832
836
822
804
802
788
784
778
768
764
752
746
742
756
774
788
804
792
792
792
814
830
820
816
780
796
792
782
782
784
784
762
782
798
804
800
820
826
828
826
826
814
784
808
810
816
788
806
824
822
796
810
808
784
764
756
754
732
760
780
758
808
834
834
836
834
830
820
802
790
782
780
780
782
788
784
786
766
794
820
834
816
814
808
786
780
790
772
804
810
826
816
826
800
796
794
796
794
760
786
796
794
800
790
760
740
740
738
742
740
736
698
750
782
810
826
818
834
852
844
842
824
790
798
794
780
782
776
770
732
758
744
872
912
916
898
892
866
844
826
792
786
780
778
748
772
786
794
772
794
812
806
790
786
770
778
782
786
786
818
824
826
808
782
776
790
800
820
814
806
788
774
760
746
702
738
756
768
786
798
804
810
786
810
796
764
766
774
776
794
780
808
812
800
800
804
800
800
792
782
762
756
746
746
744
734
798
844
866
854
854
860
846
804
824
824
812
798
786
766
742
724
710
672
720
766
818
842
858
858
892
908
904
888
862
840
824
794
808
800
798
796
766
776
774
760
762
756
750
734
718
742
766
780
754
796
806
802
794
770
756
754
736
742
778
802
822
830
794
838
852
848
840
834
824
820
816
814
792
782
782
788
788
794
806
802
816
782
816
832
842
842
830
812
842
848
832
818
800
798
774
760
758
758
756
756
762
772
780
794
802
788
772
792
816
836
812
842
860
860
838
830
842
834
818
788
802
798
804
798
796
812
814
822
796
824
820
820
796
818
824
816
794
802
814
834
826
806
806
810
808
802
810
826
828
804
816
824
830
804
806
806
800
772
798
806
816
786
820
824
808
766
776
774
768
756
766
770
786
798
810
832
840
824
794
772
762
772
774
776
772
758
770
784
764
782
802
796
780
812
822
818
778
784
796
794
762
780
764
772
772
778
784
806
808
800
782
784
790
786
786
780
754
738
736
742
760
798
814
816
820
756
780
774
772
786
780
804
810
802
794
770
752
748
736
742
