768
714
694
702
702
698
702
700
690
666
660
650
640
624
620
620
646
656
666
658
650
634
614
602
598
600
608
632
642
650
662
664
662
662
644
638
664
674
696
702
704
700
692
658
650
644
628
612
600
600
604
612
636
640
640
644
638
632
638
628
624
626
652
680
694
716
726
720
714
702
676
652
644
640
664
670
680
676
656
654
644
634
620
620
638
678
714
724
712
728
732
752
742
706
688
670
672
684
690
698
702
706
704
680
666
656
664
682
674
670
668
662
662
640
632
636
652
674
682
704
700
678
676
674
646
632
644
658
662
730
714
710
708
692
696
682
676
656
660
682
694
704
696
686
662
656
640
628
616
610
618
622
678
692
668
668
478
794
622
622
642
640
640
714
576
644
632
618
616
602
596
592
596
602
596
600
596
590
588
586
600
596
622
606
600
588
586
590
576
584
582
578
582
586
584
584
580
578
576
576
572
566
566
566
562
562
554
550
552
570
576
576
574
564
602
586
586
590
574
576
562
556
554
550
544
542
544
544
542
542
544
530
536
536
534
540
548
550
550
548
546
540
544
548
554
554
558
558
570
590
582
584
580
584
594
588
586
574
564
558
548
542
538
530
532
540
548
542
544
564
568
576
580
598
612
636
614
630
676
652
618
608
588
584
586
580
564
578
552
556
562
562
572
568
576
592
584
362
712
790
602
638
598
594
586
596
604
602
602
598
580
568
584
542
564
584
600
596
604
602
582
578
584
596
600
626
616
626
628
628
638
568
610
620
594
628
644
608
596
594
554
564
566
576
584
600
586
598
588
642
608
614
618
630
620
642
636
626
634
608
594
588
590
588
590
586
574
580
578
584
590
590
584
600
610
612
630
628
626
610
594
584
598
596
590
618
648
632
650
676
692
678
662
664
668
670
688
692
688
682
690
700
712
696
698
704
706
688
656
656
664
690
690
688
664
672
652
634
620
612
640
680
684
690
662
664
666
690
676
676
694
704
702
708
680
662
642
648
672
654
658
692
694
700
706
702
684
668
650
636
644
660
686
696
678
666
648
646
658
658
688
668
670
644
642
654
674
666
684
692
688
690
670
652
632
620
602
592
586
590
618
624
612
602
602
604
612
608
608
622
618
694
678
688
666
658
664
656
652
638
638
640
630
618
624
630
642
638
636
638
636
620
622
620
620
626
654
658
664
658
660
654
658
640
628
630
628
628
646
630
678
660
668
676
670
652
646
654
658
666
668
668
666
648
626
630
632
628
618
608
600
602
604
614
636
638
652
648
646
648
646
622
626
632
662
654
650
646
640
624
608
604
612
614
618
616
618
628
626
638
628
622
622
636
650
654
654
664
680
682
686
680
658
656
674
664
676
664
654
654
652
648
626
620
630
634
644
644
662
676
680
686
686
668
660
688
700
716
710
698
690
690
676
672
654
646
652
658
688
676
660
668
656
668
660
644
630
640
652
684
690
686
694
714
732
728
718
712
710
706
682
678
680
684
686
664
662
666
658
686
658
644
656
660
650
662
662
676
670
660
636
616
616
606
608
610
628
646
636
654
678
690
694
698
696
684
662
668
664
634
634
632
620
616
596
594
604
616
632
642
646
652
646
648
650
652
658
646
636
632
638
646
658
668
660
654
662
636
642
634
640
618
630
628
624
632
644
634
628
636
636
636
624
614
626
614
620
622
618
622
624
610
610
612
610
610
622
636
620
612
610
616
612
690
666
646
636
646
660
650
714
690
674
680
680
734
720
710
690
706
708
704
678
674
696
682
736
688
678
690
698
714
704
686
704
700
746
696
676
672
692
712
712
694
696
706
718
714
682
678
684
704
716
706
690
690
694
690
682
666
670
700
720
728
712
698
694
668
646
640
658
670
662
666
686
692
680
664
664
688
706
696
682
680
698
708
712
694
706
740
748
744
728
718
726
726
720
696
712
724
710
758
724
712
730
734
728
712
720
720
720
712
686
702
714
730
714
700
714
724
734
716
700
722
724
714
706
734
746
762
748
744
746
746
746
732
720
734
744
726
692
714
726
736
744
716
704
720
722
726
718
694
676
678
690
674
666
672
686
690
678
670
648
628
622
634
660
662
660
666
684
700
718
722
710
706
708
714
710
708
674
696
698
722
718
710
716
728
738
734
716
692
712
696
736
680
684
700
708
724
694
678
704
720
724
702
686
694
698
714
690
686
712
722
726
696
698
714
730
760
738
712
730
732
746
714
710
746
760
762
724
708
730
714
704
686
678
676
676
684
678
682
696
702
706
706
692
676
666
680
692
712
692
686
698
716
722
718
696
694
702
714
712
684
674
682
674
658
634
640
650
646
646
654
670
668
654
646
638
650
666
672
672
670
686
710
732
744
728
712
710
714
702
686
672
682
690
716
696
740
702
714
724
738
740
714
724
728
734
736
706
696
710
708
714
702
686
688
688
692
684
668
660
662
680
694
682
682
696
706
716
708
684
684
700
706
718
722
724
722
732
742
744
718
682
668
658
672
678
678
676
664
684
694
710
690
674
678
696
714
718
700
688
706
710
718
698
688
694
694
710
702
682
680
694
700
676
670
664
668
686
684
664
654
662
680
694
708
694
672
686
700
688
670
664
666
658
728
684
678
688
690
684
660
662
644
636
632
632
640
646
638
620
614
612
616
652
666
658
654
672
678
680
676
684
660
648
644
642
664
670
674
670
646
654
656
660
674
690
690
692
672
660
632
626
632
650
660
680
686
686
684
664
654
642
658
678
702
724
718
718
690
660
650
658
678
676
682
682
666
658
646
626
618
624
646
642
626
622
630
638
628
626
614
600
596
592
606
620
628
626
624
624
614
598
594
598
622
622
622
620
624
646
644
648
630
612
608
606
616
644
640
644
638
632
620
620
600
592
586
574
580
598
626
600
652
626
624
622
624
616
626
632
626
624
632
642
626
678
632
626
622
626
632
632
636
620
628
618
608
620
636
650
644
642
630
640
638
656
646
632
624
624
640
650
678
666
664
670
684
690
690
674
656
654
666
670
662
654
642
634
636
636
622
624
634
646
656
640
638
640
646
646
646
620
642
660
650
644
632
618
606
592
600
624
628
624
624
640
652
662
648
640
638
640
652
654
648
652
670
696
688
666
658
660
660
682
698
690
680
700
692
668
660
672
688
696
668
668
664
694
672
662
676
688
674
674
674
676
678
670
700
666
664
670
678
664
662
670
704
708
692
674
682
704
708
686
688
688
714
726
700
694
700
700
678
660
650
652
662
696
712
710
694
716
714
732
746
726
688
690
732
738
740
742
748
736
704
728
740
760
762
752
754
766
778
766
722
736
740
734
694
686
694
754
742
730
710
682
666
678
694
734
766
760
750
756
758
756
758
744
704
710
734
720
778
720
722
728
732
736
696
704
708
720
694
682
678
688
728
716
702
686
686
704
742
702
684
700
712
726
706
684
682
694
692
690
676
690
696
724
728
722
684
690
698
698
694
696
674
658
642
652
658
710
722
710
700
712
708
762
710
696
700
718
692
712
672
674
680
700
680
688
684
694
688
692
714
700
724
724
722
714
682
694
700
698
700
700
674
666
658
676
680
704
676
670
680
694
682
678
682
684
686
696
678
682
696
672
716
684
670
672
670
666
666
652
634
636
636
654
694
698
698
682
672
682
696
694
686
674
670
676
676
660
644
626
618
620
644
642
640
646
658
650
650
650
652
666
682
666
672
678
666
660
658
684
696
718
712
704
702
696
680
658
644
648
658
670
670
674
670
662
644
636
660
688
718
722
728
726
686
684
696
698
698
702
700
682
664
644
638
662
670
672
660
668
674
674
670
648
644
652
648
660
652
644
636
628
614
608
604
616
638
636
632
628
628
628
636
634
626
608
610
610
616
630
638
628
626
620
620
614
610
600
602
622
690
736
752
758
720
712
710
726
722
720
704
660
646
640
646
642
634
628
624
612
618
624
636
624
626
624
610
602
616
616
628
636
642
624
636
616
598
598
594
618
636
658
666
664
662
666
650
624
620
622
646
668
688
708
728
742
740
730
734
740
724
706
692
666
638
636
624
614
624
644
646
642
630
624
614
602
594
640
664
692
708
722
732
730
722
674
656
660
678
680
680
686
684
664
644
636
662
684
704
722
722
718
710
690
646
634
624
646
672
694
706
712
708
686
666
694
726
734
750
740
736
726
704
674
680
696
710
722
716
712
684
656
642
664
678
690
692
708
740
766
758
766
760
756
736
718
688
684
676
644
642
654
670
706
712
718
728
724
726
704
706
710
710
720
730
732
726
708
682
682
694
696
688
680
686
700
708
698
674
662
672
680
688
700
668
662
678
660
646
616
608
612
628
668
682
690
686
690
706
716
732
720
716
724
734
724
758
700
708
724
740
760
762
752
760
772
768
752
756
766
784
788
762
728
746
752
774
772
752
744
756
772
784
776
748
736
742
744
700
686
680
702
718
704
700
692
716
720
726
702
698
716
714
696
682
676
696
684
730
700
704
708
704
682
674
674
738
720
716
710
720
738
744
730
710
714
720
740
710
676
672
680
708
716
700
682
704
720
724
716
688
682
684
686
688
668
660
658
662
650
632
624
622
630
638
638
660
674
670
668
666
676
672
652
664
664
664
658
636
624
632
654
698
726
722
772
736
784
736
732
732
740
752
742
714
736
732
740
726
700
720
716
728
690
688
684
688
684
678
650
646
626
610
604
608
630
642
652
654
658
644
620
612
604
590
602
632
646
654
660
668
666
648
626
632
648
668
694
700
698
694
652
652
666
684
708
716
728
716
706
692
642
628
646
666
692
698
698
704
672
646
638
640
656
688
698
710
714
710
690
672
690
696
708
716
718
710
688
666
656
646
678
708
716
716
710
694
682
650
626
620
626
642
654
666
674
686
674
662
676
690
676
738
726
722
724
704
694
694
708
720
730
732
724
702
680
700
722
724
732
706
692
710
702
700
676
660
644
664
694
718
728
704
716
734
758
764
752
742
750
754
744
702
700
722
718
714
712
714
700
702
676
692
694
710
694
668
654
654
660
696
696
732
722
758
732
766
774
782
768
772
776
772
762
714
694
668
640
636
630
642
650
640
644
646
660
666
652
658
656
646
660
708
734
746
724
712
724
720
732
706
718
738
746
728
698
724
716
732
714
692
712
710
692
684
686
692
686
680
672
690
680
714
688
678
678
668
668
686
718
732
726
734
752
764
764
752
740
744
742
740
722
736
730
726
690
708
704
722
702
700
708
722
716
694
700
716
716
726
700
720
724
722
700
692
714
722
736
724
710
710
720
732
708
712
724
730
726
714
724
732
746
724
704
718
714
726
712
708
714
726
722
704
708
706
700
686
676
672
674
674
660
656
664
692
706
712
692
682
686
690
692
694
678
658
662
670
692
678
682
686
682
678
674
678
664
726
694
686
698
678
674
654
634
646
668
686
686
684
676
682
690
692
690
688
696
702
698
692
702
708
712
698
690
702
716
724
710
718
736
740
728
708
720
714
718
710
706
704
708
692
694
706
712
702
680
676
676
676
678
666
656
668
686
706
700
698
702
726
730
738
732
726
726
728
732
710
706
708
708
696
672
668
676
688
704
688
692
708
718
716
704
714
724
724
700
700
710
716
720
700
696
704
708
708
694
698
700
710
720
698
710
718
722
710
686
702
712
730
716
692
684
686
694
682
670
686
700
710
712
700
690
690
696
700
694
678
678
694
710
708
712
696
666
656
670
690
732
748
744
744
754
760
764
758
720
720
732
732
728
720
740
748
752
748
726
714
718
716
712
698
694
696
694
696
680
664
666
672
688
674
670
670
694
694
694
682
690
722
736
750
742
738
736
748
748
732
702
712
714
716
676
666
636
634
638
648
666
696
684
686
714
718
740
748
734
734
740
746
754
746
732
740
740
736
710
712
718
722
722
700
686
696
694
696
688
690
692
702
702
690
676
682
684
696
712
694
692
706
716
710
686
682
694
700
716
716
718
734
740
748
732
724
714
720
702
686
670
686
676
700
684
666
650
652
670
704
710
696
694
700
696
676
648
662
680
698
716
700
702
708
724
730
720
724
722
720
694
698
702
704
690
696
706
714
696
698
700
680
664
652
660
682
686
676
688
700
698
686
684
692
694
710
698
696
702
708
712
696
686
704
712
716
694
706
708
710
690
678
694
710
714
700
696
702
722
720
710
716
720
718
686
670
662
672
680
672
680
692
696
688
684
724
746
756
762
748
736
746
740
716
684
674
690
706
682
666
676
690
668
656
642
646
648
634
688
662
650
658
674
700
724
722
714
724
738
744
728
706
706
708
680
658
646
646
676
686
676
646
646
652
648
654
650
650
652
638
622
598
582
582
588
602
604
598
588
590
590
592
588
582
580
590
602
596
594
582
584
588
590
586
586
586
594
594
592
588
590
598
600
594
600
614
634
626
626
612
612
598
586
576
584
588
602
600
600
616
644
636
638
658
650
640
624
618
618
624
624
612
608
614
616
618
604
610
612
620
616
614
606
608
608
608
610
606
608
616
616
610
604
614
596
636
616
612
596
596
588
598
616
616
614
614
622
632
622
622
622
634
656
646
650
662
664
656
640
642
646
656
646
638
658
648
640
628
628
640
640
642
650
650
660
648
640
642
648
650
646
634
646
666
662
658
652
654
660
658
646
622
614
614
618
614
606
590
600
582
600
624
636
652
660
666
652
658
678
692
682
666
664
672
650
648
646
636
652
682
710
704
694
704
728
740
736
726
728
730
738
712
694
702
708
728
712
702
714
730
728
702
688
704
716
710
706
738
754
752
750
768
782
770
762
764
780
784
778
752
762
764
768
754
742
748
748
734
716
740
748
748
728
758
776
782
752
738
748
754
754
730
732
730
702
688
702
712
734
740
738
758
768
760
760
750
742
718
722
738
728
760
750
760
766
762
746
758
780
786
770
772
772
784
776
772
778
796
802
786
768
766
768
750
740
752
760
732
708
716
706
680
670
690
714
728
714
732
750
760
758
740
734
740
748
742
730
744
748
760
752
756
774
774
762
718
728
728
692
682
668
648
662
676
682
704
730
758
768
758
788
804
808
806
790
798
800
796
798
772
774
780
788
788
764
770
774
774
774
762
760
772
772
740
700
712
730
724
698
732
754
756
744
716
728
734
714
720
722
720
694
678
680
692
686
698
718
734
734
704
700
700
694
674
642
648
652
646
646
638
614
612
626
652
642
658
672
694
730
738
718
750
724
730
722
716
736
768
778
774
762
758
758
724
704
684
716
654
690
684
668
668
686
700
682
688
678
740
710
698
690
702
686
672
686
676
738
720
740
730
700
674
692
686
712
742
718
712
722
714
710
694
692
692
706
716
710
720
738
754
740
738
744
750
752
736
742
748
774
780
754
748
762
770
744
712
716
710
686
688
714
716
736
716
736
734
730
720
734
750
734
726
730
730
728
776
722
696
702
698
690
704
726
746
728
718
728
714
774
736
746
766
770
756
714
730
728
702
694
696
696
696
698
728
722
706
700
720
730
726
698
714
738
762
766
752
738
752
760
758
750
738
744
762
782
758
752
766
752
748
724
702
716
704
680
674
686
684
680
662
656
664
656
656
664
670
680
676
678
678
668
662
660
660
650
636
640
646
652
646
630
640
638
632
610
612
632
650
668
676
670
664
672
680
700
690
686
696
722
744
704
716
726
732
714
704
716
728
738
724
714
712
724
718
710
720
726
720
700
710
720
728
728
704
734
750
752
732
710
732
728
718
704
726
748
738
718
722
734
748
752
728
742
754
766
760
756
744
720
742
750
704
728
740
722
694
700
722
732
712
712
724
742
744
716
728
728
724
706
720
706
710
736
736
734
740
710
728
726
728
718
706
728
716
730
708
710
722
718
746
730
728
742
736
720
728
730
726
706
722
722
710
718
706
710
706
708
684
702
712
708
712
720
720
722
750
726
720
712
710
706
698
708
722
750
706
678
690
694
720
700
722
732
756
768
770
774
786
776
754
728
728
732
728
710
722
726
724
698
714
710
710
700
702
702
712
698
692
686
738
718
688
694
694
702
706
696
712
730
730
724
698
682
680
692
692
700
704
772
742
748
760
768
754
756
758
756
730
724
726
726
708
702
706
700
678
666
666
668
650
644
654
680
672
730
704
712
710
750
710
690
688
672
660
638
628
624
616
612
622
630
632
640
678
678
666
672
670
706
684
668
676
676
680
698
694
682
668
688
678
660
674
682
712
698
696
730
740
716
744
690
682
686
686
682
692
710
712
708
676
664
638
660
674
662
662
680
666
736
714
700
720
734
742
744
734
720
754
762
760
736
744
744
760
748
716
716
698
676
678
702
696
766
720
726
734
750
750
722
738
746
758
750
740
746
756
778
762
764
786
798
812
778
764
772
756
736
720
742
722
774
724
704
716
724
742
734
744
764
776
752
776
756
760
764
766
744
750
758
772
762
740
748
752
726
732
738
748
746
678
688
702
762
766
784
804
814
784
800
790
806
802
792
800
820
834
820
824
806
818
760
716
744
684
704
686
678
678
684
688
666
670
676
678
726
674
660
648
646
650
664
682
696
680
684
670
686
682
680
676
696
710
686
722
716
742
760
762
772
788
798
778
766
776
776
780
760
768
758
748
714
728
730
728
728
730
728
740
762
764
752
758
784
790
770
772
770
770
750
742
748
756
730
714
730
724
702
698
704
694
702
722
782
736
756
760
754
736
724
750
748
720
714
730
726
694
688
704
722
746
724
730
750
766
750
746
758
764
758
762
760
760
760
746
746
752
756
738
730
730
738
734
720
730
732
734
730
712
728
736
728
706
716
730
736
726
714
730
740
718
708
724
724
704
690
690
694
692
690
708
716
726
710
714
718
736
746
732
734
736
734
736
712
702
724
710
698
690
704
716
712
700
710
712
712
684
688
696
700
684
682
686
674
682
674
668
692
696
706
694
700
704
712
710
694
692
702
716
722
702
690
696
680
684
664
664
686
708
690
708
734
744
740
720
714
720
722
710
688
678
684
688
692
676
672
698
700
686
696
724
724
700
730
738
752
742
744
762
776
778
746
734
746
758
770
760
752
764
770
766
752
746
748
738
712
734
744
740
716
724
732
744
736
712
712
732
710
702
738
752
754
738
748
768
774
750
756
784
794
774
750
754
766
772
748
754
768
762
758
740
750
748
742
714
734
736
742
718
710
728
734
734
714
738
750
770
748
752
750
750
748
734
750
772
786
770
778
778
778
760
716
748
748
764
752
750
754
754
712
708
718
722
732
710
718
732
732
754
752
724
726
736
732
722
726
738
754
738
710
724
724
732
720
722
720
744
732
710
694
714
720
728
720
708
718
714
716
696
694
698
698
712
700
696
692
698
704
692
702
704
712
710
694
700
706
714
708
688
708
704
712
708
692
700
732
736
710
700
708
722
726
706
722
728
742
714
694
708
710
710
696
712
728
712
714
726
738
720
690
702
704
732
752
738
768
792
786
754
762
760
766
746
726
732
732
708
704
732
734
730
706
714
718
734
704
716
728
752
738
716
734
728
718
708
730
748
766
748
736
748
754
762
746
744
752
752
744
718
736
734
744
722
724
730
724
706
704
712
708
702
684
704
724
738
718
688
680
690
692
714
686
696
722
736
748
736
720
724
724
722
704
682
726
738
760
744
740
736
744
758
756
754
750
756
762
762
720
694
690
688
700
692
694
718
736
738
718
696
710
708
720
694
704
734
756
780
758
760
766
780
780
756
754
772
796
776
746
760
748
740
742
758
756
738
748
776
776
748
718
748
760
758
738
738
760
768
756
720
720
738
696
698
744
770
816
828
802
812
818
798
808
834
834
860
836
848
866
824
834
804
752
712
724
744
746
770
754
790
826
760
758
774
774
756
724
736
708
694
688
696
710
698
720
732
738
722
710
728
710
760
712
726
728
726
722
698
670
702
720
726
712
706
718
722
696
678
662
640
644
670
684
682
670
680
700
722
738
716
690
676
694
710
718
728
714
760
724
720
724
736
744
748
742
736
730
728
738
722
710
720
720
714
692
708
704
702
696
706
708
720
714
700
708
712
726
736
726
692
680
688
678
680
670
664
654
654
690
692
674
670
674
660
636
664
642
642
634
634
640
654
684
668
662
664
676
656
688
664
656
724
710
678
696
688
728
690
696
710
698
686
668
674
676
674
668
664
680
682
664
656
674
674
656
656
656
672
668
662
668
704
696
690
684
710
706
686
694
700
704
680
672
688
702
690
702
660
704
710
706
692
698
718
742
748
728
734
730
730
706
710
720
744
728
728
752
764
782
754
738
752
756
748
746
712
724
726
722
730
750
766
738
732
740
722
696
690
712
702
714
718
700
670
650
648
646
670
684
684
714
720
722
768
764
786
794
784
762
752
770
762
752
752
764
772
736
720
728
720
690
698
714
708
706
686
670
680
676
670
666
682
720
714
706
706
718
722
726
720
714
724
732
740
722
704
720
724
690
524
764
692
668
654
654
660
692
688
686
724
728
742
710
694
712
716
756
752
740
750
766
774
778
760
746
760
764
760
736
738
744
738
692
684
690
698
688
676
698
686
752
720
718
730
742
742
726
716
726
744
750
738
716
726
730
726
710
708
718
712
710
680
684
696
688
686
678
682
692
696
688
662
664
666
652
634
646
644
634
650
672
674
666
714
680
694
700
690
742
708
698
722
728
712
694
714
692
754
708
696
706
712
734
714
744
726
732
734
722
698
716
718
722
720
708
716
730
734
720
716
724
730
742
732
710
694
712
724
760
728
772
768
772
770
758
700
690
702
746
716
744
752
762
732
734
740
752
758
750
770
786
794
786
768
768
766
772
742
712
714
720
720
710
708
718
740
742
714
716
728
740
722
694
698
710
728
712
682
720
668
684
674
682
686
724
704
684
704
690
688
716
712
690
680
684
670
664
652
630
620
626
622
642
668
662
660
730
732
692
818
738
750
732
722
740
764
768
750
750
760
766
766
754
728
750
768
798
798
780
784
776
752
730
702
708
680
694
734
732
724
734
720
778
736
712
686
684
706
730
720
686
662
638
628
608
602
592
592
612
644
626
644
638
828
732
738
762
748
756
752
744
728
718
724
740
706
702
706
682
686
682
748
724
714
692
672
672
664
664
662
650
654
676
684
708
692
708
686
674
684
682
684
682
698
716
728
712
686
686
694
690
680
706
708
704
700
700
712
700
742
716
684
658
652
668
674
666
650
668
686
718
734
760
750
766
766
750
734
736
728
696
664
670
676
696
674
688
680
682
684
700
704
706
706
698
704
704
698
702
696
742
708
678
680
688
674
650
664
646
652
662
658
688
682
650
656
642
634
648
646
664
658
710
636
730
678
674
692
664
624
644
670
668
686
708
690
696
698
698
698
694
696
648
694
672
702
690
666
658
650
638
650
644
640
632
612
604
616
618
632
652
666
686
674
658
656
662
678
664
652
656
660
684
686
656
656
656
644
644
682
682
692
684
678
646
670
620
668
672
728
690
664
672
684
706
720
698
680
700
720
700
724
750
750
738
744
740
742
742
738
698
684
694
728
752
736
742
748
752
778
762
766
768
744
754
756
772
760
748
756
760
774
758
730
744
748
758
738
728
738
740
748
730
720
706
728
744
752
740
720
710
712
728
738
724
728
740
736
760
758
756
754
746
736
714
702
716
710
780
752
730
730
734
722
756
786
746
690
670
672
688
710
728
762
788
784
784
754
742
732
748
756
764
774
776
754
754
726
742
746
758
732
700
722
690
706
728
740
746
732
718
716
720
718
710
700
722
718
724
704
680
