392
638
682
834
872
854
884
890
872
840
830
800
776
742
716
694
684
658
664
634
626
638
676
700
824
792
832
842
778
786
780
782
782
738
746
728
710
716
718
740
764
766
756
750
722
716
688
678
680
774
992
1062
940
904
916
926
924
900
854
808
782
786
772
760
752
742
732
718
702
692
698
690
694
724
772
814
802
796
838
852
856
850
826
794
778
786
730
760
758
784
884
900
870
858
866
832
808
808
792
782
742
728
726
718
726
752
820
834
890
908
882
864
816
816
842
706
770
772
772
772
770
772
784
768
770
774
768
740
740
852
802
826
818
806
856
834
812
814
810
804
800
804
810
806
784
744
784
812
798
770
720
930
850
916
986
1040
980
926
906
912
922
918
904
846
860
856
844
838
826
816
782
790
798
822
850
872
876
868
852
838
828
838
850
886
914
918
884
860
852
838
826
808
768
758
742
728
720
712
738
742
754
754
780
796
830
848
826
800
802
808
804
802
792
766
770
758
798
858
934
1068
1096
1034
984
932
878
840
800
740
762
742
720
720
812
862
908
856
888
852
834
868
892
902
894
898
862
886
896
906
884
886
884
856
846
858
872
832
858
888
930
940
916
860
912
912
932
930
924
866
876
880
890
886
898
900
876
894
958
972
1088
1086
1000
988
972
950
916
868
836
858
870
868
902
920
966
902
928
950
950
902
886
884
872
872
872
918
924
900
924
934
902
904
930
940
900
866
890
888
854
862
876
882
908
904
870
886
860
872
884
892
882
886
894
874
862
860
852
850
826
798
822
828
852
906
938
940
902
884
872
802
774
792
726
766
762
788
824
858
880
908
920
912
944
956
898
892
866
822
838
862
922
906
928
908
880
844
872
858
874
880
848
846
838
848
836
828
820
830
830
858
884
906
924
918
876
866
808
800
824
810
856
990
954
990
958
1006
1008
990
948
896
872
904
964
972
980
968
1016
1048
1036
976
944
972
1010
1036
984
984
966
950
908
904
912
904
912
940
942
954
946
978
1006
946
954
926
936
936
920
902
880
850
858
864
862
858
860
882
896
928
970
988
966
1134
1094
1058
1004
976
944
956
974
952
908
930
944
962
914
928
950
960
932
932
936
932
924
930
890
846
850
852
840
846
856
884
882
872
856
832
818
832
830
844
840
824
836
756
924
840
820
796
834
836
876
978
962
980
1012
1028
972
954
948
900
888
902
950
926
966
980
938
918
930
944
920
916
922
938
912
884
874
886
900
958
952
950
914
880
848
814
824
824
896
1032
1128
1064
1026
1026
976
940
918
914
936
972
992
954
946
940
882
878
862
832
828
826
830
828
832
876
878
874
860
836
838
826
824
824
810
814
816
804
820
832
842
854
818
804
816
832
852
912
1000
1028
958
928
920
876
870
860
870
882
894
914
920
900
890
874
838
812
802
814
796
814
864
912
930
1002
1084
1054
1038
1094
1074
1124
1116
1034
998
918
908
890
840
826
782
764
762
744
734
728
736
746
740
766
806
792
806
806
824
812
796
802
802
814
802
804
802
802
804
800
792
794
782
788
788
786
784
772
764
756
746
738
740
722
722
740
762
768
766
736
756
730
734
744
744
734
738
770
800
838
844
872
874
896
906
910
884
900
900
900
898
838
868
874
898
882
890
928
902
852
846
858
850
850
836
812
800
926
914
954
1014
1054
1006
1000
1002
1004
936
960
978
948
960
880
852
890
892
952
938
904
990
1006
1038
1076
1090
1066
968
904
972
1046
1124
1132
952
944
964
956
964
912
964
962
1012
974
1044
1082
980
996
1010
946
878
874
860
942
1120
1018
998
1038
1048
1066
1022
1086
1110
1040
1076
1108
1028
1038
1058
1020
974
1012
1064
998
1046
1118
1030
1008
1054
1036
960
982
1004
1000
952
1014
1094
1086
1008
1070
1100
1050
1004
1048
1072
1014
1002
1054
1080
994
1018
1038
1022
994
1020
942
962
984
1028
980
978
1004
1034
960
910
892
880
860
858
842
832
822
818
798
842
900
1270
1060
1108
1144
1100
1126
1136
1082
1028
966
1016
1038
1034
994
940
982
1020
1094
1060
962
996
1030
1074
1046
1112
1072
1010
922
816
570
1090
802
760
736
784
764
768
756
752
754
750
768
780
798
790
804
806
814
788
804
808
828
862
880
904
940
950
944
940
906
848
842
820
782
780
788
788
810
788
818
836
920
1008
1006
1032
1044
1042
982
974
1002
950
968
966
942
950
930
936
948
964
952
894
924
898
898
906
912
902
854
876
874
858
860
868
912
914
946
1020
1068
1062
1036
974
978
968
950
926
958
966
994
994
944
934
962
978
946
958
952
954
934
934
912
902
896
876
856
864
888
934
942
984
1050
1056
978
938
926
902
884
896
920
910
926
976
1000
974
992
988
978
940
942
946
944
914
932
948
952
946
970
990
974
950
974
998
966
988
1012
976
958
988
1004
962
946
952
928
898
898
920
910
898
894
890
874
874
874
878
880
882
868
870
876
892
896
920
940
948
900
894
868
846
850
872
862
844
830
822
808
806
796
772
780
768
772
852
980
1048
1044
1070
1084
1062
988
1002
948
948
948
924
894
908
910
910
906
930
954
972
942
938
946
976
966
1000
1068
1018
1026
1016
986
934
894
894
902
918
924
936
948
944
950
966
960
952
928
942
964
972
940
956
948
950
936
910
906
916
934
922
914
924
922
904
878
886
890
882
886
908
910
908
920
914
894
908
948
966
958
958
986
926
904
884
904
866
842
828
834
842
866
886
944
1006
1056
1058
1086
1106
1084
1076
1044
1004
998
1016
1022
1008
984
966
960
926
932
954
976
978
988
1026
1006
1002
1044
1056
1020
1022
1048
1044
1016
1038
1004
954
960
986
962
1016
1064
1052
1066
1084
1048
996
1012
1008
980
1006
1032
1012
980
984
940
904
926
944
944
960
1020
988
1004
1032
990
944
960
948
934
952
972
962
948
972
982
958
938
962
968
952
974
988
964
946
946
914
884
840
832
824
812
828
886
944
980
1030
1034
982
958
974
972
902
884
884
898
908
908
952
1008
990
992
1026
1010
984
992
992
974
980
944
888
914
928
932
962
1002
1004
960
964
944
896
890
860
820
842
826
828
800
792
774
756
796
820
850
896
930
900
956
980
1012
924
880
936
984
932
886
858
846
880
910
1010
1034
1052
1068
1080
1108
1130
1090
1038
1120
1194
1182
1018
928
1044
1118
1184
1064
1142
1192
1228
1084
1070
1132
1092
1180
1236
1152
1124
1170
1080
1094
1030
1050
1172
1122
1044
1166
1164
1106
1078
1032
976
1020
1062
1070
1022
982
1030
980
926
940
916
1038
1084
1006
1050
1008
996
1044
1028
1000
1088
1150
1074
1134
1178
1096
1124
1152
1042
1092
1162
1134
1026
1084
1166
1088
1032
1124
1170
1064
1098
1176
1118
1042
1112
1118
1024
1036
1156
1158
1116
1114
1028
1030
1062
978
1006
1034
1054
1134
990
986
1034
1040
1110
1212
1126
1108
1182
1168
1040
1070
1100
1076
1006
1064
1122
1132
1012
970
954
920
868
878
838
798
800
802
788
778
778
764
744
724
712
698
688
680
688
728
798
814
852
854
896
904
890
884
870
948
912
894
856
848
772
802
782
760
788
818
844
840
836
846
836
812
800
794
792
808
840
852
876
900
878
870
840
844
838
828
832
826
814
824
800
802
790
794
790
792
782
790
772
810
834
886
892
852
866
864
852
830
764
780
760
744
746
756
788
886
884
916
884
888
896
872
858
834
834
812
796
796
784
782
786
790
822
880
862
934
940
914
914
890
844
858
830
830
826
824
816
834
874
896
900
866
868
840
822
806
800
804
836
850
868
886
906
908
890
876
840
854
846
848
846
850
852
842
848
828
852
852
842
836
812
806
812
800
788
768
774
782
788
810
810
810
816
842
826
830
798
814
800
816
834
832
820
794
782
788
770
762
762
762
766
778
798
818
842
846
834
834
856
886
880
852
860
822
808
828
816
802
794
786
784
766
778
778
774
800
796
814
806
820
834
830
816
804
804
810
806
806
808
806
790
800
800
814
812
806
808
812
788
802
778
762
756
754
742
752
778
850
850
866
920
908
884
846
824
828
796
770
754
762
774
798
782
810
830
814
826
850
826
842
880
878
878
864
812
814
776
766
766
742
728
734
750
770
788
806
878
826
846
844
844
812
778
794
780
766
756
744
736
748
754
756
772
802
802
800
794
812
818
832
836
812
796
810
786
770
758
752
760
756
750
738
744
742
748
764
784
784
856
860
830
860
858
858
812
798
786
768
752
742
734
750
746
766
792
836
866
858
830
872
840
820
818
824
818
812
782
792
764
762
756
748
736
746
750
750
804
830
810
908
894
876
822
792
788
792
790
776
766
762
744
744
742
746
740
736
752
770
792
840
806
814
876
860
868
868
840
818
836
820
820
816
822
812
818
814
806
790
774
774
774
770
770
756
748
738
746
732
710
696
692
706
728
778
814
838
866
846
842
844
834
810
788
798
786
788
800
798
838
884
938
926
886
890
868
864
822
832
834
836
814
812
834
842
848
840
826
800
814
806
804
788
786
814
854
882
914
928
882
856
860
858
840
810
808
794
788
808
800
840
842
860
860
838
844
836
834
832
804
814
806
814
806
802
806
810
802
792
812
810
796
790
794
808
814
846
854
876
846
830
814
808
798
784
796
806
814
838
832
846
858
874
860
830
838
836
842
842
820
836
860
854
828
832
838
842
848
844
844
854
848
840
836
842
836
828
834
834
818
758
810
772
748
740
724
726
726
716
712
710
702
698
692
670
658
680
660
660
674
656
810
762
798
794
802
814
798
792
766
772
752
740
736
730
726
724
714
702
696
698
704
710
740
760
776
764
762
756
748
740
730
746
742
758
754
762
772
768
768
778
780
792
774
768
760
738
742
736
738
750
762
808
822
844
842
822
802
776
774
770
766
766
788
812
842
874
932
900
448
470
862
878
816
796
798
782
776
802
798
812
820
810
820
796
804
778
814
838
820
776
858
850
852
846
856
864
862
902
868
876
896
876
884
880
864
854
824
838
830
826
828
808
828
820
814
814
800
808
800
776
764
748
744
736
732
740
762
802
840
920
892
936
922
886
852
836
806
780
768
758
740
754
744
728
736
736
732
724
736
724
890
884
894
908
862
866
866
850
844
826
842
842
834
830
824
836
826
834
844
852
864
850
804
850
814
830
824
796
842
822
840
858
838
830
850
808
826
804
790
818
848
828
830
820
830
832
858
864
856
860
858
858
860
876
876
902
944
978
934
960
958
964
946
912
876
874
870
878
874
856
878
910
924
864
850
804
846
832
834
882
928
898
988
1010
980
908
920
918
896
862
878
918
938
898
934
976
978
856
872
832
804
778
806
832
838
882
924
944
906
960
988
968
940
978
1002
992
942
974
982
952
946
984
998
930
954
978
986
940
960
1000
1032
940
862
874
816
764
788
778
770
776
800
828
840
822
854
878
884
856
858
878
910
874
912
938
946
894
926
914
866
856
874
906
946
988
1004
964
950
992
1000
944
946
952
968
918
892
926
938
996
938
912
924
908
918
906
862
814
836
830
854
892
886
910
936
940
928
942
974
916
936
926
884
874
842
824
828
850
874
860
932
1004
1048
974
976
986
962
902
902
920
930
898
902
910
924
886
902
902
908
886
894
904
920
884
906
898
868
862
850
862
876
904
896
860
862
860
834
820
808
806
840
850
888
898
870
888
884
858
864
874
888
872
878
882
870
838
808
830
842
880
876
956
1004
1016
962
958
966
962
920
906
920
922
918
890
928
946
940
934
980
1000
944
926
944
924
880
894
916
950
922
914
934
950
910
910
924
926
884
904
912
922
880
906
904
916
884
918
956
984
942
886
850
824
820
802
792
786
816
898
1026
992
1016
1016
994
942
940
942
918
904
910
928
904
914
930
920
896
910
914
934
912
936
938
936
898
896
892
866
836
834
872
876
898
918
936
940
998
1022
1034
984
1000
976
962
944
896
880
866
862
854
870
912
928
912
948
950
910
906
904
896
872
874
880
892
880
876
884
902
888
904
932
948
918
906
894
906
864
852
840
854
856
886
872
850
850
844
854
850
866
880
896
860
870
874
876
890
904
934
912
916
932
940
926
908
926
940
928
908
884
832
840
844
846
866
878
866
882
892
904
884
896
902
894
872
900
926
946
906
918
928
932
902
906
902
908
890
896
910
930
922
922
922
924
884
900
902
896
884
892
892
868
880
884
904
880
894
904
926
906
906
910
920
898
888
894
900
888
880
900
922
920
900
916
914
900
870
876
880
876
870
868
888
914
902
908
936
932
908
898
894
890
852
856
864
866
864
862
894
938
912
906
918
926
900
880
886
886
886
876
864
840
812
828
814
814
794
770
822
844
908
930
894
874
896
888
888
876
876
894
922
934
912
926
958
966
966
912
908
902
886
876
918
958
940
912
944
954
928
922
926
948
968
920
954
948
966
932
878
890
894
892
892
930
988
1050
986
1014
1060
1022
948
916
916
910
882
878
900
912
910
890
886
888
898
878
884
900
930
902
880
874
860
832
854
852
878
860
862
872
866
842
834
824
836
890
934
954
1026
1036
990
946
948
932
900
896
894
902
900
900
912
930
902
914
956
984
964
938
950
940
900
922
928
922
892
920
944
924
908
916
894
872
884
882
880
844
814
822
834
870
888
954
984
928
926
912
914
848
826
832
832
842
856
896
920
922
910
922
962
948
926
950
972
948
950
1008
1048
970
972
1034
1030
956
1004
1048
972
1014
1118
1060
970
948
1144
902
888
858
814
784
746
772
788
854
840
904
970
956
960
1008
968
914
902
928
958
940
934
916
918
908
932
918
894
914
938
970
936
946
920
946
962
912
904
904
900
882
910
916
908
938
950
920
948
972
966
930
944
940
912
926
950
972
940
900
896
860
862
860
848
868
870
874
880
864
842
850
844
844
830
836
838
838
840
838
844
846
870
870
866
898
912
946
950
910
900
920
906
892
884
884
878
890
920
968
970
950
934
944
934
910
882
876
870
862
832
852
854
848
854
864
858
850
822
806
834
844
854
870
872
868
838
858
866
860
900
930
990
952
940
910
884
878
836
822
830
812
826
822
826
850
894
968
1004
1068
988
966
944
918
894
854
818
830
774
816
802
778
844
850
918
938
880
1002
942
932
920
896
914
922
914
892
878
972
1016
1052
1072
1072
1078
1044
1012
964
994
996
990
992
940
956
966
912
920
926
906
906
950
916
880
858
852
892
874
904
930
954
936
938
960
944
894
902
908
910
892
902
920
932
908
910
898
920
884
906
930
902
928
940
916
910
908
910
854
844
844
858
878
894
900
942
958
922
946
948
944
920
876
848
838
832
840
850
878
916
968
952
924
942
934
892
894
900
904
880
912
946
970
928
946
946
870
878
876
878
862
868
888
900
888
912
942
950
916
910
910
914
896
898
922
936
906
900
906
918
886
910
914
902
872
860
858
858
876
868
900
934
992
966
1002
1000
958
944
938
928
898
886
850
804
802
790
792
854
918
920
972
982
962
928
916
896
870
850
836
870
908
930
934
984
998
950
952
946
940
928
904
922
928
908
906
916
918
884
880
870
852
846
856
856
868
866
902
890
876
864
856
828
838
834
832
808
824
820
828
820
866
912
966
950
928
948
948
896
864
818
820
802
824
870
928
968
1052
1086
1004
970
984
974
916
922
940
962
944
946
924
898
866
876
928
996
986
988
1018
996
938
930
944
938
914
934
950
936
910
930
932
928
906
922
932
926
912
932
928
918
878
878
878
890
886
906
942
982
936
928
962
958
912
878
904
898
884
842
828
800
798
822
862
902
992
1030
992
994
1018
1000
932
932
928
912
892
926
952
992
904
880
946
946
974
986
934
988
1060
1070
996
1036
1044
1026
986
998
998
976
916
948
970
970
948
992
1010
950
940
954
926
928
942
966
924
928
934
930
912
930
932
892
884
884
866
828
804
820
830
846
860
884
884
926
978
1002
962
944
932
912
904
924
954
934
926
938
958
936
934
952
936
898
888
888
910
900
934
964
988
952
970
950
934
888
888
902
920
912
912
946
984
954
908
906
908
910
896
874
914
940
970
962
998
1000
986
948
944
928
898
900
884
884
862
882
906
924
906
938
928
916
874
904
932
956
930
938
940
946
904
914
934
958
928
928
944
962
920
940
980
1012
926
926
950
932
890
896
896
874
826
808
846
840
836
842
838
826
806
824
842
892
918
922
962
956
922
912
852
826
842
856
848
836
854
856
838
846
838
852
820
822
838
838
830
836
844
848
844
846
846
856
858
898
880
906
910
948
974
960
998
986
946
906
914
904
902
916
902
926
926
936
904
882
896
898
896
896
904
904
898
886
922
946
968
916
924
932
948
948
924
940
944
914
884
946
1002
1008
932
946
952
912
872
886
876
882
874
870
852
844
870
896
946
944
946
988
1026
980
984
984
958
910
952
998
944
1018
1002
934
950
984
1018
972
952
952
980
996
930
928
966
976
928
926
972
1016
932
938
916
904
858
886
876
870
892
926
956
944
932
936
964
966
944
990
1008
960
948
958
924
898
934
994
986
1006
1012
968
992
1014
1008
986
982
994
972
932
948
950
940
898
924
924
910
918
928
930
914
920
932
944
912
918
920
930
904
912
924
954
912
898
908
908
890
900
850
814
790
804
816
852
860
926
982
1024
980
976
952
928
886
886
884
874
870
888
910
928
894
920
936
948
926
950
966
960
946
988
1004
972
926
946
942
910
916
924
910
854
846
826
810
832
854
876
890
894
904
940
914
920
918
902
860
852
882
898
908
918
940
946
888
890
850
836
850
854
878
906
934
910
928
944
964
930
924
942
944
906
916
928
928
916
950
960
940
918
932
924
912
904
906
906
892
898
904
916
908
892
902
900
888
884
890
892
890
878
886
908
928
906
910
912
908
878
874
886
892
876
886
896
902
890
886
906
916
884
880
882
884
868
880
898
922
894
886
900
924
912
890
888
874
850
828
838
892
988
974
976
1010
1032
966
960
908
858
818
794
780
770
774
800
846
864
898
952
992
958
966
966
948
914
922
936
952
930
938
968
1000
948
964
994
986
894
960
948
928
882
916
944
944
922
972
998
968
956
986
1012
964
966
998
1030
988
1006
1052
1016
962
982
990
944
936
980
982
936
940
962
972
920
936
946
958
926
962
950
968
934
834
874
838
800
788
770
762
740
724
716
700
682
666
666
652
660
662
672
684
708
756
950
818
950
870
1010
982
986
964
932
880
874
872
846
816
826
810
810
840
834
830
872
870
854
880
868
876
854
840
844
848
852
862
888
892
872
916
906
870
882
888
904
928
940
952
952
898
852
836
852
886
896
938
938
914
894
852
902
934
1004
1058
1046
968
970
936
1000
1054
1006
1022
1050
968
950
978
980
982
978
958
936
924
896
862
844
862
880
888
958
1006
1014
956
934
954
916
870
836
874
942
1030
1000
998
974
1014
1070
1002
948
982
976
930
930
