958
974
988
968
974
994
986
986
1020
1030
1000
1028
1022
1016
1022
1034
1022
1018
1040
1014
1002
1018
1002
970
1000
1004
988
980
1004
1012
994
988
1012
1018
1000
984
1002
1026
1010
1016
1042
1044
1024
1016
1042
1022
994
1012
1020
992
978
994
986
960
966
970
968
950
968
982
986
968
978
992
996
984
972
968
940
946
946
944
950
988
1014
992
1020
1036
1010
1002
1004
972
958
968
960
952
976
1002
990
982
1004
996
976
962
970
958
944
968
1000
1018
1010
1044
1038
1046
1058
1044
1058
1076
1056
1062
1080
1046
1052
1062
1042
1032
1050
1028
1046
1052
1034
1040
1038
1014
1030
1014
1030
1026
994
1016
1012
992
1008
1018
988
974
994
994
976
996
998
978
968
976
964
978
968
964
974
966
988
996
978
998
996
980
998
992
966
982
970
944
940
924
872
858
892
898
866
860
874
866
832
854
862
900
902
890
904
922
906
880
896
926
940
940
1034
1076
1014
1010
1042
1024
968
984
978
962
994
994
976
968
996
982
980
992
980
958
974
968
950
962
960
944
960
960
942
956
964
942
938
942
932
872
920
1018
950
948
960
946
940
956
936
936
948
922
918
946
946
936
958
964
952
952
974
966
956
976
970
950
946
960
954
934
958
960
946
928
936
874
846
990
1002
952
958
1028
1058
1046
1046
1078
1072
1044
1070
1052
1022
1034
1030
1006
1022
1020
996
1022
1016
992
1004
1024
992
1012
1018
996
992
1004
988
970
986
1010
1012
1000
1066
1094
1062
1086
1120
1088
1068
1088
1064
1022
1040
1030
990
1006
1014
1000
1004
1052
1056
1034
1074
1114
1100
1094
1098
1102
1078
1086
1078
1056
1062
1062
1040
1052
1052
1028
1050
1042
1022
1034
1032
1008
1028
1026
1018
1038
1030
1024
1030
1022
998
1028
1022
1006
1014
1014
982
1002
1016
984
972
988
980
960
986
1002
994
980
1012
1032
1026
1022
1054
1042
1010
1020
992
1010
1034
1012
1014
1028
1028
1022
1044
1028
1018
1032
1012
986
1014
1022
988
994
1002
994
986
1004
1002
988
1004
1002
984
998
998
970
998
1002
992
966
988
990
958
968
974
970
960
986
988
980
998
998
986
1002
1008
986
1012
1008
996
1010
1008
1000
1018
1026
1006
1022
1006
1000
1016
1008
1018
1020
994
1010
1006
984
1004
998
968
984
986
958
960
972
948
932
954
944
930
928
938
922
914
890
858
842
832
880
1006
1050
974
980
992
972
976
986
992
968
954
952
936
948
944
956
962
960
970
992
976
974
1008
1004
984
1002
1018
984
998
1000
966
996
1010
990
982
1004
1004
980
990
976
1004
1002
994
1016
1014
1002
1020
1050
1016
1034
1042
1018
1028
1026
986
996
984
960
980
988
972
978
988
956
974
974
958
978
978
966
978
976
960
968
964
922
920
944
944
936
984
996
970
1012
1024
1000
972
996
970
928
892
836
790
782
760
758
752
788
852
1100
994
1000
998
1032
1054
1060
1026
1066
1098
1086
1064
1092
1118
1102
1076
1114
1136
1120
1074
1110
1136
1116
1120
1150
1164
1140
1150
1172
1148
1146
1162
1172
1156
1160
1138
1122
1154
1124
1102
1118
1094
1072
1096
1114
1084
1096
1108
1080
1072
1106
1074
1076
1080
1048
1058
1076
1042
1062
1072
1052
1028
1054
1040
1038
1024
1024
1006
1006
998
996
1002
988
992
968
970
958
950
970
954
944
962
972
950
934
952
958
930
920
884
844
824
886
1110
968
974
1034
1068
1058
1040
1036
1004
970
900
828
806
822
1150
992
1038
1078
1078
1086
1132
1164
1168
1154
1152
1160
1138
1102
1134
1138
1102
1108
1128
1126
1084
1102
1112
1090
1046
1074
1084
1060
1054
1084
1092
1066
1084
1080
1070
1038
1046
1014
1030
1060
1066
1074
1108
1080
1110
1106
1070
1098
1092
1068
1084
1072
1038
1054
1054
1024
1020
1046
1028
1004
1026
1046
1026
1008
1038
1058
1042
1052
1050
1034
1054
1032
1028
1048
1036
1014
1034
1038
1016
1014
1030
1032
1014
1034
1062
1038
1030
1056
1044
1024
1038
1034
1018
1038
1038
1012
1028
1024
1002
1020
1022
1004
1026
1034
1012
1038
1032
1024
1042
1048
1022
1040
1064
1026
1016
1036
1002
992
1014
1002
986
1000
1014
992
1002
1024
1006
986
1004
1014
990
998
1018
1006
978
992
978
942
968
1018
1060
1022
1080
1128
1146
1140
1150
1162
1140
1100
1108
1108
1078
1056
1086
1076
1060
1074
1098
1070
1040
1054
1072
1062
1052
1068
1086
1062
1074
1108
1104
1082
1082
1064
1056
1062
1046
1024
1036
1018
1034
1036
1022
1040
1012
1002
1016
1006
990
1012
1016
990
1008
1022
1004
1028
1042
1012
1032
1038
1014
1034
1046
1032
1004
1032
1038
1022
1018
1044
1036
1028
1044
1058
1062
1052
1086
1104
1092
1094
1116
1104
1094
1094
1096
1078
1108
1108
1082
1090
1068
1042
1086
1074
1074
1094
1074
1070
1098
1066
1084
1064
1070
1080
1064
1084
1060
1056
1068
1036
1062
1060
1034
1056
1046
1030
1046
1014
992
1006
966
968
1012
1038
1014
1080
1114
1084
1102
1116
1098
1062
1080
1052
1006
1014
1024
1012
984
1008
1034
1014
1010
1038
1058
1054
1068
1074
1040
1060
1056
1040
1052
1046
1022
1048
1032
1030
1040
1028
1006
1034
1068
1038
1046
1050
1020
984
1004
968
952
916
1062
956
990
1020
988
1014
1054
1066
1044
1068
1080
1046
1058
1078
1074
1048
1084
1094
1086
1064
1096
1078
1036
1028
1026
1000
960
864
848
886
896
910
998
950
892
864
866
820
816
804
792
780
766
760
764
766
762
766
770
764
754
744
744
756
786
830
844
860
930
1018
994
936
958
970
956
976
1006
1000
996
1046
1080
1038
1072
1088
1068
1074
1114
1100
1066
1090
1106
1082
1080
1106
1084
1056
1086
1126
1096
1076
1124
1100
1052
1076
1092
1072
1034
1082
1076
1058
1072
1096
1074
1076
1086
1088
1076
1100
1094
1082
1092
1094
1074
1086
1086
1072
1040
1060
1038
1016
1052
1050
1016
1042
1066
1018
1006
1034
1028
998
998
1018
994
982
1028
1048
1026
1048
1092
1080
1054
1090
1096
1072
1086
1126
1118
1082
1096
1118
1120
1090
1104
1128
1116
1086
1112
1106
1084
1044
1078
1086
1094
1070
1116
1130
1118
1094
1114
1126
1092
1074
1098
1086
1040
1038
1042
1032
994
1014
1036
1004
1028
1074
1098
1068
1112
1158
1142
1146
1160
1126
1108
1122
1106
1070
1090
1088
1058
1064
1076
1088
1064
1060
1072
1072
1040
1062
1052
1022
1040
1068
1056
1044
1064
1056
1036
1070
1064
1042
1060
1060
1008
1000
998
946
948
980
1000
980
1070
1098
1066
1088
1112
1096
1106
1132
1102
1076
1082
1086
1060
1072
1088
1088
1062
1094
1120
1098
1094
1116
1112
1084
1082
1092
1084
1056
1070
1074
1042
1056
1066
1062
1030
1066
1064
1046
1056
1060
1034
1000
1042
1050
1032
1074
1104
1088
1072
1094
1096
1070
1088
1084
1050
1062
1092
1082
1074
1084
1080
1054
1084
1090
1074
1090
1094
1072
1104
1104
1088
1098
1098
1072
1090
1080
1068
1078
1058
1074
1064
1038
1060
1052
1024
1054
1086
1064
1070
1082
1044
1050
1058
1020
996
1020
1020
978
958
982
994
962
990
1032
1042
1014
1036
1070
1040
1026
1046
1050
1020
1040
1026
982
966
988
992
972
1002
1042
1048
1034
1062
1074
1066
1056
1074
1074
1040
1038
1052
1050
1034
1060
1080
1082
1058
1090
1080
1064
1064
1064
1034
1054
1086
1070
1066
1084
1056
1048
1064
1034
1006
1038
1050
1024
1038
1062
1042
1002
1032
1042
1004
982
1008
994
968
992
1028
1000
1016
1064
1056
1060
1092
1112
1082
1094
1090
1068
1038
1068
1066
1044
1042
1066
1054
1030
1046
1058
1052
1028
1058
1054
1032
1048
1076
1068
1054
1066
1080
1064
1050
1060
1060
1042
1032
1066
1074
1074
1068
1076
1068
1044
1068
1062
1032
1058
1074
1066
1058
1082
1086
1062
1082
1110
1070
1088
1094
1082
1058
1090
1092
1070
1088
1074
1022
1034
1008
974
964
948
932
946
960
950
994
1046
1030
1046
1090
1116
1094
1092
1106
1126
1110
1096
1120
1142
1106
1122
1138
1126
1098
1130
1138
1120
1116
1148
1128
1114
1126
1124
1096
1120
1136
1124
1080
1094
1098
1072
1062
1088
1074
1022
1044
1054
1018
1036
1048
1024
1008
1042
1060
1034
1050
1060
1020
1020
1048
1020
1000
1032
1060
1030
1066
1096
1084
1058
1090
1086
1058
1076
1088
1072
1038
1082
1088
1058
1076
1092
1056
1082
1100
1070
1086
1098
1072
1078
1104
1094
1078
1108
1092
1094
1104
1078
1056
1086
1068
1018
1034
1038
1000
1016
1088
1084
1068
1142
1154
1140
1172
1146
1106
1114
1094
1034
1054
1072
1044
1030
1070
1084
1054
1068
1088
1070
1060
1080
1100
1056
1048
1054
1028
990
1006
984
952
974
978
962
968
992
982
978
1016
1046
1038
1034
1074
1084
1064
1090
1134
1120
1116
1132
1156
1114
1096
1124
1126
1098
1114
1126
1106
1090
1106
1092
1048
1068
1092
1078
1048
1070
1082
1064
1086
1130
1146
1114
1132
1144
1130
1104
1138
1120
1098
1102
1112
1092
1070
1082
1080
1046
1088
1108
1100
1078
1098
1106
1076
1078
1086
1080
1042
1062
1096
1116
1092
1122
1140
1118
1108
1134
1138
1078
1038
1060
1070
1048
1078
1128
1102
1110
1166
1168
1148
1172
1194
1166
1162
1176
1152
1116
1140
1126
1108
1112
1118
1114
1092
1082
1062
1018
1032
1042
1018
1010
996
990
966
966
964
956
946
928
880
840
830
820
810
784
798
790
826
988
1104
960
960
996
982
964
994
1026
1018
1002
1048
1076
1064
1090
1110
1084
1078
1118
1136
1092
1108
1110
1068
1092
1132
1120
1100
1136
1180
1140
1138
1154
1118
1104
1134
1134
1092
1110
1128
1100
1084
1056
1020
1004
988
986
982
976
922
928
892
872
896
996
1156
1050
1072
1092
1072
1088
1104
1112
1100
1128
1128
1104
1098
1128
1122
1096
1116
1132
1138
1082
1094
1118
1100
1092
1136
1110
1102
1124
1130
1088
1130
1144
1118
1120
1132
1092
1098
1104
1100
1070
1082
1080
1054
1072
1116
1096
1080
1098
1122
1094
1104
1114
1110
1066
1100
1104
1086
1100
1138
1118
1098
1116
1118
1084
1094
1110
1090
1062
1094
1108
1070
1094
1118
1098
1084
1118
1112
1084
1084
1108
1092
1078
1112
1112
1076
1096
1094
1098
1078
1102
1108
1098
1094
1120
1104
1108
1110
1110
1080
1084
1088
1084
1050
1092
1098
1082
1088
1108
1102
1064
1088
1088
1064
1090
1106
1086
1106
1120
1094
1112
1118
1112
1100
1118
1112
1096
1106
1104
1066
1068
1074
1034
1060
1068
1050
1048
1080
1086
1072
1078
1094
1090
1064
1082
1090
1058
1078
1084
1062
1064
1080
1068
1042
1062
1098
1074
1092
1102
1098
1086
1120
1136
1118
1148
1158
1124
1140
1154
1144
1118
1134
1132
1114
1114
1130
1104
1112
1126
1132
1084
1108
1104
1074
1098
1108
1096
1080
1108
1142
1116
1150
1168
1144
1138
1150
1112
1094
1108
1114
1072
1088
1112
1102
1086
1128
1146
1126
1128
1136
1126
1102
1110
1106
1080
1096
1110
1102
1080
1098
1092
1070
1086
1082
1038
1052
1058
1052
1060
1094
1094
1070
1094
1110
1094
1110
1122
1110
1088
1112
1104
1060
1074
1080
1066
1070
1094
1078
1064
1082
1100
1068
1022
1054
1074
1092
1080
1110
1118
1108
1136
1132
1118
1132
1140
1118
1132
1130
1128
1114
1130
1144
1120
1130
1130
1086
1112
1104
1078
1102
1106
1076
1096
1106
1084
1096
1102
1068
1088
1112
1086
1096
1122
1078
1102
1122
1092
1094
1104
1088
1082
1104
1114
1078
1096
1092
1078
1094
1106
1078
1090
1090
1072
1084
1094
1084
1072
1102
1084
1064
1090
1090
1072
1110
1112
1090
1108
1108
1078
1096
1088
1058
1080
1088
1058
1076
1082
1074
1058
1086
1080
1060
1076
1084
1056
1078
1086
1072
1046
1062
1076
1058
1092
1106
1094
1102
1132
1122
1108
1120
1106
1066
1096
1098
1076
1090
1102
1068
1076
1092
1102
1062
1094
1108
1090
1104
1116
1108
1094
1108
1108
1096
1118
1118
1086
1098
1106
1078
1096
1092
1078
1086
1104
1084
1098
1104
1078
1100
1124
1128
1098
1120
1126
1088
1104
1106
1068
1080
1086
1054
1076
1096
1094
1062
1092
1116
1088
1108
1134
1116
1120
1124
1100
1084
1096
1090
1052
1072
1070
1054
1066
1086
1064
1054
1074
1096
1066
1078
1080
1074
1062
1082
1080
1060
1082
1080
1044
1066
1078
1060
1060
1066
1062
1032
1056
1052
1046
1060
1060
1036
1068
1086
1058
1060
1076
1062
1058
1072
1074
1044
1064
1076
1028
1040
1048
1038
1038
1076
1092
1084
1124
1140
1128
1174
1162
1156
1164
1154
1126
1136
1122
1090
1104
1102
1072
1088
1084
1056
1076
1098
1064
1076
1084
1074
1064
1078
1052
1046
1072
1074
1058
1102
1102
1084
1096
1098
1078
1106
1098
1066
1080
1092
1072
1086
1092
1076
1044
1078
1086
1058
1080
1100
1072
1094
1120
1110
1098
1118
1110
1088
1112
1112
1078
1084
1096
1064
1078
1090
1094
1068
1102
1112
1092
1116
1116
1078
1098
1098
1058
1076
1088
1082
1060
1092
1102
1074
1098
1116
1088
1096
1106
1092
1062
1080
1084
1064
1084
1106
1088
1106
1106
1082
1070
1110
1126
1078
1084
1080
1032
1008
992
908
834
814
802
768
752
768
754
758
760
758
764
760
766
772
774
776
784
818
880
906
970
930
938
932
960
982
958
946
958
924
918
964
956
950
1038
1028
1016
1104
1114
1102
1130
1156
1122
1136
1138
1124
1096
1126
1128
1116
1098
1118
1110
1088
1114
1136
1128
1130
1156
1162
1142
1164
1162
1134
1134
1156
1132
1134
1142
1114
1102
1128
1122
1098
1124
1122
1100
1116
1134
1094
1106
1124
1114
1102
1120
1120
1098
1108
1108
1096
1096
1118
1108
1112
1134
1140
1114
1130
1122
1086
1110
1118
1080
1102
1108
1092
1096
1114
1102
1100
1130
1136
1106
1124
1142
1122
1126
1124
1106
1128
1124
1104
1116
1114
1076
1098
1090
1084
1110
1098
1072
1100
1104
1088
1100
1106
1080
1106
1110
1096
1108
1106
1080
1100
1114
1092
1092
1102
1094
1088
1102
1092
1060
1084
1070
1054
1086
1092
1066
1080
1100
1082
1106
1128
1120
1102
1136
1150
1130
1150
1146
1134
1142
1140
1110
1132
1126
1108
1112
1124
1104
1114
1142
1126
1124
1150
1138
1140
1166
1154
1134
1148
1134
1106
1130
1138
1092
1122
1124
1102
1116
1110
1076
1102
1110
1096
1088
1104
1106
1088
1108
1118
1084
1100
1102
1082
1094
1120
1076
1080
1092
1096
1094
1118
1126
1108
1122
1138
1118
1136
1136
1108
1118
1120
1094
1104
1088
1066
1096
1112
1100
1064
1096
1108
1100
1082
1116
1118
1140
1154
1144
1144
1154
1142
1154
1176
1142
1138
1156
1138
1096
1102
1114
1110
1090
1128
1124
1104
1138
1144
1128
1152
1160
1130
1134
1146
1126
1128
1134
1112
1080
1100
1098
1070
1092
1100
1072
1092
1118
1088
1104
1134
1106
1096
1116
1108
1080
1098
1090
1066
1088
1096
1066
1084
1090
1074
1084
1100
1086
1076
1106
1088
1088
1108
1116
1078
1100
1100
1082
1090
1106
1096
1086
1106
1106
1086
1098
1082
1058
1080
1066
1058
1078
1076
1046
1066
1076
1056
1080
1100
1078
1076
1098
1094
1080
1094
1102
1088
1094
1098
1070
1082
1086
1068
1070
1098
1072
1062
1086
1074
1056
1084
1070
1070
1090
1080
1056
1092
1078
1064
1092
1098
1076
1106
1096
1098
1106
1112
1080
1098
1110
1082
1086
1094
1080
1068
1110
1108
1084
1102
1090
1066
1088
1094
1062
1082
1102
1086
1086
1106
1112
1078
1096
1094
1078
1088
1124
1102
1092
1118
1130
1098
1132
1122
1098
1114
1120
1092
1106
1108
1094
1074
1106
1110
1082
1102
1112
1086
1114
1124
1100
1110
1120
1098
1090
1106
1100
1076
1094
1098
1076
1106
1108
1078
1098
1116
1092
1112
1126
1096
1104
1100
1072
1080
1094
1074
1076
1094
1096
1086
1100
1110
1086
1100
1098
1086
1088
1108
1098
1086
1096
1118
1100
1120
1134
1118
1116
1138
1098
1084
1096
1094
1060
1086
1088
1064
1076
1094
1078
1082
1114
1124
1104
1118
1112
1080
1098
1098
1066
1086
1094
1076
1066
1100
1102
1086
1110
1122
1120
1102
1114
1100
1080
1104
1102
1090
1110
1104
1086
1102
1112
1098
1112
1114
1092
1110
1134
1096
1102
1104
1074
1094
1116
1076
1090
1096
1064
1078
1104
1074
1094
1122
1122
1102
1126
1128
1100
1124
1136
1100
1124
1126
1104
1100
1118
1098
1074
1094
1092
1056
1080
1092
1070
1078
1094
1080
1050
1074
1074
1072
1074
1058
1036
1068
1092
1070
1106
1132
1102
1134
1150
1132
1154
1146
1126
1136
1140
1112
1132
1128
1104
1112
1120
1112
1100
1112
1108
1088
1100
1106
1098
1060
1090
1088
1064
1086
1098
1084
1066
1104
1116
1094
1106
1124
1100
1102
1104
1082
1062
1082
1072
1054
1070
1070
1038
1076
1078
1058
1060
1078
1074
1066
1094
1100
1074
1104
1098
1086
1106
1112
1076
1098
1116
1082
1082
1082
1050
1052
1070
1066
1050
1086
1084
1070
1096
1130
1116
1108
1132
1130
1108
1112
1118
1094
1106
1116
1112
1096
1110
1112
1086
1100
1082
1086
1098
1080
1078
1102
1112
1094
1130
1160
1130
1138
1142
1132
1106
1118
1106
1080
1100
1112
1092
1090
1104
1084
1066
1094
1108
1072
1086
1084
1060
1072
1084
1056
1066
1068
1042
1050
1070
1048
1052
1068
1078
1070
1102
1108
1076
1088
1092
1066
1084
1102
1084
1084
1104
1118
1092
1106
1112
1096
1112
1126
1096
1108
1110
1086
1090
1106
1068
1068
1086
1088
1070
1106
1116
1090
1114
1136
1094
1112
1112
1076
1088
1070
1054
1080
1074
1066
1094
1110
1088
1112
1130
1130
1100
1122
1118
1088
1094
1100
1068
1086
1102
1084
1088
1116
1120
1084
1100
1116
1094
1098
1104
1098
1070
1094
1104
1080
1090
1092
1052
1066
1072
1048
1048
1058
1058
1040
1074
1086
1062
1078
1096
1078
1094
1124
1104
1080
1102
1100
1076
1088
1098
1070
1084
1096
1082
1058
1074
1068
1046
1064
1078
1048
1074
1086
1076
1074
1090
1094
1072
1098
1094
1078
1092
1102
1074
1098
1108
1078
1094
1108
1092
1098
1108
1100
1090
1108
1112
1086
1096
1106
1088
1072
1096
1098
1056
1076
1074
1060
1044
1078
1088
1052
1066
1090
1064
1072
1090
1072
1044
1070
1074
1052
1078
1074
1054
1064
1086
1076
1052
1068
1084
1058
1084
1102
1080
1062
1088
1076
1078
1094
1096
1064
1094
1098
1074
1100
1106
1090
1086
1094
1088
1050
1074
1068
1054
1074
1070
1050
1064
1066
1046
1072
1094
1068
1086
1116
1074
1088
1098
1086
1086
1108
1100
1070
1090
1104
1090
1086
1104
1108
1084
1102
1114
1088
1098
1090
1050
1082
1096
1064
1080
1096
1072
1062
1086
1104
1072
1084
1100
1092
1080
1094
1098
1080
1096
1108
1082
1088
1096
1080
1062
1080
1076
1060
1076
1076
1044
1064
1090
1066
1078
1102
1082
1072
1084
1074
1020
1038
1056
1060
1056
1112
1116
1102
1152
1142
1138
1180
1184
1154
1172
1172
1166
1152
1168
1164
1120
1120
1134
1106
1110
1108
1112
1074
1098
1108
1082
1090
1102
1090
1100
1134
1126
1098
1112
1110
1086
1108
1126
1094
1116
1134
1112
1114
1130
1120
1086
