822
840
862
860
856
862
842
822
846
844
858
834
832
854
866
870
826
808
826
828
844
830
810
840
854
844
814
840
852
840
844
824
832
852
894
884
838
862
866
870
860
822
836
854
850
826
824
846
880
878
854
840
864
864
872
862
826
830
834
850
832
808
820
828
852
816
830
840
856
860
838
820
842
858
882
874
844
820
824
842
848
824
804
814
816
808
792
810
824
842
824
812
846
844
858
826
852
876
882
864
828
864
864
872
844
812
836
844
840
826
830
822
832
802
814
830
862
856
856
856
862
850
822
842
846
858
838
816
832
846
846
852
834
846
842
818
832
850
866
836
824
832
842
860
850
830
858
882
880
838
838
850
854
860
826
820
816
808
792
784
790
802
792
792
812
820
834
814
814
838
842
822
804
822
834
844
816
818
830
856
864
834
810
824
814
832
804
804
828
856
870
832
838
854
866
864
822
830
836
846
830
814
828
832
846
818
794
826
814
814
794
780
804
824
830
812
810
834
850
828
816
848
834
816
796
800
824
830
832
812
828
856
866
834
810
826
830
854
826
802
818
820
814
812
796
808
818
836
820
796
802
784
788
796
784
782
824
896
870
872
892
916
902
890
894
902
892
848
860
870
878
850
830
856
870
860
848
830
852
852
856
836
800
812
830
850
818
808
832
836
842
810
798
818
836
826
830
830
806
816
786
786
794
782
810
820
844
842
814
850
888
884
840
854
860
876
838
820
854
870
874
844
826
840
824
806
800
806
822
830
818
814
846
874
870
824
820
824
832
838
802
810
830
834
850
836
830
866
888
864
838
852
854
874
840
826
850
866
878
832
856
854
852
858
824
822
848
856
862
836
824
852
860
860
840
828
846
852
858
818
830
844
868
824
818
834
842
832
806
842
850
844
812
802
818
822
810
788
818
838
858
838
820
848
858
864
838
822
802
806
816
796
790
816
846
862
840
840
866
870
860
820
838
842
842
814
802
810
840
830
814
816
830
844
838
806
822
820
824
818
788
802
816
840
814
812
842
878
866
832
830
848
870
836
816
834
838
856
824
804
826
844
852
830
814
830
826
822
812
786
780
794
816
826
814
822
836
862
814
804
834
836
842
836
800
844
846
858
828
836
858
880
872
842
842
856
866
852
822
840
840
844
838
804
830
836
838
816
830
846
850
836
818
830
844
842
804
796
798
812
804
798
820
834
850
828
800
814
838
832
810
806
812
832
832
792
802
818
824
844
826
800
828
838
856
838
808
830
838
836
820
810
816
844
858
812
822
820
830
808
786
814
838
850
850
828
848
874
862
860
822
832
844
842
816
820
838
848
860
830
826
838
844
846
818
822
830
838
830
806
824
818
832
812
816
836
830
806
814
826
830
804
800
812
818
830
804
804
816
842
844
808
828
844
856
828
828
844
860
828
808
822
826
828
812
796
800
812
822
836
818
822
850
856
848
818
820
856
814
808
792
810
822
854
828
816
832
842
852
828
822
836
858
882
826
828
826
826
810
782
786
788
808
800
792
820
840
862
826
806
824
836
820
790
798
802
810
796
784
814
836
846
826
818
844
860
872
838
812
828
838
838
826
806
830
842
832
806
812
814
836
826
802
820
824
832
812
788
808
816
830
810
798
820
834
818
810
824
832
832
808
796
810
836
824
800
798
800
824
810
808
818
836
818
804
820
828
856
832
804
790
790
822
814
806
836
870
894
876
844
886
894
874
836
822
838
852
862
838
826
850
872
872
842
822
848
850
858
822
844
838
834
810
810
826
820
806
804
808
800
814
784
794
804
820
840
810
804
820
816
820
792
794
804
800
770
776
788
794
830
832
812
836
842
848
828
802
818
824
826
800
806
814
838
822
810
808
802
800
792
788
788
796
826
806
792
814
836
854
824
840
816
832
812
790
824
832
838
828
820
846
876
860
834
846
852
850
816
822
826
842
828
808
822
826
834
810
800
818
826
800
782
796
822
820
810
788
806
826
822
790
780
798
830
828
814
814
844
886
868
834
824
840
834
850
808
812
826
836
830
816
824
828
842
824
812
812
820
834
828
806
822
820
836
814
792
804
806
812
798
794
800
802
792
784
786
790
816
798
784
804
828
854
846
808
838
838
848
810
810
810
824
798
802
828
830
828
800
838
868
866
838
826
844
846
852
828
828
842
846
838
802
820
814
834
828
804
810
834
840
832
810
830
838
850
828
818
834
850
828
806
818
828
830
816
798
800
800
794
770
792
784
808
802
790
832
848
870
838
820
844
852
842
824
802
812
820
816
798
808
816
824
812
800
834
860
858
832
836
842
848
844
826
816
810
834
820
796
800
802
820
826
810
804
820
830
824
794
798
810
826
832
818
818
834
868
828
828
830
844
834
808
820
840
848
826
814
826
842
838
802
782
798
804
822
808
790
820
844
858
834
820
836
834
824
798
818
824
850
820
818
828
816
820
814
804
818
824
820
796
814
826
840
810
794
796
802
810
790
798
820
826
812
800
824
826
824
796
806
804
808
792
772
782
796
814
832
812
814
832
824
820
806
814
826
828
802
810
822
828
824
806
816
832
846
850
818
818
824
812
804
776
792
764
778
796
800
808
844
916
916
866
898
906
892
852
842
850
862
862
834
844
826
832
822
808
830
838
858
814
836
846
860
840
822
840
848
846
824
816
832
836
842
824
802
788
798
806
780
804
832
848
830
836
860
882
856
830
862
870
866
836
840
854
858
832
820
826
834
824
804
792
812
824
834
808
806
832
836
844
812
848
848
838
808
818
810
822
820
786
802
792
798
784
770
776
788
792
780
790
802
822
830
800
836
850
856
850
816
820
832
822
814
792
786
796
800
778
788
800
808
832
794
824
828
836
804
800
816
844
846
798
802
810
828
814
794
812
830
836
814
804
816
842
834
798
800
802
802
804
786
774
794
810
824
800
800
826
856
836
804
836
846
852
814
824
822
824
822
792
814
814
818
788
792
782
794
802
780
794
816
844
852
824
834
840
848
854
818
802
814
824
840
826
808
834
836
856
832
808
802
814
804
790
816
844
864
834
834
866
876
854
844
858
874
868
834
840
836
858
834
818
812
814
816
790
798
822
850
844
812
846
838
858
816
798
814
812
820
816
792
804
822
830
812
804
820
816
804
780
778
780
774
782
762
774
790
816
796
804
848
870
870
822
840
842
854
824
810
830
834
836
808
802
816
834
842
822
812
826
838
830
806
824
832
844
816
792
812
832
816
812
798
822
832
834
812
808
818
830
846
808
810
808
822
822
802
818
822
810
806
802
816
820
808
806
822
852
844
824
840
854
854
828
816
814
830
814
792
794
798
820
810
800
836
870
866
838
814
834
842
864
842
826
810
826
838
842
824
822
834
846
840
802
820
836
822
824
802
794
798
800
814
798
794
808
816
818
796
790
804
828
810
790
806
800
818
808
800
832
842
848
818
806
820
828
802
790
812
818
820
812
812
838
848
860
820
836
834
844
838
816
834
820
836
794
784
784
804
802
782
804
816
836
808
804
830
846
852
822
822
820
806
796
784
796
802
800
790
780
802
810
816
800
804
804
800
788
780
806
812
814
796
796
790
792
790
786
784
814
816
828
808
804
828
844
848
818
812
832
830
826
814
830
832
828
810
798
826
820
824
804
802
816
806
798
780
786
792
792
800
792
794
818
816
816
802
816
822
800
792
780
800
804
806
792
794
792
796
806
778
802
828
844
840
822
834
830
834
810
808
812
822
818
792
788
802
806
818
794
782
808
808
818
804
792
816
810
806
796
806
810
820
804
790
810
788
794
806
798
814
842
876
896
856
892
912
908
876
898
896
900
848
872
860
864
856
814
832
820
806
798
806
832
840
832
818
842
850
846
822
830
822
832
816
826
826
830
840
812
820
832
836
828
800
828
822
818
804
798
812
844
832
812
822
824
812
800
800
802
802
792
780
802
818
836
804
822
840
836
826
812
832
832
818
802
804
800
812
816
806
790
812
802
822
796
790
814
822
820
804
806
824
834
828
802
824
804
814
792
782
800
798
810
796
788
806
800
806
786
786
788
786
800
780
790
806
824
826
802
816
834
836
824
810
822
826
826
806
798
808
812
810
794
792
810
806
800
792
812
812
816
798
796
808
810
812
790
800
816
818
816
800
810
818
822
792
790
784
780
782
758
798
812
846
820
812
834
870
872
844
832
852
850
856
812
810
816
816
822
802
822
840
848
838
814
842
856
846
816
826
818
830
818
800
802
806
810
808
780
778
798
802
806
794
806
804
804
790
776
794
790
784
784
762
790
792
818
804
800
810
834
822
794
826
822
842
832
796
816
806
810
800
780
800
796
800
816
806
802
828
852
844
826
836
862
862
832
814
832
836
840
810
786
808
802
802
786
782
800
830
840
816
818
828
838
830
800
820
802
802
788
778
798
806
828
814
804
834
846
840
816
836
834
836
806
818
818
828
824
804
812
828
840
824
806
826
820
812
782
784
786
780
784
766
780
792
800
810
794
806
800
802
798
770
792
794
798
800
782
806
822
816
792
794
804
794
804
782
800
802
814
814
788
806
816
808
798
786
808
806
816
794
782
796
806
812
790
782
798
792
790
784
774
796
804
818
798
790
810
806
804
786
792
798
804
812
788
808
814
816
806
782
804
808
816
794
792
804
788
782
768
762
768
774
780
782
770
782
772
746
718
708
738
682
634
686
688
690
696
692
684
688
674
676
678
674
684
678
678
672
662
650
640
642
632
618
622
610
614
604
592
596
644
532
580
572
566
562
568
564
570
632
532
592
586
582
586
610
658
740
706
708
676
672
658
642
632
628
620
614
616
630
640
650
664
684
728
744
728
734
768
764
738
730
724
714
710
712
698
700
700
684
706
726
750
754
750
760
788
794
786
770
778
792
806
792
814
858
876
828
818
848
860
830
826
870
886
848
850
882
914
860
844
852
822
792
794
772
770
774
782
792
786
798
842
874
852
822
822
838
864
832
812
828
856
868
854
886
946
966
892
920
962
924
884
914
928
878
842
858
896
936
896
918
970
982
902
946
948
930
880
908
920
908
878
886
926
950
914
908
868
836
818
812
836
844
866
856
934
958
924
882
938
922
852
858
836
806
796
816
854
884
842
900
944
908
860
910
916
884
836
844
848
820
818
920
976
898
932
956
932
896
950
936
882
880
908
920
868
864
874
902
858
866
906
880
864
944
948
878
892
866
850
826
860
892
922
874
920
960
922
910
958
944
892
910
860
850
850
804
792
824
918
1002
910
954
1028
992
922
962
974
896
886
942
892
848
860
898
898
858
870
912
936
884
854
898
900
874
832
856
870
864
836
864
912
944
884
884
908
924
880
894
910
906
866
882
918
980
862
844
858
864
852
844
908
954
884
910
984
960
904
942
952
946
872
910
932
884
874
922
866
850
816
832
828
806
796
800
806
764
748
722
706
696
688
676
668
660
644
634
638
638
636
642
638
636
640
646
646
656
668
694
722
756
772
760
756
762
782
830
918
894
858
836
860
914
886
882
902
948
974
958
890
872
848
840
880
958
936
906
964
1000
906
928
958
948
910
876
880
864
888
946
954
916
968
1004
998
924
954
978
964
918
950
968
938
908
890
888
856
884
898
884
888
958
976
948
940
934
926
874
896
898
880
870
906
938
898
882
918
876
880
904
888
886
904
912
870
892
908
944
884
898
914
930
892
908
930
928
884
930
960
892
848
840
852
870
868
914
998
978
914
986
1008
918
876
926
944
972
918
946
986
956
906
894
906
890
890
886
858
920
966
938
924
964
974
894
924
962
966
888
888
886
854
868
886
888
884
962
936
888
902
902
874
902
920
938
878
896
920
938
928
880
928
960
938
962
982
932
962
968
896
922
920
906
858
884
890
870
844
892
900
890
886
912
922
880
894
908
918
892
880
932
882
862
868
874
894
858
860
898
894
880
888
890
892
850
868
880
854
864
870
862
848
872
888
902
854
908
920
884
900
892
912
928
906
968
968
906
890
894
890
882
840
882
894
928
894
978
970
908
958
934
922
960
932
912
938
948
916
958
976
934
940
972
922
944
980
898
926
912
872
886
888
880
866
918
934
902
874
934
936
890
886
912
892
866
860
840
834
816
798
802
842
862
912
982
930
932
936
956
922
972
870
876
890
844
868
920
862
954
958
918
956
1062
958
920
948
942
904
922
928
922
890
918
954
916
876
894
910
916
864
890
906
884
888
902
926
884
866
894
896
874
866
902
920
914
902
920
904
962
1010
966
992
948
970
952
908
922
920
876
874
906
910
882
902
960
896
922
936
878
924
900
874
924
898
868
930
944
894
914
956
930
886
920
910
882
864
884
878
858
890
886
856
878
884
876
854
886
870
848
856
848
832
846
846
828
830
866
872
852
842
878
886
846
844
864
860
838
834
864
862
844
848
876
860
846
862
858
836
830
842
830
810
814
822
822
812
802
814
806
786
778
772
780
786
774
788
812
818
810
808
814
796
782
776
774
786
778
786
778
790
826
842
844
864
922
902
888
898
894
898
902
864
886
858
860
850
848
896
904
878
944
1000
890
932
932
884
890
918
886
866
914
880
866
896
888
866
874
878
848
838
856
830
814
852
858
834
842
854
832
830
846
832
812
820
838
850
822
824
830
842
820
810
830
814
802
816
814
812
804
804
828
816
800
806
830
806
790
782
790
784
782
774
790
808
820
812
804
822
830
824
804
796
792
772
764
756
766
780
800
796
792
814
824
818
802
808
798
778
770
784
798
804
786
800
814
808
800
786
792
796
784
774
774
764
750
720
706
686
674
654
648
640
636
622
622
616
608
606
606
608
590
582
576
576
570
564
560
558
548
558
560
564
574
586
622
720
754
838
924
930
894
942
956
910
834
858
896
896
858
826
842
868
866
840
858
910
934
846
832
864
918
920
914
870
890
900
910
1012
966
992
914
894
948
960
926
904
926
918
916
1008
934
940
934
982
936
940
902
942
990
1032
976
1018
1024
1038
1000
934
922
918
882
922
952
964
900
940
970
994
934
916
962
972
906
858
898
894
900
888
880
952
954
942
886
902
942
940
916
882
906
894
896
878
958
986
988
896
908
920
902
878
858
888
908
908
910
900
858
852
890
904
916
868
852
902
884
896
862
884
958
920
942
904
968
1022
988
950
918
982
1000
938
962
978
920
896
974
956
922
882
926
922
896
870
912
944
900
872
946
922
896
860
898
894
868
846
840
892
920
896
840
854
898
898
894
870
880
890
922
894
884
918
916
880
902
908
886
886
898
876
862
902
892
870
850
862
860
824
808
820
830
814
798
784
776
752
796
852
896
966
998
906
986
1056
1008
908
940
954
924
896
900
900
902
900
930
924
892
916
910
890
884
916
904
892
886
934
930
916
946
1000
974
936
900
894
970
978
948
972
1034
948
926
994
960
882
894
962
1010
970
992
1046
1012
880
908
958
940
850
862
894
870
840
852
884
922
854
858
882
882
844
844
884
924
884
880
932
968
968
898
888
946
922
882
884
904
922
882
902
930
920
896
904
930
912
870
912
898
856
834
850
866
848
818
834
834
886
870
896
1004
1024
930
950
986
940
892
924
948
940
906
944
956
906
926
942
922
886
898
892
880
856
894
926
914
876
920
934
904
882
896
928
894
888
942
930
898
940
940
900
908
918
866
836
828
788
762
790
902
1048
984
888
934
1094
1062
930
994
1002
922
900
944
982
950
906
960
980
930
964
1004
942
942
976
946
894
908
952
972
878
860
858
844
810
816
880
980
940
890
950
942
906
906
958
950
906
952
982
938
932
910
962
916
896
932
920
918
890
918
914
880
868
890
908
868
858
928
984
914
906
972
970
904
888
920
906
874
846
886
892
890
862
854
876
878
848
828
850
876
912
876
866
910
954
904
916
962
928
892
936
940
930
934
892
886
960
990
936
928
1016
970
942
968
962
904
910
942
906
882
944
920
886
932
974
898
900
908
890
890
916
904
882
912
894
868
852
884
864
846
846
870
890
842
830
836
830
826
814
846
940
968
936
892
906
930
942
902
890
918
924
880
916
924
880
896
906
902
870
890
918
894
866
868
898
916
856
856
892
894
884
870
892
902
884
866
896
898
882
850
882
886
880
836
834
824
800
810
834
870
936
1080
1050
928
954
1056
974
898
896
934
926
902
880
968
980
958
924
928
904
898
924
880
866
920
936
920
890
928
948
910
888
916
924
892
872
932
1004
932
932
908
892
926
924
894
898
912
866
870
892
896
898
914
960
906
886
928
936
888
874
924
904
858
854
882
862
834
822
842
828
802
810
816
862
906
878
848
896
924
892
884
900
862
852
878
864
842
842
866
876
854
816
838
878
914
900
860
878
924
922
892
856
884
892
902
874
898
892
876
894
884
866
892
900
868
856
882
876
846
846
840
816
812
812
844
880
856
842
934
990
948
916
956
932
888
862
872
836
860
850
842
876
860
900
900
892
926
870
854
896
874
864
860
850
868
842
836
848
876
858
840
882
880
856
856
884
854
866
886
864
864
864
848
844
872
846
834
864
846
834
852
866
854
834
852
856
834
848
870
836
824
840
838
822
816
824
844
818
806
824
820
788
752
744
762
776
814
818
818
872
902
882
858
860
890
872
848
840
864
852
832
840
840
828
824
840
838
826
832
844
868
884
848
876
882
842
860
890
886
856
854
882
862
848
888
886
856
832
836
838
816
786
776
762
750
784
798
786
800
890
962
870
876
942
960
906
898
952
918
882
904
906
868
870
886
888
852
848
864
868
854
842
840
876
894
848
856
888
886
910
872
888
922
914
882
880
910
886
868
874
884
878
842
850
892
884
856
840
844
880
846
818
806
780
752
732
710
700
684
678
678
674
666
666
670
666
664
662
668
662
668
686
654
706
718
746
852
898
906
848
876
956
978
906
876
914
924
914
888
900
932
946
900
908
966
954
892
894
920
944
930
896
890
924
958
916
916
952
936
900
936
954
946
954
966
954
974
994
950
982
972
936
942
978
948
902
914
894
860
842
886
894
860
852
900
916
864
858
898
886
838
848
856
862
846
844
894
892
858
914
918
890
912
970
914
922
924
870
880
900
880
856
864
878
880
838
846
880
898
880
884
906
952
940
884
866
902
900
866
866
908
920
888
876
908
884
850
886
888
858
856
890
890
858
860
894
882
866
828
864
864
874
820
834
858
884
854
824
846
844
816
598
1032
824
798
798
808
792
784
774
770
780
814
852
892
876
772
844
880
888
880
836
840
884
968
884
892
870
882
898
908
864
882
910
914
880
886
932
1034
882
926
1016
960
898
896
940
898
884
918
922
894
892
966
962
910
912
946
890
868
918
916
878
902
924
928
878
890
932
916
874
892
916
900
854
876
886
872
834
830
866
872
850
852
884
898
910
888
910
902
874
910
876
864
880
906
878
852
896
926
912
884
904
920
914
864
858
894
900
874
864
914
926
880
888
914
902
862
868
904
900
874
876
926
904
842
854
870
884
856
834
870
902
918
854
840
846
824
836
840
828
896
994
984
914
910
914
948
902
870
918
934
902
864
892
916
886
872
918
920
878
874
914
914
872
870
898
896
858
854
890
908
868
842
896
932
922
870
860
892
880
854
834
854
864
886
848
864
878
914
890
870
912
938
918
880
856
914
930
932
892
872
912
918
902
864
888
894
