908
968
974
978
964
956
1000
1012
998
980
1008
1010
1004
990
994
1002
1006
990
998
1014
1018
1000
966
992
990
984
962
944
964
976
964
948
960
984
984
958
946
974
980
982
956
954
974
982
990
962
956
970
986
968
940
966
972
952
944
964
984
996
980
980
998
996
1006
986
968
984
978
976
952
966
994
998
998
972
1002
1006
990
964
982
988
998
980
970
994
1002
996
980
974
1006
1008
992
976
988
1000
996
978
970
992
996
988
980
998
982
980
954
932
962
998
1006
988
992
1026
1028
1012
990
1024
1018
1006
970
990
1002
992
976
970
982
992
978
962
996
1008
992
976
998
1014
1008
992
992
1012
1016
1004
976
998
1002
1000
980
966
982
998
978
954
974
972
978
956
950
990
1004
1000
984
994
1012
1006
984
966
984
982
984
970
960
992
1000
986
952
980
994
996
986
968
994
992
976
952
974
978
974
944
948
966
984
986
972
978
1006
1008
996
966
992
1010
1004
976
984
994
990
974
944
974
996
990
988
984
1006
1018
1006
986
988
972
968
954
948
986
1006
1012
994
1008
1038
1032
1018
994
1014
1016
1018
996
988
1012
1014
994
970
996
998
988
964
946
970
984
980
964
972
988
990
1000
970
946
972
960
904
856
842
840
836
814
820
810
814
820
816
812
820
858
920
978
1010
1064
1086
1070
1058
1014
984
958
1002
1034
1036
1024
1014
1064
1066
1066
1024
994
1026
1014
1002
968
972
990
1000
986
964
976
994
1002
1016
980
952
982
990
986
968
970
1012
1024
1030
1002
986
1010
1016
1004
982
966
994
1008
998
986
978
1004
1004
984
964
996
998
994
972
946
982
998
1000
980
980
1014
1014
1014
982
984
1004
1012
1000
978
1004
1004
1010
980
960
990
998
998
976
964
984
988
982
960
950
962
966
958
948
944
978
986
982
966
978
998
988
970
956
996
964
968
944
928
976
1004
1010
1006
1000
1036
1038
1028
1000
1012
1016
1016
996
966
998
998
982
966
984
1012
1020
998
982
1016
1020
1016
978
982
980
972
956
928
944
968
986
974
976
1000
1020
1020
1002
984
1004
996
970
942
978
976
970
944
956
974
978
956
940
962
982
994
966
950
978
1010
1002
982
972
1006
1006
1002
982
964
1008
1022
1002
954
942
974
986
982
946
888
868
836
816
828
840
830
834
872
924
984
982
1022
1098
1114
1084
1052
1068
1090
1078
1052
1004
1036
1036
1032
990
980
1006
1018
1000
974
1004
1024
1022
1022
986
986
1016
1016
1016
988
966
1002
1004
1004
970
924
956
976
986
972
960
1012
1044
1056
1034
1030
1056
1062
1034
1002
1024
1024
1020
998
960
990
1004
1008
972
960
982
990
964
944
986
994
1012
978
982
1034
1046
1030
1000
986
1010
1020
1004
968
996
1002
1006
972
966
1000
1002
982
960
988
1006
1006
994
954
984
984
986
952
966
1002
1018
1010
982
1006
1018
1018
988
956
988
998
1004
984
972
992
1006
976
946
972
988
1000
986
970
1022
1032
1002
984
1022
1018
998
964
972
986
996
984
948
970
982
988
986
966
972
992
1004
986
954
982
994
1004
972
944
980
992
976
954
946
964
980
964
956
968
996
1004
970
950
974
1004
980
944
966
986
998
982
956
968
986
980
962
956
992
1012
998
978
990
1004
1006
970
946
986
998
988
968
964
984
996
996
972
962
992
1006
1002
966
990
1026
1026
984
952
978
996
1004
978
976
934
880
846
838
816
800
798
804
836
858
858
856
922
968
1000
1032
1008
1018
1074
1072
1056
1026
1016
1050
1058
1046
1026
996
1032
1044
1024
994
960
994
1002
996
976
960
996
994
996
976
942
984
998
1006
986
970
1010
1010
1002
964
948
980
988
988
960
934
974
992
1002
970
956
988
996
992
970
952
994
1004
990
962
948
988
1006
988
964
950
1010
1034
978
948
984
1012
1006
992
964
1020
1020
1020
996
978
1016
1028
994
952
960
996
1000
986
960
1000
1010
1012
990
964
996
998
1004
928
946
960
984
946
942
1032
1016
1022
992
1014
1048
1062
1028
990
1010
1020
1010
984
920
894
854
820
786
780
770
774
782
848
896
944
980
1004
1002
1100
1108
1098
1056
1040
1092
1094
1070
1016
1008
1032
1044
1044
1022
976
1016
1036
1032
1030
994
984
1004
1008
1004
984
950
972
994
988
982
954
980
1016
1010
988
950
976
986
974
942
942
966
974
958
928
972
988
998
970
950
992
996
1008
990
982
1012
1016
1006
982
964
996
1018
998
974
988
1010
1006
986
972
990
994
968
944
984
1008
1000
986
956
996
1008
1022
992
968
986
990
990
964
952
976
976
980
954
954
994
1008
1000
980
944
988
1010
1006
988
976
1006
1028
1004
980
1024
1032
1026
990
980
1000
1000
974
944
946
972
976
952
928
982
996
996
980
956
998
1006
1004
980
952
982
994
996
964
948
980
984
966
924
970
966
960
958
994
1024
1020
1000
1004
1020
1016
1000
926
930
934
932
920
900
966
1006
988
986
1036
1054
1050
1020
1010
1022
1016
994
960
974
982
972
950
962
992
998
984
970
990
1012
1018
994
970
990
1014
1004
974
958
1000
1004
988
974
994
1006
982
960
970
994
994
972
942
958
964
948
926
950
988
1002
984
974
994
1006
990
948
958
970
960
934
928
958
966
956
936
952
976
976
958
934
972
992
980
958
980
1006
1004
966
962
1006
1022
1018
990
1002
1036
1042
1020
986
996
1018
1018
994
976
1008
1020
1012
976
990
1022
1010
982
956
978
984
974
948
954
982
992
982
936
954
980
982
970
956
1010
1020
1018
998
994
1004
1016
990
960
996
1020
1012
982
968
1000
1008
992
978
994
1020
1010
976
978
1000
996
974
942
970
974
966
946
964
980
984
972
958
982
1002
974
928
888
892
914
920
912
922
1010
1006
1014
986
1026
1024
1028
998
1002
1030
1030
1004
1006
1034
1032
1014
976
980
998
998
986
980
1004
1022
1016
992
990
1026
1028
1006
978
984
1004
1004
986
932
952
960
960
930
914
886
852
822
860
740
790
770
766
754
756
758
788
828
882
930
950
900
928
952
1010
1006
1034
1104
1120
1114
1072
1034
1044
980
934
968
996
1036
1020
1024
1040
1084
1078
1062
1022
1030
1052
1066
1056
1038
1028
1044
1060
1044
1018
934
918
934
960
966
966
1032
1076
1036
1030
964
972
928
886
866
862
886
898
972
1054
1072
1082
1082
1094
1118
1116
1088
1050
1042
1076
1032
1018
996
986
1040
1048
1052
1034
1022
1064
1060
1044
1020
986
1016
1018
1014
992
974
1006
1026
1044
1024
998
1028
1044
1032
1014
990
1016
1032
1018
996
976
1010
1024
1012
980
976
1018
1034
1034
1006
994
1044
1040
1050
980
916
894
870
840
812
802
838
932
998
1016
1046
1154
1176
1158
1116
1106
1146
1136
1106
1070
1030
1060
1054
1048
1020
1006
1050
1046
1030
986
984
1008
984
960
948
968
1000
1022
998
992
1032
1054
1040
1014
1008
1042
1060
1036
1002
1010
1022
1026
1010
990
1014
1024
1026
1000
998
1038
1044
1046
1014
1008
1038
1040
1042
1016
1002
1022
1026
1010
984
972
1008
1012
1000
968
970
1010
1028
1012
986
960
996
1006
1000
982
1010
1036
1048
1026
1010
1046
1016
1026
1008
962
992
952
896
862
844
824
822
816
822
866
896
924
988
1030
1050
1066
1114
1110
1106
1076
1074
1092
1094
1066
1056
1078
1080
1068
1048
1044
1062
1068
1050
1028
1048
1052
1052
1044
966
954
978
998
992
992
1032
1082
1102
1092
1062
1082
1084
1074
1046
1010
1050
1054
1040
1026
1020
1056
1054
1028
1012
1020
1024
1012
984
976
1000
1018
1018
1012
1024
1038
1042
1016
1008
1032
1044
1024
1012
1014
1048
1052
1040
1042
1024
1070
1072
1054
1028
1038
1058
1070
1056
1018
1002
1036
1028
1018
998
988
1020
1024
1016
1006
1040
1052
1050
1034
1022
1040
1038
1028
1006
970
996
1002
990
982
974
1012
1042
1030
956
958
952
912
898
876
852
842
848
844
862
854
856
890
928
1038
1084
1116
1128
1106
1136
1158
1148
1120
1098
1034
1032
1024
1018
1012
1084
1108
1090
1066
1070
1090
1100
1076
1044
1046
1046
1048
1040
1018
1050
1052
1054
1042
1044
1076
1076
1072
1054
1044
1060
1064
1042
1022
1044
1044
1032
1000
1028
1030
1026
1022
1030
1060
1068
1052
1026
1054
1066
1068
1054
1034
1062
1068
1052
1014
1034
1046
1042
1026
1038
1048
1052
1044
1028
1040
1056
1048
1034
1012
1058
1058
1062
1044
1044
1070
1080
1046
1026
1018
1052
1056
1048
1050
1080
1080
1074
1056
1042
1072
1072
1058
1024
1044
1050
1054
1034
1002
1032
1036
1030
1028
1060
1078
1072
1046
1046
1064
1070
1066
986
944
912
908
868
852
848
842
834
822
832
898
982
1046
1066
980
1038
1092
1088
1074
1130
1144
1142
1136
1092
1080
1116
1114
1104
1052
1026
1046
1036
1044
1028
996
1034
1048
1048
1030
1006
1038
1042
1044
1016
1000
1038
1000
972
948
960
1010
1052
1052
1036
1052
1094
1106
1052
1032
1068
1078
1058
1038
1048
1028
1030
1016
1024
1082
1096
1074
1056
1060
1096
1096
1072
1038
1068
1082
1086
1070
1048
1066
1074
1066
1036
1020
1036
1034
1026
1014
1026
1034
1040
1034
982
1014
1018
1024
1000
992
1016
1038
1038
1022
984
1014
1036
1036
1024
1004
1022
1036
1044
1016
1004
1036
1042
1048
1032
1010
1050
1064
1058
1030
1030
1072
1076
1058
1026
1030
1052
1066
1024
1016
1058
1066
1044
1012
1024
1056
1054
1038
1022
1038
1020
1000
974
964
1018
1050
1058
1050
1044
1094
1110
1106
1078
1068
1092
1086
1062
1046
1044
1048
1034
1000
962
1000
1056
1054
1042
1058
1108
1114
1068
1038
1048
1044
1050
1024
1008
1046
1050
1050
1036
1032
1078
1090
1080
1058
1042
1080
1086
1078
1058
962
962
942
908
910
976
1038
1050
996
1018
1070
1080
1070
1074
1130
1128
1110
1076
1084
1098
1106
1076
1056
1078
1076
1070
1038
1014
1044
1054
1038
1010
1002
1018
1004
1010
990
974
1018
1034
1032
1020
968
1020
1054
1058
1038
1038
1068
1066
1050
1036
974
1016
1042
1046
1034
1046
1090
1070
1056
1036
1074
1064
1056
1032
1010
1040
1062
1054
1040
1036
1082
1086
1064
1032
1026
1056
1068
1066
1044
1054
1072
1078
1032
978
1018
1024
1036
1008
1018
1058
1074
1062
1038
1028
1078
1084
1064
1004
1024
1048
1050
1044
1004
986
1026
1012
1010
1010
972
1018
1048
1048
1040
1010
1028
1046
1080
1064
1056
1058
1034
1028
1006
998
1024
1046
1024
984
1008
1052
1040
1042
1050
1080
1074
1066
1040
1028
1058
1038
1012
1002
1052
1070
1058
1028
1030
1050
1036
1014
984
930
920
940
968
952
944
1026
1056
1070
1052
1104
1132
1128
1072
1052
1098
1070
1064
1020
1018
1046
1026
1020
1000
1016
1040
1048
1036
1010
1002
1032
1040
1028
1016
998
1034
1044
1054
1038
968
936
914
916
920
982
1092
1120
1126
1088
1086
1132
1130
1102
1032
1000
1046
1082
1072
1042
1020
1040
1074
1068
1024
1050
1076
1038
1010
1028
1072
1054
1032
1012
1030
986
956
956
994
968
968
1006
992
954
936
968
988
976
944
932
954
960
914
898
888
886
850
836
836
848
866
868
874
898
946
946
932
922
936
970
960
944
938
942
968
980
956
944
934
932
962
982
986
976
946
948
980
974
966
954
932
930
958
962
952
934
912
928
914
920
920
904
906
934
924
936
930
910
936
960
958
962
936
930
934
948
946
948
948
952
994
986
966
924
924
938
938
936
912
912
920
922
946
920
918
920
932
944
932
938
940
948
982
960
942
938
944
936
890
880
858
862
860
860
874
970
976
958
952
936
978
988
944
906
888
908
904
892
880
876
884
884
884
876
878
892
880
874
864
858
866
870
872
868
872
916
910
938
920
926
966
978
978
962
956
964
954
954
910
938
932
906
922
920
912
920
906
904
930
906
906
920
952
936
916
896
894
884
870
856
854
854
856
862
848
850
868
876
886
882
876
882
900
900
898
896
898
912
920
920
908
916
916
926
956
938
952
972
982
944
944
974
948
942
926
960
954
934
938
956
968
966
948
922
912
918
916
904
906
916
960
978
964
944
932
958
952
942
920
912
920
922
920
910
884
876
892
888
902
886
888
918
924
936
928
928
922
940
952
954
936
940
950
960
946
940
942
958
970
944
930
950
954
952
954
922
898
910
908
918
912
900
910
960
958
928
922
938
970
958
938
926
934
934
926
930
962
964
952
954
936
974
976
956
938
960
970
974
950
930
952
972
952
938
930
928
946
944
938
946
994
988
960
944
964
970
950
934
922
946
968
936
922
918
948
962
918
910
956
968
920
886
890
848
818
816
804
786
764
770
766
766
752
748
732
744
742
738
734
732
732
752
760
762
780
786
798
824
838
828
832
818
832
888
930
982
946
934
1008
1038
1056
1040
992
948
998
1012
1026
1002
962
1008
1038
1062
1044
1006
984
1042
1046
1058
1016
972
962
1018
1026
1040
1016
962
972
1014
1028
1056
1038
1018
992
986
1026
1054
1030
1000
992
1012
1038
1016
972
924
898
854
834
834
822
810
822
910
1010
936
958
1054
1096
1072
1064
1012
1030
1052
1040
1040
1036
1016
982
990
1030
1044
1020
1024
1036
1036
1022
976
1006
1022
1024
1038
1042
1028
1034
1038
1036
1008
964
954
1004
1020
1018
988
988
1010
1030
1010
984
944
1004
1002
1008
996
968
958
1030
1048
1078
1020
964
1010
1012
1028
994
954
990
1038
1054
1042
1004
974
998
938
894
866
858
932
986
958
956
1108
1178
1152
1118
1074
1118
1124
1102
1050
1018
956
964
998
1028
990
1000
1068
1098
1112
1082
1062
1104
1108
1098
1092
1042
1016
1004
1032
1036
1036
1018
988
1022
1050
1050
1074
1044
1036
1022
1008
1026
1028
988
994
1054
1064
1028
988
970
1028
1040
1040
986
958
1018
1024
1040
1008
984
1044
1006
1026
1014
974
990
1050
1060
1060
1056
1006
1004
1042
1054
1044
1048
1020
1000
1036
998
992
966
958
1014
1046
1056
1050
1038
1018
1078
1074
1032
1014
1046
1074
1066
1026
1002
976
924
880
894
942
1014
988
988
1080
1122
1132
992
968
1030
1064
1020
1006
1080
1108
1128
1088
1072
1088
1086
1078
1040
1018
1080
1060
1070
1044
1038
1048
1042
1020
1018
1058
1080
1074
1054
1024
968
928
902
862
836
834
890
1042
1028
1022
1040
1122
1126
1124
1088
1040
1102
1118
1118
1098
1068
1056
1104
1092
1090
1062
1044
1068
1054
1048
1022
1004
990
1030
1034
1044
1032
1018
1040
1024
1000
974
986
996
1004
1012
1006
992
938
984
1016
1036
1028
1008
1002
1052
1062
1038
996
1000
1042
1032
1032
1010
982
1024
1026
1036
1000
986
1036
1058
1062
1060
1036
1012
1036
966
908
868
848
822
816
800
800
810
922
1068
1128
1142
1174
1164
1152
1104
1106
1122
1124
1116
1116
1104
1110
1106
1070
1030
1032
1094
1088
1070
994
926
920
978
1006
980
986
1076
1116
1144
1128
1094
1072
1124
1118
1106
1064
1050
1062
1066
1008
988
1050
1104
1104
1080
1052
1046
1116
1096
1086
1046
1012
988
1024
1002
988
958
960
1034
1052
1036
960
912
890
880
838
816
818
824
832
872
990
1008
1012
1034
1118
1130
1132
1100
1070
1030
1084
1106
1092
1100
1082
1044
1016
1022
1060
1074
1068
1034
1002
1042
1062
1058
1038
1014
994
1030
1032
1016
1000
1066
1070
1042
1020
1018
1080
1104
1048
1024
1012
1080
1080
1030
980
976
1006
1014
1004
974
956
1014
1044
1048
1038
1010
986
1022
1046
1044
1022
976
952
998
1012
1010
1004
968
948
986
1034
1038
1024
1000
1010
1050
1052
1024
1002
988
1036
1048
1018
982
966
1006
1022
990
950
964
1010
1030
1044
1016
974
980
1008
1010
974
942
978
976
986
958
944
940
952
958
918
914
964
972
988
968
938
912
896
866
838
826
822
828
840
868
948
1062
1110
1110
1088
1098
1136
1118
1114
1080
1032
1060
1030
1026
988
976
1006
1066
1072
1072
1052
1024
1012
1052
1072
1066
1048
1018
1022
1060
1086
1030
986
972
940
882
862
886
988
986
926
946
1002
938
912
952
992
1018
1000
1052
1078
1086
1068
1040
1086
1098
1088
1060
1024
1018
1036
1052
1058
1060
1038
1014
1002
1046
1048
1052
1046
1020
998
1010
1044
1058
1034
1022
1044
978
942
960
938
932
924
902
922
1000
1034
990
946
922
888
862
824
800
792
776
786
782
764
764
750
744
758
766
774
774
788
846
888
910
926
918
984
992
1004
980
928
958
988
980
968
938
982
1032
1048
1038
1008
978
1028
1046
1022
966
924
964
972
992
950
920
982
964
916
888
874
858
904
908
898
1018
1068
1096
1124
1122
1084
1074
1094
1076
1062
1022
1026
1050
1058
1020
1006
1028
1026
1002
1014
1022
1034
1012
1002
980
1044
1004
1006
950
918
924
988
1008
1018
994
968
1000
990
986
956
920
968
988
1014
1002
982
1044
1054
1048
1060
1022
994
1002
1016
1016
1010
988
940
932
986
984
1002
990
970
1022
1048
1048
1022
980
944
990
1004
1026
984
956
942
994
1020
1046
1034
990
982
1026
1054
1034
988
952
900
880
858
828
828
854
840
838
816
836
876
868
878
990
1048
1074
1048
1082
1110
1112
1106
1074
1046
1074
1064
1054
1044
1012
1004
1020
1012
988
986
1012
1014
1010
984
1002
1008
1020
996
926
898
880
856
830
834
826
830
906
882
910
1098
1156
1140
1092
1100
1146
1124
1106
1072
1046
1102
1100
1036
974
936
938
956
932
906
884
876
868
888
994
1030
1062
1040
1062
1090
1096
1094
1056
1026
1056
1066
1064
1034
1016
1044
1052
1060
1046
1000
974
1018
1042
1050
1048
1020
982
1032
1040
1052
1056
1016
978
1018
1034
1030
1028
996
980
1016
1016
1016
984
962
1010
1028
1048
1008
1004
958
900
854
848
814
808
810
808
818
828
866
906
902
1028
1096
1112
1112
1092
1082
1112
1100
1086
1056
1024
1054
1044
1044
1002
972
1004
1024
1012
988
974
982
998
964
982
1000
994
968
954
1034
1046
1046
1004
974
1012
1028
1036
1010
970
1004
1014
1012
986
956
1016
1026
1038
1016
990
1040
1060
1056
1040
996
996
1030
1052
996
930
908
876
850
822
828
876
984
980
1000
1028
1118
1128
1124
1094
1066
1096
1092
1084
1072
1034
1020
1044
1034
1032
1002
1020
1026
1036
1036
1010
966
1000
1002
1030
1014
990
974
974
1016
1038
1028
996
962
1012
1024
1020
986
968
1006
1014
1018
1002
974
1018
1030
1036
998
972
1010
1002
1004
936
946
982
948
938
998
1046
1060
1034
1002
1038
1066
1060
1038
982
954
996
1008
1014
986
954
1014
1038
1028
986
972
1018
1042
1042
998
976
1022
1032
1026
984
956
998
1020
1028
1000
980
1020
1002
964
930
914
990
1036
1034
1014
992
1048
1072
1046
1010
984
1028
1038
1040
1000
920
942
932
884
862
830
830
854
898
866
882
956
980
970
962
1036
1054
1072
1074
1042
1048
1066
1030
962
972
976
994
988
994
1046
1068
1072
1072
1010
992
1030
1030
1030
