994
1014
1016
1028
1006
1030
1016
1022
1000
988
984
984
1000
966
968
990
988
964
916
942
1006
1018
954
914
910
888
868
862
888
982
1000
970
938
964
946
892
866
908
964
1026
996
988
1018
1008
994
930
974
1024
988
960
916
954
1054
1034
998
930
950
996
964
978
948
1012
1056
1040
1042
1020
950
1008
1088
1076
1056
1106
1108
1090
1028
1020
1038
1052
1034
1004
1046
1054
1038
990
984
1000
1014
998
944
954
964
952
1052
1056
1030
1022
946
996
1038
992
968
874
868
906
1034
1054
960
916
1008
1004
978
938
892
950
998
1002
982
990
1114
1100
1072
1072
1022
1010
1040
1096
1050
1056
1066
1054
1044
994
980
1030
1070
1034
936
940
974
960
956
926
972
1090
1016
940
870
828
802
784
768
756
740
730
720
716
712
712
704
714
784
810
830
876
912
912
944
944
976
1024
1022
1000
1012
1034
1094
1070
1074
1078
1082
1088
1038
994
1038
1038
1056
1040
1082
1102
1070
1082
1060
1054
1058
1046
998
1044
1112
1106
1100
1030
996
1010
996
988
1000
994
1038
1022
1028
1046
1048
1030
1054
1054
1054
1060
1048
1040
1056
1116
1088
1090
1114
1102
1096
1080
1102
1092
1094
1080
1056
1018
1006
1010
1004
1042
1068
1046
1006
1038
1038
1022
1002
922
976
1014
996
972
960
1114
1126
1070
1030
970
992
980
982
990
1012
984
996
1048
1052
1006
924
974
1006
1024
1012
978
1004
1016
1020
1002
1002
996
1032
1022
1030
1030
1042
1066
1030
1000
1028
1014
1026
976
1006
1012
998
1020
1060
1054
1022
952
982
984
986
980
982
986
1058
1022
970
942
966
1038
1000
974
852
840
806
840
804
780
770
764
756
754
758
758
746
740
730
708
692
684
684
676
658
652
658
652
646
632
626
630
630
636
632
648
662
676
732
794
858
956
986
948
990
1048
1020
974
866
840
900
978
1106
1156
1144
1124
1024
1074
1092
1062
978
1022
1110
1102
1076
1072
1048
1046
1014
1028
1008
970
884
830
832
840
842
850
918
1158
1138
1098
1076
1108
1084
1082
1058
1010
994
1028
1006
1008
1018
1010
1016
1016
1046
1048
1026
1048
1026
1010
1000
1014
1016
996
990
1014
1010
988
978
976
982
988
960
980
1010
1040
1008
1018
1026
1042
1012
1006
956
936
932
1042
1078
996
992
1034
1020
1034
1038
1006
1014
1000
990
992
924
954
946
968
972
1052
1048
982
954
984
1048
994
1000
906
952
962
956
934
908
932
968
950
956
962
954
976
978
956
942
946
976
958
970
982
980
1004
990
970
960
938
934
928
956
974
942
968
942
932
936
944
930
936
866
912
952
956
936
930
934
984
962
932
926
920
932
914
946
936
1004
1022
1004
974
958
968
974
1000
982
1000
980
1004
982
976
970
978
978
984
994
962
984
1066
1034
1028
1022
980
1010
1052
1006
1020
1020
1018
1036
1036
1024
1032
1028
996
998
1006
1008
1042
1004
986
906
870
874
964
1034
966
914
908
980
1086
1044
1010
1022
1028
1016
978
950
976
990
972
972
980
982
986
978
970
954
964
964
962
958
942
944
952
986
950
956
976
1004
1010
990
1004
970
994
992
994
968
982
980
1028
1016
1020
980
982
978
976
966
954
958
954
942
948
830
890
918
1006
1014
1038
1090
1066
1040
980
1026
1010
1008
982
946
988
1014
1012
980
948
978
966
976
972
970
966
934
966
992
980
982
956
980
960
950
968
942
910
894
906
916
972
970
972
966
926
926
940
972
938
1058
996
946
864
904
902
952
916
932
958
950
950
906
942
948
980
950
874
884
902
960
962
938
966
1048
1068
1050
1022
984
1002
1006
1006
1000
976
982
1014
1002
1012
1008
1012
1006
1006
1000
1030
1024
1022
972
936
950
944
986
946
842
824
866
936
926
1018
1092
1120
1096
1082
1094
1092
1086
1070
1046
1054
1064
1040
1018
1038
1040
1022
1032
1018
968
1014
990
1028
1018
1006
978
984
996
988
998
964
964
986
978
964
934
958
966
928
934
934
1018
1028
1006
950
984
990
1012
982
938
940
986
1024
996
1006
964
984
980
1008
982
996
1010
996
998
996
972
978
966
982
972
984
986
1020
1000
1012
1008
1020
978
978
978
968
976
968
976
982
1002
974
998
992
988
964
976
978
978
976
990
976
998
1000
946
954
922
900
898
890
900
964
952
928
928
900
914
924
908
866
856
864
870
856
888
894
924
944
922
930
930
928
944
940
904
906
904
914
896
886
868
850
864
872
922
886
920
904
868
878
856
856
862
860
890
894
880
896
890
894
906
884
874
862
860
870
876
868
842
824
820
806
806
804
804
836
950
1038
1006
996
976
984
990
984
942
906
922
954
984
966
944
932
948
984
976
960
918
920
922
928
928
840
836
836
924
1018
978
1006
1144
1108
1096
1086
988
1012
1038
1010
1012
1012
954
964
972
948
966
974
974
982
990
902
846
852
850
898
956
1028
1028
1114
1104
1082
1038
984
1008
1020
1016
992
964
986
978
1036
1004
968
972
980
1024
1030
998
1008
1016
976
1006
988
998
1008
980
960
964
954
952
986
984
984
1002
984
1000
996
966
982
956
916
898
928
984
958
950
924
948
910
840
830
844
794
772
758
762
812
912
854
912
998
1072
1056
1014
942
946
968
946
956
950
950
1016
988
982
944
942
908
934
978
994
992
1010
1038
998
990
944
948
958
952
954
966
956
1020
988
986
980
994
998
954
960
942
948
944
948
936
956
974
952
964
940
940
968
954
940
984
1008
990
976
944
956
954
958
950
914
934
934
978
944
932
904
910
902
986
1004
972
998
1066
1070
1044
1004
996
1026
1002
992
978
948
952
974
984
968
966
992
1024
1024
986
892
912
934
1084
1024
1008
998
1022
1046
1020
982
980
996
1016
1028
1004
976
920
974
982
984
974
964
972
974
952
940
948
984
956
918
908
916
912
918
926
910
1012
980
960
972
946
950
936
934
912
866
818
790
772
754
748
754
806
968
1132
1098
1042
1060
1070
1058
1042
958
976
994
1060
1012
988
938
958
1010
1062
1004
934
926
954
1024
1014
990
1012
1016
1022
966
926
926
942
996
972
946
910
966
996
982
972
972
996
1008
1008
1008
958
954
950
942
928
908
916
940
1004
1032
1030
1018
1074
1074
1052
1024
1014
1030
1014
1010
1008
986
968
968
964
994
994
1048
1036
1054
1044
1020
1042
1040
1038
1028
986
972
996
982
1006
990
994
1014
1024
1030
1012
1006
952
948
936
934
916
924
1018
1058
1074
1056
1054
1084
1058
1024
984
984
992
990
978
968
978
1026
1032
1040
1014
986
1006
1006
990
970
968
984
976
1006
988
992
984
994
1028
1024
1010
966
1000
1000
1030
1020
982
950
952
962
948
962
952
982
980
978
948
964
1008
984
1008
1038
1036
1028
948
920
936
940
944
930
936
992
1024
1014
1018
1032
1080
1066
1042
1044
1056
1050
1004
932
916
834
798
788
774
776
774
774
774
774
762
752
746
756
752
822
860
916
990
1006
1006
996
1010
990
1000
990
1040
1004
1008
996
1020
1048
1050
1036
1002
982
1002
1012
1038
1006
952
980
1004
1046
1002
1000
1024
1020
1018
1018
972
954
1026
1056
1012
992
964
992
1016
1018
1002
994
998
1010
1000
998
990
956
974
1000
1012
1000
992
952
970
1026
1000
1046
1010
1036
1054
1066
1054
1034
1010
1030
1024
1020
1028
1010
1008
1016
1010
992
970
976
976
962
998
966
974
976
980
1002
1002
978
948
928
954
950
958
960
984
984
976
954
988
1064
1078
1050
1090
1108
1090
1070
1026
1018
1008
1002
976
992
984
1034
1042
1032
1038
1046
1026
1058
1048
1036
1026
1044
1038
1028
1004
1016
1000
1016
1008
980
986
986
998
980
962
964
958
964
958
938
958
962
1012
1018
986
1024
1040
1038
1042
990
984
996
986
986
986
1024
1036
1014
1006
986
1000
986
972
960
934
950
954
954
944
950
1004
1046
1004
1010
992
1016
1018
1016
994
974
1000
1024
1002
986
960
978
984
1006
978
980
1024
1028
1014
1008
1004
1004
978
992
942
964
988
1042
1044
1028
1006
1038
1028
1002
1002
1002
1004
1016
1008
976
994
1000
976
990
978
976
986
976
1004
982
996
1004
1018
996
994
990
986
1044
1026
1034
1014
1024
1038
1038
1018
1010
1010
1006
1024
1010
972
988
992
986
972
988
1052
1032
1024
1030
1028
1056
1044
1036
1030
1016
1022
1016
1006
998
958
980
982
980
998
992
1054
1062
1068
1054
1030
1046
1032
1020
996
948
986
984
966
964
978
978
982
986
964
972
990
1024
1018
1016
960
1000
986
1016
1002
986
988
1014
1060
1040
1020
1036
1022
1038
1034
1002
1004
1022
1016
992
1002
996
984
1000
1002
1010
1010
1016
1000
974
984
978
1024
1006
1004
970
980
972
1018
978
1002
1024
1040
1046
1022
988
1004
1000
986
958
944
974
1016
988
1018
1008
986
996
988
990
990
978
990
972
994
998
994
1004
1026
1004
1000
998
1012
1008
986
968
980
970
974
984
966
1008
1012
1020
998
1010
1018
1008
986
970
1000
976
1000
980
984
986
996
966
968
984
1026
1010
1002
970
1008
994
962
996
984
1024
1004
990
992
984
1002
1000
1004
998
1030
1006
992
992
994
990
1002
940
922
922
936
930
986
1076
1050
1030
1064
1094
1068
1064
1028
1032
1018
988
978
998
1020
986
1014
1006
1042
1050
1026
1012
996
998
992
986
958
986
982
1006
994
990
998
1004
954
958
964
964
960
966
1000
1042
1042
1028
1022
998
1010
1014
1004
986
984
1000
1026
992
1000
1014
1010
1012
1000
986
982
974
962
936
962
976
1010
998
998
1006
1030
1008
1006
1028
1026
1002
972
968
956
966
968
970
1070
1098
1070
1046
1044
1038
1020
1006
968
1004
978
994
980
970
976
974
972
940
960
970
990
970
960
980
976
1006
982
984
988
982
1018
1006
966
992
978
986
976
956
972
954
974
964
960
1008
974
978
1016
1004
1006
980
990
994
980
986
994
976
1004
1000
970
990
972
996
994
1000
986
1010
1002
982
1002
982
988
992
974
1020
1028
1016
1004
1006
1028
1026
992
988
986
982
922
950
938
984
988
982
982
1040
1046
1032
1032
1046
1044
1034
992
1010
1010
1010
1004
982
982
980
980
950
936
954
994
976
966
974
1002
1006
986
992
992
978
998
988
980
1002
1002
958
964
962
980
994
964
990
1002
1014
998
992
980
996
998
982
950
970
988
1020
1002
1006
1000
1010
982
962
978
976
972
960
948
948
946
996
980
978
1030
1028
1006
998
1000
986
1008
1000
972
994
1008
1022
988
986
994
1028
1020
1002
1026
1018
1002
966
934
966
962
946
948
996
1030
1024
1012
978
1000
1000
1030
1014
996
1016
1022
974
978
1000
1024
1008
988
976
988
994
964
956
956
1002
1008
996
980
1000
996
966
954
958
962
956
940
954
962
1010
994
994
1002
992
1028
1014
972
980
974
970
992
994
990
992
1022
994
986
990
1002
984
998
978
998
1030
1036
1014
1008
1006
1036
1016
998
1002
1012
1004
980
988
988
986
992
974
1022
1030
1028
1014
1020
956
962
974
1018
988
998
1004
982
1012
1008
972
972
980
1006
1002
974
996
984
972
952
962
984
1042
1024
1022
1020
1014
992
962
948
970
964
966
956
962
962
950
950
948
984
1002
988
988
988
996
978
968
954
978
1008
976
962
998
972
986
982
962
964
1008
990
978
988
980
982
958
932
956
998
966
966
1024
1036
1042
1024
1004
1032
1006
990
944
980
980
986
978
1000
1006
1012
1002
984
990
982
978
996
970
1004
982
976
958
956
964
948
946
952
1022
1026
986
1030
1066
1060
1028
1004
1000
986
994
952
982
970
1004
984
982
982
986
992
984
984
972
1022
986
978
968
972
962
952
958
982
1028
986
988
1036
1042
1020
990
990
978
982
944
928
976
1006
970
986
994
996
1022
1008
988
980
1002
972
956
964
980
1034
986
998
1024
1022
1000
986
988
988
954
972
968
996
964
976
980
974
956
970
994
1048
1020
1000
992
1006
994
982
958
972
964
968
968
956
984
970
960
940
950
980
978
974
984
986
984
950
912
932
934
936
924
926
938
982
970
968
960
994
1010
1000
968
1004
1040
1018
1022
1022
1026
1028
994
960
990
996
1006
994
1000
994
996
972
962
960
976
1014
988
978
982
1024
1000
986
998
990
1014
998
984
974
994
988
968
960
986
982
986
940
978
954
974
974
966
1010
1020
992
976
980
968
998
996
966
974
968
992
974
968
986
970
962
960
1016
1024
990
990
1012
994
1010
988
1000
1006
1002
974
944
948
962
968
952
974
972
994
976
978
972
992
984
946
958
962
982
978
984
978
1000
982
954
970
964
966
966
978
962
992
964
996
1042
1056
1036
1044
1034
1024
982
998
1010
1010
978
972
992
1016
1002
962
998
1000
990
954
950
958
960
968
968
960
976
956
950
962
992
1000
986
974
970
968
1000
990
972
1000
1032
1012
960
970
984
978
964
974
1008
1008
998
988
986
990
974
986
956
966
982
972
966
986
988
994
976
946
964
952
954
958
1008
1024
992
1004
1020
1012
980
1000
984
974
998
1006
1002
980
962
946
956
934
948
978
1030
998
972
992
1030
992
1000
1012
990
1014
970
982
1008
992
982
978
980
990
954
968
1000
994
964
938
942
950
980
956
1020
1036
1012
994
1002
996
974
952
948
948
948
920
832
744
716
710
698
686
672
668
668
690
682
684
666
660
666
670
664
660
668
668
670
670
660
678
674
694
744
810
884
946
962
938
950
974
974
970
944
968
910
824
792
760
752
772
796
772
782
954
1208
1106
1032
978
874
818
794
808
794
788
970
1034
1220
1184
1152
1138
1098
1020
878
826
804
818
796
798
920
952
1290
1258
1176
1198
1206
1178
1060
1064
1094
958
850
822
818
790
774
770
758
772
780
776
822
836
930
954
910
870
870
860
844
834
850
850
810
836
832
850
966
1070
1082
1042
1074
1052
1054
1052
1014
1014
1020
1020
1008
1012
974
936
926
944
1008
968
966
966
958
900
812
820
852
830
884
1160
1088
1030
958
864
870
924
1238
1142
1102
1086
1102
1050
998
1056
1090
1084
1056
1000
978
1000
958
914
918
1014
1076
1014
1002
994
998
1058
1042
1016
924
984
1098
1050
1038
1032
970
904
982
1038
1032
986
948
982
984
982
896
812
784
772
756
786
794
806
846
832
822
828
858
838
856
1010
1158
1146
1120
1096
1102
1088
1066
1046
1064
1016
1020
1038
1048
1008
958
994
988
1032
1006
966
1006
1018
992
1006
1018
992
1048
1044
1018
958
912
894
990
1022
994
1016
1066
1126
1092
1068
1052
1044
1038
1002
944
960
952
972
972
1016
1002
964
978
994
1038
1016
966
1004
994
1028
1008
980
978
988
990
974
958
974
980
978
962
960
970
994
1000
982
946
956
976
1012
980
996
996
1048
1038
1016
986
1006
998
1010
1002
968
954
980
1016
984
958
934
970
1002
968
976
944
956
948
938
864
814
864
1000
1046
1046
1098
1166
1134
1074
974
1040
1032
1070
1050
1006
1028
1024
1036
1030
1006
1040
1090
1034
1028
1030
1026
1012
930
898
954
1122
1048
1044
990
1026
1040
1066
1022
914
958
986
1010
1006
1004
1090
1144
1086
1060
972
1030
1090
1040
1042
1022
922
892
934
988
1020
982
986
1044
1086
1084
1060
1004
948
888
846
872
1092
1138
1042
1034
1072
1066
1070
1050
1048
1060
1038
1038
1000
1030
1014
1002
944
936
958
1022
1000
980
994
1002
1000
1036
1002
1006
1016
996
1030
1018
964
980
978
984
956
894
854
854
948
1018
1020
1148
1150
1100
1088
980
954
898
796
784
796
802
860
874
870
874
872
872
886
852
876
910
1022
966
928
850
820
826
838
850
830
900
906
954
970
1108
1164
1134
1126
1066
1078
1084
1064
1078
998
914
966
1054
1084
1036
1028
992
1004
972
970
1044
1118
1040
996
942
962
1000
990
976
994
1064
1102
1004
960
908
838
790
786
842
1082
1100
1058
1090
1168
1160
1108
1024
1092
1062
1044
984
962
988
1022
1040
996
1008
1036
1094
1072
1048
1028
1038
1024
1028
1032
968
1014
992
1032
996
942
890
892
920
1004
1098
1128
1146
1108
1032
1004
1048
1048
1054
1042
1038
1034
1054
1056
1042
966
1012
1012
1002
1012
1002
992
1056
1034
1018
1006
958
918
916
938
1046
1012
994
1020
1002
1040
1030
1010
1000
1018
1014
1020
938
864
796
832
852
838
826
812
796
796
790
804
922
1160
1150
1080
1152
1180
1150
1136
1036
1026
1062
1064
1046
1058
1108
1102
1058
1004
1030
1018
1004
962
952
998
1050
992
1002
972
946
886
824
838
1034
1162
1068
1054
1058
1084
1078
1012
938
1000
1052
1022
998
950
982
1004
990
960
978
1000
1002
1012
1004
990
918
970
966
988
972
958
1002
1048
1034
1002
954
916
844
870
878
1128
1142
1102
1068
1100
1106
1128
1086
1022
1008
1014
1006
1010
954
996
1012
1004
1004
1008
1038
1036
1020
988
1010
1012
1016
994
988
960
990
988
1006
992
974
976
976
1002
998
960
924
896
894
898
1024
990
986
1008
1036
1102
1086
1052
982
1004
986
980
974
906
922
954
1044
1016
1012
1088
1136
1122
1072
1052
1058
1050
1070
1060
1004
1056
1052
1066
1044
994
990
996
994
960
932
934
852
788
806
912
1106
1048
1046
1148
1140
1114
1048
1056
1064
1056
1054
1054
1028
1000
970
1000
1040
1016
990
992
1002
996
982
984
918
954
1060
1018
990
940
970
1000
1000
972
898
954
964
976
950
962
1004
1096
1084
1052
1002
1074
1126
1086
1082
1074
1022
1020
1038
1018
1034
992
1006
1004
1060
1040
1018
990
1006
1012
1010
1000
964
998
1006
1036
1022
972
982
996
1040
1016
992
1030
1072
1068
1028
990
1010
1016
1000
1006
974
974
974
954
936
950
980
1014
978
964
982
1048
1044
1004
976
986
976
992
980
958
978
980
1032
994
998
1058
1062
1042
970
926
970
990
962
990
978
1014
1056
1048
1022
1002
1020
1068
1042
1028
1042
1050
1044
1014
970
994
996
968
940
950
958
1014
962
990
968
1026
1060
1052
1014
970
988
990
1024
1010
960
974
968
972
956
972
974
970
1014
984
976
976
1002
1042
1008
1008
1000
1018
994
1012
972
970
970
976
984
968
956
992
1022
1002
968
1016
1094
1072
1044
1038
1060
1040
1022
980
1004
1072
1076
1046
998
1008
1006
1022
1010
964
976
988
992
1000
990
1098
1132
1106
1056
1034
1042
1036
1038
1034
996
1022
1020
1018
968
992
996
1032
1000
984
1008
1014
1038
1010
970
996
1006
998
994
942
972
994
1068
1020
1040
1030
1042
1028
1014
964
996
982
1014
984
984
996
974
1004
1000
980
978
986
1024
984
1010
1010
1076
1078
1040
1012
1030
1022
1016
1026
990
1018
1014
1020
998
996
1034
1066
1046
998
956
992
1020
990
1002
986
1002
1020
1038
1036
996
1008
1032
1008
1004
990
998
1014
992
968
978
972
1004
996
978
984
990
1008
1000
1008
992
1020
1004
980
996
1014
