510
536
522
518
524
516
514
540
548
572
578
574
582
578
572
578
576
574
574
572
574
568
568
562
560
546
546
536
538
524
534
518
510
518
526
544
584
608
646
658
644
626
600
594
582
584
572
570
566
566
562
548
558
544
536
528
526
528
522
520
514
524
550
582
596
608
606
594
596
596
596
588
590
588
584
586
584
578
572
564
558
550
544
546
550
570
582
592
606
632
652
674
658
636
618
602
588
582
590
606
626
642
660
664
650
642
654
634
628
612
606
586
574
578
570
568
582
612
636
662
656
644
666
688
686
670
690
674
656
654
668
666
652
642
622
606
590
610
640
696
724
728
704
674
674
684
674
674
654
646
660
674
676
674
668
640
622
628
634
642
628
630
634
636
654
658
678
674
660
644
654
654
666
660
650
630
614
598
602
600
604
608
656
714
730
738
704
692
682
680
658
656
634
626
624
630
638
712
772
778
788
774
744
718
684
660
640
646
644
668
678
692
678
654
654
636
616
612
624
622
622
622
616
606
604
590
598
594
586
594
586
580
586
600
610
608
616
614
612
602
594
590
588
590
592
590
582
580
578
562
566
552
548
548
564
598
616
628
630
634
622
604
600
596
586
578
574
572
574
580
586
584
582
578
582
582
582
582
586
596
588
590
576
566
552
552
544
538
530
530
526
518
514
502
510
514
540
552
552
566
594
620
624
614
610
614
610
608
608
602
600
594
590
588
582
578
580
580
576
576
564
570
560
556
552
546
546
540
544
548
554
556
560
562
558
558
544
548
546
542
544
550
556
560
574
574
578
574
566
560
560
550
554
552
554
550
558
560
560
568
566
568
568
574
584
584
582
574
570
568
564
560
552
556
542
532
536
546
548
546
558
574
576
576
574
584
586
590
584
582
568
566
564
560
560
566
570
566
568
558
556
558
560
566
560
566
560
560
556
558
556
556
564
572
570
576
572
570
566
566
566
566
566
572
576
572
558
562
566
558
558
562
568
564
554
554
552
550
546
548
550
550
552
564
572
572
576
572
572
574
572
566
570
568
568
568
566
556
552
558
566
562
572
574
584
580
578
580
580
578
584
584
582
566
562
560
554
550
544
544
546
558
556
566
578
582
588
600
592
594
596
590
576
578
570
574
566
566
554
550
540
538
534
532
534
540
552
564
560
558
554
550
548
548
546
546
540
546
546
552
552
544
540
538
534
532
532
532
534
530
528
536
534
532
530
534
540
540
538
542
544
540
542
542
536
536
530
540
536
538
536
536
538
542
534
532
530
526
524
526
534
538
532
540
536
536
520
516
520
526
528
530
534
536
536
544
542
542
536
526
530
532
530
530
532
526
528
528
536
540
538
550
556
566
568
566
564
552
550
542
548
546
546
550
558
564
574
564
566
568
568
564
566
564
560
554
544
542
546
548
558
560
568
560
562
572
578
576
576
572
572
568
562
562
564
558
554
556
554
556
546
560
564
572
566
568
570
560
552
542
538
538
540
546
558
568
562
568
566
566
572
576
576
578
572
570
556
542
536
542
536
534
532
530
530
538
540
548
560
584
592
604
606
610
608
606
594
592
582
578
568
568
570
568
568
564
568
576
584
588
590
586
582
572
560
554
544
540
536
534
532
536
536
552
554
566
564
556
546
558
564
568
564
564
562
558
558
554
556
562
558
558
550
550
548
550
558
570
574
574
580
580
580
570
574
572
574
572
580
570
564
566
552
556
538
536
524
532
532
532
540
560
578
582
580
580
590
590
586
576
572
568
568
558
552
556
556
566
574
606
624
604
598
598
574
584
560
558
546
540
546
542
544
544
552
550
550
548
548
556
570
572
564
550
560
558
568
584
584
580
576
580
578
580
572
562
554
546
542
546
574
578
570
574
584
576
582
582
578
560
556
556
546
544
544
544
542
530
532
542
548
550
560
560
556
542
538
532
536
532
532
542
538
546
544
544
552
560
564
566
582
586
588
580
570
568
562
558
566
556
554
570
590
588
582
578
578
576
608
532
566
570
542
554
558
580
582
584
582
584
592
588
586
582
586
588
576
570
566
558
544
546
534
528
530
540
550
564
626
698
700
702
700
712
702
680
670
646
642
630
628
614
608
596
592
588
590
594
570
576
552
560
564
572
602
608
624
630
622
620
606
598
592
588
580
578
576
592
574
576
588
598
590
594
596
594
582
586
586
586
586
594
586
574
564
556
558
554
556
554
544
530
536
550
578
586
600
608
620
610
602
594
592
596
596
586
568
564
566
564
560
564
590
594
596
600
604
606
606
604
600
596
580
572
564
560
558
562
576
616
614
624
634
652
658
644
638
638
630
614
606
596
596
588
586
588
592
600
600
612
602
596
596
588
586
580
588
604
618
616
612
610
600
592
588
580
576
574
572
576
588
604
604
602
604
602
602
592
580
576
578
584
588
588
588
582
578
578
564
560
556
554
544
544
554
552
586
600
606
584
604
594
594
586
578
574
570
564
556
548
538
530
520
522
522
520
524
528
524
522
518
520
532
546
538
540
526
538
534
528
520
510
506
506
500
988
498
494
504
506
508
516
512
514
514
522
524
532
546
564
570
570
566
558
564
568
568
566
552
556
536
536
528
522
524
528
536
542
586
636
660
636
630
640
634
636
638
628
618
600
588
574
580
600
644
730
784
764
740
704
666
690
670
656
646
644
642
644
636
638
632
640
644
628
622
602
596
594
596
598
606
596
578
592
608
612
638
672
666
660
642
630
614
598
616
606
606
610
622
622
624
632
628
614
624
622
618
618
616
620
620
620
624
632
642
640
618
602
586
588
582
584
590
598
606
610
608
606
594
598
594
604
646
676
684
672
656
650
630
612
598
580
558
538
544
540
536
542
538
540
540
560
570
586
596
620
608
572
574
568
562
564
558
582
606
630
636
632
618
614
592
596
594
594
594
592
598
594
602
590
586
584
572
580
572
568
564
566
566
576
586
568
568
574
608
652
700
696
680
654
646
642
626
614
612
606
606
620
656
662
650
656
670
662
658
646
624
610
602
604
614
638
664
688
676
668
656
646
656
662
658
658
634
636
624
604
614
608
620
628
632
644
646
640
624
608
614
620
638
640
638
618
612
600
608
606
624
632
624
614
612
614
612
602
600
600
608
618
622
612
602
592
590
616
630
630
610
616
608
620
618
630
630
634
642
668
688
698
688
682
668
678
666
680
690
694
704
698
674
662
668
678
712
724
704
674
662
634
628
624
624
626
636
686
754
778
738
726
712
710
702
688
678
662
650
648
632
652
646
660
650
646
650
646
642
636
632
618
610
608
606
610
620
628
642
660
694
700
696
686
654
640
638
642
628
618
614
600
594
590
594
592
592
586
580
574
572
574
602
616
644
656
668
702
708
700
686
660
660
656
658
658
646
628
620
622
614
610
614
632
630
624
614
608
614
626
642
642
636
640
618
604
592
600
602
604
622
620
616
610
598
594
588
588
578
568
586
602
610
612
608
606
592
586
588
602
618
632
640
660
710
694
686
682
668
648
628
612
604
602
606
606
622
642
666
668
658
644
650
650
650
642
640
632
634
626
622
610
604
598
592
584
602
622
634
622
618
612
616
622
642
654
676
674
668
640
622
622
616
610
600
596
594
580
598
606
622
628
674
698
696
704
708
702
684
650
634
620
616
608
596
606
618
630
626
646
660
678
676
662
650
630
630
610
602
592
610
616
630
636
624
602
604
598
594
590
594
592
594
592
598
596
594
588
574
570
564
568
568
564
552
552
558
572
578
588
594
602
598
598
592
584
580
572
566
556
556
556
558
556
560
574
580
578
582
592
584
586
584
584
584
578
576
578
574
576
574
572
574
574
578
574
574
564
556
554
546
552
576
606
610
602
616
612
610
610
600
582
574
564
562
558
550
556
562
564
566
576
576
578
578
580
584
580
572
574
564
556
546
544
534
530
530
530
528
524
528
540
540
538
536
532
532
526
524
522
526
530
532
536
544
536
536
546
544
548
572
590
608
592
564
574
576
568
572
580
582
582
578
574
568
564
566
564
564
564
580
588
592
602
616
622
616
608
608
618
612
614
610
612
610
604
596
596
592
596
594
598
614
636
660
642
626
612
592
588
596
610
664
858
796
818
800
772
742
702
662
650
664
660
652
656
656
648
642
632
608
582
576
564
562
562
572
598
626
636
644
636
638
666
676
656
636
648
652
638
622
614
618
632
642
636
632
622
622
624
628
626
632
648
658
660
648
616
618
620
644
666
662
658
660
680
678
662
662
650
636
622
610
602
610
626
650
690
746
770
758
762
768
764
738
726
722
714
692
672
670
680
704
696
698
710
692
684
670
678
668
666
670
664
668
682
686
688
682
666
678
690
698
710
702
688
652
640
646
664
682
674
670
660
652
662
666
674
666
656
648
648
646
650
654
652
664
692
726
732
718
690
664
648
628
612
610
614
630
698
920
850
862
820
760
754
728
712
692
688
672
656
640
630
616
620
632
654
654
656
654
656
654
658
656
656
660
664
654
650
650
646
650
634
618
610
614
624
648
642
646
644
660
676
684
684
680
678
650
642
640
630
624
632
656
664
670
662
666
666
694
676
650
642
640
630
626
614
592
580
588
576
586
588
598
598
610
626
654
646
650
638
638
632
622
620
620
618
624
626
622
630
644
654
642
638
636
638
636
630
632
644
664
662
652
646
656
652
648
636
638
634
638
662
684
698
714
698
668
652
638
620
610
606
586
580
588
590
588
584
626
662
662
660
666
672
668
662
644
630
630
620
616
622
648
648
664
728
728
712
702
688
674
654
648
642
646
658
680
676
670
682
682
678
668
652
652
648
638
636
614
606
602
598
606
626
618
634
662
700
710
696
676
662
648
648
638
644
636
628
620
606
596
592
604
654
672
704
700
694
688
694
692
688
676
682
682
678
674
670
698
714
710
688
672
658
644
628
620
608
608
606
616
644
636
610
608
602
606
618
652
714
672
644
626
626
630
618
608
608
612
608
600
588
588
588
600
612
620
638
680
706
708
700
690
692
690
678
668
654
646
630
620
626
648
646
640
642
644
644
646
644
646
656
666
664
670
674
670
664
642
632
618
610
620
632
618
622
618
618
632
648
646
656
684
746
702
672
646
630
612
600
600
598
606
636
708
724
720
728
770
584
644
602
612
590
570
554
556
526
524
518
512
514
510
552
616
650
970
790
786
762
764
762
716
648
648
670
726
724
720
694
690
696
678
670
646
632
626
630
622
620
610
618
620
622
610
622
612
628
644
642
650
652
640
626
614
604
600
600
606
606
610
640
672
646
634
624
616
610
618
620
642
636
632
636
656
648
650
650
652
650
648
634
644
640
646
668
672
666
654
648
646
648
678
708
704
696
688
680
690
698
692
672
676
686
692
688
678
664
658
668
662
662
650
654
660
680
694
678
684
686
696
690
678
700
730
750
714
686
676
684
678
666
668
670
662
646
630
624
622
644
668
660
656
658
660
650
640
648
650
648
640
624
628
634
646
656
666
662
678
698
704
694
686
664
654
648
634
620
610
612
612
604
604
608
610
608
620
646
644
684
710
690
666
648
632
618
618
626
644
654
654
638
644
656
668
674
666
652
640
620
612
604
600
606
648
696
704
712
718
716
704
690
666
650
634
616
606
606
592
600
622
666
670
690
712
702
678
666
672
666
660
656
642
636
628
618
628
628
640
648
652
654
656
644
646
650
656
658
654
658
644
640
646
642
650
666
670
678
698
712
716
712
706
688
674
682
686
686
684
664
654
646
650
666
680
718
754
786
792
740
724
724
694
678
670
654
640
634
630
608
620
614
612
616
632
636
620
622
612
600
588
580
586
570
556
550
550
538
532
552
598
692
722
686
636
618
614
624
634
640
628
624
606
604
586
594
596
592
584
572
582
600
628
678
698
726
716
710
698
686
694
686
670
668
676
662
646
642
640
634
632
624
630
628
636
654
676
674
682
676
664
646
632
626
630
628
622
626
642
662
676
666
648
622
622
606
604
596
596
600
614
624
636
624
612
602
598
582
580
584
584
598
636
720
730
718
704
740
760
754
726
686
662
646
620
610
620
628
642
660
668
666
666
656
624
636
660
676
690
684
682
658
646
638
622
610
610
608
608
610
602
604
602
594
600
620
638
656
660
648
630
622
618
620
620
616
620
626
636
648
654
696
748
752
744
728
700
700
716
704
694
688
678
674
662
652
646
654
658
652
652
656
668
696
704
714
694
694
694
704
712
728
730
728
730
700
698
696
692
692
688
696
708
732
730
732
730
724
710
698
682
680
692
696
682
690
690
706
708
706
684
670
670
674
694
692
676
654
662
664
660
660
658
686
706
710
700
680
692
676
656
642
622
602
594
602
620
706
728
794
762
760
746
740
720
716
716
690
682
684
670
658
644
628
620
618
612
602
606
606
624
666
716
728
718
720
722
714
706
688
670
664
660
644
636
622
616
624
638
642
650
674
710
712
678
656
644
628
604
610
596
592
594
586
592
594
586
578
584
582
590
592
610
610
610
614
612
598
590
586
580
586
586
582
582
588
602
614
644
652
668
670
672
646
636
614
598
580
592
632
682
682
726
766
778
756
738
736
726
718
718
698
694
714
748
754
746
736
708
706
730
736
732
738
734
712
716
710
700
700
704
710
724
708
690
686
684
682
696
726
734
730
738
756
766
758
742
734
742
738
740
718
700
684
700
690
680
672
662
642
636
630
624
630
630
612
618
616
650
696
690
676
672
670
660
648
658
670
690
674
680
674
670
646
640
634
626
634
644
694
776
880
774
752
700
666
656
678
698
676
686
728
708
696
690
684
658
668
650
648
638
644
654
700
790
774
768
762
742
730
698
676
670
686
718
722
710
710
682
666
650
636
638
640
664
680
678
694
706
742
728
718
700
692
680
662
668
656
656
668
678
686
682
690
712
742
732
710
692
678
668
660
650
630
620
610
610
612
624
656
690
718
750
730
714
702
686
672
658
658
638
642
640
632
644
654
654
646
632
622
612
606
596
586
584
584
590
592
588
588
592
614
626
638
624
604
594
582
584
628
684
714
712
756
814
772
774
760
722
700
676
666
682
720
748
742
734
732
728
708
684
660
660
644
648
664
688
712
750
754
716
704
678
656
642
638
640
644
644
664
652
646
650
646
636
628
624
616
610
616
614
622
636
652
694
728
750
730
726
712
686
682
670
664
648
668
666
660
644
642
634
634
636
640
652
654
652
646
628
614
614
622
656
694
732
772
750
730
744
710
704
688
676
658
650
664
696
704
704
702
706
726
762
768
758
772
788
782
752
716
704
708
690
680
674
676
684
700
734
788
794
744
714
714
700
704
698
686
676
660
646
640
650
684
706
684
680
678
668
668
658
654
656
674
702
706
698
692
694
686
672
660
650
662
704
736
870
816
806
774
718
678
668
662
678
670
666
692
740
768
766
734
726
686
680
660
646
648
648
668
674
666
788
824
820
796
754
748
752
714
706
684
678
678
704
724
742
706
682
676
698
746
754
746
740
752
656
764
692
674
668
668
670
672
686
704
694
698
710
708
710
702
670
664
668
664
664
668
664
660
642
634
624
626
642
658
672
660
676
662
658
652
642
636
636
626
626
602
594
586
584
582
584
596
596
602
608
622
622
618
634
624
616
618
618
618
616
612
614
612
608
610
602
594
592
594
594
600
624
646
634
646
654
658
664
658
654
658
674
680
658
640
638
626
616
614
628
660
674
664
668
692
728
728
730
728
706
684
676
680
676
670
676
688
690
686
696
728
732
716
704
704
702
694
694
700
712
700
676
670
656
662
656
660
688
692
702
726
750
748
736
716
712
700
678
668
662
660
658
666
706
728
714
718
710
712
708
710
704
710
718
694
692
690
680
678
678
692
682
674
656
646
636
634
646
678
724
764
756
726
694
686
672
662
660
670
684
670
656
650
634
618
616
610
604
630
658
668
708
786
796
782
774
772
768
740
712
690
680
664
656
660
684
704
712
704
704
680
666
662
664
664
656
656
662
664
660
650
644
632
612
618
622
626
644
672
706
708
696
678
646
636
632
624
628
632
630
628
618
610
608
620
632
636
630
638
662
704
688
680
660
644
630
628
634
674
738
880
820
836
790
762
740
724
722
706
690
686
682
692
696
696
684
676
674
660
648
648
644
650
668
666
660
660
668
664
674
696
722
708
708
706
696
682
670
654
640
638
660
690
716
764
784
774
744
706
702
698
686
674
678
684
688
690
702
712
724
750
760
754
728
728
722
702
682
674
672
674
666
676
682
698
694
698
700
704
700
684
666
640
638
626
628
624
610
604
600
584
596
588
580
556
560
560
550
538
544
564
606
646
686
718
736
740
744
750
746
700
664
670
678
702
698
698
686
668
646
630
616
606
614
606
602
626
674
698
700
710
732
738
732
720
710
706
700
680
684
706
694
712
718
704
670
670
652
646
634
622
616
624
654
710
726
746
730
732
754
756
746
738
700
684
660
648
630
628
626
618
600
610
636
698
798
814
820
786
766
762
736
702
696
704
714
706
684
690
692
710
702
680
684
702
718
722
714
708
704
704
708
708
724
740
736
736
716
710
718
696
682
682
672
656
648
652
680
728
726
738
744
752
720
704
708
692
688
690
706
722
734
726
726
732
732
724
704
714
706
710
712
706
696
708
714
718
704
688
686
692
684
676
690
702
704
694
680
676
678
732
740
728
710
674
658
642
628
610
626
658
668
694
698
724
738
740
736
718
724
714
694
690
674
654
640
636
642
652
660
650
664
684
702
702
698
690
662
652
642
628
618
618
630
662
700
732
750
724
700
702
708
688
662
674
682
676
660
678
694
684
686
696
696
684
672
656
638
634
634
642
682
712
722
718
710
704
708
708
710
692
686
684
688
696
694
692
672
670
678
704
710
698
694
694
696
672
674
666
668
660
668
664
652
644
632
630
622
618
622
638
646
646
642
648
658
658
652
650
648
638
640
648
648
650
652
650
652
652
650
650
658
670
670
664
660
658
660
666
672
668
656
640
632
632
642
664
662
658
656
666
664
662
650
628
624
624
624
632
640
640
650
672
700
712
716
712
696
690
686
674
666
656
640
628
612
612
602
626
688
730
716
754
784
796
754
740
736
728
706
686
668
644
624
610
598
588
578
588
610
628
662
672
662
648
638
646
638
634
632
624
616
612
616
614
614
610
600
598
604
622
638
676
696
684
700
600
632
630
624
632
636
642
646
658
654
664
668
672
662
654
650
648
644
646
630
620
606
604
618
642
682
724
744
716
714
696
668
660
688
732
728
714
684
668
652
640
642
638
642
664
672
678
714
716
702
726
722
718
696
682
658
642
630
636
644
656
740
824
770
778
738
704
690
690
696
716
718
722
708
698
706
706
700
696
698
702
690
678
672
680
700
716
726
726
708
708
710
710
720
714
692
676
662
666
676
688
686
690
684
676
692
702
684
674
654
660
658
668
656
664
654
634
646
668
684
688
692
700
682
674
680
678
660
652
642
646
646
652
656
662
678
692
724
744
768
754
758
738
700
680
676
686
696
684
660
668
680
682
672
656
660
662
678
676
670
668
674
692
700
696
682
698
714
716
706
684
664
644
630
628
636
676
734
778
806
776
738
716
704
710
712
712
706
676
666
662
656
648
658
664
676
706
722
744
748
756
764
756
730
704
684
666
666
676
700
700
714
704
688
684
694
692
692
696
694
664
652
640
636
630
626
646
676
718
766
784
768
756
728
692
676
662
676
718
736
704
700
686
674
678
680
688
690
684
654
644
628
618
624
630
650
656
644
650
676
698
700
690
682
676
680
700
708
720
714
712
712
712
732
746
734
698
674
660
638
632
628
638
656
682
712
722
722
710
670
680
678
672
668
682
682
678
662
656
664
686
696
700
690
680
678
680
684
700
716
716
708
698
690
704
714
710
702
682
680
694
724
724
712
716
728
734
726
704
702
710
712
696
688
702
720
722
716
726
742
738
728
710
694
684
684
696
704
696
684
672
680
690
688
680
670
690
742
740
732
716
706
700
690
686
678
670
678
714
738
754
754
734
698
702
704
706
722
710
702
702
714
738
746
716
712
704
712
724
728
718
716
722
720
698
702
708
714
708
710
694
666
658
636
626
610
612
646
812
828
764
712
676
716
782
794
788
728
718
724
722
708
706
694
688
688
700
698
694
698
710
730
720
710
688
664
654
652
656
662
666
662
662
666
676
682
682
680
678
674
676
702
714
722
730
726
724
712
700
698
696
698
684
670
660
676
676
674
666
656
658
682
714
720
728
726
738
714
694
696
446
360
506
634
610
610
614
636
692
768
756
764
762
794
800
794
778
742
742
740
726
710
702
682
668
680
698
700
690
690
690
682
664
660
658
666
662
648
658
692
706
718
728
728
698
684
694
698
716
706
686
666
666
672
704
702
694
702
706
684
698
738
736
726
720
718
720
700
686
678
668
650
640
632
618
612
606
616
626
636
644
638
630
636
664
654
640
618
620
622
628
644
648
648
654
646
636
636
656
682
676
678
672
672
682
700
718
716
716
700
678
660
648
632
634
620
610
596
604
600
618
650
634
638
610
612
602
590
590
582
578
570
566
568
578
590
606
626
640
646
640
644
634
622
614
614
616
612
614
616
614
610
604
594
600
592
604
600
618
624
626
636
650
654
650
640
626
612
608
614
610
614
612
618
618
610
614
598
592
606
638
664
700
718
698
704
684
666
670
664
666
654
630
624
610
602
610
620
630
644
656
662
724
798
796
756
700
664
628
628
630
642
650
654
650
660
660
686
726
750
726
726
734
726
708
694
690
702
708
704
696
692
724
746
726
712
712
694
692
692
680
670
660
642
640
650
666
680
700
716
724
784
738
738
732
730
706
684
684
684
682
684
680
676
684
694
698
692
696
694
682
692
700
698
698
710
728
726
718
708
702
690
682
668
648
642
640
648
656
658
668
668
664
650
666
704
730
702
706
698
688
676
648
642
646
682
686
664
660
682
726
752
758
754
730
726
740
738
714
700
706
724
748
740
744
752
732
708
690
696
672
660
704
770
846
820
848
820
782
748
724
720
726
744
756
756
748
736
750
758
768
768
750
732
736
754
762
760
754
734
712
716
718
702
700
684
690
688
680
680
694
694
700
692
688
666
648
644
654
652
654
664
664
660
666
676
704
698
688
670
672
672
690
702
698
708
742
778
762
740
742
740
756
756
748
718
696
686
674
666
650
646
658
660
656
676
706
722
704
702
694
702
704
702
692
674
658
650
652
664
678
688
682
672
658
652
658
706
762
784
764
760
770
762
752
724
706
716
734
770
804
806
792
800
794
750
742
732
738
740
720
726
736
734
732
750
780
810
832
830
834
808
802
780
794
764
766
780
784
772
740
732
724
718
704
686
680
704
738
780
788
756
744
768
748
726
698
692
692
712
748
728
768
810
800
798
780
764
752
754
764
802
794
764
762
744
724
730
716
740
762
752
752
770
772
760
734
720
726
706
694
696
700
692
704
726
740
728
746
754
754
748
722
704
702
720
734
746
714
688
690
676
656
662
658
648
636
638
640
638
636
646
668
670
664
666
672
688
700
690
692
704
714
726
722
710
690
688
696
708
732
728
712
708
716
730
738
748
740
714
706
706
714
704
680
668
654
644
644
638
624
628
634
652
658
662
660
662
656
652
640
648
668
720
720
718
720
720
746
728
726
724
726
706
700
718
710
690
670
668
686
706
690
682
692
730
716
696
672
658
660
664
660
654
656
662
668
658
650
642
630
638
632
632
654
706
698
716
708
706
692
690
678
672
680
692
696
704
698
696
706
754
760
756
736
710
706
718
706
674
672
676
676
700
744
738
720
702
698
708
714
712
696
686
684
696
732
752
748
740
734
740
764
762
754
732
694
684
654
632
628
632
632
636
648
666
670
660
680
698
684
686
704
696
696
700
708
694
676
670
654
664
664
660
662
660
670
692
698
682
674
660
660
636
624
596
598
586
590
414
468
970
658
682
688
712
700
714
724
710
688
690
696
690
680
668
662
676
694
698
714
736
732
704
682
682
694
706
698
700
702
700
700
694
698
698
692
690
676
664
658
666
676
682
670
664
648
628
622
616
634
674
702
704
710
732
720
720
716
698
692
688
692
722
730
720
710
682
672
662
648
646
670
754
734
756
748
724
726
732
768
792
798
794
784
746
722
726
742
768
770
750
720
722
730
742
758
734
728
734
734
732
726
698
684
682
688
710
720
718
716
696
668
656
636
632
610
616
602
596
578
582
580
580
584
596
608
620
626
626
626
620
610
602
590
578
574
574
574
592
604
608
650
684
676
690
712
710
688
680
682
678
668
666
674
680
682
680
672
660
670
674
692
688
682
668
666
668
666
670
660
650
648
638
628
628
632
638
658
674
670
668
650
642
648
638
634
626
628
628
634
628
618
610
606
598
592
600
606
598
600
630
646
624
616
550
672
602
600
584
562
570
558
554
544
538
530
522
516
516
510
510
510
502
514
532
540
552
564
638
698
712
696
656
610
618
610
608
620
628
620
604
598
592
594
586
590
582
574
568
580
600
628
644
642
626
618
616
610
592
592
586
614
658
712
710
706
734
750
748
746
