1032
1014
976
842
970
1012
984
874
932
1024
1032
998
862
966
1024
998
946
980
994
1014
922
960
986
1002
942
908
986
1006
976
912
898
918
942
894
904
1102
1072
1024
908
1052
1034
992
868
882
1038
1028
934
900
1026
1026
982
868
880
1004
1032
962
826
998
1036
982
870
890
982
1010
952
798
956
1034
1028
908
1006
1044
1020
910
912
1004
1024
966
874
986
1004
978
856
864
1006
994
962
792
934
1044
1000
900
940
1032
1042
960
880
1008
1010
966
832
870
1030
1014
936
980
1044
1016
914
988
1038
1006
912
848
1018
1010
970
844
936
990
962
844
822
972
1000
970
816
890
1000
994
876
976
1058
1012
872
968
1020
978
866
908
1000
998
926
900
972
998
886
932
1022
1030
946
996
1006
978
936
880
1004
1010
974
874
906
956
968
840
930
1064
1028
886
1006
1038
1010
914
902
1018
1020
910
876
988
1006
926
820
972
1006
974
894
936
946
980
882
916
1030
1010
942
920
1022
998
908
850
1006
974
976
848
850
1014
994
880
820
978
988
946
824
866
1000
986
876
904
986
996
918
848
984
980
968
836
890
988
992
872
844
1014
1004
974
828
962
1018
982
850
876
980
982
942
816
842
964
968
824
788
1052
1020
880
962
1058
1028
928
1024
1024
992
862
946
994
960
832
894
998
998
898
868
986
996
910
912
988
1002
920
812
952
990
982
868
876
1012
1024
970
854
1012
1046
1006
884
936
976
972
860
816
992
1000
972
890
912
1006
1006
898
774
922
1044
1000
846
1032
1018
958
966
1028
1002
890
946
970
980
866
802
956
984
970
872
946
998
976
872
892
988
986
888
886
958
972
948
810
864
978
968
874
922
1040
1010
888
852
972
1000
982
840
870
1018
1008
918
896
1012
1004
948
830
914
994
984
880
842
1002
1000
878
896
954
962
872
878
986
998
942
792
832
976
976
876
838
958
982
826
744
852
996
846
986
1064
1020
950
940
1036
1020
964
838
886
1034
998
910
900
986
982
964
856
806
932
968
938
798
820
988
970
824
810
946
996
938
820
968
1044
994
904
988
1026
1006
906
878
996
1002
874
926
996
988
876
898
986
990
874
834
968
1036
994
876
976
1052
1020
902
904
990
986
910
842
996
1010
974
874
960
982
952
840
874
1004
1012
904
832
998
1020
958
842
1006
1016
986
896
922
984
978
898
956
1050
1032
972
980
1008
1000
942
942
978
968
914
894
992
990
882
874
970
1000
902
916
1000
978
906
912
966
988
900
886
974
988
922
918
942
932
822
978
1024
970
818
1008
1040
994
860
894
972
1002
882
894
988
1008
902
862
984
1004
928
906
988
988
890
908
1004
996
862
856
1018
984
882
882
1022
1022
896
934
992
986
846
874
1078
1016
958
1000
1048
1024
964
986
1000
984
922
888
1002
996
962
850
866
966
972
906
908
1066
1002
904
996
1042
990
856
876
984
994
870
934
990
1024
890
916
1006
1004
916
918
990
1008
980
894
996
1006
990
892
956
1000
968
906
826
924
974
948
832
932
1040
978
862
888
1016
994
880
888
1000
988
880
884
978
996
972
846
862
986
992
898
912
986
984
864
880
962
976
840
894
998
984
912
894
970
986
870
904
970
988
888
848
970
1010
960
854
852
1014
1010
916
912
1026
952
866
954
1026
1004
888
960
1028
1010
930
912
984
1006
974
858
948
1008
972
848
876
1006
1036
908
776
762
1118
1050
1048
986
1080
1076
1028
952
1042
1040
1010
942
998
1012
990
972
970
978
918
864
958
968
878
906
1038
990
854
826
982
990
902
898
1040
1012
946
850
962
1008
960
840
934
996
994
904
878
998
982
912
892
978
984
896
874
948
984
922
816
870
960
980
868
868
948
972
868
870
982
1002
974
824
848
974
986
858
832
986
968
946
842
936
966
966
804
784
1022
1026
908
896
1006
1014
896
926
1018
998
900
950
974
998
900
948
1032
1030
940
976
1032
1002
932
930
980
974
900
892
966
972
862
814
926
952
846
818
910
986
946
830
852
988
978
856
794
948
1000
956
830
942
992
960
814
822
970
978
892
842
974
1006
884
886
998
1004
966
832
930
1082
948
774
726
682
660
644
646
656
662
654
660
662
680
682
680
672
662
656
640
636
616
360
856
608
608
630
690
686
768
848
886
896
828
908
964
938
802
822
988
990
872
802
1062
1014
938
784
902
1006
1034
940
780
964
1066
1012
880
898
1040
1012
942
810
1042
1034
1026
878
976
1072
1042
1016
844
830
982
982
846
730
694
670
650
658
732
1068
818
770
1124
1104
1042
968
1048
1090
1036
950
1062
1050
1020
966
996
1026
1006
940
918
1062
1032
930
974
1034
1004
896
822
998
1032
966
842
962
1004
970
808
826
990
996
904
956
1018
1006
918
870
1012
982
890
822
942
978
916
852
1044
1044
1012
876
998
1012
1006
912
972
978
976
910
886
1018
1002
926
842
904
990
966
878
834
958
1010
938
812
884
1024
998
886
804
1044
1056
1002
880
972
1020
994
886
898
1024
1012
918
868
992
1008
966
864
950
990
978
920
904
956
882
898
1010
978
870
954
1010
916
790
976
1014
882
786
1068
984
820
786
984
986
812
764
888
944
932
778
802
1030
920
792
798
1002
962
822
830
1000
956
776
720
836
1038
968
790
744
1076
1004
890
764
818
1004
970
830
838
948
946
846
1154
1060
882
1088
1032
834
888
1046
924
770
870
1058
980
796
786
1032
940
796
808
1034
956
792
738
834
1016
812
716
704
746
718
678
674
694
740
1126
936
1082
1086
1060
924
944
1036
952
798
766
766
1060
1062
888
962
1014
998
826
822
1002
976
850
758
820
1050
998
826
768
940
1004
860
774
838
892
834
776
870
976
856
808
996
966
880
786
840
966
922
798
804
942
924
812
764
842
992
936
816
786
894
910
806
794
840
862
804
876
1016
926
828
886
946
878
792
822
908
860
778
806
926
892
794
792
936
892
784
870
948
864
802
978
956
816
754
830
940
908
796
816
858
830
780
832
926
892
800
830
932
890
792
784
920
940
844
758
806
926
892
768
754
828
894
890
794
774
850
908
812
774
896
904
808
766
828
906
906
782
756
850
942
898
792
774
834
884
784
744
814
910
898
788
752
848
942
892
786
816
948
932
904
800
784
862
914
852
752
766
880
882
796
804
980
966
894
786
776
890
926
902
782
750
880
946
880
778
754
838
950
930
806
776
894
962
918
814
776
824
926
916
812
828
964
904
794
834
906
838
764
824
944
890
788
784
940
930
896
782
808
890
918
806
756
828
914
882
814
780
796
792
760
940
1042
912
818
806
786
784
786
838
894
892
896
858
900
860
872
880
900
972
874
950
938
850
844
918
880
876
904
874
828
860
912
840
782
728
722
822
982
906
846
856
862
918
850
808
820
802
770
814
910
800
804
850
754
770
1108
848
786
766
888
836
766
756
796
762
762
796
810
774
794
818
782
798
844
810
758
764
778
766
730
756
828
772
794
898
830
778
788
808
754
764
784
792
758
798
832
788
740
726
710
694
700
724
788
794
758
780
812
774
748
732
710
690
698
706
724
728
768
822
764
738
732
764
816
760
730
754
770
804
770
736
746
764
744
716
732
744
772
732
720
724
726
710
696
718
750
754
722
728
752
790
744
708
732
776
802
774
740
724
722
734
742
710
698
690
678
652
640
640
628
618
606
594
596
360
850
620
610
604
610
606
600
594
600
598
614
634
654
666
684
686
686
686
700
720
742
732
726
734
768
788
772
752
728
736
774
782
770
726
714
736
786
806
764
732
730
754
780
766
744
748
768
806
778
744
742
778
822
830
778
752
788
820
824
810
762
744
780
788
784
790
744
740
774
850
852
862
832
776
768
820
864
816
768
748
782
856
856
816
746
738
742
790
820
856
796
774
830
958
874
832
770
760
814
880
822
766
750
760
824
812
798
904
986
890
818
856
888
890
790
786
812
828
800
768
826
916
906
816
764
788
820
818
780
792
978
946
826
832
968
932
814
812
874
862
786
788
876
962
878
822
774
760
802
858
798
756
834
940
902
814
802
836
844
832
794
798
1016
978
856
860
890
826
804
868
872
806
768
824
950
846
886
1054
1018
854
796
868
946
820
758
774
918
970
898
798
738
786
938
930
814
760
834
926
938
874
782
774
804
820
788
764
794
846
822
804
980
1038
978
836
796
872
914
832
770
834
960
906
810
800
942
950
844
802
906
968
896
814
774
856
978
904
830
774
846
918
916
816
770
894
996
958
896
804
804
794
936
972
852
790
964
998
950
852
792
920
966
970
832
788
958
1028
990
898
878
940
1016
988
886
830
900
984
966
868
810
996
982
958
844
814
958
1032
954
834
828
966
938
814
810
898
920
840
808
902
956
928
876
820
856
884
902
842
770
792
972
974
870
796
822
758
710
678
670
650
636
630
640
644
656
676
738
724
864
956
940
874
800
834
904
954
838
776
1040
1026
944
818
878
1030
952
814
804
1104
944
790
1040
1040
986
844
856
1018
932
832
986
984
870
982
1064
940
1086
1070
1042
862
898
1062
934
864
1202
1086
932
1066
1132
1058
882
906
1064
948
838
994
982
880
858
968
1002
974
878
902
960
976
908
834
886
986
966
868
856
912
904
844
902
934
914
836
872
954
954
870
892
904
890
828
876
940
916
850
822
884
932
918
848
856
874
928
878
828
880
928
932
852
820
874
896
890
834
848
914
940
878
822
862
930
924
852
806
864
924
934
848
822
948
956
914
832
806
752
982
984
872
770
1098
1032
1012
854
804
1026
986
972
872
786
946
1002
910
822
852
978
970
932
826
804
862
984
982
888
878
1086
1030
1014
896
886
1022
1044
970
830
870
1006
930
794
798
976
942
906
806
780
976
962
946
856
838
882
970
928
860
860
928
982
980
900
818
924
982
968
906
792
932
970
986
888
800
908
1016
968
850
804
960
974
942
840
796
974
982
956
842
856
986
950
844
816
996
990
946
880
902
952
910
834
814
962
1028
1030
910
870
1074
1048
962
810
964
1010
974
874
782
908
964
948
870
850
996
936
942
850
790
904
970
952
928
826
908
1006
998
876
796
976
1004
962
870
830
1022
1004
926
844
976
938
870
960
942
906
918
950
898
880
936
954
924
866
888
940
960
886
886
916
910
860
862
904
916
856
858
924
918
860
850
898
944
810
790
858
1012
962
898
930
1038
1006
882
888
884
972
818
796
1056
1042
1036
926
884
1002
976
918
800
804
944
940
946
816
778
1024
1012
986
866
778
878
944
940
812
810
1000
852
956
842
876
1046
990
880
804
874
974
1008
944
818
894
1086
1020
924
806
846
1040
964
938
1074
1036
978
900
988
948
856
930
974
956
898
956
1006
980
914
938
956
884
916
938
918
854
902
904
882
864
890
978
958
894
834
904
958
938
860
866
934
960
902
842
900
918
946
882
840
962
974
940
856
806
860
984
926
816
872
1028
976
866
822
920
968
922
808
858
1058
996
952
882
846
798
956
936
816
876
1048
982
1028
888
796
888
988
922
756
696
686
662
664
698
682
698
704
748
842
904
752
718
718
1008
946
1004
1006
1008
954
946
1060
1052
1026
904
874
1078
1072
1006
798
750
754
1130
984
828
1200
1120
1058
856
954
1110
1018
864
842
1076
1002
966
864
904
984
976
980
938
906
974
910
938
904
914
1102
1056
968
918
1042
1048
994
890
944
992
984
892
880
970
968
930
814
804
980
978
932
812
824
1004
972
908
810
786
862
1004
978
862
896
1040
1040
940
816
944
952
946
812
842
904
1036
944
1000
1040
1024
874
992
1028
1024
1014
888
1024
1008
960
944
822
902
1032
1026
964
848
878
1050
1016
978
850
846
1000
998
926
824
888
1010
972
924
816
816
944
1036
994
848
854
1058
1022
1008
926
860
1026
988
972
874
846
998
1020
974
910
876
1002
1002
974
960
916
1052
1040
1006
934
992
848
812
766
744
786
908
1240
1210
1182
1210
1160
1158
1096
946
1078
1064
1024
974
864
916
1088
1056
1006
854
884
1088
992
860
800
970
1008
972
868
904
1036
1022
922
792
832
984
1016
952
846
880
958
1004
896
812
956
1012
996
884
810
898
952
898
854
766
840
874
986
886
1066
1166
1114
962
1106
1110
1088
1062
912
1076
1050
1028
930
928
1008
1024
992
920
892
900
988
956
822
956
1064
998
904
1044
1024
984
906
846
1034
1002
982
878
898
1026
1020
994
868
918
1010
1016
964
858
918
1024
1010
870
838
1000
984
976
892
840
1024
988
988
868
770
876
1114
1052
846
1166
1164
1078
930
1044
1066
1038
860
990
1104
1050
1026
924
938
1036
1034
910
932
1114
1072
902
974
1034
1006
918
942
1070
1056
1040
934
996
1046
1028
994
910
992
1020
986
964
854
1026
1010
1002
884
840
1014
1002
990
858
862
1018
994
886
908
974
998
946
836
1082
1098
1046
904
1014
1036
1000
846
870
1042
998
886
928
1036
1014
982
948
866
1052
1058
1036
928
1012
1056
1022
948
822
1010
1030
980
878
844
1110
1056
1024
950
1008
1046
1012
948
832
880
1038
1012
912
858
1034
1014
986
882
892
998
1006
980
856
788
898
994
962
890
840
986
1030
1002
888
860
1022
998
958
832
910
986
1008
942
816
952
984
956
876
884
904
936
832
776
988
1058
1004
880
988
1038
996
878
848
992
1002
958
898
844
1016
1014
976
918
966
986
980
956
874
866
1032
1028
976
914
938
998
976
930
856
926
1018
1016
922
984
1036
1002
914
898
1026
1012
880
860
1020
1004
962
884
894
978
974
950
832
868
1020
1066
1018
914
962
1080
1044
1014
836
894
1018
1016
988
868
968
1020
1006
926
802
910
1042
1000
884
924
998
1022
974
852
906
978
960
936
826
850
964
930
922
806
760
1192
1088
1096
1004
1136
1120
1104
910
1028
1138
1118
1032
872
1100
1058
1012
874
908
1074
1048
1022
988
868
930
1090
1020
930
900
1024
990
966
872
850
1030
1004
986
844
878
1082
1046
1002
862
1064
1084
1038
928
878
1052
1002
982
830
896
1002
1010
966
820
878
1010
1036
982
848
878
1012
1030
972
864
984
1058
1026
988
860
958
1018
1010
960
850
902
1008
994
866
874
1012
1020
964
836
826
914
1004
990
850
848
960
1006
1000
862
866
972
1022
976
820
874
1042
1008
876
808
980
1032
1006
846
876
968
984
884
890
1082
1028
1002
876
1020
1048
1008
884
900
996
974
880
870
968
970
960
836
850
960
1010
968
844
868
1004
978
944
838
874
1004
984
868
878
972
992
972
862
926
1016
1020
918
912
988
980
900
890
1012
998
962
864
874
996
984
920
860
980
1010
1000
872
942
1004
1026
932
948
1010
1004
904
940
1012
994
912
908
986
980
944
940
942
924
910
808
834
1004
994
942
808
854
990
982
852
824
896
964
934
810
902
968
978
872
898
1020
1012
928
912
1012
1002
906
892
946
986
948
828
888
974
980
938
834
936
1000
970
892
912
972
958
948
862
894
1000
976
872
870
958
982
974
858
912
954
958
868
828
950
984
970
828
808
988
1008
972
828
942
1018
986
846
850
960
998
958
822
868
970
1016
972
872
888
1012
992
972
894
944
936
888
812
802
970
984
968
868
826
1050
1016
984
852
950
1024
1000
880
864
1016
1026
902
880
998
1026
984
856
866
1010
976
848
860
998
994
906
888
984
998
952
822
880
990
968
822
834
878
944
844
806
1072
1034
918
976
1034
1010
1004
872
964
994
974
874
962
1028
1010
954
962
984
994
978
896
940
996
998
884
844
1046
1016
904
856
1018
998
1004
974
900
912
970
976
900
828
954
1018
1014
902
922
1006
1014
1004
868
908
982
998
886
842
962
974
952
832
908
1028
1020
902
884
994
1004
960
822
966
1004
978
854
860
940
998
914
860
992
990
962
858
900
998
1008
890
848
1002
1018
956
842
874
982
984
940
878
902
1028
1000
964
860
918
1024
956
816
784
910
992
976
862
886
1024
1016
974
860
924
1002
988
860
828
990
1006
914
824
1000
1014
984
870
948
1012
1044
934
878
982
1004
986
854
834
974
1018
986
878
882
990
996
856
816
984
998
884
838
962
1022
966
858
948
982
972
876
842
958
984
974
872
906
998
988
984
862
854
934
978
972
828
846
1028
1026
968
878
948
1020
1004
936
892
1000
996
974
878
926
1008
992
928
954
984
970
914
872
968
1014
984
920
930
1044
1018
990
880
888
918
968
862
808
1014
1036
990
870
848
1018
974
972
838
838
956
994
964
840
838
1000
1032
996
876
910
946
960
824
734
760
1004
1058
1050
970
1136
1122
1086
1062
996
988
1054
1038
1002
898
956
1038
1010
968
856
814
952
954
906
806
826
1006
1014
968
844
856
1020
986
860
808
990
1000
972
830
798
902
978
900
792
856
948
938
826
914
1072
1034
880
958
1030
1000
888
940
1014
1018
918
942
1016
1002
918
850
958
984
960
964
844
916
1026
998
952
846
908
990
974
854
860
994
988
952
828
866
1000
976
944
836
906
1008
1000
878
826
978
1020
982
862
880
974
1010
972
878
946
1088
1054
966
990
1066
1020
890
996
1028
1002
874
942
1014
980
874
850
958
974
968
876
864
998
972
950
856
872
976
946
830
796
956
978
998
832
812
974
1008
978
882
902
1026
1006
898
916
1020
988
934
794
892
972
944
850
858
984
976
976
844
892
1028
1010
974
862
918
1008
988
872
812
920
996
976
886
886
1014
1024
968
832
858
1056
1028
1008
908
840
1042
1024
974
872
868
976
1012
964
842
874
1030
1030
890
918
1030
1000
878
882
1022
1020
962
822
962
986
984
880
880
988
980
874
804
998
1006
974
870
848
1002
1010
994
906
970
1012
998
894
896
966
1004
980
894
912
1008
1012
908
902
996
970
876
914
996
954
892
830
966
1008
992
864
900
1008
1002
908
870
982
1024
936
824
956
1010
1002
900
918
1004
990
884
884
998
1008
902
936
1022
976
880
878
978
1008
886
916
990
986
878
876
988
974
868
934
978
972
846
850
1016
1010
984
934
944
996
1034
962
916
992
1008
946
812
854
1002
978
880
890
1028
1032
960
936
1058
1040
938
962
1004
980
860
930
1026
1014
916
966
1024
980
860
874
958
952
822
826
1004
998
904
902
1036
1034
932
926
990
1026
942
940
1010
1014
882
892
1008
988
928
826
906
1030
1002
892
902
1080
1040
900
958
984
974
882
902
1016
1018
888
834
1018
1042
978
878
966
996
998
900
856
976
1030
992
860
920
1068
1024
902
986
1036
1010
886
920
1028
1000
874
942
986
994
974
838
916
992
1000
902
916
1010
1026
938
864
958
1002
986
878
976
1042
996
900
846
990
998
936
806
940
1024
1008
904
926
1054
1026
926
978
1008
972
856
876
1054
1018
914
956
990
960
880
942
1048
1020
904
942
1006
1022
904
952
1026
1004
922
970
1044
1040
868
848
962
1032
938
852
1000
1042
972
840
916
1026
1018
924
912
1028
1028
944
876
1000
1000
890
964
1040
1006
904
944
1018
1012
892
832
1028
1002
902
862
1022
1026
928
976
1042
1008
898
920
1036
1032
976
826
864
1006
1022
914
864
1154
1078
998
1036
1066
1024
938
930
