1134
1124
1164
1110
1134
1134
1122
1074
1052
1080
1078
1084
1084
1024
1058
1048
1066
1064
1046
1044
1078
1052
1034
1022
1030
1078
1122
1096
1074
1090
1090
1094
1062
1022
1064
1034
1112
1108
1086
1082
1098
1122
1110
1102
1072
1070
1056
982
968
988
1004
1016
1054
1020
1054
1104
1116
1082
1068
1080
1090
1088
1044
1038
1054
1040
1044
1030
1002
1040
1050
1088
1070
1014
1058
1108
1092
1102
1026
998
1010
1018
1098
1054
1056
1058
1126
1124
1116
1056
1062
1064
1056
1076
1042
1044
1070
1052
1058
1026
1000
1026
1018
1086
1050
1056
1066
1142
1130
1100
1096
1072
1080
1108
1076
1070
1008
1058
1048
1034
1060
1016
1016
1026
1040
1032
1048
1038
1078
1090
1084
1050
1082
1060
1074
1070
1032
1036
1056
1052
1044
1032
984
954
972
960
942
948
980
970
1030
1034
1048
1152
1126
1134
1130
1128
1124
1124
1122
1122
1050
1096
1092
1074
1088
1034
1020
1054
1022
1070
1056
1024
1002
1014
1026
1008
1028
1012
1006
1034
1060
1034
964
908
918
912
868
856
880
864
890
946
1082
1148
1116
1116
1120
1122
1122
1112
1082
1030
1066
1054
1044
1042
988
982
1002
986
958
954
940
952
974
1016
1044
1032
1042
1042
1052
1034
1052
1070
1086
1102
1088
1100
1106
1092
1102
1110
1080
1104
1088
1064
1034
1044
1040
1020
988
1012
1004
1008
1034
1030
1018
1016
1050
1048
1036
1012
1006
1030
1018
1008
1010
1012
1062
1074
1060
1026
1000
1022
1044
1078
1062
1028
1024
1052
1070
1036
1022
1026
1058
1100
1102
1072
1094
1108
1124
1098
1056
984
992
1000
1054
1038
1054
1118
1130
1128
1120
1118
1108
1096
1058
1028
1032
1046
998
1002
1014
988
1006
936
902
850
848
832
824
828
824
810
794
798
792
794
800
820
816
808
822
774
724
772
734
724
748
722
748
818
864
904
938
992
964
1040
1092
1092
1096
1072
1016
992
1016
1048
1090
1042
1022
1056
1044
1028
1058
1034
1020
1046
1082
1070
1052
1032
1040
1080
1062
1068
1024
992
1006
998
1044
1034
1066
1134
1130
1130
1120
1096
1090
1106
1108
1090
1078
1044
1070
1046
1032
996
982
1010
1002
1036
1014
1042
1066
1058
1044
1018
1000
962
974
964
916
882
846
842
818
802
802
810
792
862
824
830
864
860
862
868
840
818
812
794
758
766
774
710
682
668
656
606
650
616
620
610
608
616
620
604
604
604
614
624
666
678
690
702
766
956
960
968
954
978
1044
1040
1038
1016
992
1066
1074
1084
1060
1028
1054
1076
1082
1046
990
1042
1044
1014
1004
958
1006
1042
1062
1008
960
1000
1054
1022
1006
924
970
1082
1062
1032
1002
1036
1090
1044
1012
924
1010
994
1040
1022
948
1006
1042
1114
1048
988
1022
1110
1116
1054
992
1044
1128
1084
1044
1012
1070
1136
1086
1056
1028
1048
1062
1038
1036
1092
1138
1116
1098
1086
1068
1076
1114
1086
1082
1056
1078
1102
1072
1014
1078
1054
1104
1064
1066
1064
1124
1120
1090
1066
1032
1068
1076
1106
1086
1030
1048
1088
1092
1076
1062
950
944
1012
1038
1082
1036
1010
1076
1098
1070
1010
980
1026
1110
1100
1078
1048
1080
1090
1102
1104
1044
1020
1062
1056
1064
1068
1060
1074
1106
1074
1042
1074
1092
1112
1076
1062
1062
1060
1022
970
926
968
1026
1052
1022
970
980
1112
1192
1148
1108
1088
1126
1096
1078
1010
1018
1034
1088
1076
1056
1032
1038
1036
1068
1032
1032
1030
1056
1038
1022
960
954
928
940
972
1018
970
1018
1128
1126
1096
1034
1028
978
1024
1022
1060
1038
988
932
974
974
1042
1028
1074
1160
1150
1152
1148
1066
1062
1050
1046
1080
1060
1062
1012
964
1018
1012
1060
1020
1030
980
1020
1022
1024
1030
1010
980
1046
1066
1044
1040
1018
1034
1062
1044
1022
976
1016
1048
1090
1062
1006
1032
1038
1014
1020
1034
1054
1030
994
922
942
988
1040
998
994
1000
1172
1144
1080
1042
1120
1170
1152
1120
1078
1110
1108
1136
1100
1066
1002
1052
1064
1108
1084
1034
980
1042
1042
1082
1050
934
902
928
996
1024
966
1002
1090
1182
1166
1154
1138
1092
1134
1146
1118
1122
1044
1060
1040
994
992
1018
1010
1008
1010
1024
1088
1092
1072
1040
988
992
998
998
1010
942
928
998
1048
1068
1052
1018
970
1014
1092
1092
1072
1080
1036
1068
1084
1110
1098
1046
1088
1130
1094
1056
1090
1106
1070
1074
1052
1070
1092
1086
1060
1000
952
994
1016
1068
1052
1040
1058
1148
1132
1112
1064
1038
1070
1056
1048
996
938
1022
1030
1046
1042
1018
994
1010
1100
1056
1054
1008
964
910
904
970
1000
1006
982
1008
1064
1086
1084
1060
1016
962
988
988
966
934
902
910
914
972
970
962
978
1012
1062
1052
1052
990
998
994
1016
1040
1002
1002
982
976
994
1024
1008
1012
970
966
992
984
964
972
964
978
990
1020
1002
1010
960
978
1014
1020
1004
1006
972
974
970
992
992
930
906
896
914
912
900
926
916
978
1008
998
1024
1006
1012
1012
1004
980
962
924
890
916
1040
960
942
980
1040
1110
1124
1092
1110
1054
1008
914
844
806
784
780
874
1028
1046
996
1034
1196
1188
1188
1162
1128
1166
1208
1192
1196
1136
1148
1152
1190
1160
1174
1118
1144
1138
1158
1136
1074
1004
1098
1102
1114
1096
970
918
890
908
976
1070
1028
1078
1242
1214
1164
1156
1096
1140
1138
1134
1130
1088
990
972
1018
1038
1060
1114
1074
1078
996
1034
1040
1072
1064
1064
1154
1136
1114
1106
1062
1074
1064
1044
998
958
1054
1156
1058
1048
1050
1070
1116
1124
1094
1044
990
1044
1026
1062
1028
1036
1036
1024
1012
1022
1052
1028
1026
1010
1022
1078
1032
1024
986
962
1030
1092
1044
1042
988
992
1014
1078
1066
1042
982
976
988
1076
1068
1060
1002
932
972
994
1076
1082
1040
1026
1034
1006
1032
1080
1074
1068
1024
1012
1028
1070
1062
1048
1048
1010
928
916
942
948
994
984
966
928
964
1018
1034
1028
984
864
882
868
888
952
1044
1048
1046
1030
1022
1018
1058
1046
1042
1020
1008
1036
1028
1026
1008
1010
1020
1010
988
974
910
872
844
840
804
916
1154
1028
1020
1066
1104
1108
1090
992
1020
1040
1026
948
944
1022
1114
1108
1070
1038
1046
1064
1102
1084
1062
1052
1064
1060
1100
1088
1086
1066
1040
1070
1078
1108
1100
1064
1052
1048
1044
1042
1030
1042
1040
1022
984
914
988
1032
1090
1036
994
944
984
956
954
934
902
946
934
912
940
960
1098
1090
1112
1088
1020
1066
1054
1094
1096
1080
1026
1010
1032
1024
1042
1056
1034
970
984
988
966
1024
1004
982
996
962
978
988
1000
976
976
916
870
838
814
804
804
802
798
800
788
800
786
774
774
762
762
772
774
770
764
790
870
898
972
984
956
970
934
944
1012
1034
1046
1036
956
958
968
1016
1088
1088
1066
1016
1068
1116
1078
1074
1058
998
1044
1050
1126
1082
1048
964
994
1012
1074
1018
914
876
868
888
896
872
836
908
1042
1004
1054
1172
1176
1152
1154
1116
1148
1154
1128
1140
1092
1084
1094
1080
1068
1050
1004
1002
1012
1080
1092
1058
1068
1082
1072
1090
1034
994
1046
1038
1030
1040
1022
1068
1062
1050
988
932
960
974
1098
1070
1032
1024
1050
1092
1132
1084
1068
1020
1042
1040
1040
1090
1048
1068
1028
982
966
974
1064
1128
1082
1142
1120
1100
1036
1100
1116
1120
1094
976
916
912
972
1042
1026
1102
1242
1222
1188
1170
1126
1130
1154
1172
1140
1106
998
1030
1054
1078
1094
1064
1042
1028
1054
1038
1068
1056
1000
964
1010
978
1056
1036
1016
976
1002
984
1054
1048
1036
982
1012
1072
1080
1050
982
938
996
992
1070
1022
1016
994
1002
1078
1090
1064
1012
972
938
952
954
978
960
972
962
1092
1100
1114
1052
998
968
1006
1026
1072
1032
1052
1128
1138
1110
1132
1056
1060
994
988
1012
988
990
982
934
916
986
978
1028
1008
964
922
966
954
1042
1024
1000
986
944
910
926
926
962
990
958
928
898
900
914
906
894
888
926
1082
1076
1066
1062
1028
1048
1080
1086
1082
1074
1034
1024
1030
1020
1060
1052
1046
1038
1006
1014
1004
1042
1006
1012
972
984
1030
1090
1072
1050
1016
1042
1022
1054
1036
1116
1106
1080
1056
992
914
892
986
956
958
954
1144
1192
1158
1198
1088
1118
1182
1184
1162
1164
1148
1102
1134
1176
1162
1146
1094
1104
1110
1112
1130
1108
1054
1062
1078
1058
1014
978
980
1032
1046
1100
1050
1054
1032
1052
1082
1104
1114
1100
1112
1038
1064
1074
1044
1062
1062
1034
1038
1070
1050
1058
1026
1050
1112
1128
1102
1104
1068
1098
1148
1096
1118
1142
1138
1062
900
940
1054
1086
1008
934
1134
1180
1154
1156
1116
1088
1146
1210
1192
1196
1104
1080
1108
1102
1092
1124
1096
1066
1028
1068
1070
1100
1106
1098
1068
1098
1094
1128
1112
1064
1038
1064
1052
1050
1052
1060
976
940
978
992
1056
1006
1010
1038
1124
1112
1094
1088
1102
1094
1074
1038
1020
966
996
1012
984
1006
986
950
988
1030
1054
1022
982
942
982
996
1040
1000
984
960
982
968
984
974
954
900
878
876
892
934
946
912
926
1004
1056
1076
1042
984
930
966
962
956
978
964
946
952
1014
1010
994
954
956
954
956
924
866
852
884
914
1038
1046
1038
1046
1036
1074
1106
1106
1092
1074
1056
1080
1070
1078
1098
1086
1060
1094
1112
1102
1104
1050
1048
1050
1048
1084
1056
1074
1056
1088
1084
1082
1060
1046
1008
1034
1028
1060
1038
1018
1028
1110
1086
1070
1062
1004
938
1008
1046
1094
1098
1064
1088
1088
1094
1088
1044
1040
1042
1128
1116
1098
1112
1060
1062
1072
1054
1106
1062
1066
1048
1076
1064
1060
1028
972
934
976
1028
1074
1054
1048
996
1020
1034
1002
1008
1010
1086
1072
1066
1014
1066
1184
1162
1134
1120
1090
1078
1116
1146
1140
1110
1062
1074
1078
1060
1080
1022
996
1040
1034
1034
1030
1026
1100
1148
1144
1122
1054
1102
1088
1116
1102
1054
1016
1060
1034
1106
1108
1080
1118
1102
1112
1122
1094
1004
942
1000
1074
1072
1062
1076
1088
1144
1150
1140
1108
1072
1094
1100
1098
1082
1074
998
1046
1034
1032
970
948
954
968
958
962
910
864
838
844
892
964
1060
1028
1026
1062
1106
1104
1098
1098
1088
1052
1068
1074
1076
1058
1054
1048
1048
1036
992
956
948
978
1008
1034
1018
962
918
976
1020
1098
1030
1034
1144
1148
1134
1154
1124
1106
1116
1120
1112
1034
1028
990
1026
1054
1074
1080
1058
1020
954
948
992
1026
1052
1020
1018
1136
1112
1128
1112
1102
1098
1114
1092
1124
1092
1096
1050
1068
1060
1066
1052
1008
986
1018
1050
1068
1062
1044
1006
986
1014
1110
1132
1086
1110
1092
1144
1106
1096
1094
1016
1030
1030
1010
964
928
1006
1008
1062
1072
1060
1026
1010
1026
1026
1020
992
986
974
928
890
920
962
1028
992
1012
950
990
1020
996
948
880
856
832
824
858
976
1052
976
990
1086
1116
1132
1140
1138
1092
1108
1098
1090
1028
1058
1048
1040
1038
996
956
990
1000
1044
1046
1044
1010
1004
1008
1012
1026
1012
1012
1048
1084
1094
1064
1060
1084
1080
1106
1078
1082
1064
1060
1070
1054
984
998
1018
1008
1016
990
966
1046
1130
1114
1098
1060
1116
1156
1140
1122
1074
1088
1084
1120
1096
1104
1014
1056
1056
1096
1078
1038
974
1032
1018
1004
1020
980
974
1000
1022
1036
980
988
1008
1044
1076
1040
1046
1000
1012
1054
1112
1082
1070
1044
1078
1116
1110
1110
1052
1068
1084
1088
1110
1084
1064
1060
1078
1072
1088
1070
1048
1042
1054
1118
1106
1078
1036
978
1018
998
1040
1052
1026
1026
974
982
1016
1124
1096
1078
1086
1108
1164
1142
1124
1098
1028
938
934
986
1050
1006
1022
1088
1170
1154
1128
1114
1120
1126
1114
1094
1088
1018
1060
1046
1036
1072
1044
1038
1034
1022
1030
1004
992
952
972
982
1008
1042
998
994
960
972
968
1056
1072
1026
1080
1054
1056
1016
962
956
1048
1106
1050
1052
1048
1084
1106
1106
1058
1002
932
942
1034
1108
1098
1094
1050
1044
1078
1110
1090
1090
1046
1044
1070
1088
1112
1120
1126
1118
1102
1120
1124
1108
1100
990
1060
1052
1082
1062
1068
980
990
1016
1032
1062
1034
992
980
1004
1024
1040
1006
950
970
960
1056
994
998
1000
1040
1092
1074
1082
1026
1052
1088
1088
1098
1052
1024
1052
1038
1060
1040
1048
1026
1024
974
942
976
982
1076
1078
1034
1032
1040
1048
1092
1098
1100
1098
1046
1086
1118
1122
1116
1116
1080
1102
1098
1120
1112
1074
1086
1072
1042
1036
986
968
998
1038
1006
1016
990
1016
998
1068
1078
1028
1006
1024
1056
1080
1052
1020
1018
1036
1014
1034
1010
958
984
994
978
988
1056
1132
1140
1136
1126
1066
1126
1158
1148
1130
1114
1106
1126
1124
1148
1122
1094
1036
1030
1068
1108
1070
1084
1034
1068
1068
1060
1044
996
976
1008
1014
1082
1036
1034
990
1046
1116
1094
1046
1002
972
1008
992
990
958
946
1012
1176
1148
1100
1088
1106
1164
1164
1148
1130
1088
1112
1106
1132
1110
1110
1060
1094
1076
1080
1048
980
950
954
992
1040
1060
1038
1008
1054
1110
1114
1108
1044
1046
1078
1060
1090
1056
992
1036
1020
1092
1078
1044
954
940
992
1040
1080
1054
1036
1032
1054
1092
1122
1080
1068
1040
1064
1076
1080
1074
1068
992
1040
1044
1024
1048
1008
958
988
1108
1088
1048
1066
1020
1050
1094
1082
1064
1004
978
1004
1024
1062
1028
1028
990
988
1002
998
996
936
920
956
942
938
932
926
1116
1126
1112
1082
1032
1060
1118
1114
1084
1074
1074
1064
1088
1102
1072
1028
1014
1032
1028
1026
1068
1050
1018
1032
1056
1100
1068
1052
1020
1026
1034
1034
1030
1036
1026
1074
1098
1062
1060
1038
1004
1046
1026
1010
1014
940
934
974
940
890
924
962
1120
1088
1046
1064
1070
1116
1122
1122
1134
1080
1080
1090
1116
1094
1106
1044
974
1020
1018
1082
1068
1072
1066
1030
1040
1066
1098
1094
1058
1008
1022
1042
1048
1058
1028
978
1014
1080
1104
1070
1054
1008
1034
1044
1102
1074
1080
1000
1016
1022
1024
1030
1044
1022
990
1024
1038
1056
1038
984
994
1004
1008
1014
1024
972
970
1042
1096
1084
1080
1012
1030
1050
1088
1096
1082
1070
1076
1090
1082
1066
1040
998
1022
1050
1090
1090
1056
1028
986
1010
972
908
878
882
852
826
794
816
814
818
808
796
776
812
796
816
810
804
774
760
752
746
726
720
732
736
736
708
708
706
704
700
708
698
712
698
772
784
758
782
834
790
808
832
834
816
812
830
898
850
862
946
988
1086
1018
1044
1040
1088
1092
1108
1100
1094
1078
1104
1100
1090
1074
1058
1054
1064
1070
1104
1094
1076
1060
1080
1076
1052
1036
970
1012
996
1052
1044
1028
1012
1014
1090
1078
1094
1074
1032
1060
1088
1062
1076
1032
986
1036
1036
1062
1076
1078
1080
1024
1058
1048
1068
1064
1050
998
964
986
982
978
986
972
1028
1072
1088
1048
1016
1020
1014
1022
1068
1042
1016
1042
1030
1082
1060
1066
1000
962
1010
1102
1094
1106
1096
1040
1044
1076
1062
1088
1062
1062
1104
1094
1082
1090
1046
996
1052
1026
1032
1064
1046
1032
1024
1028
1058
1062
1046
1032
1050
1052
1040
1006
996
1012
1018
1052
1058
1054
1010
1050
1030
1058
1062
1008
1016
1022
1006
1006
996
1004
1038
1026
1032
1020
1004
926
988
978
1000
1026
1000
992
1000
1056
1060
1042
990
1000
990
990
1032
1016
1012
1036
1022
1050
1050
1046
1012
1010
1022
1056
1056
1058
1014
1030
1060
1058
1064
1016
1036
1086
1096
1086
1074
1040
1046
1040
1032
1048
1028
1008
1000
1018
1002
994
1012
998
1038
1060
1038
1042
1060
1060
1068
1024
1020
1012
1008
1038
1036
1022
1010
994
992
996
996
998
990
980
1024
1028
1000
1020
1034
1020
1050
1042
1014
1002
990
988
958
932
944
946
864
870
886
862
876
960
1120
1082
1066
1076
1030
1062
1042
1076
1058
1064
1080
1074
1092
1096
1090
1042
1042
1062
1062
1036
1032
1014
1030
1022
1012
970
956
970
1012
1060
1018
1012
994
1020
1068
1060
1060
1074
1068
1072
1054
1062
1032
1038
1036
1036
1050
1038
1058
1060
1050
1024
1016
974
994
992
992
1014
1010
990
1040
1048
1036
1000
1002
1028
1002
1032
1000
960
974
978
1008
1024
1022
1016
1028
1020
1052
1064
1038
1044
1070
1060
1046
1008
996
994
988
1040
1012
1010
1012
1032
1074
1070
1056
1058
1066
1046
1078
1068
1060
1038
1024
1044
1066
1034
1030
1026
1032
1042
1030
1014
968
994
996
1048
1024
1022
1016
1034
1018
1048
1018
1028
1026
1014
1046
1026
1028
1024
1018
1032
1028
1008
1012
1072
1078
1080
1084
1014
982
982
984
1072
1020
1010
1070
1098
1104
1084
1092
1078
1112
1106
1114
1064
1040
1064
1056
1058
1024
996
1018
988
990
998
976
984
984
1046
1052
1042
998
1002
1022
1032
1042
1028
980
988
1008
996
998
992
994
994
1070
1064
1052
1044
1064
1038
1072
1072
1046
1042
1040
1052
1048
1032
1004
1034
1020
1014
1018
1016
1026
1024
1082
1094
1054
1068
1060
1080
1080
1074
1080
1032
1044
1054
1036
1040
1008
1016
1030
1014
976
970
1000
1080
1068
1042
1022
1050
1038
1076
1054
1054
1030
1042
1070
1054
1050
1040
1024
1054
1052
1032
978
986
984
940
904
886
908
956
956
944
934
952
946
1022
1070
998
992
1024
1060
1080
1118
1050
1000
1022
1026
1062
1060
1036
1064
1084
1094
1070
984
870
834
794
804
800
796
848
882
916
986
1006
962
928
852
862
938
1012
1090
1110
1058
1096
1068
1082
1076
1078
1080
1066
1072
1058
1050
1030
1020
1024
1012
1034
1028
996
942
968
978
980
980
978
900
950
932
1016
980
968
988
984
1068
1054
1042
1000
1044
1020
1052
1050
1030
1006
1014
1050
1054
1052
1020
1050
1030
1070
1072
1068
1028
1056
1060
1042
1024
1028
992
1010
1024
1010
1000
1026
1020
1072
1074
1052
1070
1078
1068
1066
1066
1036
1034
1020
1022
1024
1002
1000
998
1038
1048
1046
1034
1044
1058
1052
1066
1008
966
1008
996
1028
1008
1000
998
1048
1058
1032
1038
1046
1044
1052
1028
1028
1052
1036
1040
1006
1012
1016
1014
1054
1018
1032
1036
1028
1046
1048
1042
1052
1048
1054
1056
1002
976
940
962
1056
1084
1046
1094
1136
1122
1110
1126
1088
1128
1122
1104
1106
1114
1102
1102
1110
1106
1114
1040
1086
1086
1076
1040
986
1044
1046
1076
1072
1054
1016
1012
1018
1026
1014
986
942
978
962
1030
1022
990
960
1006
1048
1070
1028
1036
984
1000
1012
1066
1004
942
994
1034
1052
1046
1050
1008
1006
1022
1030
1086
1042
1060
1062
1064
1060
1030
1000
1006
1010
1002
1010
980
966
978
1000
1040
1024
1034
1022
1040
1030
1030
994
1014
1006
1006
988
964
970
974
1032
1030
1004
1000
1022
1010
1048
1044
980
990
1008
1004
1004
1006
1004
1008
1044
1024
1024
1028
1020
1056
1070
1042
1072
1076
1080
1090
1056
1020
1052
1050
1026
1044
1002
1038
1028
1056
1032
1054
1060
1050
1066
1070
1030
1058
1104
1084
1080
1022
1004
1008
1000
960
894
944
950
1006
1034
1016
1008
1028
1074
1054
1060
1036
1024
1022
1028
1010
988
988
998
1028
1000
1024
