626
636
616
622
612
610
602
602
608
604
594
592
590
602
620
662
640
650
650
646
632
620
606
604
586
584
582
578
572
578
582
612
628
678
708
690
678
654
664
656
654
668
668
664
682
686
680
682
686
670
666
648
632
634
632
628
626
628
632
628
642
648
678
660
676
688
674
666
652
632
622
610
600
580
586
592
616
646
682
728
720
692
694
676
690
674
668
656
642
632
620
606
604
606
616
624
638
622
630
622
624
618
616
612
600
594
592
590
568
574
570
572
586
594
624
644
640
636
632
624
614
614
606
598
592
590
584
588
586
590
602
602
610
620
626
620
608
602
594
572
576
572
568
570
570
578
588
590
584
594
594
590
598
596
592
596
602
604
608
620
634
622
632
654
662
658
654
642
616
608
592
582
576
568
592
618
654
676
662
650
650
644
652
654
656
654
638
628
624
620
624
622
640
664
664
682
696
712
686
694
698
694
676
662
674
648
640
638
644
646
648
652
648
642
646
642
646
660
682
666
668
672
676
670
682
702
688
706
706
692
700
710
700
702
714
720
714
706
686
682
666
644
656
634
634
640
654
648
650
648
648
656
652
648
644
648
644
644
652
648
640
638
636
638
634
636
638
632
634
626
624
620
618
612
608
606
608
618
628
626
630
636
642
648
652
650
636
630
628
614
614
618
626
622
622
604
608
598
598
602
598
598
600
604
614
622
624
620
634
630
634
636
628
620
620
610
612
616
612
624
636
642
632
624
608
616
596
592
592
594
598
600
610
616
620
632
646
638
654
658
650
644
640
646
648
646
634
622
612
602
592
576
572
566
570
570
568
576
576
584
584
592
600
600
606
622
632
626
652
658
662
652
662
668
658
662
662
646
630
624
612
590
580
588
586
590
608
634
660
652
678
686
674
674
668
650
652
650
636
634
628
616
624
612
612
614
598
598
612
612
602
612
622
612
614
602
602
598
596
596
592
590
582
580
562
564
560
558
550
552
586
630
658
684
660
698
688
668
672
664
668
670
662
652
628
618
616
598
594
596
608
628
618
610
608
606
624
626
628
630
622
622
608
602
594
586
576
576
566
560
564
570
582
588
598
588
584
586
576
570
568
572
578
590
598
618
620
628
628
624
624
622
624
624
616
610
610
614
612
608
622
626
620
622
624
620
604
594
594
596
596
598
608
612
614
606
606
600
604
602
604
606
606
590
600
592
586
578
568
554
566
558
548
552
552
554
554
544
550
548
558
576
596
608
606
624
642
656
656
666
668
650
648
646
636
620
592
590
576
566
554
564
562
570
586
614
650
676
714
722
710
694
690
684
684
672
658
636
602
602
586
588
584
566
560
562
564
572
572
574
578
582
586
582
582
572
572
576
580
588
596
618
626
654
668
668
664
676
696
694
684
666
654
640
614
602
584
580
590
590
604
636
660
674
660
678
674
654
652
648
634
636
640
638
640
646
644
642
644
648
650
640
640
634
624
622
614
622
618
638
650
658
656
654
656
652
642
624
616
608
602
602
604
596
590
604
670
678
678
676
678
672
656
652
634
618
616
608
602
602
592
586
586
582
584
590
612
618
624
636
646
656
648
670
678
664
628
622
620
612
622
616
634
644
666
672
660
644
642
628
614
614
618
608
600
610
632
664
660
708
720
698
716
720
708
714
712
692
696
696
676
682
666
666
660
664
656
644
630
612
600
590
574
560
556
552
558
570
614
644
718
746
720
760
740
744
756
746
726
736
726
712
694
702
692
694
686
664
654
646
632
630
620
626
628
632
642
636
640
646
650
646
630
622
616
600
588
584
576
580
584
596
602
596
620
616
618
628
632
632
636
634
616
614
606
596
584
586
588
590
594
596
618
618
626
630
638
632
620
622
620
608
606
604
606
604
608
618
610
612
620
622
622
636
640
640
640
636
634
616
616
616
608
604
608
632
654
650
672
674
664
672
664
662
668
666
652
650
650
650
640
646
658
660
654
660
670
662
650
652
654
646
642
640
638
624
626
612
606
594
580
576
574
560
574
602
602
690
720
730
714
684
666
660
664
670
666
704
736
710
722
750
732
728
736
732
720
728
726
720
728
728
724
718
718
710
704
690
664
662
648
638
638
640
648
660
666
670
692
674
678
682
690
682
686
684
684
674
662
650
640
638
636
644
648
668
678
682
676
672
670
670
666
678
672
662
656
656
656
654
650
654
664
678
690
686
686
690
690
686
670
652
626
620
616
600
600
606
610
628
632
642
632
640
638
642
634
640
648
642
646
656
654
652
652
664
658
646
640
636
622
600
610
610
612
634
626
636
654
660
656
636
638
636
618
608
606
606
598
588
582
584
580
582
582
586
598
608
622
614
634
640
650
650
666
662
652
656
676
692
702
696
698
682
666
654
638
638
640
636
646
678
694
672
676
680
680
674
662
656
650
640
640
636
638
644
644
646
658
660
676
680
682
692
696
694
678
658
638
634
612
606
606
604
596
600
600
598
602
606
606
610
608
620
624
612
612
618
622
620
620
628
638
640
644
640
634
624
630
622
612
614
606
612
610
600
592
590
596
594
590
594
592
586
586
588
588
586
592
586
588
594
590
594
604
602
600
604
614
620
624
628
636
640
630
634
632
624
626
626
624
618
610
600
588
588
584
580
584
588
616
636
626
628
636
638
636
634
642
646
642
654
660
674
664
660
660
668
660
654
662
666
654
656
652
648
656
660
658
656
654
650
652
646
640
644
628
630
638
648
644
644
644
644
636
634
636
632
624
630
626
612
616
620
626
620
618
616
624
632
630
626
626
618
608
600
596
586
586
580
580
588
592
606
604
626
632
628
634
634
630
632
632
626
632
638
646
638
642
644
640
650
656
664
658
654
652
650
640
640
620
614
616
618
614
612
618
616
612
604
600
600
590
588
592
600
608
608
624
620
618
630
630
620
626
634
638
656
678
678
672
688
700
676
674
682
674
662
650
644
632
624
622
626
622
620
630
640
646
650
652
640
636
630
608
618
620
624
622
622
622
604
600
590
588
580
586
602
636
640
660
652
676
692
684
674
682
674
662
658
654
670
674
666
670
678
678
660
652
634
634
616
610
604
600
610
604
608
606
622
620
616
622
628
624
630
638
632
634
642
644
636
640
636
632
628
618
610
604
610
612
612
608
614
624
624
624
622
620
618
620
624
622
618
622
620
614
604
610
610
604
598
596
598
596
600
608
612
610
620
626
624
624
624
632
636
634
634
636
634
634
632
624
618
622
612
604
596
604
600
600
606
614
618
624
634
636
628
620
620
612
608
612
618
620
630
642
650
652
650
644
636
636
626
624
622
626
628
632
632
640
636
636
634
634
626
624
630
622
614
606
614
618
620
622
620
622
620
606
608
616
638
662
668
670
668
658
654
640
642
630
630
628
628
628
622
614
608
620
626
636
640
656
660
652
656
670
668
662
670
670
666
666
664
658
656
654
652
654
664
672
668
672
668
662
662
654
650
648
632
634
630
628
626
628
628
622
628
640
644
646
648
648
624
622
616
612
612
620
620
626
630
644
642
634
632
630
626
620
614
608
602
600
606
610
612
618
628
632
630
632
628
612
616
616
610
606
610
614
610
624
630
638
642
646
654
640
626
628
622
620
622
618
614
618
624
624
626
634
634
632
638
634
638
622
630
632
628
636
642
650
648
644
638
626
620
622
616
612
608
612
620
630
640
630
628
630
634
640
636
634
638
646
644
642
644
628
626
622
608
604
600
602
604
608
616
640
654
654
674
674
664
658
648
632
628
626
618
618
618
618
614
616
616
622
618
606
610
602
598
598
604
608
608
612
606
602
592
592
594
592
604
618
620
612
612
616
616
616
612
602
600
606
596
602
600
598
602
606
608
604
596
590
590
596
594
588
592
590
594
592
592
592
594
590
594
592
592
592
592
600
602
600
600
600
602
592
596
594
586
588
588
588
582
588
586
586
586
594
602
608
616
622
630
622
622
620
618
620
618
618
620
618
618
624
622
622
628
636
642
656
654
652
654
652
646
634
638
626
624
628
636
634
632
628
626
624
628
632
624
622
622
626
622
620
622
618
620
622
640
652
660
664
672
668
664
660
656
644
644
638
640
642
644
648
652
664
660
662
670
666
666
662
664
650
644
642
636
632
624
614
604
594
606
592
594
594
606
636
644
654
664
656
658
658
656
638
626
610
600
586
582
582
564
572
572
578
590
594
590
608
614
614
622
630
634
628
634
632
632
632
632
640
642
642
646
658
660
656
668
670
670
670
674
682
674
676
680
674
658
656
668
656
646
654
646
644
646
646
636
624
622
614
600
598
594
600
606
622
640
658
674
672
686
684
680
678
670
672
668
660
656
654
654
662
676
674
676
694
698
686
686
688
674
674
670
670
656
658
662
660
658
664
664
662
660
664
660
654
656
658
664
668
670
672
674
672
666
670
668
668
672
676
680
686
690
684
680
684
686
680
676
674
678
666
660
654
656
654
658
674
676
678
684
688
684
676
678
672
674
674
672
678
682
676
684
690
692
692
692
690
670
658
662
652
656
656
656
668
682
680
684
692
698
688
680
666
648
636
638
636
632
628
634
650
656
662
666
670
674
676
668
662
664
656
650
650
648
638
644
644
658
662
676
682
684
682
676
666
664
666
662
658
664
660
664
666
664
664
666
678
670
670
668
668
662
656
650
640
632
622
628
628
632
644
660
662
670
668
660
654
656
648
648
650
650
652
662
668
672
666
674
672
670
660
666
660
662
664
664
658
670
670
670
670
670
666
666
666
664
658
660
658
658
656
658
652
654
654
654
662
668
674
696
702
684
668
662
646
634
634
644
662
678
662
650
650
636
624
624
622
628
636
656
658
664
670
658
640
646
654
682
690
682
662
646
642
632
614
612
614
624
622
628
638
630
634
636
628
618
610
602
582
578
568
566
556
554
556
558
576
594
620
640
680
690
710
706
692
676
668
708
704
686
666
658
654
634
626
628
648
660
678
702
716
730
728
726
710
722
718
702
714
720
714
714
724
718
720
716
714
708
702
700
702
694
680
692
686
672
672
676
670
660
664
664
652
644
634
630
630
630
648
664
674
682
692
688
682
682
678
680
680
664
672
670
670
660
664
664
656
656
678
700
670
664
658
646
628
620
612
596
594
614
632
652
658
644
644
636
644
648
666
658
658
670
682
690
702
694
702
692
690
688
692
690
694
684
688
690
688
680
684
664
648
652
654
662
660
662
660
666
662
658
648
646
648
658
668
678
692
692
704
706
704
704
712
708
706
690
696
696
696
698
688
692
690
682
684
682
678
670
674
674
666
666
668
662
664
668
674
666
672
672
672
678
694
692
672
676
680
672
658
650
640
634
640
642
638
640
652
644
648
648
642
632
626
632
628
618
618
620
612
612
610
624
614
616
640
640
636
638
636
632
620
616
614
616
624
632
648
658
686
676
704
706
702
692
694
700
690
676
678
674
664
654
652
652
646
626
628
614
606
602
588
584
586
578
574
574
572
570
562
560
556
550
546
546
546
540
548
554
578
598
622
632
646
662
672
682
690
662
684
674
674
658
644
648
642
644
644
646
660
652
644
674
740
684
658
648
640
634
628
642
656
644
642
646
646
656
656
654
648
642
648
652
658
662
662
678
666
690
688
696
692
690
690
690
682
680
676
664
660
660
658
654
644
634
630
616
618
616
618
614
626
638
636
642
652
660
656
662
664
664
658
664
660
652
656
656
656
652
644
648
642
658
664
668
668
674
676
676
668
652
650
640
636
624
624
616
610
606
608
606
604
606
610
616
626
632
638
650
658
656
660
652
656
646
646
638
642
644
642
642
648
644
648
658
664
654
660
658
656
654
650
648
640
644
648
646
652
648
650
646
642
640
634
634
638
632
632
634
634
632
628
632
634
636
646
652
646
650
646
646
638
640
640
646
650
658
670
666
674
670
672
666
666
658
652
656
652
650
648
650
650
650
662
664
658
656
654
650
640
650
648
652
652
652
656
662
658
656
652
650
646
638
636
634
638
628
632
632
616
620
622
622
620
608
602
598
590
590
590
594
592
592
594
590
586
584
570
566
566
566
562
556
560
564
572
570
580
584
590
590
598
602
608
604
610
608
616
622
620
620
620
620
628
624
630
630
630
632
636
636
638
632
632
624
620
618
620
624
616
618
620
616
618
624
626
624
624
632
632
624
610
614
608
602
606
608
610
608
602
602
604
610
616
614
618
632
646
640
648
646
644
634
632
628
616
622
620
620
616
622
624
628
624
630
634
634
632
638
634
630
626
630
628
628
622
620
610
612
612
608
604
600
604
608
604
612
614
614
622
634
638
632
638
644
638
638
632
622
616
612
612
610
604
602
604
600
604
608
618
612
610
606
606
606
602
604
598
588
582
584
578
572
570
574
570
568
566
564
556
554
550
544
538
540
534
538
536
530
534
544
558
572
616
636
652
678
686
674
684
672
664
652
632
612
598
592
584
584
582
582
590
598
604
600
608
614
608
612
610
612
610
610
610
604
598
602
592
588
590
586
586
580
576
582
582
584
582
580
580
576
570
574
574
576
578
580
578
580
580
578
580
574
574
576
570
574
570
572
568
564
568
568
564
566
566
572
576
580
578
588
582
580
576
578
578
576
576
578
572
574
574
572
572
574
576
576
574
580
588
584
586
582
584
582
576
572
574
572
568
570
570
572
568
566
570
568
570
572
578
578
580
580
586
584
582
580
576
574
570
572
572
572
576
576
582
580
584
588
590
594
594
594
588
588
586
582
576
570
558
562
552
546
542
542
542
556
564
566
568
566
570
572
574
572
572
564
562
568
564
572
568
564
562
562
562
568
564
562
558
562
568
564
566
570
564
566
562
558
550
554
554
554
554
562
574
576
594
612
612
620
638
636
624
630
622
606
606
610
600
584
590
592
590
590
596
616
630
638
632
664
680
666
666
670
682
668
664
662
640
642
638
644
650
642
652
652
660
666
660
642
646
642
626
626
638
660
672
702
736
716
706
690
684
686
680
662
658
644
640
634
634
616
616
598
592
588
584
594
604
614
620
630
644
630
640
658
646
658
658
680
682
680
674
672
674
656
666
664
662
664
672
670
660
668
666
658
654
658
656
648
648
640
640
626
628
630
620
628
628
636
630
640
646
640
644
650
658
656
656
670
670
664
644
650
660
634
628
620
622
630
632
636
650
654
668
672
688
688
680
684
700
696
696
702
706
698
700
700
692
684
700
692
676
660
658
646
654
656
652
650
654
664
656
656
654
654
682
682
674
670
664
662
652
648
642
630
622
616
620
622
638
662
652
630
644
626
610
608
608
602
594
602
608
606
606
614
624
628
624
624
622
620
618
608
602
602
612
622
624
640
640
644
662
664
656
660
660
650
636
646
660
664
664
664
656
652
656
654
646
642
650
646
630
636
638
630
646
642
652
648
652
650
642
648
652
654
652
656
660
652
650
652
650
634
638
636
632
624
630
632
624
626
630
626
602
620
686
696
686
670
658
656
648
648
640
640
638
636
630
634
646
650
646
662
668
670
666
678
672
676
682
668
674
674
672
670
670
668
644
648
644
638
634
634
628
612
616
618
622
628
644
648
646
650
658
648
648
664
676
662
668
684
678
674
670
674
672
664
664
650
652
646
648
642
634
636
634
634
640
636
638
634
626
622
626
634
632
642
656
664
658
668
668
674
666
668
668
664
658
664
664
662
660
664
654
658
656
648
650
650
644
650
652
656
654
664
662
660
650
652
650
646
642
646
652
654
652
660
652
654
650
652
650
622
630
618
608
600
594
594
594
594
596
590
588
586
576
576
574
576
576
574
588
602
608
614
616
636
624
616
622
620
616
624
640
642
644
662
654
652
664
666
666
666
672
672
670
660
670
668
658
662
662
658
654
648
644
640
634
638
644
650
642
644
646
644
634
626
624
624
620
622
622
622
626
626
630
626
624
620
610
608
602
598
594
592
588
580
576
580
570
586
582
584
590
588
594
594
608
614
620
624
624
616
614
602
596
598
596
596
596
594
600
602
606
602
614
606
598
602
606
610
602
608
616
612
614
624
614
636
628
628
632
634
636
634
640
640
644
636
634
634
626
626
630
632
636
642
660
660
658
680
672
674
682
678
676
672
670
656
648
658
654
656
654
636
628
616
608
610
608
614
640
656
662
654
648
648
646
654
666
664
672
666
656
646
636
642
648
668
676
674
664
666
668
666
684
688
692
686
698
708
700
696
690
672
648
652
624
626
614
614
602
590
598
590
582
578
580
582
584
590
608
632
646
674
706
712
712
710
684
676
666
644
634
634
636
648
672
708
726
728
716
754
782
772
758
728
708
716
694
698
704
702
690
666
676
676
674
688
672
684
686
690
686
698
698
684
700
700
706
698
708
716
720
734
730
720
716
720
712
702
712
710
704
702
700
700
696
704
710
698
698
706
702
694
700
696
686
684
690
690
688
692
692
678
676
682
678
678
680
672
668
672
676
674
680
692
696
694
696
694
694
680
688
680
680
676
686
690
690
698
708
700
698
702
696
684
688
690
682
690
700
696
694
696
700
692
684
694
692
692
694
694
694
690
692
686
682
678
682
686
684
684
680
682
672
670
668
670
670
670
678
672
680
684
688
684
692
694
688
684
688
676
664
666
670
666
678
678
680
688
684
668
660
660
644
644
644
644
648
654
656
644
642
634
626
614
606
608
604
594
594
592
590
580
582
580
576
578
580
578
570
578
594
614
612
622
678
700
692
700
706
698
708
716
704
698
702
702
696
698
698
688
678
684
680
670
674
662
648
656
656
648
652
650
638
628
620
622
612
610
614
618
618
620
618
606
604
600
596
594
604
608
620
626
644
656
642
652
654
668
660
646
644
630
622
630
614
606
592
594
590
588
586
592
588
592
600
600
602
612
628
630
638
636
636
630
628
626
626
622
624
624
628
634
650
646
640
644
638
638
636
616
620
612
610
614
612
612
612
618
616
614
608
612
608
604
602
596
592
592
592
592
596
610
628
642
642
654
648
640
668
674
668
660
652
660
666
654
642
652
678
690
666
676
678
680
678
668
656
648
656
652
654
660
646
646
634
626
626
628
620
608
620
618
612
616
620
612
614
620
624
634
648
644
638
624
620
622
618
622
622
622
628
626
630
634
624
630
664
678
668
662
634
630
618
608
606
614
638
662
662
662
660
662
664
670
660
664
674
672
654
658
652
642
644
646
644
634
636
638
642
642
646
636
626
636
650
666
676
668
662
638
630
622
628
626
630
632
648
688
708
710
718
732
724
730
728
714
700
702
696
686
690
684
692
690
694
696
698
694
688
692
692
684
680
672
674
670
660
666
666
676
672
680
694
710
694
700
704
708
696
700
698
678
682
684
680
670
668
660
666
670
670
670
660
660
640
626
622
632
634
646
664
678
678
716
730
718
720
692
680
674
672
652
658
678
694
702
694
700
704
706
700
696
694
688
692
688
684
688
686
680
670
670
670
670
668
670
678
712
706
706
694
694
680
674
662
648
640
636
620
608
606
578
588
586
584
588
598
590
596
600
610
616
618
606
606
606
598
580
592
586
590
610
628
652
696
716
756
748
746
728
702
718
718
700
690
682
672
670
672
668
654
644
630
616
610
610
626
676
672
688
716
736
742
730
722
708
682
684
690
712
722
728
712
672
686
678
668
664
658
640
640
646
668
674
678
680
680
674
674
664
666
678
706
710
692
702
700
686
692
674
672
666
670
656
644
654
668
664
688
694
692
688
690
696
702
694
698
700
696
676
682
688
672
672
674
678
672
676
680
690
692
702
700
706
700
688
684
684
668
662
662
674
668
666
668
654
652
652
654
654
666
702
716
706
700
674
670
666
662
656
646
656
644
628
632
642
642
678
692
700
692
684
688
696
706
692
680
672
660
652
650
656
676
676
712
726
734
716
706
728
724
724
724
722
710
718
718
716
708
706
702
686
688
694
702
700
698
702
700
686
682
666
654
652
636
618
620
626
632
644
644
656
656
674
678
686
690
694
688
690
690
676
672
674
666
662
664
668
668
680
676
678
668
676
674
676
676
676
686
682
682
684
682
684
682
686
682
684
706
696
688
672
662
656
640
632
632
640
678
714
746
736
716
708
714
700
704
698
694
688
682
666
658
648
638
632
636
642
660
662
686
694
692
708
722
722
702
712
698
690
700
684
692
696
688
668
654
636
626
620
628
632
642
658
676
712
708
738
728
720
734
740
746
730
690
694
680
664
666
672
670
666
656
650
640
630
618
624
622
638
680
692
700
750
762
750
750
756
750
728
732
716
702
700
694
680
686
684
704
730
708
712
716
706
676
670
666
654
662
662
658
668
664
650
644
646
656
680
696
686
682
688
700
684
676
666
662
668
658
656
648
652
646
658
660
662
678
674
678
676
670
658
648
648
652
668
700
710
694
672
666
654
660
676
674
690
694
688
706
722
728
734
718
698
688
698
714
710
702
694
674
672
662
662
670
672
676
682
676
660
660
688
692
706
708
712
708
704
678
698
698
690
708
710
704
702
694
682
686
682
678
694
704
712
700
714
718
706
712
710
718
716
716
720
722
718
706
698
682
686
682
684
682
682
686
690
694
694
694
702
702
698
690
696
698
692
676
666
652
628
624
612
604
600
606
602
602
608
606
604
606
604
604
602
596
596
598
594
600
616
636
648
680
686
672
674
672
672
674
672
672
658
662
664
658
662
674
674
664
672
670
666
668
670
650
638
632
622
606
596
600
600
616
600
638
644
648
648
648
662
654
656
656
674
672
666
660
688
712
696
704
694
694
676
706
700
694
670
676
688
682
680
670
680
696
702
696
716
720
726
718
720
720
718
708
704
706
700
702
702
700
696
708
726
712
720
722
712
706
708
696
686
698
700
694
700
702
694
692
696
706
698
704
704
698
698
696
688
698
708
690
682
686
678
678
672
684
696
710
702
708
720
724
706
708
702
686
686
686
676
682
680
690
686
694
704
694
674
674
674
670
672
682
684
686
686
682
658
652
638
638
646
652
648
652
662
664
658
668
678
678
680
690
686
678
682
678
676
680
680
674
678
688
696
702
694
700
700
696
674
690
692
698
684
666
676
672
670
672
670
670
674
670
662
660
666
660
646
650
648
650
652
658
658
662
660
678
682
676
672
660
668
664
670
676
676
678
668
662
658
640
640
630
624
630
640
670
676
706
732
738
726
728
730
730
716
710
706
690
682
660
664
670
664
660
664
678
682
688
694
686
676
658
654
654
654
656
666
682
686
674
682
688
684
676
682
686
692
680
670
670
670
662
658
660
668
666
674
678
680
676
682
684
686
686
684
682
678
684
680
684
700
696
688
696
692
684
672
676
668
672
666
678
678
692
680
682
674
676
666
666
670
670
670
678
684
682
682
698
698
708
700
706
696
690
690
692
692
692
692
692
696
692
680
680
680
658
658
658
654
656
660
668
666
664
672
680
674
674
664
652
652
648
638
644
640
644
648
650
648
634
638
650
664
672
676
676
684
688
684
688
688
688
684
676
672
676
670
672
674
682
674
674
654
646
642
646
636
616
620
606
604
596
598
588
586
582
582
574
576
574
566
568
568
566
562
560
562
584
612
628
692
712
706
720
712
692
690
686
686
686
678
680
666
660
636
624
628
664
666
654
668
658
640
640
646
654
654
674
686
678
700
704
706
702
708
716
708
712
718
702
706
708
698
710
724
712
716
720
722
728
740
722
710
706
700
686
664
656
646
638
634
622
620
608
604
594
588
594
608
606
602
604
604
610
640
678
686
706
724
716
706
686
670
672
674
656
662
670
688
704
690
718
720
734
724
716
688
702
696
680
692
698
696
692
680
666
658
654
648
644
642
630
630
620
620
608
602
604
604
638
664
700
714
706
686
680
662
648
648
642
640
652
678
672
658
648
634
630
652
688
686
714
770
762
772
772
736
734
734
730
728
740
744
756
746
754
760
760
758
758
760
740
748
750
746
736
742
740
714
726
722
724
724
734
736
730
722
730
734
726
730
730
728
724
726
736
732
722
724
720
714
712
714
718
720
730
728
724
726
724
736
722
728
730
734
720
726
726
724
718
726
726
722
718
710
714
710
702
708
710
704
706
708
706
700
706
704
696
696
696
696
684
694
692
700
694
690
692
694
698
694
696
702
698
682
674
668
668
676
674
672
676
682
690
688
700
712
708
706
716
712
706
696
692
688
676
674
670
666
660
658
656
640
628
624
634
644
662
678
682
678
684
690
684
676
682
682
682
690
688
682
684
684
686
680
678
668
672
672
666
660
656
662
664
672
682
676
690
700
690
694
698
692
684
682
672
658
660
662
660
660
660
662
656
652
654
654
660
678
674
670
674
684
682
676
680
680
680
692
690
698
694
698
706
706
698
690
696
696
694
694
698
694
694
694
702
698
702
718
720
706
718
706
694
692
690
692
690
690
690
700
708
696
700
710
704
696
700
698
704
702
708
698
698
684
690
682
674
670
670
668
678
692
694
688
678
676
674
664
660
668
678
686
680
682
672
670
668
674
684
688
682
676
680
676
674
666
672
666
674
674
680
688
700
692
698
708
702
700
700
688
664
644
670
662
664
660
652
