790
768
756
692
688
702
718
738
764
802
738
752
758
744
756
734
746
736
746
758
770
738
758
752
752
758
736
714
718
720
720
720
736
744
708
730
746
736
752
756
762
768
760
764
758
734
718
734
688
684
680
670
682
710
724
808
740
780
794
800
802
808
812
810
812
800
800
778
772
768
760
750
758
774
766
774
776
774
768
744
736
734
760
774
772
766
744
742
742
706
716
706
706
716
710
744
744
752
772
766
768
762
760
752
748
728
728
700
714
718
728
744
758
756
760
760
760
734
758
764
744
742
732
708
686
692
678
708
704
708
748
782
722
732
740
716
722
718
718
728
730
732
728
742
746
742
776
758
750
778
786
762
748
762
770
760
776
754
774
770
746
750
746
748
754
766
776
764
762
760
758
768
752
760
746
742
734
720
732
724
736
748
756
746
752
744
720
702
678
716
698
690
710
724
734
746
758
780
796
800
784
792
788
770
762
746
732
730
736
732
752
752
772
788
804
794
806
794
796
798
788
752
754
742
748
752
728
728
748
762
774
742
744
726
748
740
674
668
692
684
786
710
728
718
736
724
724
700
678
650
648
632
626
608
622
622
656
652
746
684
668
682
660
652
632
644
644
650
648
654
664
664
660
678
686
694
706
710
720
722
710
712
688
710
722
708
716
708
718
690
710
698
696
680
666
620
642
626
654
660
666
678
680
670
676
680
662
680
672
670
674
686
698
668
724
744
718
742
746
716
688
680
652
662
652
658
646
658
670
694
720
748
740
730
722
738
752
732
702
702
684
668
640
666
686
686
738
698
716
720
704
698
718
722
732
756
756
750
736
686
698
638
652
628
624
574
622
634
648
636
622
636
638
632
644
638
642
648
666
668
666
690
752
754
730
742
738
728
724
714
664
636
664
646
688
748
768
738
756
776
776
794
804
796
804
812
788
788
764
760
762
754
764
760
754
762
754
742
754
740
746
750
746
746
746
740
724
710
682
686
684
670
690
708
682
684
708
706
748
718
728
736
722
700
706
694
686
666
626
646
652
642
636
628
632
688
738
714
714
722
744
734
754
768
754
776
746
742
716
714
658
644
666
640
652
700
812
780
772
810
838
864
884
892
906
902
894
880
852
842
820
800
712
710
722
750
798
814
832
762
760
758
748
732
716
702
680
680
688
692
748
830
740
780
794
796
812
814
814
826
822
826
824
808
802
794
776
764
742
656
682
658
650
650
670
714
734
768
778
752
750
738
748
726
724
702
660
648
672
674
692
752
766
734
712
776
758
762
758
752
746
746
730
740
740
732
738
736
738
744
750
754
754
756
750
754
756
734
732
732
732
736
668
670
638
638
610
638
662
708
674
726
740
698
736
728
720
688
712
680
676
668
644
646
640
636
638
646
664
740
756
762
750
740
748
738
746
748
724
730
724
720
720
710
722
732
720
738
734
728
732
720
714
718
688
670
686
676
676
676
664
684
686
668
672
652
650
662
712
704
736
734
778
782
790
798
776
780
762
756
732
680
680
678
668
688
700
688
702
698
704
716
722
732
752
740
716
684
650
630
618
618
614
614
618
636
666
726
756
702
734
740
734
760
750
746
748
728
716
670
618
606
612
632
680
780
696
726
736
730
740
720
744
730
738
728
714
726
724
706
676
644
614
618
576
594
604
664
736
742
714
706
716
694
728
734
726
708
660
664
660
650
652
642
666
670
654
684
700
670
696
692
676
684
688
674
668
662
650
648
624
648
620
598
612
602
616
620
620
626
658
702
690
714
686
718
710
722
726
716
724
716
718
718
714
712
708
724
722
730
744
720
732
722
724
698
708
674
660
660
670
672
670
676
670
640
622
598
602
578
588
578
580
624
668
694
760
704
680
666
654
682
666
686
678
684
660
674
654
664
688
672
704
674
682
660
644
646
620
622
614
612
606
602
616
618
610
600
596
588
592
594
610
596
598
598
594
612
604
618
618
600
634
616
614
632
632
638
642
630
650
648
664
662
652
656
640
652
640
644
636
638
650
636
650
646
680
676
684
680
678
674
656
656
640
626
618
608
590
584
594
602
616
640
670
676
676
666
684
674
674
676
662
670
662
656
660
652
656
664
658
670
664
672
680
662
674
670
664
662
650
644
654
642
640
652
654
664
668
652
646
652
648
634
626
642
628
606
614
624
604
592
598
580
578
574
582
624
624
666
658
660
682
698
686
716
696
704
680
682
688
674
694
674
680
674
670
668
630
650
634
646
636
628
618
638
622
628
624
616
622
616
586
588
588
582
578
584
568
580
558
584
576
566
560
544
550
534
526
530
528
518
522
514
520
544
544
552
560
540
576
556
574
584
564
546
564
550
558
558
566
564
582
598
588
582
584
578
588
582
580
574
544
532
532
516
498
502
504
542
588
618
644
604
628
616
626
630
630
648
646
642
658
638
630
642
634
628
638
646
624
622
622
616
588
610
604
590
614
606
602
628
652
634
640
638
614
600
596
594
580
570
586
600
612
672
664
648
674
672
676
682
660
680
680
666
652
668
664
660
662
662
674
672
672
692
684
708
726
706
726
740
724
744
760
750
746
720
734
732
714
708
728
726
732
742
720
730
722
734
730
754
750
750
758
738
750
748
764
766
766
734
736
712
718
696
710
714
720
744
732
762
746
758
754
776
754
742
766
750
726
742
734
718
708
696
696
696
684
692
682
692
690
684
716
730
722
722
708
716
722
728
724
744
750
738
744
768
768
754
756
736
736
732
728
752
762
766
758
744
730
714
706
700
702
706
718
722
752
760
768
746
748
734
744
744
734
718
714
712
708
708
698
720
710
732
722
724
730
724
728
726
726
732
736
748
726
742
770
772
786
824
770
788
794
770
766
758
754
762
772
764
760
750
738
750
754
752
752
768
780
770
748
758
748
756
774
770
758
732
734
712
706
702
724
786
774
768
758
756
760
738
718
690
674
632
622
626
652
762
806
768
782
730
764
784
758
746
722
718
716
704
678
686
754
806
772
780
788
794
796
804
820
796
790
766
758
766
768
742
730
736
736
724
712
716
700
680
666
686
658
680
658
668
666
664
642
660
664
642
684
674
668
680
644
666
664
638
672
648
664
674
660
682
672
692
686
672
682
668
666
664
658
640
646
636
624
628
646
664
648
666
678
664
676
682
684
700
726
732
722
724
720
720
722
720
716
720
720
718
712
700
706
706
704
706
714
730
736
738
750
708
698
692
678
640
658
666
670
690
716
716
728
714
726
726
740
734
712
720
762
768
774
772
772
780
778
782
788
790
788
788
788
776
748
758
766
760
770
778
784
764
788
800
816
820
786
784
778
716
672
664
644
660
716
808
790
772
802
810
814
796
814
814
806
810
802
792
788
762
734
672
670
670
678
700
686
740
834
812
814
820
812
816
826
826
798
790
768
770
768
738
750
702
742
756
760
778
762
770
776
786
798
788
792
788
786
768
778
774
772
772
760
752
760
744
752
748
752
760
758
758
756
754
740
728
708
688
686
682
672
668
656
630
650
664
718
776
750
732
732
722
716
718
696
670
630
632
606
612
602
608
574
646
670
746
714
710
734
756
764
760
768
760
748
738
730
714
724
700
712
712
720
714
708
716
702
724
734
756
754
774
788
790
810
824
830
838
832
838
842
834
838
820
820
820
804
804
754
762
750
748
728
794
790
810
842
854
874
890
882
898
910
896
876
872
864
868
880
874
872
858
854
850
828
824
800
802
786
784
764
760
760
734
776
792
810
806
834
832
834
836
830
828
822
812
818
814
804
818
822
820
826
824
824
836
814
818
816
806
800
794
784
800
800
794
798
800
794
796
788
778
782
776
770
776
786
778
788
812
802
808
806
794
782
780
766
768
774
768
774
792
794
794
806
796
792
794
772
780
786
774
760
756
708
728
744
748
786
758
764
776
776
774
786
784
754
734
712
674
650
622
632
648
668
692
726
758
728
748
750
742
748
748
746
740
738
738
728
738
748
738
752
750
748
756
752
742
746
702
722
724
728
726
718
690
678
642
676
720
776
722
742
762
774
782
766
780
788
798
788
778
752
724
682
676
690
700
714
714
738
766
784
756
754
776
784
770
762
746
728
696
684
728
760
760
748
762
780
798
802
810
814
808
808
774
780
758
770
776
786
786
782
752
746
702
680
664
656
646
658
660
704
738
730
746
742
744
754
762
748
744
750
744
732
720
706
710
698
710
702
742
740
742
758
770
756
734
726
692
670
644
664
648
672
690
700
708
714
730
698
682
672
668
686
674
684
742
746
772
754
732
738
728
724
732
728
732
738
738
762
746
764
774
760
750
748
730
736
732
718
744
742
728
744
734
752
744
756
752
750
768
748
760
738
742
728
732
694
682
690
678
676
674
666
698
700
726
748
738
760
750
738
746
750
754
748
728
716
660
664
670
678
760
802
782
782
828
828
826
806
804
782
756
740
742
726
726
740
730
704
724
708
726
734
732
738
726
714
718
710
714
688
706
706
708
722
722
740
742
750
746
732
734
714
718
714
708
704
704
696
702
708
712
712
740
740
772
790
782
786
812
808
796
786
764
766
756
756
752
746
712
710
734
712
730
732
780
798
808
798
760
766
766
762
740
726
672
650
652
688
822
722
750
788
784
784
816
796
848
830
792
794
754
770
786
764
742
754
746
754
768
778
778
802
786
802
792
786
792
784
792
794
770
720
740
790
772
770
772
736
752
750
724
752
762
770
784
774
782
802
802
794
790
794
794
796
808
794
796
814
804
812
828
810
818
800
808
792
742
770
750
784
788
746
770
736
724
740
684
766
838
784
774
790
802
784
788
792
786
770
768
752
762
778
768
806
822
822
846
848
840
850
830
838
832
818
824
824
824
810
754
738
722
694
688
662
682
680
654
666
666
662
666
666
692
686
718
728
720
752
788
748
748
748
744
740
740
744
744
750
762
762
770
776
784
786
778
770
764
752
762
754
712
712
710
726
730
726
744
732
772
792
796
824
812
820
820
804
816
480
584
554
792
814
794
798
764
598
890
744
712
720
774
768
764
800
818
828
846
842
804
820
820
802
796
806
802
794
810
812
794
812
792
804
816
796
770
762
728
714
736
804
812
798
804
790
792
808
770
778
784
762
778
804
792
782
806
802
794
814
810
816
824
808
800
808
800
786
800
796
796
808
790
798
812
804
806
828
822
802
816
814
788
812
822
808
826
820
796
814
810
788
818
816
792
806
804
780
792
760
778
744
770
766
760
774
772
762
716
730
730
734
690
720
714
700
684
680
696
702
674
688
714
810
782
770
786
820
804
840
858
836
834
842
830
814
824
812
784
792
764
718
734
760
802
742
738
752
728
758
784
824
788
800
772
820
844
826
804
812
806
810
802
776
794
760
768
758
702
740
736
742
688
718
728
780
782
766
776
764
808
782
802
806
796
798
802
806
808
782
764
736
720
712
802
846
794
794
814
804
808
826
796
814
828
786
804
816
792
828
852
816
830
820
820
826
826
824
824
828
798
824
778
806
812
778
798
798
812
818
798
784
794
792
788
756
760
778
772
796
808
796
802
798
808
796
810
786
738
724
762
776
798
830
802
790
800
794
784
722
728
744
794
840
830
774
804
806
788
756
766
766
748
714
764
786
764
776
770
774
774
766
774
770
774
782
770
778
776
782
776
742
724
752
736
776
788
760
766
734
734
724
758
750
774
762
792
788
808
826
838
832
804
814
814
798
748
704
676
632
642
648
716
812
900
816
848
864
880
888
872
828
848
848
830
854
858
838
858
834
822
850
822
830
782
772
698
750
742
756
734
682
698
704
728
732
848
910
882
872
848
834
812
750
672
682
694
718
840
894
770
814
820
806
818
790
758
772
708
746
752
724
788
756
832
856
772
756
716
678
734
762
746
778
782
744
764
700
742
746
722
764
752
708
770
720
732
770
784
798
798
772
718
676
614
644
626
668
820
774
792
814
846
856
834
836
812
840
850
852
814
824
820
812
764
766
786
804
812
794
794
778
788
766
776
784
784
796
804
806
802
820
820
794
810
798
792
760
776
752
688
720
738
730
786
764
882
822
810
800
768
758
716
712
720
726
740
774
796
840
790
798
792
786
786
756
744
740
714
732
778
796
778
792
736
788
800
802
802
806
820
800
792
790
794
780
796
816
820
818
764
792
798
804
764
750
688
690
740
810
792
844
816
764
742
708
688
714
716
776
784
786
742
706
718
696
746
770
788
758
702
714
706
690
700
720
708
732
772
794
770
752
742
752
730
654
674
666
636
644
638
672
736
734
736
722
692
724
704
746
752
752
742
742
706
722
724
746
712
764
768
748
774
806
796
770
778
746
722
744
732
680
684
672
700
718
726
716
710
716
720
742
728
726
718
758
734
724
702
682
680
672
646
650
628
616
598
610
588
588
570
570
566
570
566
570
584
582
586
582
572
564
560
574
584
598
598
610
604
604
594
592
596
594
600
586
576
572
568
554
562
560
568
574
566
578
594
596
586
582
604
596
582
572
564
556
544
542
550
550
560
594
648
662
670
664
676
694
712
712
716
722
720
730
732
722
704
658
646
644
710
802
758
770
766
752
754
752
754
754
746
748
744
738
740
740
732
722
720
664
668
662
660
702
748
752
752
746
744
746
732
732
728
686
672
678
674
670
650
652
632
624
618
626
658
686
698
702
712
704
706
704
706
696
678
672
688
664
614
610
564
566
548
542
542
552
574
600
626
650
624
774
600
708
688
714
718
724
718
720
724
732
722
700
712
640
618
620
602
632
640
638
620
626
596
616
592
578
580
600
604
622
622
616
580
564
546
540
536
520
538
554
558
616
604
670
630
638
686
696
690
726
724
732
730
710
684
696
696
684
642
642
644
634
640
648
640
660
654
650
632
636
644
644
648
672
656
674
622
620
612
594
594
570
582
550
566
552
546
542
528
524
526
526
528
526
526
532
544
550
520
520
518
514
510
494
498
500
504
508
526
536
566
580
586
582
556
620
588
578
576
574
570
586
576
594
586
600
590
600
596
608
612
594
596
586
628
650
654
640
640
634
640
598
630
646
674
614
628
624
602
616
580
582
570
556
568
576
562
542
536
528
514
518
504
510
510
492
500
494
488
492
482
494
500
504
498
504
518
512
512
510
508
504
506
518
518
520
534
550
548
544
544
538
524
520
526
542
542
548
544
538
540
558
562
556
546
540
546
546
542
540
536
518
508
520
532
552
580
584
576
588
598
644
644
658
688
698
692
696
702
700
716
710
708
682
694
698
696
670
672
644
616
614
584
604
594
630
644
648
650
644
598
584
588
588
592
598
610
714
676
682
684
698
704
706
716
702
708
718
704
728
724
720
740
728
730
752
738
754
766
772
772
768
714
726
712
618
608
592
582
596
634
684
800
716
724
766
782
774
762
774
776
788
798
808
780
782
774
778
776
778
764
758
744
750
726
750
772
766
752
748
746
732
740
760
768
756
762
762
742
754
734
742
742
738
728
740
750
740
754
768
754
746
738
722
696
652
626
624
630
624
644
712
784
794
774
786
786
782
782
776
766
760
754
740
740
738
730
756
786
788
774
768
756
756
768
756
756
762
760
764
760
736
712
682
650
650
650
694
734
748
776
716
730
726
670
704
696
674
664
656
646
668
676
712
736
746
726
714
730
740
732
752
766
752
766
772
734
728
722
676
662
650
654
680
810
780
766
760
774
790
788
788
786
786
780
766
734
728
646
592
604
612
638
692
796
740
744
776
798
812
830
850
848
852
842
820
818
818
810
788
792
782
786
786
772
708
696
682
686
690
712
748
706
716
730
750
766
782
774
774
774
756
760
744
738
730
722
734
732
742
744
760
764
772
778
782
776
758
764
766
766
780
786
776
764
740
728
686
716
748
754
782
770
790
788
788
780
774
770
742
738
732
690
692
722
718
752
780
778
770
768
756
758
744
744
742
732
752
742
738
750
750
748
756
750
758
774
776
770
760
754
722
668
588
628
590
602
610
640
654
638
628
628
634
670
722
742
750
708
656
624
634
658
670
756
784
742
758
768
756
706
708
648
636
660
678
736
744
736
708
664
670
642
634
644
640
630
622
600
580
580
570
570
568
636
724
788
802
698
752
736
720
710
684
644
626
644
652
680
676
644
686
716
744
748
710
694
658
664
664
682
694
682
686
654
682
702
702
682
638
656
662
674
698
730
766
780
728
702
672
680
702
712
750
742
718
732
710
700
724
720
714
686
668
660
638
690
726
784
780
762
772
770
766
766
766
762
762
758
760
764
760
760
770
768
752
748
754
718
724
672
680
702
700
734
744
738
756
754
754
754
710
730
726
706
732
774
804
762
774
776
742
756
756
728
746
744
712
734
730
676
706
668
670
698
714
694
746
710
724
686
664
642
612
600
608
610
598
598
602
620
620
628
654
672
660
672
674
656
626
604
592
600
608
594
600
610
616
624
632
614
612
614
600
588
592
552
562
548
540
532
528
514
506
510
490
498
500
492
492
486
480
478
482
478
478
472
470
470
464
468
468
472
468
480
466
464
464
456
458
460
458
452
458
464
464
462
456
462
464
464
474
476
478
486
482
484
484
478
474
480
496
502
512
508
504
492
484
482
486
496
490
512
488
490
524
512
528
500
538
530
522
542
560
566
556
562
552
556
568
576
576
572
542
526
554
508
512
552
578
610
594
614
624
612
602
610
612
608
622
638
640
632
636
644
636
638
630
636
656
652
680
690
678
704
706
696
706
702
704
726
718
720
730
710
716
714
704
710
702
714
710
726
742
730
766
764
776
790
794
786
796
784
784
788
782
788
786
792
782
806
804
800
802
772
780
764
768
788
772
808
800
820
812
808
812
792
796
788
778
770
738
748
742
764
782
784
820
822
824
822
842
816
816
758
782
792
784
760
744
758
748
764
766
760
762
762
760
750
762
746
742
724
740
734
726
734
728
730
716
724
714
718
708
724
736
722
734
710
720
722
714
724
720
722
742
718
738
746
736
756
746
758
754
744
744
720
726
736
714
732
730
740
752
740
762
754
774
772
770
776
738
742
726
730
724
728
738
744
752
746
710
732
698
708
708
686
710
696
698
734
698
722
720
726
722
720
722
700
708
702
662
682
694
718
714
622
726
668
662
688
670
690
682
692
666
686
698
694
734
726
690
698
676
690
690
678
682
650
658
652
638
658
660
638
670
682
696
702
682
704
690
682
686
670
688
676
672
662
634
612
574
586
536
562
562
566
616
642
600
556
630
598
560
652
638
632
684
658
662
676
682
674
692
682
706
700
690
712
692
694
694
686
692
690
694
692
692
668
682
660
670
670
666
680
664
670
664
676
672
666
678
672
694
710
720
700
674
676
648
658
624
634
618
640
632
630
636
648
648
654
674
670
680
668
678
678
662
672
658
658
644
630
624
616
632
638
662
696
704
682
674
698
706
708
726
724
720
716
708
718
714
706
714
694
700
700
674
690
676
684
688
682
686
686
656
662
668
664
638
632
600
584
604
604
598
604
608
578
602
580
596
588
590
586
588
568
572
568
558
542
562
564
572
554
582
588
606
610
624
642
648
638
650
652
642
618
584
602
582
590
586
576
570
562
540
570
528
566
566
562
598
602
648
608
620
604
594
608
602
602
604
598
604
584
598
590
590
588
556
586
568
568
574
556
568
574
574
588
588
618
612
598
606
602
608
610
588
582
566
580
566
570
588
590
604
616
610
620
614
614
606
626
596
612
626
606
608
606
624
600
622
630
616
618
596
594
586
580
574
544
586
574
580
550
598
700
698
684
676
680
670
674
680
682
678
686
666
674
666
656
660
616
610
612
606
648
628
674
668
658
676
678
680
664
662
660
656
656
658
648
662
644
650
666
660
680
690
690
714
720
712
728
724
736
734
730
742
754
726
734
738
726
732
722
718
726
712
708
704
696
684
698
712
704
722
728
716
724
726
718
724
750
754
742
748
740
706
734
746
762
768
756
724
728
758
780
798
786
778
744
746
752
762
766
774
784
774
740
726
744
758
772
766
734
750
746
742
746
764
788
796
792
812
826
800
812
812
786
802
776
768
772
758
746
776
776
786
830
828
848
844
850
866
850
848
848
838
830
832
832
818
816
822
800
798
800
744
764
768
758
736
762
782
766
772
776
766
770
772
780
776
768
738
698
676
698
746
792
764
770
772
772
776
752
764
776
770
760
766
782
782
770
760
770
780
774
748
764
760
740
750
758
748
754
764
754
786
788
780
800
794
786
782
754
736
720
686
652
646
664
644
676
736
782
730
760
778
768
772
756
738
736
726
712
722
722
708
698
696
678
628
624
612
594
608
588
610
618
638
646
640
682
726
752
720
712
730
714
726
734
732
732
734
736
744
752
746
760
764
742
754
766
748
752
728
734
734
712
732
714
718
724
708
644
634
610
598
612
614
632
692
704
754
706
720
722
740
764
758
758
766
756
746
738
748
762
760
740
754
754
750
760
764
760
784
778
776
764
764
746
722
708
668
646
650
680
730
778
682
722
726
730
730
758
754
766
786
772
794
798
786
796
786
784
788
786
788
790
768
782
782
760
766
758
752
752
716
740
764
744
716
676
674
696
728
724
790
804
772
766
748
760
764
758
738
736
742
738
732
674
686
668
664
670
684
682
708
732
724
756
732
734
748
758
752
746
728
696
690
656
654
658
688
700
690
648
658
636
654
654
648
646
654
660
666
674
692
706
700
704
710
716
726
728
732
720
714
704
700
686
698
688
660
652
688
742
740
730
726
736
754
760
772
754
750
750
750
758
760
764
774
778
776
780
784
778
782
778
772
764
736
730
694
650
612
606
608
610
618
638
694
762
746
700
714
716
730
736
736
728
714
712
712
670
662
660
650
626
598
630
646
708
740
742
730
740
762
766
768
768
770
764
732
730
712
716
702
714
750
688
754
732
948
526
742
738
730
738
700
678
702
704
728
712
656
702
690
688
688
658
630
658
640
656
682
696
694
776
742
734
728
752
740
756
760
730
720
716
718
720
718
728
734
730
746
748
752
756
758
752
742
734
732
686
688
692
694
712
758
728
738
748
740
748
722
738
738
732
736
728
724
734
740
734
752
758
746
764
762
742
750
716
716
698
682
700
728
756
766
754
730
750
750
760
738
748
742
710
722
690
678
706
706
712
722
714
738
748
742
744
734
738
730
740
740
734
724
720
710
692
698
708
708
724
724
722
758
770
774
768
784
780
772
770
748
764
758
746
758
754
752
754
720
742
728
706
662
628
626
622
608
662
730
764
746
746
760
768
796
826
838
850
844
848
860
856
854
850
814
810
786
764
778
774
742
740
722
748
752
842
808
790
800
798
794
796
760
778
742
716
726
666
652
630
648
632
644
648
652
652
654
660
658
672
650
656
666
660
646
634
646
642
630
622
618
598
592
580
582
572
578
572
554
540
562
574
568
568
576
576
596
578
564
580
566
560
558
574
574
570
566
564
556
548
528
542
510
522
508
506
512
510
504
508
508
508
510
508
512
510
518
526
520
550
544
