604
622
604
592
590
582
572
540
544
564
584
610
628
652
658
660
666
660
646
638
642
632
620
604
608
600
594
588
582
608
650
616
630
636
644
620
616
574
582
590
618
636
596
584
594
600
630
602
608
614
618
608
620
636
646
634
634
590
580
556
552
564
574
588
592
602
604
598
586
586
592
590
588
590
604
614
636
658
674
664
634
628
624
598
604
602
602
616
614
614
610
606
614
586
592
594
598
630
598
614
628
630
640
652
624
608
622
630
616
600
596
604
606
596
594
588
570
592
612
590
582
580
570
544
546
554
564
584
574
574
580
590
612
638
662
670
660
642
632
616
612
618
614
600
620
648
666
688
666
660
660
670
646
612
634
640
674
660
624
586
610
624
666
666
662
642
614
586
548
542
524
526
530
544
582
694
734
708
686
710
718
674
672
664
684
704
714
692
674
628
640
652
662
624
634
652
688
658
722
746
736
680
676
678
672
676
662
608
590
574
570
564
544
530
522
530
548
544
542
594
618
684
726
732
712
682
650
624
592
566
564
560
562
576
580
580
544
542
540
548
594
622
624
620
610
596
588
580
582
574
568
566
572
600
612
590
568
582
596
620
642
672
690
700
700
698
698
692
674
644
670
694
708
656
656
636
676
694
724
724
682
634
652
674
676
646
642
660
656
688
702
690
680
676
678
638
646
644
652
654
606
620
618
628
628
602
602
614
600
620
640
612
626
646
640
622
626
622
598
622
588
628
654
676
644
646
646
646
622
640
636
610
632
670
670
690
712
700
680
674
646
656
696
706
698
724
726
682
708
726
688
680
684
658
650
662
678
644
650
652
640
608
604
614
598
628
658
666
658
682
686
688
648
686
704
684
668
686
700
666
686
690
672
662
678
680
640
646
654
642
648
678
670
680
694
686
656
666
666
666
636
656
656
628
676
712
698
670
656
654
654
648
680
686
654
650
638
608
588
576
570
544
560
556
562
562
592
602
614
600
608
610
608
594
602
596
598
590
592
606
632
604
616
638
662
638
652
654
620
632
638
628
634
636
632
600
612
614
628
626
652
660
660
644
644
626
626
598
622
642
650
654
616
602
612
598
576
588
592
606
614
640
632
648
668
622
630
638
624
600
618
636
652
646
640
636
638
646
644
612
584
588
564
580
598
646
676
616
584
564
580
614
628
644
638
616
576
574
560
556
554
556
558
552
542
526
530
532
542
572
596
600
582
566
556
544
548
558
576
560
564
562
562
576
576
580
584
564
564
562
572
578
570
564
556
530
528
526
526
524
516
520
540
590
608
634
654
678
668
648
632
626
630
630
630
636
608
622
614
600
600
576
566
610
684
726
718
750
730
698
674
638
624
622
620
626
630
646
620
634
650
656
660
648
640
652
666
658
652
660
676
684
670
646
616
592
576
574
582
580
568
550
546
554
580
652
688
674
626
640
648
632
614
580
590
572
592
584
606
622
642
636
624
608
584
574
572
570
576
588
600
582
606
634
676
686
682
672
658
654
614
638
640
644
636
654
640
658
656
638
606
622
628
634
622
628
634
616
618
640
662
670
658
636
582
584
566
560
574
580
548
556
566
602
616
678
688
656
656
648
684
692
686
684
662
654
644
644
628
624
632
622
644
660
688
650
684
664
668
670
658
646
616
632
646
660
628
644
646
638
664
672
640
650
658
670
658
622
630
630
632
610
608
618
620
618
648
662
644
670
664
662
632
656
668
650
640
650
652
618
614
628
648
674
676
660
656
660
664
672
642
638
656
670
654
622
642
646
632
638
656
644
644
650
624
616
628
640
648
626
640
642
636
644
648
652
648
614
626
636
632
652
648
646
632
654
664
646
616
634
624
624
652
626
602
590
606
610
608
654
672
690
672
662
656
642
644
624
610
600
574
566
556
566
578
618
636
638
622
610
606
588
592
604
632
654
646
672
692
688
688
682
670
660
652
624
628
626
636
646
616
632
646
644
636
650
650
640
600
602
614
606
594
620
632
644
630
638
640
628
622
622
624
610
622
630
622
626
636
638
624
636
638
632
628
648
636
616
634
640
632
638
640
606
636
646
650
638
634
640
630
608
604
616
638
644
644
632
644
648
628
642
626
644
670
668
646
672
688
690
664
642
634
630
634
582
602
612
622
610
628
632
628
606
614
606
604
594
612
634
658
632
654
670
628
634
604
574
556
574
560
588
620
610
620
630
654
654
652
602
594
590
614
610
610
624
638
606
600
618
634
662
604
608
600
596
594
594
570
554
552
552
572
582
618
644
684
680
636
672
656
634
654
644
662
688
686
626
618
624
622
636
640
622
630
602
598
606
610
606
570
578
570
562
572
568
576
582
590
580
584
588
626
648
656
670
676
658
658
666
666
658
610
632
632
642
634
646
676
652
636
620
626
618
614
596
572
570
570
584
592
590
638
626
638
698
736
706
718
732
720
674
684
682
652
630
642
652
636
642
644
626
652
670
648
660
662
634
656
686
706
662
660
612
610
626
658
642
610
614
606
606
614
626
630
618
618
606
622
644
654
638
642
618
618
612
594
614
620
618
614
630
628
604
622
622
590
586
588
596
594
564
578
562
570
576
570
568
566
566
566
562
566
582
590
586
588
604
656
688
682
674
638
610
596
584
564
576
596
600
602
572
598
628
656
660
662
670
680
678
692
682
668
638
602
624
644
630
652
662
672
644
646
652
640
596
614
630
652
632
624
650
684
666
622
628
638
656
644
622
640
644
634
616
644
658
646
608
624
624
596
600
600
608
614
582
576
568
572
576
574
588
606
624
614
628
626
630
658
622
638
668
676
660
648
634
622
592
584
590
610
646
630
618
634
638
616
624
628
630
600
618
634
632
604
622
630
628
596
602
610
614
598
608
640
646
614
644
664
632
636
644
634
608
640
656
646
640
606
604
602
616
616
594
570
540
540
530
522
520
522
536
578
712
732
720
748
770
750
714
670
602
592
570
570
568
566
568
558
564
584
612
636
648
664
686
702
694
704
688
662
676
680
680
690
684
674
668
678
662
600
584
590
598
662
712
654
670
682
700
706
698
654
654
652
650
644
604
628
626
628
596
606
616
628
608
618
634
632
610
630
640
626
608
622
620
606
582
588
588
578
576
580
582
568
576
572
586
582
594
620
634
612
620
622
614
612
592
608
624
642
612
606
604
584
578
570
586
590
590
560
546
538
516
522
536
546
554
556
544
536
522
526
534
556
556
554
556
556
556
540
552
564
620
656
626
602
582
568
566
572
576
582
592
600
604
606
618
620
622
618
614
620
622
630
640
636
610
612
618
616
576
570
568
572
558
562
600
616
596
618
632
610
600
628
640
608
620
622
592
592
602
596
582
594
612
654
678
636
672
680
648
606
620
642
678
690
658
678
674
664
616
616
602
600
588
600
590
604
618
604
578
586
584
564
574
576
586
592
610
622
624
616
590
582
554
536
524
520
520
532
548
556
558
540
550
550
598
636
610
660
666
614
604
590
588
558
556
540
538
530
782
812
530
526
534
528
530
538
534
574
620
634
644
664
644
680
692
658
618
598
588
566
546
536
536
540
554
546
554
574
592
580
584
592
580
596
620
638
646
622
588
586
560
588
608
624
604
638
698
700
668
672
648
622
610
578
590
584
546
554
546
550
574
598
622
616
642
652
670
688
688
702
690
688
674
668
640
660
612
618
640
686
704
714
734
704
714
690
662
628
630
652
654
644
624
606
590
562
546
538
534
550
578
596
574
568
560
576
568
602
634
654
658
660
664
672
674
652
636
614
594
580
570
548
548
540
552
584
638
616
630
652
672
698
650
650
676
662
638
616
610
592
586
596
564
582
592
636
684
694
686
634
590
584
584
602
684
680
682
672
626
620
608
598
608
632
684
714
718
728
722
708
700
676
674
672
616
624
618
620
636
648
626
638
642
656
642
636
608
622
624
614
594
608
618
608
616
634
656
624
646
654
646
608
628
616
600
582
590
592
580
596
588
574
570
564
550
538
538
550
568
594
604
618
638
646
638
618
628
634
630
622
632
650
638
632
650
684
678
654
686
698
652
658
678
666
650
660
660
622
640
658
642
670
688
680
636
650
648
632
644
650
628
656
658
660
654
678
686
636
656
668
692
650
664
666
646
644
660
658
632
658
674
672
652
654
654
612
626
628
590
588
602
648
646
708
722
666
682
690
660
660
640
624
610
604
610
592
578
584
594
620
636
670
668
650
670
694
716
664
688
700
686
664
682
696
646
666
670
668
644
668
674
640
622
626
592
616
628
672
690
666
604
564
568
568
586
626
632
624
604
582
580
590
578
586
582
720
706
710
712
638
628
618
610
616
620
654
656
620
604
602
610
624
624
614
606
634
640
634
638
646
664
680
694
700
694
700
710
712
668
688
660
672
674
684
712
702
644
654
650
608
620
624
664
676
618
606
600
612
630
614
594
590
578
560
570
574
596
608
606
652
702
796
800
746
688
664
668
654
646
636
604
608
604
608
604
608
638
638
680
696
662
652
670
678
660
636
642
606
628
634
646
660
646
650
654
650
638
612
604
618
656
668
682
668
638
634
634
626
630
644
666
654
676
688
678
628
638
628
594
564
582
556
606
634
602
614
602
584
578
570
570
570
572
572
592
602
614
602
614
634
648
626
630
630
634
622
648
662
660
682
696
668
658
688
680
654
678
684
648
670
672
646
632
640
662
688
660
640
664
656
666
664
642
624
588
582
572
586
614
624
622
650
680
670
678
700
678
682
698
702
678
664
676
656
634
660
684
654
666
690
650
638
658
658
618
646
662
616
624
650
648
634
656
632
614
616
630
644
638
640
612
598
560
552
554
552
554
558
562
620
678
710
712
698
668
656
626
622
598
578
574
588
604
638
606
604
638
650
656
648
598
600
596
596
596
578
588
594
606
586
586
592
616
632
614
590
574
566
562
574
618
686
696
652
604
626
610
606
594
598
604
604
588
586
592
600
614
606
600
592
600
568
570
564
562
564
564
564
564
556
546
556
546
554
560
568
560
564
564
568
582
580
582
560
554
514
556
536
548
592
622
640
660
658
634
608
590
578
574
568
544
534
532
536
544
558
566
560
566
598
612
628
586
564
570
574
564
560
572
620
664
662
698
694
690
670
650
604
582
566
546
540
538
566
640
670
708
728
750
740
726
722
676
660
608
610
612
588
600
616
642
642
652
610
596
618
626
634
628
622
614
602
580
580
570
584
612
614
602
582
582
588
604
640
660
628
628
632
616
626
620
624
618
608
592
598
592
590
578
592
634
666
678
656
640
618
622
594
584
602
606
636
656
642
646
668
688
662
618
616
630
636
678
708
706
698
666
642
630
628
610
618
614
616
630
640
644
652
606
604
610
614
614
624
638
632
620
580
574
558
560
570
592
600
586
564
568
554
568
622
718
704
704
692
692
638
620
606
608
602
598
596
586
594
590
562
554
554
560
582
590
556
560
550
554
564
552
556
552
554
566
550
544
540
542
550
552
534
538
526
518
528
518
538
552
584
634
658
652
630
604
590
586
574
580
584
618
614
652
680
702
690
634
600
616
638
640
656
658
610
608
626
646
670
686
682
684
686
698
714
708
718
740
726
740
760
710
660
662
666
656
626
632
630
628
620
608
592
602
620
604
632
644
668
650
686
700
680
684
688
690
652
664
636
606
628
668
726
762
760
748
704
694
678
664
644
632
620
630
630
630
634
658
680
686
666
678
686
686
660
660
664
684
690
694
662
616
616
626
636
638
636
654
660
650
632
636
638
626
636
654
654
688
692
674
678
690
680
664
670
676
660
660
668
678
652
660
682
684
656
698
698
656
628
642
640
608
600
612
616
604
634
656
666
656
670
666
624
648
636
638
618
626
634
650
646
694
718
694
756
740
676
684
694
668
630
678
704
662
684
688
648
660
662
650
632
658
686
660
678
688
644
642
638
642
622
652
664
640
630
656
686
632
660
672
644
658
678
676
646
666
678
628
654
662
654
638
662
672
630
614
616
630
662
686
660
666
658
652
654
634
654
670
662
660
682
706
682
680
698
710
684
712
726
672
688
692
676
684
694
680
654
688
680
630
656
672
672
650
676
686
654
674
678
662
676
706
688
686
712
724
668
700
698
666
674
682
678
672
702
706
670
696
704
670
682
690
676
666
690
704
662
710
726
686
680
704
694
680
702
700
660
686
702
666
688
706
678
666
680
670
666
692
694
664
692
710
666
668
686
652
656
682
688
658
684
706
668
696
708
686
652
664
678
652
660
682
678
652
684
706
674
676
686
682
650
676
700
652
688
708
682
686
696
684
632
664
672
630
650
676
672
662
680
694
650
670
678
632
668
670
620
628
638
618
626
640
648
614
634
664
656
660
668
674
632
654
654
656
648
664
682
658
668
672
652
646
662
684
650
672
690
676
666
680
672
630
658
674
646
668
684
658
654
666
628
608
626
640
612
624
664
688
658
688
704
672
662
670
640
626
652
678
648
658
686
674
682
696
684
654
678
696
668
684
682
678
678
686
684
666
694
690
654
686
692
664
680
706
674
656
684
684
656
674
672
642
660
684
654
672
688
656
674
694
674
678
696
710
658
684
686
670
658
674
692
668
670
674
634
650
656
618
594
608
602
630
690
694
670
702
716
714
708
708
714
712
680
638
676
676
676
676
620
624
592
576
574
584
618
698
732
692
670
666
648
650
656
656
624
618
618
614
632
642
630
628
626
628
630
632
644
648
660
632
650
656
646
642
614
610
610
614
604
614
634
644
642
658
680
666
648
636
654
670
668
658
658
658
660
660
656
634
650
692
688
686
696
670
666
682
688
662
662
656
660
660
674
684
636
654
650
644
610
602
618
608
610
630
616
656
696
742
738
672
682
674
676
632
632
614
594
596
604
638
650
626
648
654
648
628
642
650
632
634
660
674
658
666
680
696
700
682
626
626
622
620
622
636
628
596
594
588
606
616
602
610
608
598
594
622
656
642
630
582
586
580
594
622
642
660
680
680
686
688
678
662
652
640
650
652
674
670
678
706
724
676
686
698
686
632
654
658
678
648
698
716
660
688
698
672
716
742
728
682
694
686
682
648
678
670
672
710
716
700
694
722
706
702
710
704
714
722
708
632
636
636
634
606
598
610
644
654
686
700
678
674
678
650
626
648
654
646
642
676
708
646
706
722
686
678
696
682
634
658
668
642
634
656
672
644
638
652
644
606
632
646
630
624
630
628
608
618
596
576
586
554
552
556
570
572
606
614
658
662
616
628
630
596
600
596
586
574
578
578
576
566
578
598
608
602
626
666
664
652
686
690
662
684
702
662
660
674
682
642
676
710
680
650
662
672
686
612
622
618
624
630
632
608
560
564
550
558
576
610
638
660
622
614
618
634
656
652
666
672
684
668
596
600
590
590
588
570
570
566
578
626
650
654
654
634
646
614
672
706
718
710
706
706
718
722
714
704
704
672
638
656
676
736
708
714
740
710
716
732
710
688
710
690
670
710
690
702
726
648
640
638
652
658
616
620
622
596
600
602
616
666
728
712
714
726
652
656
670
662
662
692
718
672
702
710
708
690
702
698
660
676
678
658
678
680
660
612
616
618
606
622
636
606
626
658
674
614
626
628
624
616
574
574
576
580
580
584
596
612
612
598
580
566
576
574
582
582
584
580
566
554
552
570
592
586
600
660
680
678
670
652
622
628
628
626
638
640
630
614
636
646
646
634
632
634
634
620
606
588
590
582
564
562
560
570
606
642
658
668
676
664
652
668
670
670
698
688
668
664
660
632
608
590
590
598
614
636
638
612
628
632
590
618
708
788
788
694
694
732
770
676
696
698
692
638
644
636
636
638
636
630
610
604
616
678
656
716
744
734
704
660
624
596
578
566
570
626
746
762
758
736
710
684
628
614
596
598
600
584
576
558
548
540
540
556
608
640
670
682
628
612
608
612
608
594
584
586
584
610
658
682
656
628
638
642
638
668
672
682
672
646
684
672
628
754
686
630
636
630
632
628
610
590
582
578
578
578
586
586
574
582
602
622
634
642
646
640
630
620
584
578
570
578
602
582
590
624
658
662
648
678
626
614
596
608
612
630
626
618
588
588
582
580
582
576
560
554
562
578
602
626
648
656
654
658
662
660
622
626
636
636
646
648
630
596
600
610
590
600
596
604
618
572
554
558
552
568
612
618
620
638
656
654
648
656
634
624
622
600
608
596
614
634
638
644
652
640
634
650
672
714
720
736
710
718
730
718
698
644
656
608
620
630
662
674
668
628
614
608
624
636
640
634
614
620
630
664
688
670
672
666
654
646
626
610
600
600
602
608
602
608
642
604
594
598
568
592
632
670
710
698
706
714
718
636
650
632
628
632
604
626
642
652
652
644
626
606
588
584
586
608
642
676
712
722
728
734
690
702
706
680
654
644
632
626
622
616
614
590
586
588
598
630
672
690
704
694
674
610
598
582
560
530
526
518
526
558
604
608
590
592
596
558
582
588
644
688
682
658
622
598
584
592
602
652
644
656
664
694
702
726
738
730
718
704
652
638
616
582
578
568
590
620
666
696
672
696
690
722
742
740
722
676
626
630
618
616
606
596
570
548
546
536
526
510
504
502
502
488
488
496
522
618
724
690
714
710
666
636
664
686
674
668
618
588
574
554
542
532
538
594
680
670
688
710
742
764
770
754
754
728
726
704
700
690
696
638
650
664
688
660
672
700
704
688
730
752
734
746
746
724
682
692
672
650
618
644
638
650
612
646
692
670
668
706
716
672
722
704
658
686
684
640
652
646
626
628
646
656
636
650
664
634
608
640
670
654
688
676
664
638
642
646
616
634
636
624
616
638
658
664
708
702
698
660
664
654
626
586
582
570
556
554
558
572
580
594
582
578
572
562
556
556
548
550
558
564
568
572
580
572
584
586
584
586
592
590
626
640
640
634
652
626
620
628
608
602
636
634
604
644
664
622
652
672
644
620
622
628
616
612
616
600
594
604
612
604
610
624
626
608
622
612
600
618
612
596
600
620
616
590
590
586
596
590
614
630
648
640
640
642
640
644
618
620
616
614
600
614
622
620
634
658
650
630
642
624
610
596
610
628
640
634
606
602
594
594
580
590
594
598
610
632
664
696
714
684
658
666
658
658
700
720
694
702
708
678
680
676
630
618
608
600
592
588
576
566
566
584
612
604
586
602
640
664
650
668
660
658
650
656
680
708
672
680
678
650
618
594
594
592
592
608
626
662
726
726
752
746
696
678
662
616
628
622
602
594
584
580
568
576
580
586
628
678
706
682
690
666
680
686
654
638
640
634
620
614
596
600
590
588
578
568
566
570
564
584
596
588
616
594
606
618
628
616
614
622
614
616
616
624
604
616
628
630
620
628
652
652
638
654
652
626
646
674
636
652
632
608
602
602
610
632
608
610
602
578
596
592
602
608
614
602
606
620
630
606
600
610
616
644
646
614
606
610
600
612
622
604
622
622
602
598
618
638
640
700
664
644
706
718
656
656
672
634
614
616
600
594
590
602
618
602
606
624
632
630
630
644
626
656
684
674
628
652
662
626
656
654
606
624
628
610
620
630
620
620
630
624
612
626
618
594
614
600
620
646
638
660
672
656
662
630
630
626
642
672
648
628
628
582
562
566
576
592
602
606
642
648
620
610
630
626
588
600
598
610
642
678
682
670
618
602
576
578
582
618
598
644
692
710
694
676
634
628
628
614
646
660
662
656
684
724
736
716
686
726
716
688
690
688
716
698
676
654
674
686
698
654
686
704
686
694
664
640
630
596
594
578
596
648
674
662
646
602
592
568
576
586
594
598
630
680
706
700
666
608
604
584
592
608
644
650
652
644
698
778
840
830
764
710
682
640
630
608
610
592
574
592
626
688
710
716
704
672
656
632
642
630
616
628
630
652
664
652
610
618
596
578
608
664
674
682
670
622
606
622
616
596
602
610
596
608
664
750
762
674
658
620
626
630
614
590
580
582
604
630
664
692
664
670
670
646
648
622
636
638
640
646
644
648
648
646
642
610
634
612
614
626
704
700
700
686
654
628
626
616
636
626
626
612
586
576
576
564
574
580
572
554
560
544
574
586
580
584
586
592
582
584
586
582
572
572
578
582
604
618
588
584
584
582
544
548
538
512
508
494
496
500
522
550
564
568
560
556
554
554
552
566
572
564
574
586
572
576
638
662
618
604
582
556
544
534
532
536
544
556
548
528
522
528
518
518
520
534
542
544
568
562
560
566
602
656
718
706
704
658
626
602
580
576
574
556
536
544
544
584
644
640
620
600
586
580
576
548
546
546
548
546
560
572
568
554
560
548
540
528
516
516
518
552
586
578
568
582
616
614
598
564
538
544
532
522
578
608
678
702
730
704
684
678
664
634
644
634
612
592
626
652
682
690
632
646
640
658
654
648
626
612
592
568
554
540
554
546
546
602
646
702
750
778
752
726
766
778
774
712
650
644
636
656
700
720
732
722
694
674
656
610
600
596
602
636
642
640
634
614
612
606
612
612
610
618
650
692
694
686
652
624
608
580
584
582
610
656
680
682
692
636
618
620
624
626
622
624
626
598
588
588
590
590
582
578
574
558
542
536
524
522
518
540
574
594
712
692
696
728
758
774
754
752
702
668
640
608
592
574
558
552
560
604
640
660
658
636
636
646
620
618
644
670
678
670
648
620
606
588
556
544
552
564
580
614
632
648
672
686
660
624
616
620
604
618
630
600
608
602
610
614
598
582
568
556
534
536
540
586
668
702
666
700
688
670
686
760
796
808
776
718
670
654
608
578
582
588
624
660
656
664
664
666
640
634
596
598
598
594
586
606
638
692
712
706
638
626
604
588
578
564
556
554
566
576
594
604
586
582
598
634
694
714
732
730
712
724
694
656
618
612
600
608
588
590
594
612
624
632
640
632
596
594
572
582
584
604
622
600
610
610
598
590
578
580
574
576
570
572
566
558
560
570
572
556
556
558
574
578
580
584
580
586
600
612
592
604
610
598
594
590
586
566
568
576
582
624
636
640
632
640
664
684
650
610
622
614
618
622
618
598
590
590
576
576
578
566
556
552
544
560
582
580
586
608
600
604
606
568
582
596
584
592
606
590
578
592
596
592
594
606
610
606
594
590
564
574
562
568
582
710
684
690
726
730
696
652
510
796
602
592
590
568
566
584
598
582
594
616
650
654
656
598
588
598
594
628
668
684
688
644
638
644
636
618
592
592
588
594
606
630
640
626
614
596
614
616
620
622
612
584
606
622
624
616
670
710
674
710
714
680
690
704
700
660
684
682
654
678
718
716
652
682
686
666
662
670
684
646
678
692
668
688
700
682
672
688
668
636
672
682
630
674
686
642
648
668
670
644
668
678
636
638
642
620
600
574
592
618
704
738
748
730
732
728
694
676
680
690
690
686
684
700
718
688
680
680
656
646
662
642
688
708
680
628
630
616
608
588
604
622
684
686
678
642
628
620
602
608
606
606
628
660
642
662
666
678
684
648
654
660
642
660
680
700
680
636
658
658
638
618
630
636
626
630
636
648
626
648
640
616
634
632
618
610
620
628
616
618
626
612
598
608
612
606
596
606
624
610
626
638
664
630
616
622
640
658
654
628
612
610
610
612
600
626
648
644
638
616
566
562
544
532
508
516
520
576
638
644
610
590
608
626
662
656
682
708
720
664
668
684
690
680
680
632
646
674
692
690
668
684
694
692
694
686
686
686
686
692
716
690
700
706
724
674
704
702
654
636
654
644
622
674
714
662
672
712
746
680
712
712
678
684
688
692
670
714
744
740
726
734
738
680
702
686
644
668
668
640
664
692
700
646
666
668
646
640
668
700
676
680
678
684
680
632
626
622
628
628
628
628
616
574
600
612
616
598
610
650
696
742
748
686
656
666
668
674
654
662
662
630
686
704
706
676
688
654
690
676
678
686
646
660
642
606
610
604
626
622
618
612
614
618
608
574
574
572
574
566
568
592
632
672
622
640
644
644
646
630
624
632
634
650
652
652
640
594
602
590
572
564
570
592
594
628
640
642
632
648
654
626
656
670
658
660
658
648
594
592
586
562
552
564
552
552
554
564
580
566
556
570
582
586
580
588
588
586
598
596
584
572
578
590
606
596
602
600
590
590
594
592
590
586
586
582
572
574
570
572
584
606
592
610
614
630
622
596
600
610
626
630
626
648
666
678
656
632
640
654
674
652
644
656
660
644
668
688
668
628
652
656
638
614
634
648
632
622
648
666
640
646
652
642
642
626
634
632
638
616
624
644
674
646
662
670
666
642
628
632
632
620
664
682
690
678
642
616
592
568
550
562
580
630
674
688
776
810
792
758
710
688
696
656
648
620
640
654
650
634
610
576
572
580
600
666
638
714
762
772
766
758
734
626
646
652
644
688
716
724
724
674
608
612
608
600
620
650
672
636
636
618
624
642
678
674
720
752
770
748
728
728
712
698
670
604
592
592
592
584
592
622
676
702
690
680
632
628
604
596
588
602
622
626
588
592
592
608
614
600
570
578
578
614
666
668
648
658
672
638
656
668
652
650
628
624
634
620
626
626
596
616
606
600
606
604
592
590
582
560
560
564
560
574
590
648
674
658
654
628
598
586
566
574
562
566
564
576
634
684
710
724
720
718
678
658
622
598
590
580
580
566
576
592
586
624
646
660
628
602
576
570
554
568
596
602
648
680
704
702
708
714
710
710
686
680
676
668
632
616
602
632
676
688
698
682
664
614
586
562
564
570
558
558
588
624
654
694
704
674
602
594
592
606
644
674
722
712
754
744
708
666
638
616
592
578
560
552
556
570
612
696
676
696
692
688
718
718
716
714
658
628
628
620
610
606
584
580
580
590
610
626
642
672
704
716
714
698
678
636
618
614
632
654
666
