632
674
670
672
700
686
700
700
700
694
686
686
666
662
654
662
662
668
666
686
694
704
702
694
678
662
652
638
646
640
642
654
674
680
702
748
770
772
766
752
720
724
708
702
712
696
698
702
692
702
714
722
724
716
718
706
708
728
732
722
726
726
718
724
716
704
704
702
702
708
718
734
740
756
752
758
740
732
720
726
730
740
736
734
734
734
728
716
718
698
686
668
664
670
666
670
666
666
672
674
678
688
670
666
666
660
654
664
668
676
678
698
702
756
746
738
724
710
680
678
676
666
678
684
678
660
648
664
668
682
696
682
686
684
682
686
686
688
696
692
692
694
694
700
708
712
734
722
730
744
744
740
738
718
716
706
696
698
688
694
698
714
706
710
694
686
676
666
658
650
646
666
690
702
716
730
718
716
700
710
682
684
688
696
730
758
768
776
766
756
738
722
700
686
686
672
680
686
682
680
676
672
668
676
696
690
688
690
668
668
674
668
668
672
680
682
670
668
670
672
670
664
660
666
662
658
650
652
654
644
642
642
640
644
676
694
694
714
708
698
690
696
678
664
660
654
650
646
650
648
664
676
678
700
698
686
686
666
656
636
648
654
656
662
674
700
716
720
714
708
704
702
678
668
672
652
648
654
656
664
672
682
678
686
680
690
690
686
666
654
640
630
644
648
658
668
682
664
704
708
692
702
708
718
694
682
688
686
672
666
662
660
654
652
660
656
660
662
664
662
668
668
666
666
668
670
644
660
676
674
670
670
666
660
656
658
666
688
694
678
686
694
706
706
706
704
690
690
690
688
684
688
696
720
738
726
724
748
758
742
724
706
678
672
670
670
688
732
740
774
812
802
804
788
780
756
746
744
732
734
734
760
798
814
808
798
738
742
730
720
724
726
752
778
752
738
728
710
692
694
712
752
772
746
752
712
716
716
718
718
700
668
662
628
626
636
682
714
858
966
958
906
920
942
892
838
786
748
744
758
748
748
778
804
804
794
780
784
780
784
788
780
742
732
722
724
708
706
690
688
700
688
694
710
704
706
694
676
676
682
682
678
674
662
652
654
650
636
638
650
664
662
674
690
684
688
694
688
692
712
724
724
750
760
772
760
744
742
702
700
694
686
684
678
682
690
692
694
696
706
698
680
664
658
652
674
688
716
726
728
704
692
678
664
650
630
640
642
678
722
738
758
766
780
786
776
730
718
716
716
710
714
696
708
710
706
726
754
748
744
734
716
722
726
734
738
752
746
732
732
744
742
768
774
784
806
798
790
768
744
726
714
696
698
702
706
724
738
744
766
756
754
758
756
720
714
704
700
696
714
722
728
720
720
716
718
734
742
740
746
740
742
754
740
746
744
716
700
706
706
732
728
722
708
702
688
696
710
742
760
810
848
792
784
754
740
722
702
694
690
692
682
692
708
710
720
734
716
726
730
720
700
692
678
672
682
690
686
680
684
682
688
678
674
680
678
686
676
680
686
704
716
736
750
754
764
766
774
772
754
752
736
710
700
708
692
688
696
682
682
692
692
692
694
674
678
658
642
654
624
622
608
610
596
600
602
602
592
610
598
618
638
662
678
718
734
732
736
772
828
818
808
792
724
710
676
684
672
674
662
666
668
656
676
666
676
668
670
676
672
688
664
676
640
652
642
642
688
652
712
680
682
652
672
660
686
658
724
680
684
696
850
542
680
680
672
670
638
662
662
670
598
626
668
638
658
424
856
670
682
682
664
684
676
674
668
674
668
644
672
716
590
636
638
632
636
652
662
670
666
646
686
674
728
722
702
696
752
710
712
690
712
704
702
722
702
704
742
714
714
690
710
682
698
700
688
698
768
712
726
662
680
684
722
708
706
698
710
700
688
676
684
672
694
680
676
674
662
666
660
662
656
652
674
676
666
670
668
682
710
616
666
680
656
734
692
622
804
718
716
712
694
706
684
702
682
688
656
666
702
680
676
656
656
654
638
652
650
692
692
668
688
664
660
634
654
656
648
678
716
702
732
702
768
724
730
700
702
720
704
696
670
698
686
684
688
702
704
700
666
658
690
678
676
682
696
686
700
684
700
696
708
688
768
728
728
718
696
658
644
670
662
666
678
690
672
664
668
676
654
694
684
676
674
670
674
684
696
692
706
700
716
710
700
704
694
676
670
668
666
666
678
654
696
698
700
714
722
672
778
734
724
710
682
658
672
678
670
674
674
674
680
688
696
680
702
680
618
878
698
694
674
652
660
646
642
636
662
646
666
692
700
694
706
692
692
664
666
658
632
630
634
646
652
686
686
698
706
706
708
720
708
716
708
698
710
688
686
658
676
636
648
656
664
668
652
668
664
634
632
642
652
664
672
682
680
680
664
670
650
654
650
642
646
650
708
692
700
694
702
704
692
692
668
666
656
664
654
664
658
686
696
718
720
710
714
708
694
680
686
652
658
630
642
644
640
626
628
630
614
630
646
650
660
680
674
656
678
660
660
652
648
642
656
674
672
684
704
694
690
696
688
672
674
678
666
676
686
670
698
696
698
698
676
706
632
652
648
646
654
666
684
682
704
718
722
718
710
694
684
656
650
634
640
634
626
634
652
660
682
696
674
698
686
688
668
668
622
614
604
610
600
600
602
592
630
628
622
648
634
624
638
632
626
620
614
612
594
610
586
596
600
608
614
622
620
636
652
672
698
724
732
738
722
714
688
692
710
738
756
740
794
838
844
790
774
774
772
724
700
704
662
644
656
676
690
700
700
722
712
710
702
712
682
702
714
720
740
756
754
756
772
792
776
738
696
694
668
704
736
712
822
812
764
880
810
820
808
776
756
732
750
724
696
698
692
690
694
696
674
698
670
682
682
698
694
692
716
696
684
654
680
662
656
670
672
692
720
726
714
714
676
670
672
660
668
688
738
746
774
778
766
774
770
718
742
708
708
704
692
700
694
686
682
686
700
688
684
676
650
662
666
700
712
730
736
724
726
730
708
696
686
674
654
664
674
698
694
700
698
682
676
676
692
710
758
782
812
820
818
818
804
800
780
736
740
710
708
674
688
686
714
738
760
772
762
784
776
778
774
750
742
726
732
720
734
734
696
700
730
772
778
766
798
794
806
790
808
658
706
704
696
678
670
680
682
718
730
736
746
752
738
734
732
710
702
686
664
664
668
664
668
690
694
702
728
730
704
720
712
702
698
704
710
706
696
694
690
678
674
674
674
686
706
702
678
664
652
652
632
650
682
698
718
712
688
686
698
676
662
702
732
734
760
780
758
738
718
688
660
660
658
664
672
700
736
760
766
798
788
810
804
778
780
762
770
756
738
768
764
742
740
718
690
662
664
696
710
776
830
810
778
760
706
690
708
684
692
704
750
800
806
852
860
816
834
804
782
820
842
842
852
836
838
786
782
786
798
786
750
760
792
802
774
790
818
796
762
748
722
706
720
698
770
886
940
1004
966
990
1004
932
904
840
822
784
756
756
728
740
728
712
736
744
742
738
714
730
698
706
694
680
672
652
666
630
646
636
638
628
636
646
626
1088
994
694
696
688
442
910
668
632
642
644
796
564
658
752
398
346
706
360
358
480
884
674
666
666
664
686
658
716
698
756
646
688
698
702
704
428
966
682
672
680
668
662
638
676
676
672
682
680
666
658
674
626
378
310
644
722
804
840
848
840
844
794
758
716
698
682
674
662
656
658
644
630
628
628
630
634
652
706
748
732
778
796
784
790
782
782
764
740
738
722
682
678
662
646
646
622
610
630
654
696
708
782
814
828
816
794
814
770
768
744
738
720
724
698
706
710
770
782
774
756
698
674
648
622
606
592
578
574
594
670
824
862
914
958
952
944
906
862
846
798
842
796
804
768
754
722
714
736
784
806
872
928
932
894
882
846
782
794
780
760
778
786
794
830
838
866
836
824
782
762
770
740
740
724
730
740
764
780
776
746
734
764
744
746
712
744
704
722
738
744
734
738
746
744
720
714
730
758
788
722
710
698
676
684
688
712
730
766
772
796
822
822
806
774
740
730
690
694
668
672
680
708
770
788
824
790
794
774
760
738
746
646
658
686
662
718
696
710
704
698
694
702
720
736
700
690
686
670
668
658
644
632
616
620
650
720
772
848
1008
978
912
838
826
792
738
716
708
686
690
722
798
884
934
948
1004
958
930
920
900
846
812
808
786
792
794
840
890
902
842
866
854
866
876
852
846
846
804
780
758
724
744
772
784
812
822
828
828
840
846
826
810
784
772
752
724
756
778
756
734
732
724
768
860
868
852
858
834
816
788
774
742
724
714
696
698
710
734
796
810
816
804
808
794
790
794
782
790
786
788
792
780
750
746
746
730
740
746
750
774
764
750
720
702
706
712
736
746
758
746
738
774
802
824
864
858
850
836
830
798
768
738
714
700
680
690
706
760
806
824
806
790
768
740
732
730
716
740
808
788
786
804
812
812
782
782
812
834
840
812
786
774
762
748
762
770
776
768
754
740
754
738
736
750
768
768
788
780
768
786
816
790
812
832
842
836
818
802
804
804
794
772
760
740
762
784
822
824
860
880
868
812
802
794
800
830
832
866
884
882
868
854
848
838
822
814
796
764
806
574
668
650
666
700
758
758
744
748
738
704
698
708
704
708
716
708
688
684
668
672
676
678
682
690
698
708
738
756
740
726
696
694
704
742
760
786
832
820
812
804
782
756
726
676
654
640
644
648
678
694
716
758
758
736
718
696
692
688
690
680
674
716
760
750
722
690
668
656
660
708
734
758
740
740
750
756
748
730
688
662
646
636
656
678
712
716
710
698
670
670
668
660
678
718
768
746
768
806
892
926
878
886
846
790
780
782
784
822
808
782
774
744
776
796
742
742
820
826
844
806
856
882
920
864
828
806
808
786
802
852
892
884
866
844
800
806
870
930
930
878
840
846
826
756
758
702
742
732
756
802
794
818
932
898
864
846
768
810
778
792
778
788
774
754
744
712
710
716
740
760
740
734
714
724
752
774
778
766
738
706
710
722
750
728
746
752
786
804
826
780
750
756
708
724
760
806
810
806
810
754
790
808
838
870
814
788
766
758
696
730
696
734
804
864
868
882
846
854
882
866
860
812
770
740
730
720
754
796
852
808
842
908
860
882
910
894
854
788
768
732
738
734
770
802
774
814
832
850
864
842
830
778
748
720
690
686
678
730
924
962
984
944
876
848
804
746
688
664
658
650
696
708
818
930
964
970
946
942
956
932
816
780
748
716
742
752
774
798
810
794
782
758
814
852
882
926
906
860
792
740
712
734
754
800
836
840
856
866
812
822
798
788
782
748
766
776
828
866
862
786
794
760
748
742
722
766
792
860
902
832
820
746
714
726
748
774
796
778
784
750
742
742
774
854
824
814
784
766
758
760
746
746
784
852
914
920
954
940
880
860
818
832
872
868
842
804
762
738
680
706
696
796
892
922
916
914
904
866
860
840
810
784
764
772
804
904
914
876
894
894
870
826
850
866
848
810
768
758
752
786
770
772
762
738
710
744
778
848
880
868
826
834
892
956
870
782
732
734
730
742
800
824
838
814
798
720
722
694
742
870
944
948
934
922
902
866
820
778
754
766
760
760
706
656
638
626
610
644
696
772
842
796
892
918
896
934
908
838
798
728
738
720
686
714
744
754
762
750
730
710
696
688
684
682
690
664
678
728
830
914
926
892
850
854
896
918
876
794
810
814
834
856
886
848
836
808
772
738
722
708
688
694
696
740
812
798
794
852
828
840
826
782
744
690
690
688
704
748
776
780
764
734
692
678
694
690
768
892
968
1008
1008
1052
1086
1048
996
966
930
826
802
776
762
794
834
818
812
788
794
772
722
664
682
680
754
928
890
932
934
894
870
824
814
846
840
762
742
748
750
772
766
816
768
716
744
740
736
772
790
782
770
750
734
718
734
732
752
758
732
752
790
802
804
828
806
756
748
736
758
802
852
868
856
814
786
790
844
860
852
842
862
890
894
906
908
894
864
840
822
802
834
868
920
946
948
924
866
828
740
710
700
678
750
894
1030
1060
928
900
874
878
862
834
800
770
746
764
762
784
786
782
786
790
828
860
910
906
944
956
932
888
864
790
774
750
728
742
726
686
660
672
688
718
754
766
776
750
724
698
672
684
682
722
794
856
896
872
844
786
752
720
688
702
716
764
814
830
814
812
816
810
766
774
776
778
794
824
808
798
734
700
658
646
636
626
636
692
772
794
838
812
822
858
878
872
834
786
744
724
720
750
790
824
888
860
856
898
910
904
866
826
782
752
724
716
702
716
746
764
812
876
858
834
800
770
734
690
694
710
846
1018
1046
1028
1004
974
954
922
912
918
852
836
824
800
786
794
792
816
812
774
768
762
756
734
730
726
714
700
712
732
762
772
776
770
718
736
736
712
730
754
752
820
914
934
914
868
802
772
714
712
700
694
690
712
700
770
808
804
928
866
808
788
792
784
782
788
786
800
786
770
752
732
700
684
680
678
698
798
964
986
990
1016
1034
1014
950
888
822
800
758
768
776
770
746
718
718
740
768
806
802
788
758
734
728
770
848
924
998
1006
956
896
874
826
826
806
748
716
698
694
698
722
818
898
970
958
924
896
842
810
744
726
696
736
790
904
940
948
968
918
902
818
820
796
774
734
726
708
714
768
840
880
898
868
844
822
784
760
740
712
674
674
664
686
760
818
856
868
852
794
762
738
714
696
664
662
730
824
938
966
938
930
942
874
834
794
758
706
702
704
728
756
828
780
792
800
788
764
744
704
652
650
642
684
796
950
968
936
922
862
840
814
774
760
750
740
750
752
734
716
724
722
740
762
874
870
852
758
750
732
748
784
836
846
846
802
766
748
736
738
728
724
682
666
694
750
812
834
814
814
786
742
720
704
686
672
688
726
780
768
774
718
682
624
634
626
678
980
984
994
982
968
924
854
780
696
696
678
690
734
754
766
830
788
746
710
720
732
772
762
734
770
808
840
898
914
948
922
836
828
838
818
770
758
744
770
770
772
780
784
788
782
772
730
720
750
800
804
856
874
868
844
802
806
802
784
776
822
842
842
826
832
790
762
760
772
764
722
758
738
766
792
804
806
804
790
790
802
804
776
730
730
730
760
760
752
776
802
846
882
914
906
918
858
804
716
704
700
708
730
748
772
758
830
922
876
982
908
896
878
830
788
762
724
706
698
710
752
778
814
806
760
746
746
752
776
800
790
822
818
816
760
738
710
712
716
772
774
758
788
842
868
876
864
790
746
746
756
760
756
754
756
724
720
716
696
712
708
684
696
686
686
684
678
684
700
712
714
702
660
692
688
700
688
734
726
768
744
748
714
682
650
612
608
588
584
570
586
596
606
632
718
700
814
900
904
862
746
752
768
754
770
828
860
828
814
764
734
716
676
656
662
666
730
808
858
914
894
916
842
808
794
792
774
742
706
684
682
698
732
738
752
786
798
778
768
750
698
716
708
728
758
764
750
726
710
692
692
690
728
736
824
870
890
878
860
814
766
736
702
706
700
704
770
842
820
830
800
778
734
710
708
716
748
768
782
778
754
720
696
688
650
654
662
762
960
1004
926
908
894
880
868
822
790
776
772
734
742
732
754
770
778
778
846
880
844
818
770
742
724
712
692
734
726
834
864
842
866
876
912
918
928
920
872
924
908
900
864
870
892
890
830
808
778
786
756
744
728
702
704
690
760
874
960
906
840
824
826
774
744
706
726
710
722
738
768
812
842
828
800
798
788
760
738
728
712
702
716
754
898
988
1010
986
950
958
930
956
930
904
934
894
944
900
954
940
926
916
830
834
800
742
758
766
760
816
808
796
796
776
776
764
766
764
788
786
806
792
744
754
762
754
760
762
768
764
752
760
750
756
746
752
770
778
774
770
762
764
746
754
756
770
796
814
800
756
708
706
704
710
726
748
770
770
802
822
800
808
790
772
766
768
762
758
760
774
796
782
782
764
708
684
690
694
714
812
912
982
976
940
870
850
824
842
812
834
830
838
834
830
814
806
772
762
748
716
722
734
778
852
916
914
910
902
848
788
752
696
686
676
686
730
832
906
934
906
934
960
932
930
914
826
794
792
760
750
774
806
812
858
894
862
872
866
856
812
776
770
748
760
746
756
764
790
778
790
786
774
792
784
778
776
766
782
776
762
752
716
728
718
696
694
712
726
732
742
768
818
802
758
758
770
724
762
772
762
760
750
768
786
840
876
928
934
878
848
814
780
798
798
798
800
838
824
852
872
816
810
804
782
792
802
806
802
772
764
748
760
738
728
710
706
706
704
712
714
734
746
726
716
718
696
704
718
750
772
810
792
808
812
822
816
854
890
930
862
860
840
786
756
746
758
812
870
878
852
850
910
916
874
868
824
760
746
716
750
804
884
884
932
940
908
856
812
764
764
740
744
748
748
790
824
828
812
786
770
742
736
732
728
712
700
682
692
704
726
770
836
892
890
872
846
816
816
802
764
732
712
704
712
714
776
818
810
828
864
838
846
806
798
768
752
758
746
730
738
760
774
842
854
810
856
860
864
844
816
774
726
686
708
738
852
606
346
878
908
950
924
950
1054
1066
1044
1014
976
942
916
900
888
826
814
824
856
922
914
868
806
836
858
900
874
786
774
774
750
710
698
682
680
662
752
880
858
868
896
886
860
834
812
760
734
726
712
730
718
716
736
730
778
774
842
926
916
952
932
882
854
870
688
770
730
736
742
744
768
798
828
882
870
892
890
852
818
768
762
774
800
838
908
910
940
960
910
908
852
838
808
824
802
760
718
714
698
714
742
780
886
960
936
966
962
924
918
914
912
866
878
900
868
882
864
832
816
782
772
766
774
832
874
864
886
850
826
814
790
788
762
750
756
772
784
792
776
694
764
700
714
716
718
778
802
830
848
854
900
906
888
886
880
848
846
850
852
846
822
822
788
784
764
800
804
842
868
880
866
860
816
802
778
782
780
808
812
838
810
824
812
818
840
840
844
808
778
762
722
728
712
706
724
728
752
824
868
860
862
808
778
754
708
710
702
706
690
692
710
742
772
750
746
736
716
726
748
814
944
992
1026
990
962
940
850
796
798
802
906
942
968
948
848
888
858
864
904
878
894
902
866
840
850
870
852
848
832
832
842
848
840
816
776
774
774
790
802
782
770
734
726
754
816
898
934
958
960
928
914
862
774
758
752
780
844
946
950
950
980
976
920
852
830
782
768
744
778
798
784
854
872
858
882
872
872
884
854
870
832
792
786
760
772
768
722
734
732
724
780
796
832
868
910
908
868
856
796
772
744
720
692
702
706
710
738
744
742
774
800
820
824
834
784
802
792
764
782
796
814
806
810
806
782
746
738
740
736
740
778
864
908
888
900
890
808
814
810
816
794
810
838
850
862
866
822
790
788
812
820
852
874
890
874
866
874
858
818
832
866
862
844
832
798
768
732
726
736
766
812
920
970
964
956
948
918
854
820
784
734
746
744
754
782
778
778
796
752
806
874
940
922
940
938
920
866
878
852
834
764
774
790
816
800
856
876
860
916
960
950
960
904
890
836
772
744
776
720
726
728
726
754
810
856
1000
992
960
890
836
774
786
772
776
784
776
772
758
724
706
710
696
694
684
696
726
790
820
822
766
738
730
718
714
722
722
738
760
742
760
776
828
832
808
778
826
818
818
844
858
876
874
820
766
776
742
750
756
788
830
836
904
930
900
910
852
832
770
726
706
724
748
780
836
784
796
778
756
764
764
774
790
842
886
880
892
886
840
840
832
822
808
828
832
830
830
802
774
776
752
738
774
786
790
818
824
910
832
822
840
834
828
840
810
778
792
812
818
816
810
766
750
772
760
760
766
814
838
830
838
846
812
798
814
826
808
842
888
894
878
876
884
878
846
844
840
768
794
782
794
814
818
874
844
864
864
842
810
802
800
794
790
780
786
778
780
754
746
748
754
770
794
842
856
868
836
848
828
790
774
778
776
778
786
790
748
750
728
736
776
782
738
730
700
676
696
722
714
806
836
866
850
854
848
812
770
762
758
768
762
776
784
780
786
760
776
806
778
740
728
714
706
702
702
730
726
730
692
698
716
728
766
794
756
790
800
788
810
806
818
828
826
834
836
794
784
806
822
836
814
808
806
770
778
794
802
750
750
740
746
760
794
852
856
872
902
912
906
868
858
874
848
822
814
796
726
750
754
770
922
1010
996
980
902
836
876
840
866
876
866
830
820
806
774
748
748
756
768
780
848
920
984
972
966
968
932
904
872
864
828
828
840
862
828
822
814
788
804
808
818
892
928
944
906
896
882
856
850
852
854
844
848
868
890
888
862
818
780
792
770
762
754
762
790
840
882
916
956
916
910
850
812
770
728
704
658
672
678
708
770
882
910
974
1022
992
934
924
904
850
824
796
474
956
690
674
708
744
832
904
982
986
944
964
938
878
832
808
784
766
754
744
742
754
758
788
812
818
828
824
780
734
720
692
678
710
760
862
888
910
924
934
910
856
840
840
838
824
780
768
774
792
782
788
794
786
788
790
792
786
794
812
780
794
796
798
790
758
764
742
708
716
684
682
684
702
750
804
868
924
902
908
902
844
778
742
736
740
770
842
882
938
964
934
924
824
792
740
696
686
678
662
674
712
792
890
910
946
972
930
894
868
818
744
728
724
706
718
746
810
882
946
982
970
936
916
876
878
836
848
858
828
844
836
838
844
870
886
868
848
856
856
840
