628
526
520
816
648
648
614
624
626
600
600
596
602
580
586
588
572
580
588
528
628
586
594
594
616
640
618
612
622
658
686
654
650
634
648
632
596
630
656
642
616
620
636
604
632
616
630
594
470
672
596
580
592
618
524
584
590
586
566
534
558
560
576
570
552
560
574
576
548
550
556
568
552
552
572
564
578
562
560
558
562
556
560
552
580
574
562
562
562
554
562
556
540
550
568
558
550
554
572
580
578
616
618
616
608
650
616
592
598
586
586
602
580
570
574
556
600
600
634
622
594
592
588
570
574
578
564
568
562
558
600
678
656
672
746
740
714
678
680
682
654
666
700
664
682
722
668
684
696
674
662
670
682
648
676
688
656
678
700
650
654
684
660
646
674
670
652
680
700
668
706
656
692
672
690
704
688
656
650
654
636
602
590
594
650
674
646
676
698
746
714
678
672
694
658
628
636
624
600
598
618
618
654
714
696
688
658
632
582
588
608
594
680
972
780
934
842
876
962
972
816
862
886
706
638
802
926
882
898
904
932
906
894
886
858
802
778
752
732
716
704
710
716
718
682
718
740
714
788
764
824
838
776
818
820
756
736
746
736
742
706
714
740
764
730
744
678
666
670
666
676
650
618
606
594
594
600
596
610
618
624
610
610
614
624
628
614
614
628
634
604
614
620
596
586
596
606
596
612
640
616
630
660
636
652
696
660
678
724
734
696
726
722
678
704
696
668
668
692
670
692
686
656
658
676
640
648
668
652
664
710
698
660
656
656
632
642
662
642
624
626
634
626
638
670
668
648
648
668
680
644
632
652
648
664
738
770
720
748
792
734
736
730
678
686
724
676
658
674
714
664
668
702
676
680
718
704
680
696
690
664
692
690
686
648
650
654
640
640
670
642
648
666
636
646
656
626
638
642
630
634
662
684
656
632
636
632
616
606
604
602
598
592
578
572
578
610
610
604
616
596
590
602
608
594
590
596
588
590
608
626
612
612
614
604
626
612
602
614
620
626
598
588
580
580
582
578
572
566
556
546
544
552
594
662
714
754
758
690
672
682
678
652
628
610
622
642
654
624
620
634
638
664
682
688
642
646
652
654
688
706
692
658
638
610
590
582
606
624
638
660
740
728
680
682
664
620
608
626
664
700
684
650
636
634
634
636
646
640
636
628
606
600
608
636
668
674
662
636
632
642
660
668
636
628
618
634
662
660
660
618
606
608
614
622
626
620
598
588
588
584
616
646
646
652
664
682
678
674
682
674
660
654
646
634
652
672
670
640
646
646
628
620
656
694
640
642
658
666
710
694
724
696
660
632
612
608
608
610
590
576
572
566
564
564
566
570
588
600
628
688
676
766
846
864
840
826
834
778
752
734
716
690
684
678
656
634
626
624
608
626
640
632
646
694
686
702
424
1034
756
744
708
726
680
694
730
686
724
710
726
752
734
694
678
674
666
668
680
686
682
670
674
644
636
634
620
604
598
596
604
596
624
624
640
668
688
654
644
624
602
602
588
584
590
586
592
582
596
588
572
562
562
570
544
554
556
564
584
582
598
606
624
656
638
648
704
754
708
680
678
666
642
630
632
622
626
622
646
658
654
642
626
610
610
612
618
630
622
642
660
658
652
638
634
638
652
670
676
664
660
678
682
668
646
624
602
590
588
604
616
598
600
612
636
716
582
614
614
596
580
578
578
584
588
592
634
616
616
648
694
684
664
650
684
706
712
676
644
658
672
680
678
654
682
706
748
716
726
750
718
696
686
702
700
680
662
634
614
618
620
614
622
660
638
632
644
650
632
642
642
620
620
632
650
622
614
642
690
718
692
686
682
644
648
646
616
578
566
582
576
604
626
604
624
678
724
682
692
672
646
632
618
594
590
600
596
608
640
626
620
632
636
614
626
660
644
646
678
654
648
684
662
666
690
722
704
682
676
658
630
618
408
618
550
786
598
600
632
612
622
652
646
536
742
684
650
648
684
736
716
642
712
642
638
618
586
598
636
612
602
622
658
684
662
670
674
462
830
668
680
678
654
658
720
824
592
896
766
718
668
676
662
624
624
620
598
602
612
582
590
610
596
542
574
624
582
578
576
600
612
586
604
602
596
592
584
570
578
562
560
564
564
548
550
552
548
544
552
546
542
550
536
706
380
542
542
546
550
534
536
538
528
526
528
528
522
524
526
526
528
526
532
536
530
528
534
526
534
534
534
530
530
532
530
528
544
524
526
540
466
622
542
542
540
538
552
548
550
558
546
544
556
554
548
558
550
544
554
572
556
554
572
568
562
600
588
574
604
604
572
598
590
582
602
598
594
606
626
602
610
632
610
620
648
640
650
666
680
630
696
652
628
650
638
626
622
642
634
624
676
644
624
648
626
640
664
612
642
678
638
658
886
384
640
658
642
640
638
612
652
640
616
648
670
638
664
646
636
666
680
736
672
684
674
690
656
496
804
620
622
632
608
616
634
608
612
612
592
604
438
782
620
646
540
710
632
616
642
614
634
970
758
902
632
662
718
672
526
818
678
624
630
620
608
630
674
694
680
690
678
694
686
670
664
632
600
614
640
658
640
648
660
660
664
676
650
688
714
666
698
760
760
686
678
680
682
644
658
666
718
660
696
698
814
704
702
728
674
646
668
694
734
672
696
704
652
682
702
666
682
682
650
604
636
640
602
626
642
616
638
648
632
652
652
622
638
648
630
662
632
648
684
640
662
680
656
698
682
722
756
734
712
728
692
648
640
658
648
644
654
626
656
668
648
560
748
748
688
640
606
648
642
632
616
612
592
588
580
578
572
556
562
564
568
564
562
552
558
552
550
558
576
562
568
576
564
566
562
558
566
558
564
560
550
558
554
546
550
554
542
550
552
542
554
546
540
540
538
528
534
530
534
534
530
502
514
514
500
508
532
532
492
588
568
552
538
564
548
554
554
576
558
370
532
788
558
556
558
582
564
572
584
622
538
596
626
586
592
366
776
588
566
562
596
576
580
596
582
576
582
564
562
562
560
566
536
550
552
556
566
566
582
608
600
584
580
572
574
572
570
564
464
718
594
610
658
746
450
620
602
594
608
582
618
430
742
608
594
592
630
612
654
624
624
616
790
418
612
610
614
646
626
614
590
608
616
600
620
656
656
564
422
900
864
964
606
610
678
666
608
650
660
508
718
630
614
654
710
654
686
696
646
656
650
628
640
672
634
390
864
626
606
608
644
538
592
724
630
644
670
640
418
836
638
614
622
638
542
740
672
634
642
652
586
592
602
602
594
620
614
612
610
584
588
580
558
564
588
560
576
604
592
608
646
570
508
814
644
618
646
618
750
478
630
614
598
636
602
604
610
590
582
582
624
618
562
672
660
592
668
624
594
600
614
594
600
638
620
646
554
710
624
656
644
616
632
526
724
636
674
638
656
792
408
624
752
592
396
778
688
648
652
632
620
502
538
392
426
624
606
594
598
604
596
594
596
576
594
606
590
604
616
590
602
598
590
604
612
600
616
630
612
604
620
600
612
614
602
616
616
606
616
600
590
600
610
594
620
620
618
640
614
618
620
602
612
612
600
616
618
602
600
594
580
598
606
596
614
612
596
628
630
614
638
640
610
620
624
594
612
636
628
662
646
662
680
648
666
666
636
650
642
652
664
640
664
656
644
640
642
626
594
588
572
558
556
564
574
556
562
570
566
576
610
590
606
592
598
612
608
590
574
570
586
598
580
576
566
568
562
564
556
546
540
542
562
566
560
602
650
642
664
746
686
666
662
632
636
640
628
602
606
608
584
588
586
596
610
612
618
650
636
618
638
644
642
616
596
602
610
660
716
720
756
760
792
748
712
724
674
706
676
660
702
664
638
640
666
678
648
668
752
720
768
738
778
742
722
712
716
690
652
642
646
654
632
616
618
624
628
628
676
732
780
796
748
710
704
674
638
640
638
614
606
646
668
648
728
694
740
754
698
686
670
632
608
600
604
608
608
594
594
588
584
588
614
646
652
638
626
620
622
622
646
634
606
598
604
602
598
594
606
624
624
610
622
636
618
612
602
618
644
646
626
646
668
658
678
670
638
644
640
624
640
644
630
680
746
734
788
726
806
810
778
676
686
700
696
690
732
762
722
696
680
674
630
648
684
692
666
648
642
618
606
604
608
602
584
594
582
596
612
628
642
632
630
646
638
620
630
630
630
616
600
590
602
612
596
602
612
618
602
606
610
612
604
594
584
576
566
566
558
546
540
544
536
538
560
568
558
548
548
552
548
540
542
542
546
536
532
526
522
516
510
516
548
600
612
608
588
586
608
604
614
664
676
650
636
642
654
636
610
594
588
590
580
584
614
596
604
612
628
608
652
686
642
744
744
770
806
776
758
780
848
834
758
784
796
756
788
820
742
758
728
724
722
680
698
652
678
674
666
688
668
712
710
662
692
696
692
654
638
662
652
686
668
672
678
650
656
666
686
634
628
632
620
596
602
598
582
584
588
590
578
566
564
576
608
600
602
612
624
596
612
614
602
612
634
604
602
610
590
588
588
568
568
564
564
568
588
572
594
618
600
618
656
636
618
622
636
612
604
606
604
594
588
588
570
560
576
566
566
560
566
574
580
574
566
564
562
572
562
576
588
576
596
610
586
602
624
630
620
652
712
706
766
762
734
714
712
680
670
672
702
642
658
658
664
664
630
642
634
622
650
630
652
646
704
768
772
756
688
684
682
666
642
646
644
634
610
640
660
624
658
644
660
660
728
684
724
716
708
688
636
646
708
692
716
690
726
778
736
704
720
712
692
676
644
640
620
624
636
638
620
612
610
598
604
614
638
646
612
598
612
618
604
606
616
628
636
644
630
604
598
594
600
612
636
648
660
682
674
684
678
652
644
634
624
614
598
620
648
674
644
620
614
612
608
610
602
588
572
566
560
580
608
630
618
608
602
604
646
670
656
632
628
642
652
616
604
616
648
642
670
716
678
672
694
652
638
640
622
602
604
602
612
584
590
592
576
578
592
572
572
580
596
606
590
600
592
598
616
628
600
620
624
614
628
656
690
672
642
628
626
638
646
632
608
604
598
584
570
564
568
588
610
624
628
602
602
590
586
596
616
660
696
704
694
648
640
646
624
620
640
664
654
666
660
634
612
610
616
640
644
634
650
648
396
890
614
596
588
594
594
602
610
590
590
590
596
1000
892
730
792
748
752
730
712
696
676
652
618
604
608
638
668
622
610
626
650
676
710
676
632
604
608
602
616
664
736
722
682
666
664
696
698
684
728
798
736
692
674
644
610
626
664
752
790
680
688
684
686
686
670
644
638
642
640
642
658
670
668
668
610
642
644
686
690
638
696
792
832
790
744
778
806
792
732
736
774
830
702
710
766
800
702
744
778
732
690
748
806
816
772
790
774
710
712
642
682
778
816
806
756
704
720
758
770
734
720
704
680
664
664
638
606
618
646
664
670
630
624
616
612
622
652
644
604
598
642
648
638
724
810
812
750
680
712
772
792
708
768
842
798
968
960
872
868
880
772
806
960
884
766
760
728
752
800
872
840
810
768
744
800
832
796
754
698
688
706
732
718
744
718
802
922
904
802
796
832
806
706
694
668
650
702
656
712
750
686
754
822
764
816
870
870
824
748
774
782
730
730
712
740
846
716
758
748
788
730
712
734
726
670
670
666
668
686
696
732
770
800
784
802
804
800
756
702
722
752
736
740
762
748
722
692
646
640
634
658
662
672
736
834
752
726
776
854
752
798
840
730
744
666
730
786
858
750
732
726
738
714
660
694
748
836
850
806
800
780
736
740
776
798
762
744
798
824
818
772
824
806
734
704
756
764
720
664
682
740
760
726
730
780
806
770
694
722
670
698
814
826
688
692
706
708
706
638
652
656
668
758
770
788
764
788
812
812
824
746
720
728
674
668
650
700
766
820
780
790
786
744
748
812
780
764
700
684
648
652
706
742
738
748
790
728
710
670
684
738
770
734
702
648
624
606
644
752
836
832
806
750
710
734
694
708
766
794
738
768
768
750
762
710
734
792
818
808
796
768
692
686
636
664
708
752
680
654
670
682
710
740
726
706
684
680
728
792
762
780
792
710
790
844
744
730
744
682
704
672
764
814
878
760
704
724
820
920
906
882
872
732
712
772
850
702
750
920
776
784
854
766
706
774
836
696
842
982
882
974
824
756
760
872
754
812
850
762
724
852
882
852
720
742
742
736
562
854
698
658
684
650
666
696
404
358
718
664
752
714
684
686
672
650
656
682
814
780
836
866
806
792
880
886
734
686
700
718
784
732
742
764
742
706
742
826
894
760
852
530
914
882
950
936
910
860
736
756
794
834
716
702
694
762
796
688
740
896
942
806
904
956
838
792
860
872
752
806
850
700
760
864
756
804
892
742
688
756
836
758
738
740
724
690
676
666
662
628
628
616
604
588
578
568
564
556
550
546
534
538
538
540
544
538
536
536
536
536
558
618
692
744
780
786
718
692
670
652
632
614
596
602
614
642
636
624
636
656
664
682
724
694
692
692
684
666
670
668
676
694
636
634
658
644
666
758
662
632
598
592
638
786
868
864
710
712
726
740
740
722
648
660
662
640
636
682
750
800
814
722
726
726
676
670
692
694
646
666
708
736
686
636
654
672
684
652
626
700
644
630
510
612
632
646
644
630
664
674
642
568
716
628
634
632
648
650
640
636
630
640
722
784
742
668
678
668
642
608
646
664
690
678
634
636
630
640
638
616
670
712
766
758
746
666
654
646
656
604
618
650
712
680
650
688
678
702
760
670
710
740
698
658
690
714
658
654
668
684
698
654
632
642
650
646
632
620
708
712
728
662
684
728
720
662
686
684
690
756
716
712
698
698
640
666
676
648
670
678
692
636
666
678
702
682
642
638
628
624
638
672
628
652
722
748
672
702
760
750
702
658
674
656
738
756
690
726
814
690
716
732
800
706
708
716
686
720
774
744
688
722
756
736
680
674
660
706
730
666
684
702
682
648
670
656
616
648
622
666
692
698
660
660
660
664
624
642
658
704
786
724
740
736
760
714
762
726
726
650
658
646
632
646
628
648
678
648
610
634
640
662
676
696
654
674
716
760
680
730
802
800
714
706
696
664
656
636
684
720
812
840
792
744
668
662
694
758
680
714
774
838
812
708
730
762
780
700
720
722
752
702
638
638
636
686
750
776
694
696
690
698
652
642
658
686
696
664
712
738
726
748
736
766
788
722
684
646
622
606
644
712
802
726
750
754
732
758
754
704
698
676
682
724
718
684
684
690
698
686
646
654
678
714
656
668
686
700
664
638
626
660
682
698
712
676
652
630
642
648
674
658
650
664
672
660
642
632
634
630
630
664
716
666
666
662
656
626
624
630
644
638
662
670
706
696
664
650
652
626
632
630
654
660
624
632
636
650
642
624
624
620
644
678
674
630
632
644
656
648
628
636
650
652
636
656
678
644
652
660
684
638
648
646
652
632
606
594
610
614
630
636
622
590
596
612
618
620
630
632
628
638
604
600
592
596
598
598
610
592
592
590
604
616
632
636
610
620
612
616
626
606
600
586
598
646
670
668
654
656
670
710
720
676
670
658
660
686
718
764
702
730
744
746
712
664
662
652
660
666
684
642
640
652
640
638
652
624
636
664
700
740
680
688
696
700
694
638
652
644
640
660
684
650
658
654
628
616
634
668
728
666
676
684
688
638
628
626
626
670
658
726
750
764
702
696
658
670
690
698
700
690
666
638
624
636
642
678
656
646
628
680
710
754
764
730
724
712
708
694
670
646
634
620
622
640
644
652
678
660
672
658
652
674
694
688
666
632
598
612
606
630
670
708
680
668
652
652
644
648
656
706
758
770
712
696
698
706
716
710
702
666
664
656
648
658
648
620
632
652
700
736
710
668
668
652
654
668
658
650
662
670
664
650
660
662
648
642
652
658
650
650
656
660
636
622
614
622
608
604
604
614
616
648
646
670
686
698
662
652
652
642
640
624
608
612
614
576
598
600
588
590
608
624
624
606
602
602
626
620
624
624
642
668
638
620
610
610
642
706
674
710
744
744
736
740
706
654
628
626
626
636
624
622
656
730
788
716
680
678
668
650
634
636
626
654
672
670
664
672
648
624
624
630
630
620
596
592
590
602
644
702
730
662
634
666
692
710
650
646
668
632
628
656
736
780
768
690
690
664
656
672
706
688
660
650
658
682
634
614
628
630
648
640
618
610
624
646
640
600
596
604
620
626
620
610
602
586
584
602
616
638
650
622
620
604
610
628
644
660
648
650
630
594
592
596
594
594
594
616
608
604
638
662
696
670
658
662
666
626
596
592
600
628
684
718
728
670
670
646
642
640
638
630
596
586
592
586
594
608
606
602
598
574
580
578
574
556
552
572
580
618
662
654
606
602
612
634
650
642
604
604
622
638
648
634
626
612
624
640
634
618
612
608
614
628
602
592
616
610
654
696
724
726
708
644
608
626
622
640
656
656
660
618
620
616
620
626
604
620
614
672
742
766
754
698
714
726
694
668
658
668
676
654
622
632
640
662
644
616
630
652
706
730
704
692
688
668
632
626
632
632
622
644
654
654
612
634
636
644
604
612
632
676
714
724
692
674
658
602
614
586
582
598
624
658
678
662
614
606
618
638
624
640
646
624
660
694
666
654
672
686
706
726
710
674
638
620
622
612
620
674
718
720
670
626
624
646
706
702
686
670
676
678
660
634
644
628
634
644
660
658
662
662
652
634
636
634
628
628
642
640
640
642
608
590
618
632
602
632
648
676
674
650
644
642
636
592
602
598
594
596
598
594
590
570
574
582
592
602
602
622
648
674
708
742
670
672
686
674
630
648
672
688
638
656
700
700
656
640
664
694
760
750
676
650
644
660
644
618
614
624
664
728
730
694
654
654
652
658
608
624
610
602
572
588
566
574
574
574
582
570
568
582
606
636
656
614
630
652
662
662
640
626
610
580
574
574
574
594
598
650
704
716
666
650
656
650
634
626
606
600
614
620
622
626
642
634
634
642
634
618
606
598
592
592
576
576
568
568
566
556
550
552
556
574
586
586
574
576
582
586
572
588
580
594
606
630
648
648
634
608
610
628
596
562
572
576
600
614
620
634
646
644
636
624
630
600
606
604
628
644
668
454
820
604
580
600
646
544
866
668
652
676
738
798
786
772
700
688
710
754
820
848
734
714
726
744
728
726
690
694
742
738
690
700
722
750
796
720
790
792
720
756
738
742
712
686
726
882
930
820
872
854
790
754
750
754
716
762
766
722
684
700
718
620
722
728
716
720
688
702
722
742
812
786
716
696
684
732
770
782
750
792
810
760
870
828
746
716
800
974
824
776
734
690
664
630
658
712
752
764
748
716
690
684
662
648
650
662
704
784
912
928
884
890
894
820
776
702
716
900
948
922
772
716
696
748
710
672
690
786
842
736
798
446
442
752
702
696
666
652
666
746
748
696
708
728
764
686
748
754
706
770
892
780
792
898
808
718
796
838
722
800
874
724
740
858
872
830
734
734
794
794
760
700
662
650
662
762
894
728
802
908
832
916
812
748
756
964
870
794
724
680
738
714
706
714
684
692
668
700
858
382
388
788
828
728
842
888
746
754
870
732
780
856
756
714
850
776
694
774
910
878
786
704
740
758
686
726
974
876
748
878
876
728
798
886
732
840
966
810
850
988
946
822
880
906
792
790
840
868
774
704
690
810
722
776
902
858
726
830
932
776
708
852
902
740
814
954
890
730
812
908
894
744
796
928
880
792
818
900
844
700
696
762
784
704
904
1000
872
880
978
848
728
806
838
708
752
944
750
776
926
746
764
904
752
796
976
812
792
972
874
786
828
904
788
770
974
894
738
876
946
868
774
848
902
914
812
868
890
846
768
856
884
830
786
868
906
824
882
940
900
776
816
884
872
770
802
930
902
778
838
900
846
766
814
900
898
782
802
872
890
820
824
842
872
800
754
844
946
868
772
854
912
870
784
836
906
880
784
900
926
876
802
872
904
908
850
842
946
940
848
902
958
878
790
878
916
816
852
916
822
798
920
914
806
868
916
876
798
844
894
874
766
772
862
910
758
760
984
922
760
782
928
924
768
774
950
938
764
740
874
894
758
802
942
910
746
798
922
930
774
792
918
922
778
806
846
836
726
784
956
906
772
814
946
918
768
748
870
910
838
854
966
996
874
840
966
940
874
906
910
874
772
836
918
916
812
810
850
874
790
836
890
884
806
778
854
898
880
840
866
904
902
788
800
892
906
816
762
812
870
812
760
880
924
876
778
832
918
902
788
832
930
892
808
762
844
922
880
798
868
900
864
790
782
878
924
830
856
934
896
784
772
890
928
774
748
924
942
846
734
812
960
934
796
790
966
788
730
676
674
720
796
692
686
974
936
792
744
792
764
740
700
710
712
758
980
942
846
894
910
912
820
872
924
904
810
826
876
882
800
842
886
906
798
832
856
848
748
776
880
884
764
786
864
912
822
796
888
912
798
826
972
984
846
974
988
954
854
876
946
928
838
852
936
926
796
804
866
886
786
748
782
888
762
722
718
770
712
850
850
838
748
734
692
664
664
848
726
760
958
906
768
894
962
860
736
834
944
870
748
784
876
898
758
804
926
916
754
784
868
912
792
756
800
730
746
886
870
732
796
894
792
768
794
816
738
686
738
826
856
736
768
984
976
878
894
938
936
770
706
798
932
822
722
710
788
856
774
786
962
828
878
1000
908
922
992
848
782
970
1000
838
844
956
868
736
886
952
852
738
774
910
910
748
770
894
916
746
822
960
932
788
784
874
878
762
708
862
958
900
744
720
892
928
774
744
912
960
816
782
892
932
778
706
804
972
920
760
810
962
924
800
726
808
962
886
774
814
976
926
762
696
810
986
930
808
818
1000
968
834
968
956
868
824
918
926
818
804
922
916
836
760
770
912
910
810
794
872
918
818
804
846
840
780
780
958
962
860
826
938
940
868
850
934
928
844
752
898
918
848
720
804
956
856
716
784
976
814
784
964
980
804
844
946
864
728
808
910
768
976
986
962
904
862
966
958
852
772
958
988
930
820
950
928
898
772
692
692
816
754
966
1068
924
766
998
958
910
762
802
936
872
734
754
884
920
774
776
908
932
800
874
1034
952
812
748
916
944
806
740
834
906
834
722
736
910
936
786
744
898
938
806
712
812
970
926
796
766
904
886
756
698
756
954
922
778
732
878
960
862
756
810
970
968
830
758
812
908
916
728
690
744
964
830
748
982
1000
824
848
960
966
876
736
794
1000
884
774
1038
1040
946
716
680
726
696
736
980
934
744
872
932
756
814
958
858
748
924
942
834
716
820
928
910
750
740
846
844
736
798
846
866
736
722
842
904
774
748
940
896
730
758
922
914
746
720
812
846
778
692
754
924
838
748
902
912
752
750
910
904
732
750
904
888
732
752
850
854
728
714
774
820
712
690
856
900
826
726
778
880
850
716
730
894
870
728
760
874
812
718
778
918
852
724
764
848
830
720
718
818
884
748
742
866
886
748
706
784
888
824
708
704
774
858
758
702
798
898
922
750
750
858
888
748
760
906
926
754
764
840
898
756
742
848
920
858
720
678
738
854
846
708
726
938
924
770
774
912
906
742
730
874
908
900
734
702
814
866
744
770
860
900
728
716
854
880
750
808
964
924
782
758
858
884
794
706
772
870
852
736
682
776
894
892
736
660
666
758
948
916
796
938
980
930
874
900
904
888
800
794
788
796
728
758
956
942
810
932
972
906
760
920
952
864
714
770
846
886
