1130
1028
1068
1062
1054
1034
1046
1176
1198
1112
1064
1054
1022
1020
978
1012
1012
1012
990
1044
1074
1040
1010
1006
1020
1006
970
966
1004
1026
990
974
1030
1042
994
964
942
986
1026
1002
954
952
982
1010
1006
962
924
950
972
988
942
936
958
964
992
972
952
986
1016
1028
1050
1044
1024
1070
1062
1044
1090
1112
1058
1028
1054
1040
998
1014
950
888
864
842
814
784
778
768
762
746
758
756
752
754
770
770
818
862
934
948
938
910
988
1096
1104
1034
970
1120
1174
1080
994
984
1062
1126
1090
1030
984
1216
1286
1126
1104
1104
1102
1044
1018
1048
1046
1008
1042
1056
1070
1062
1044
1084
1188
1114
1052
1122
1080
1000
970
1000
1034
1026
976
956
984
988
944
918
894
930
982
962
930
1000
1080
1100
1014
1016
1008
988
960
940
972
1018
988
930
904
996
1054
1072
964
928
1012
1074
1078
1032
1028
1122
1178
1128
1078
1116
1100
1022
1028
1046
1030
1054
1054
1016
1008
1050
1094
1038
970
928
980
986
880
856
844
820
814
812
798
826
968
1070
1008
962
1034
1114
1118
1008
976
1050
1124
1106
1054
1086
1164
1182
1104
1122
1216
1186
1126
1096
1150
1156
1088
1080
1146
1156
1118
1134
1132
1110
1056
1104
1160
1104
1102
1136
1052
1022
1092
1058
988
962
996
1052
1050
994
1022
1084
1078
1008
1012
1056
1072
1004
980
1036
1084
1052
992
968
1032
1088
1078
1038
990
1008
1054
1080
1062
1004
1042
1084
1064
1048
1010
1018
1114
1168
1162
1144
1166
1070
1030
1042
1050
1036
1002
988
1046
1088
1050
1022
1082
1120
1074
1018
1054
1066
1024
1050
1072
1038
1006
1056
1082
1040
1020
1060
1058
1034
1010
1056
1078
1020
1020
1058
1028
988
1040
1046
986
958
970
1002
1024
994
994
1048
1076
1038
990
1006
1014
992
968
992
1010
994
974
948
998
1054
1024
1014
1046
1080
1038
1032
1058
1072
1040
1000
1032
1018
1000
1032
1030
994
958
994
1012
986
964
982
1072
1160
1094
1040
1070
1062
1036
1012
998
1040
1052
1024
1040
1060
1052
1008
1012
1038
1002
992
1018
1018
952
914
958
970
990
972
954
1006
1012
1016
1018
978
988
1030
1034
978
934
944
960
982
930
892
886
882
842
842
814
806
792
784
680
720
672
980
382
772
1052
658
740
694
694
672
666
660
656
654
654
658
666
688
716
806
902
918
910
1082
1152
1072
1066
1192
1178
1036
1068
1148
1126
992
1048
1162
1138
1016
1104
1116
1116
1052
1058
1196
1176
1066
1088
1200
1172
1054
1068
1114
1078
1080
1028
1076
1172
1172
1136
1046
1066
1140
1126
1088
1012
1042
1068
1060
1002
938
984
1068
1094
1030
1034
1082
1102
1036
1074
1108
1104
1030
1076
1124
1122
1050
974
1006
1050
1076
1012
1018
1100
1120
1058
1066
1086
1092
1038
1002
1056
1094
1100
1036
1054
1080
1098
1082
1010
986
1034
1088
1050
992
1020
1046
1044
1038
984
1008
1018
1030
984
946
972
1004
1028
978
950
982
1000
994
950
942
964
978
964
906
872
864
852
844
832
862
932
1028
1034
1002
1088
1162
1150
1076
1084
1052
1056
1026
1000
1072
1126
1064
1068
1106
1128
1098
1036
1068
1052
1070
1034
1026
1090
1134
1116
1026
1010
1050
1086
1086
1026
1018
1054
1088
1074
1012
1002
1044
1054
1032
954
932
982
984
952
928
1002
1030
1014
966
964
1018
1038
1036
988
984
1000
1030
1000
1000
1032
1048
994
948
1002
1034
1026
984
962
1024
1046
1048
978
964
1002
1018
998
968
988
1002
1004
960
932
974
966
928
918
914
940
966
942
906
936
952
972
932
938
966
980
1018
972
946
986
1022
964
958
970
998
1028
976
946
976
996
1018
978
948
1024
1014
1016
992
932
932
910
910
906
916
992
1022
1024
998
1020
1046
1034
1018
984
1012
998
1004
980
952
998
996
1012
962
982
966
954
924
906
948
998
1014
968
990
1050
1048
1012
980
1010
986
1004
960
936
990
1036
1036
972
992
1028
1034
1008
972
974
1006
1034
996
974
1002
998
1002
982
970
1018
1034
1048
1010
1000
1012
1012
1006
950
940
968
990
998
976
970
1034
1080
1068
1012
994
1036
1046
994
996
1018
1058
1064
1032
1024
1054
1068
1024
990
1032
1038
1052
1012
976
1030
1034
1024
980
956
982
1012
1026
982
1018
1090
1152
1102
1088
1128
1114
1076
1040
1014
1042
1074
1038
1044
1110
1120
1094
1046
1046
1030
1016
966
930
976
1022
1024
992
928
944
936
940
908
892
962
976
980
960
954
1014
1028
998
968
990
1014
1016
968
928
972
1000
1022
994
954
948
974
1012
998
970
950
1008
1008
1008
980
966
984
1010
1012
976
1010
1014
1012
1016
1008
994
1014
1030
1006
980
978
988
1000
998
968
950
978
1006
1026
996
974
1028
1024
1002
982
1014
1024
1018
980
988
968
982
962
936
928
966
1008
1010
990
996
1022
1022
998
978
984
990
960
934
970
990
958
934
966
994
1020
986
946
986
1010
1018
964
936
972
992
998
944
898
922
928
936
922
932
972
1002
1026
1004
976
1006
1010
1006
992
1020
1030
1046
1020
1042
1054
1026
1008
1026
1028
996
964
976
996
994
964
912
924
918
870
832
824
824
790
774
770
760
754
748
742
748
744
740
740
778
816
872
930
902
888
966
1046
1056
1068
1006
970
1040
1046
1052
1006
966
1006
1108
1108
1086
1042
994
960
1068
1140
1142
1034
1038
1156
1164
1126
1052
1038
1120
1160
1134
1052
1014
1072
1082
1092
1020
998
1070
1054
1058
986
948
1002
1064
1072
1030
1004
1060
1074
1088
1026
1002
1034
1074
1064
1014
990
1028
1052
1008
1006
1046
1046
1014
1044
1048
1038
1020
1038
1040
1052
1026
988
998
1000
974
948
946
988
1012
1008
1018
1016
1058
1068
1062
1086
1096
1074
1088
1064
1018
986
1012
1034
1004
994
1052
1086
1080
1034
1050
1070
1008
1022
1028
1020
954
958
1036
1104
1042
1008
1054
1074
1022
1006
1032
1032
1018
1012
1022
1040
1066
1044
1044
1064
1052
1012
1006
1034
1044
1020
998
1072
1082
1058
1034
1084
1078
1054
1020
1062
1068
1060
1056
1086
1082
1052
1064
1090
1082
1056
1036
1072
1078
1024
1016
1046
1060
1020
1054
1042
1018
1062
1076
1062
1030
1070
1054
1038
1014
986
1010
1046
1054
1026
1056
1092
1076
1030
1050
1040
996
956
968
968
936
940
972
986
960
962
1034
1080
1048
1044
1110
1100
1050
1046
1050
1034
1016
1036
1058
1018
1020
1046
1044
1012
984
1034
1042
1010
1006
1040
1046
1016
1008
1040
1026
974
926
918
940
962
974
976
1072
1118
1080
1020
1026
1030
1010
964
962
980
1004
990
942
962
994
1008
982
950
1006
1048
1056
1044
1044
1072
1078
1054
1058
1060
1030
1004
1016
1008
992
1014
1012
1006
974
968
1000
1064
1028
1014
1070
1070
1040
1016
1042
1042
1004
1016
1044
1024
996
1032
1074
1048
1032
1080
1086
1044
1042
1066
1058
1028
1008
1040
1032
1062
1028
1036
1056
1050
1010
986
1016
1036
1004
988
1010
1034
1002
1000
1030
1024
1012
1026
1044
1018
998
984
1000
1002
986
990
1004
1018
1022
1040
1046
1010
1028
1046
1014
1026
1010
968
990
1010
994
992
1054
1066
1054
1072
1074
1042
1044
1030
1006
1006
1000
1012
994
1038
1086
1102
1114
1142
1110
1102
1106
1052
998
1010
1004
972
976
1018
1072
1054
1040
1076
1070
1020
1038
1036
982
940
926
994
1036
1028
1036
1060
1076
1100
1082
1078
1098
1104
1068
1094
1118
1078
1068
1084
1086
1052
1030
1052
962
946
980
1016
1044
1014
1006
1102
1102
1088
1124
1178
1128
1078
1078
1082
1032
1008
1022
1008
996
986
1050
1076
1060
1044
1118
1128
1104
1114
1110
1066
1098
1082
1062
1032
1076
1066
1056
1084
1086
1080
1080
1076
1052
1082
1058
1030
1030
1040
1012
996
1004
994
980
1026
1072
1026
1002
984
984
954
940
978
982
988
974
992
992
994
986
996
1012
992
994
1000
992
984
1026
1014
994
984
1024
1060
1048
992
982
996
1006
954
898
924
918
904
880
854
874
936
932
906
968
1036
1022
970
994
1008
1034
1016
952
974
994
1000
948
942
978
1000
1024
976
980
1034
1078
1048
1034
1044
1032
1000
998
1018
1020
984
954
1010
1052
1000
966
1034
1024
1032
1008
1014
1042
1034
1004
1034
1032
990
976
1022
1036
1002
1008
1056
1082
1056
1022
1048
1090
1064
1032
1066
1068
1042
1084
1096
1054
1020
1068
1100
1080
1046
1070
1054
1052
1030
1054
1064
1040
1004
1048
1076
1040
1014
1068
1070
1038
1076
1072
1062
1024
1022
1048
1046
1024
1086
1120
1118
1068
1092
1088
1070
1026
1070
1082
1038
1026
1064
1082
1050
1060
1078
1106
1080
1058
1114
1118
1070
1110
1136
1072
1080
1126
1132
1104
1136
1174
1128
1138
1160
1098
1076
1142
1106
1064
1090
1126
1114
1094
1104
1104
1074
1074
1144
1132
1076
1108
1104
1044
1050
1040
1044
1018
986
1022
1062
1028
998
1010
996
1008
974
938
966
982
988
956
914
914
900
840
830
820
796
510
1036
754
738
732
726
710
704
696
706
698
702
702
732
736
754
768
798
828
874
834
838
880
930
990
994
920
918
974
998
986
940
954
1038
1030
920
886
958
1018
1024
976
1018
1088
1118
1022
976
1012
1058
1080
1036
994
1098
1118
1124
1034
978
1026
1072
1084
1016
942
976
1044
1126
1096
1018
1020
1074
1052
1042
1002
980
1024
1054
1030
972
982
998
1024
1006
998
1038
1062
1022
962
1012
1024
1044
984
980
1018
1004
1002
958
960
980
1008
1024
978
958
988
994
1006
970
950
998
1036
1042
984
984
980
982
966
938
966
1000
996
954
928
982
1010
1024
990
966
1022
1046
1030
970
942
980
1006
1012
968
924
990
1014
1002
964
932
978
966
956
914
896
934
962
1004
974
934
988
1050
1050
982
972
1036
1068
1052
982
976
996
1006
966
936
948
974
966
920
916
966
1038
1052
982
996
1022
1030
1006
970
964
1004
1014
1006
980
964
1002
1018
1016
956
944
998
1018
986
972
1036
1062
1054
986
930
974
1020
1042
988
956
1012
1060
1038
1002
954
1000
1036
1026
1000
980
1038
1064
1020
970
996
1000
1002
958
920
946
982
1010
966
924
970
980
964
936
922
962
996
992
952
928
966
982
1012
1004
938
928
964
974
948
934
950
972
1002
956
926
984
1026
1020
974
942
954
958
966
928
906
942
948
956
922
918
982
994
994
938
924
976
976
968
936
912
944
972
964
920
924
916
910
890
898
958
982
1034
996
972
1024
1036
1034
1022
974
946
972
978
976
932
914
958
964
1008
984
952
964
972
1006
1016
980
938
1002
1010
1038
1000
960
1000
1012
1038
988
956
1002
996
1010
982
954
1000
1030
1028
978
942
982
984
1006
958
920
976
976
990
952
930
974
996
984
924
926
968
986
1008
968
934
986
990
1002
946
930
986
1020
988
962
966
966
984
952
922
908
966
984
986
952
948
936
926
904
916
972
1018
988
950
962
1016
1036
1060
984
956
1006
1026
974
940
990
1004
980
928
908
952
968
952
926
954
958
962
926
900
908
946
964
956
934
968
958
962
930
910
966
980
986
944
926
984
996
1004
968
930
968
992
988
938
910
952
960
956
920
894
922
950
976
964
950
932
968
964
968
928
908
954
964
966
938
906
948
950
960
920
892
942
926
910
890
880
936
936
972
936
918
952
976
990
952
936
966
994
994
956
946
996
1012
956
958
978
988
954
928
958
978
988
932
920
950
964
966
936
902
936
946
970
924
910
932
960
974
960
932
978
990
978
936
914
944
936
932
902
908
946
954
916
894
936
938
954
936
922
922
974
984
960
928
938
984
998
1002
944
914
960
954
926
902
898
962
968
960
940
890
948
990
994
938
918
978
982
986
948
918
976
1000
1006
942
914
964
996
986
924
884
932
944
990
954
924
978
976
992
958
938
980
1002
1024
986
922
948
990
992
966
950
1000
1040
1032
1002
982
1022
1020
1008
940
920
960
964
964
930
942
962
1002
994
956
946
990
1008
992
924
884
854
814
790
738
786
732
744
728
758
686
700
696
690
696
684
676
666
666
666
660
664
674
700
734
784
836
882
872
854
940
1012
1008
952
902
970
1046
1056
958
918
1004
1066
1062
962
958
1046
1080
990
930
976
1034
1014
996
1012
1070
976
986
990
976
1038
1100
1076
1016
1010
1070
1098
1004
1016
1046
1062
1060
1014
976
998
1074
1072
1022
1030
1030
946
924
948
994
1018
982
1008
1068
1126
1062
1016
1076
1016
908
946
982
952
976
1004
1014
994
958
986
1008
1034
1026
978
950
1002
1024
1024
1014
958
990
1034
1042
1008
958
1016
1052
1066
1038
990
986
1012
988
940
922
944
986
1004
974
958
1002
1038
982
952
986
1024
982
982
1014
1022
1012
1016
982
1012
1020
992
974
980
1000
970
938
992
1044
1034
996
1026
1046
1052
1020
972
1002
996
1000
948
972
1000
1000
956
972
1034
1038
986
930
962
980
1002
928
912
960
974
966
940
944
980
1004
1014
962
948
982
1000
996
960
956
980
986
932
910
964
982
990
954
926
948
974
988
958
934
972
996
980
942
954
970
966
938
910
928
952
956
920
916
946
972
966
924
926
954
966
942
908
956
976
980
952
992
1026
1036
1002
994
1030
1026
996
972
986
982
990
958
954
970
968
956
938
948
936
920
906
898
950
968
962
928
954
986
998
970
924
962
982
988
956
918
960
974
988
948
924
958
970
962
932
932
954
950
926
914
930
940
926
906
886
940
948
946
916
906
904
896
870
866
922
970
934
928
908
890
868
848
888
956
974
942
934
986
990
982
966
932
940
948
944
910
866
864
880
910
908
880
962
1012
1050
1026
1002
1056
1064
1020
1022
1032
1024
986
982
982
986
968
936
972
980
992
956
932
970
978
988
986
956
956
980
1012
982
946
980
1002
994
950
946
966
984
982
960
938
966
990
976
952
930
962
966
936
932
962
978
950
946
970
980
1008
962
940
960
964
958
924
910
930
944
950
924
912
960
974
986
970
952
960
960
970
954
924
968
1000
982
962
954
984
996
996
954
942
976
982
948
938
978
982
956
986
982
990
962
956
976
978
972
944
984
994
984
984
960
958
946
954
930
916
954
962
964
954
938
946
932
934
908
920
930
952
934
912
964
924
902
896
910
938
980
948
914
942
970
1004
964
940
1006
1028
1030
998
1000
1022
1022
1024
978
984
988
1002
990
964
990
984
978
984
954
952
956
966
934
926
952
970
970
944
928
954
962
932
930
924
934
924
898
898
938
970
978
960
996
998
1010
966
976
984
982
978
948
942
968
990
992
946
924
948
944
916
870
812
872
800
768
786
762
746
748
730
724
706
706
700
696
690
684
684
678
676
666
672
672
674
680
692
700
720
748
776
812
848
832
824
856
918
942
864
824
916
1010
976
902
878
948
998
976
930
882
926
964
918
932
904
888
958
996
1010
946
934
1028
1040
1020
996
952
1010
1046
1074
1006
968
990
1030
1020
978
972
1016
1014
996
976
962
980
970
918
872
874
924
968
974
954
964
1022
1038
1048
1000
972
1018
1012
1010
942
928
970
1004
976
922
962
996
986
946
928
978
1000
1002
952
966
958
964
942
938
994
1022
1010
966
996
1012
1002
974
960
974
990
968
898
964
970
972
944
964
1006
1016
976
970
1010
1026
984
984
1008
1034
1028
992
968
982
976
946
924
946
960
940
906
934
966
972
988
938
924
938
946
920
884
928
966
982
934
916
964
978
954
932
928
966
986
950
928
962
990
974
928
906
932
964
930
910
938
984
960
942
932
906
948
998
1012
986
962
992
1002
1006
964
934
974
1000
958
934
984
1004
992
960
928
928
930
898
888
948
982
966
928
924
948
952
952
930
930
930
936
902
888
942
960
980
946
930
954
982
946
902
938
954
926
898
916
970
968
950
922
938
970
994
982
936
932
982
1004
978
940
976
980
992
946
936
952
970
950
932
966
976
978
944
938
978
986
958
926
968
996
994
962
960
982
990
940
926
964
982
964
940
950
974
972
942
934
940
956
966
952
938
980
1016
986
964
986
990
954
930
958
970
958
930
974
1000
1006
952
918
938
952
920
922
956
954
960
928
904
932
952
946
916
904
934
950
954
928
922
968
978
964
922
904
914
928
912
904
942
968
960
942
942
972
958
918
942
974
976
916
912
928
938
940
914
866
896
914
932
890
882
904
928
912
894
932
952
954
926
914
952
976
974
942
902
942
942
944
890
872
936
936
954
906
918
964
966
922
880
934
956
956
910
936
982
974
938
926
946
968
938
912
928
962
974
936
922
962
976
958
926
934
942
952
892
914
970
984
928
910
962
958
958
906
888
942
946
950
910
896
928
942
946
928
926
940
956
950
898
920
928
938
908
894
960
970
928
916
966
982
976
956
956
984
1002
962
958
976
988
954
934
964
982
962
932
960
980
964
946
946
960
954
932
936
956
992
986
954
912
922
930
944
922
914
964
952
930
912
866
896
924
960
944
934
998
1008
1020
984
960
968
980
964
936
946
960
988
940
916
942
964
980
964
930
934
972
988
986
960
932
948
972
968
946
934
972
992
990
946
940
966
982
982
942
928
962
982
980
938
940
960
1004
1006
976
936
954
962
940
906
924
954
970
954
980
1006
1026
1010
968
980
996
1006
998
958
938
958
972
932
940
966
984
982
950
930
952
984
980
932
930
966
986
1000
954
922
934
956
956
912
888
930
932
942
924
900
946
970
978
936
914
954
968
920
906
936
938
934
906
914
954
990
948
926
974
982
978
942
914
932
960
948
922
940
978
1002
950
936
972
988
978
944
930
950
982
974
932
924
970
988
980
948
956
966
960
906
880
922
946
970
920
902
926
972
976
946
950
982
1002
962
950
980
974
962
906
884
894
906
894
874
890
898
920
900
896
932
964
980
944
938
968
994
946
954
980
984
960
922
942
956
934
930
956
978
970
946
928
960
984
968
918
918
962
980
970
920
912
968
974
934
922
956
986
940
912
956
978
960
908
914
966
994
960
902
890
932
946
928
886
884
914
938
920
898
948
972
976
930
918
972
986
974
926
892
910
936
962
916
924
960
1002
1014
966
978
994
1012
962
930
954
966
982
950
918
950
974
976
932
942
966
980
970
934
924
960
928
902
860
858
894
926
956
952
896
898
922
912
898
868
854
906
916
926
884
858
914
932
932
900
874
910
918
934
936
902
902
926
970
978
934
890
940
964
976
936
896
952
970
956
908
898
928
920
930
912
874
860
894
918
920
898
862
894
908
884
842
832
844
870
874
836
838
888
916
934
888
880
896
942
942
874
858
914
922
938
898
890
946
980
1008
980
908
942
972
970
944
940
