872
880
786
784
766
764
710
700
692
750
768
734
750
796
864
800
802
858
852
806
762
754
760
746
730
728
734
738
740
732
736
736
746
744
736
740
746
760
760
756
770
802
796
790
856
866
876
860
866
906
832
832
848
814
800
862
956
902
972
884
816
796
804
786
778
736
732
716
702
714
720
730
736
748
736
714
712
718
720
720
706
712
710
708
704
690
688
694
730
724
726
752
786
810
784
772
792
788
786
776
802
812
828
778
796
780
770
750
750
766
792
814
784
800
780
778
776
772
792
782
800
796
790
804
810
782
772
784
770
758
766
758
762
736
738
740
742
736
722
718
726
736
748
736
736
732
732
752
742
752
802
848
810
918
960
930
990
958
952
898
874
854
824
794
762
748
746
740
730
726
732
750
766
738
736
738
740
754
740
732
722
712
690
686
674
660
674
726
846
860
830
808
1030
984
894
944
918
888
974
934
916
1022
888
834
836
852
812
870
850
786
782
778
784
774
762
782
806
784
786
794
802
794
800
898
888
838
856
846
844
794
788
796
820
816
882
862
850
864
834
790
812
808
794
774
788
798
814
788
804
802
786
770
762
764
754
752
804
818
794
800
802
788
766
774
780
822
814
802
828
862
826
816
824
820
778
768
786
800
784
760
760
742
724
698
696
710
788
842
804
796
842
878
872
806
786
832
840
804
802
818
854
834
800
824
836
816
804
806
786
774
768
774
798
780
760
778
778
792
772
750
768
764
758
762
776
786
770
762
752
730
710
696
702
722
778
746
724
714
736
768
742
778
820
826
780
796
790
802
786
756
780
798
822
800
772
782
786
808
818
786
780
780
794
816
796
756
772
844
946
892
892
900
896
844
882
884
856
816
826
810
814
804
776
802
802
806
776
770
818
834
816
768
762
772
778
810
792
780
812
846
810
786
816
852
872
852
818
810
784
830
894
880
852
860
872
858
824
842
850
848
848
820
822
818
776
802
808
792
768
788
784
780
754
768
760
720
708
704
714
712
740
846
928
830
800
856
870
854
808
798
824
852
864
844
808
830
824
842
804
814
838
874
820
848
872
844
814
838
826
834
798
798
808
826
802
766
752
718
690
660
658
690
1040
792
834
842
996
1014
886
814
820
880
918
886
810
780
816
830
834
790
780
804
820
798
726
712
704
734
822
762
722
706
694
692
784
864
808
826
846
826
820
832
808
794
828
860
862
874
828
836
850
848
798
806
842
876
874
852
824
882
902
922
840
834
832
836
802
772
800
806
824
778
786
796
816
824
792
770
796
840
836
824
788
780
820
828
886
856
800
840
846
882
822
822
840
878
838
884
918
898
884
914
890
866
882
892
850
812
854
852
818
790
804
858
814
764
778
784
784
768
768
782
820
774
744
740
752
778
790
772
808
878
922
834
792
846
848
844
814
852
882
892
822
804
792
752
736
736
768
1066
872
888
832
910
960
964
848
842
882
980
924
870
910
918
946
880
914
950
886
932
956
872
792
756
712
686
662
660
760
774
698
698
706
706
786
800
738
744
818
1046
952
830
790
802
890
926
904
858
798
856
894
874
876
804
782
810
840
886
882
840
800
838
864
878
860
844
804
830
834
846
850
826
838
888
954
856
828
878
886
862
812
856
864
848
818
838
834
812
782
804
830
810
782
802
796
810
770
754
766
774
802
766
758
796
850
818
774
758
782
790
816
794
784
802
842
834
834
804
796
810
846
864
844
804
842
882
872
884
810
774
810
818
818
796
758
760
786
856
840
800
786
828
774
736
742
748
808
896
828
936
952
958
880
916
848
798
802
814
862
816
784
798
812
838
784
770
800
818
810
786
780
814
886
822
792
832
814
766
736
716
712
844
858
804
862
904
926
864
810
856
816
784
774
772
792
814
874
822
820
884
906
868
830
786
812
812
842
816
778
760
768
786
810
766
728
718
728
804
816
742
736
754
790
862
868
818
866
876
866
856
792
792
804
806
832
818
816
848
872
852
806
808
824
828
824
798
762
760
760
738
738
730
732
808
902
874
850
808
844
860
854
800
752
740
722
710
690
686
684
784
1004
870
818
918
950
962
932
824
854
870
894
906
888
818
812
832
862
868
852
808
836
858
866
818
748
724
740
826
1006
930
860
976
966
978
876
852
864
824
836
788
842
908
930
852
804
876
922
898
810
834
846
846
808
798
818
846
820
802
812
802
808
794
766
798
834
818
796
766
766
778
780
766
774
782
876
808
792
842
876
838
816
836
832
840
794
758
782
796
822
774
744
766
776
802
794
782
764
802
858
862
798
776
826
846
866
838
796
828
848
874
812
768
810
820
852
794
754
764
772
838
842
808
804
852
884
832
794
768
802
826
822
788
772
800
820
818
772
754
764
766
790
754
742
744
756
760
740
740
746
752
744
720
736
734
756
740
716
740
780
806
778
748
758
760
808
772
736
742
756
812
830
796
762
764
812
878
810
822
852
928
906
814
804
842
840
864
810
764
798
850
866
824
796
854
920
906
842
794
830
818
814
822
782
794
848
858
852
806
754
802
846
870
834
794
854
918
910
862
796
820
814
794
780
760
758
748
734
718
722
728
862
956
940
840
844
878
864
874
812
814
834
838
832
792
818
832
860
868
800
798
804
816
814
764
720
694
690
678
684
690
686
738
858
896
870
810
910
962
944
936
886
796
840
840
880
896
872
820
858
882
872
856
802
842
882
886
888
852
784
794
798
826
806
784
804
804
824
798
796
782
824
834
808
884
924
908
842
832
890
844
848
800
802
872
896
888
816
780
820
790
826
878
832
874
910
926
898
864
792
818
816
840
828
798
774
800
834
834
824
774
762
790
798
828
810
778
778
792
822
822
790
766
788
802
834
814
806
854
902
894
814
788
822
856
856
798
800
826
844
838
830
774
806
826
840
832
782
770
796
812
840
834
800
794
808
846
830
796
768
800
836
838
834
806
794
810
842
824
798
766
782
764
788
782
788
926
940
914
842
868
876
878
850
792
832
858
876
842
816
866
890
902
858
776
754
796
862
872
838
918
932
918
886
790
770
804
868
934
882
824
870
890
898
856
802
840
846
850
802
786
814
828
832
804
778
804
828
840
824
784
812
806
780
760
750
802
874
896
850
832
866
924
886
818
830
848
874
870
832
790
838
858
864
852
808
792
818
832
866
812
770
814
844
838
832
770
778
790
834
860
814
810
830
858
850
810
820
842
872
836
784
766
818
936
958
906
834
898
920
926
914
796
756
794
884
956
874
894
1030
1026
882
842
874
874
866
812
850
864
852
810
816
810
818
832
790
788
804
868
798
778
756
800
862
884
832
798
844
858
864
818
778
818
848
848
836
778
802
806
834
818
780
792
812
864
862
818
786
816
844
866
812
780
814
806
824
800
756
778
782
808
784
778
822
854
846
800
776
794
810
828
796
772
762
774
796
786
772
770
788
814
814
768
742
756
762
804
808
778
774
792
842
842
794
816
822
850
818
774
814
810
834
806
774
798
802
826
838
800
816
824
868
844
800
804
810
824
840
790
772
804
820
844
790
772
804
856
874
828
786
822
830
848
808
768
794
792
804
810
788
824
884
882
854
792
834
844
854
820
786
824
830
848
804
772
804
820
844
778
778
800
822
818
786
778
824
846
846
810
762
788
792
818
814
784
794
810
846
832
780
744
726
732
792
874
890
912
854
912
938
936
868
812
832
848
888
856
850
870
896
876
838
794
820
848
874
816
816
810
814
834
782
778
802
844
830
802
800
810
824
814
774
782
788
808
814
762
776
796
842
836
794
830
852
838
790
786
806
842
846
798
800
816
856
862
780
804
814
818
832
780
784
812
836
844
792
798
812
824
814
770
804
806
822
790
744
774
778
798
778
782
852
888
834
790
808
810
818
764
772
772
786
776
744
786
854
882
868
814
848
868
852
844
788
814
840
848
822
764
802
812
816
770
756
788
820
834
780
782
796
834
822
782
810
820
864
828
786
802
800
802
782
742
766
770
798
760
760
784
806
796
760
760
788
822
860
818
840
904
910
872
802
842
866
874
858
796
806
818
832
820
778
808
826
852
812
778
812
838
852
802
778
804
810
842
830
782
760
780
802
830
780
798
804
800
818
778
772
796
812
824
782
754
784
786
816
792
782
814
842
858
802
804
824
848
808
766
804
850
860
802
794
810
822
814
786
758
788
854
884
820
794
836
860
848
788
782
806
828
844
796
812
842
850
802
780
808
816
832
790
774
800
806
816
782
806
824
826
800
760
784
792
824
808
772
792
814
868
828
790
816
836
862
834
774
782
794
828
802
762
810
838
834
806
780
804
822
830
786
772
798
812
824
784
758
784
812
840
808
778
812
828
844
820
758
780
792
816
798
764
794
828
852
834
788
780
812
800
824
784
800
848
880
832
790
830
840
860
814
782
814
820
848
800
778
806
824
812
762
728
752
800
840
830
780
814
832
862
836
786
816
820
836
806
760
796
800
836
822
770
778
786
810
814
786
806
812
836
844
792
772
784
794
826
790
800
866
880
874
822
818
826
844
844
786
778
810
826
834
776
774
798
814
826
778
796
810
834
826
786
774
820
840
840
792
752
792
806
836
832
798
828
888
884
838
780
780
772
784
760
746
784
832
856
808
820
852
862
842
804
790
804
816
860
804
804
834
844
824
788
810
824
858
826
788
822
848
858
808
774
814
820
840
798
772
802
820
830
796
778
800
828
838
796
776
806
824
862
820
810
848
876
854
784
744
758
818
900
838
814
890
918
888
806
828
858
866
806
824
854
862
842
792
804
816
830
824
772
800
816
832
800
772
804
810
824
784
762
792
764
786
772
760
822
906
852
806
844
868
888
808
800
842
894
878
808
828
850
854
826
780
796
810
840
834
778
786
810
836
830
778
758
768
818
846
794
798
846
870
866
798
758
780
806
830
786
772
812
846
858
808
770
802
828
866
820
794
832
870
860
796
774
792
790
806
780
790
826
852
806
784
820
812
830
798
772
802
838
838
792
774
800
810
804
776
770
778
820
826
780
762
788
818
820
786
786
792
798
808
784
792
826
866
862
822
822
832
858
826
770
746
770
804
838
798
806
840
962
894
828
818
852
866
798
776
814
848
828
790
810
830
834
824
778
782
804
842
820
780
768
788
796
806
768
758
798
832
850
788
780
792
808
778
776
794
856
856
788
772
808
814
848
790
760
800
816
842
792
764
798
820
828
786
762
790
802
800
762
778
792
816
782
764
798
828
828
782
770
790
806
816
788
772
802
858
856
812
782
796
796
806
776
758
802
860
888
818
800
840
872
842
794
790
836
866
844
806
802
782
800
798
778
794
828
862
818
772
774
798
816
812
768
748
772
768
770
760
754
762
818
872
820
776
764
812
864
858
838
782
790
808
842
840
780
768
788
820
866
804
782
814
834
874
852
798
780
806
838
836
784
768
796
858
854
790
736
700
708
704
702
708
702
702
742
822
832
816
784
860
856
900
896
838
820
832
832
832
816
752
770
776
806
812
768
770
786
800
794
764
752
764
794
794
770
764
794
844
840
798
778
802
798
800
774
758
780
818
820
790
750
780
774
766
752
730
742
768
790
794
764
778
786
802
818
784
780
798
810
806
778
792
776
778
784
750
754
770
798
786
790
768
788
816
842
788
792
802
804
816
790
788
794
820
810
776
810
810
798
766
726
700
674
670
672
768
788
742
712
706
692
684
680
674
664
672
664
666
668
686
676
672
666
660
666
670
696
724
762
804
794
770
778
778
802
848
812
794
816
842
862
846
790
826
810
836
822
784
796
820
848
844
790
794
798
832
850
826
836
884
948
936
852
846
826
842
828
782
826
880
882
824
860
864
906
866
802
850
848
882
844
784
836
840
856
846
790
800
804
826
812
776
814
852
848
838
770
794
800
830
852
816
786
816
870
836
854
782
810
816
838
828
786
760
772
824
880
866
816
854
892
904
886
828
852
862
882
856
816
842
854
860
822
802
820
844
866
816
820
838
854
858
796
800
816
820
826
790
834
858
862
840
798
838
860
858
802
800
824
846
818
828
856
872
836
826
842
842
840
794
808
828
880
884
812
834
826
846
832
792
834
852
864
848
782
818
812
814
784
798
808
844
820
766
808
858
872
810
798
846
884
834
806
838
856
860
814
786
822
822
834
798
798
834
878
866
822
808
822
814
802
756
784
804
852
844
788
826
828
838
826
768
798
806
830
840
788
800
810
824
812
790
808
878
864
800
844
874
882
834
784
822
826
828
792
806
822
844
818
780
810
828
848
790
778
790
792
806
782
754
776
796
806
770
764
768
792
806
776
778
804
824
842
784
816
828
856
820
826
870
890
860
794
818
824
832
792
812
826
850
836
792
832
866
858
824
812
830
868
860
810
812
824
818
850
794
822
830
862
858
806
806
820
834
840
792
792
812
844
816
790
774
794
824
838
808
800
814
844
824
786
806
808
834
816
766
808
836
850
814
816
826
856
848
802
824
822
858
806
814
830
852
846
798
812
810
812
810
768
788
804
826
822
786
812
834
860
828
786
822
840
856
820
774
802
806
822
778
766
790
780
808
790
810
848
880
846
796
816
828
834
814
772
808
802
830
824
780
814
820
858
844
794
800
786
806
788
786
812
836
840
798
808
816
842
838
798
814
808
810
798
764
790
796
812
794
768
804
840
838
800
768
774
788
796
776
776
820
856
838
792
798
802
808
786
762
798
830
824
806
778
800
836
836
796
780
808
818
820
790
814
806
826
790
750
772
776
790
788
760
784
782
806
786
758
786
846
864
830
802
816
814
828
810
772
804
840
842
778
760
788
830
848
808
782
830
852
848
804
840
870
852
830
800
846
880
904
854
810
808
806
802
784
796
816
824
806
770
764
770
786
788
802
908
922
902
826
836
842
860
848
798
832
822
844
826
772
786
792
824
804
770
800
818
836
804
780
818
830
834
796
820
820
814
786
770
772
794
808
786
812
838
836
806
784
804
794
790
770
798
816
882
902
816
876
892
884
846
800
796
816
804
784
824
852
844
806
826
860
892
858
810
844
840
858
844
790
816
808
812
796
782
794
842
828
784
816
828
840
802
762
804
816
816
810
754
742
750
774
810
790
816
876
888
862
798
794
780
802
814
766
728
706
674
676
702
758
766
760
804
822
860
890
896
880
872
872
850
846
852
846
846
830
820
808
812
810
804
806
778
784
746
762
768
758
768
742
746
752
766
756
734
746
758
756
742
726
752
786
790
778
786
808
802
772
790
802
844
848
794
820
830
830
792
784
784
782
792
774
778
812
810
822
778
802
798
808
818
772
768
784
798
774
788
790
786
766
762
764
768
770
762
766
782
808
786
758
784
814
806
772
776
754
756
740
750
788
838
832
796
800
810
840
798
806
814
810
788
758
784
794
810
798
774
788
806
798
786
782
790
806
800
778
774
782
786
786
760
778
798
826
830
788
808
804
828
782
804
806
816
794
808
808
826
780
760
786
800
818
790
836
848
858
800
828
830
818
806
774
800
818
822
802
822
846
848
802
814
802
802
772
774
798
830
796
788
808
828
796
782
794
816
830
802
790
792
808
814
782
812
832
842
816
792
804
820
820
784
792
794
788
782
760
770
776
802
786
778
786
802
794
764
782
778
790
774
772
782
816
794
770
792
790
802
774
790
804
810
782
804
828
832
812
802
830
820
808
766
796
816
844
814
822
830
856
806
800
824
836
816
792
816
842
846
792
810
808
804
786
770
788
794
812
774
770
784
804
818
794
802
810
836
802
792
816
856
826
796
822
816
806
774
794
788
796
788
756
790
842
822
786
816
822
848
796
814
812
812
818
784
792
816
828
808
772
788
798
804
764
766
780
814
794
764
764
772
804
782
814
862
898
854
796
848
856
876
824
836
834
832
786
770
772
784
786
768
794
810
826
800
792
810
852
816
788
818
836
832
794
796
810
820
776
800
804
828
804
768
802
806
826
806
780
800
812
800
762
790
800
824
796
776
798
824
808
784
794
816
844
806
798
814
826
806
768
802
816
830
814
780
814
846
840
776
768
778
762
774
764
802
840
804
776
800
796
818
812
790
808
830
846
826
792
818
824
818
790
772
808
876
868
806
852
866
864
828
818
820
832
826
784
816
836
846
800
790
796
794
788
756
772
790
792
756
782
774
820
790
782
784
800
812
786
794
790
812
804
772
798
820
854
812
822
826
840
804
770
790
814
838
794
802
810
810
800
758
788
836
848
804
786
790
790
792
766
784
812
816
790
778
798
812
826
794
770
784
806
818
788
834
808
810
780
792
804
856
830
802
826
832
834
800
790
804
822
808
790
808
800
804
782
812
838
842
808
814
822
844
820
780
818
836
828
790
770
796
830
814
790
818
852
842
806
818
814
814
776
768
786
780
792
792
788
870
894
870
808
838
842
858
804
804
816
822
818
780
786
802
792
770
780
782
780
778
758
788
810
786
766
796
804
798
782
796
796
808
786
774
788
814
820
774
804
818
844
812
784
806
830
848
798
806
800
814
794
774
804
828
840
802
822
830
856
812
792
752
752
734
722
746
846
918
880
830
838
802
824
792
804
828
866
874
804
828
826
820
812
786
806
842
856
836
796
810
812
826
790
810
816
824
818
766
802
802
788
736
730
742
800
880
822
822
800
804
792
864
944
920
840
842
862
858
840
794
834
824
820
808
828
862
836
814
764
796
790
806
794
752
780
792
804
794
770
788
788
772
734
768
796
848
810
826
880
902
850
808
834
842
782
740
710
712
808
832
746
716
694
672
652
640
632
644
644
656
650
650
652
648
652
644
632
606
608
598
596
582
580
576
574
570
572
574
600
612
630
666
684
718
742
728
762
816
788
794
766
718
742
684
680
670
684
744
768
730
706
710
710
694
706
720
786
748
746
764
820
870
864
832
886
942
924
884
848
782
810
856
898
930
836
866
870
868
880
826
860
826
804
754
770
790
830
804
770
736
742
770
780
752
706
702
690
710
754
744
784
830
870
864
846
840
872
910
892
824
832
840
838
812
768
784
792
814
758
740
726
712
696
682
700
804
782
730
734
824
922
858
812
886
940
940
928
834
852
860
850
884
822
780
768
772
772
774
832
884
896
870
812
862
880
932
888
824
782
820
822
874
824
780
826
808
814
814
782
800
810
820
780
760
784
850
858
812
802
802
804
788
758
802
816
818
792
802
832
864
848
786
816
824
858
830
788
812
806
822
808
760
808
840
834
802
828
832
816
756
788
786
818
792
782
780
790
796
758
758
732
734
718
728
866
964
862
902
1038
1092
934
862
868
880
878
824
854
858
852
796
832
838
802
788
750
780
828
890
846
850
872
866
866
808
842
848
852
850
800
816
808
814
818
792
780
800
844
850
802
804
794
776
758
756
796
838
798
766
752
796
914
906
828
908
946
954
870
844
820
786
768
758
810
946
982
886
958
946
936
860
858
856
872
866
814
854
858
868
854
798
836
848
832
800
752
728
730
746
766
760
876
950
1012
910
850
890
916
908
836
878
884
900
838
798
818
848
884
832
832
850
808
762
726
732
776
854
844
824
936
950
888
824
844
856
838
776
800
824
890
902
832
840
836
846
842
786
802
814
822
778
826
862
882
818
816
840
832
786
756
788
816
786
714
692
684
678
684
686
680
696
732
702
718
674
684
670
676
648
668
656
664
690
700
714
734
776
806
816
868
840
838
816
762
816
852
852
842
782
798
802
846
806
766
810
826
868
796
786
812
826
836
792
816
838
828
826
748
714
756
884
986
844
1202
1166
1098
924
922
902
918
930
858
916
956
988
936
852
882
898
886
888
822
846
850
872
888
900
886
822
784
766
768
846
890
810
850
862
928
846
790
830
846
864
794
816
826
866
844
818
776
780
754
768
760
750
850
1034
1038
994
878
954
930
944
944
858
888
884
884
886
826
854
862
886
848
796
834
866
858
836
778
782
802
830
832
810
832
848
862
818
828
848
894
884
806
842
850
860
824
746
748
738
746
754
898
1048
978
892
976
982
948
884
850
884
892
916
852
884
892
880
892
798
792
804
806
852
820
824
840
788
748
706
708
688
694
700
698
700
