832
780
792
752
730
710
696
680
664
652
636
640
652
688
706
822
886
806
812
798
780
776
762
738
738
728
738
736
704
696
692
686
690
696
690
676
692
704
688
694
700
694
692
688
678
664
676
650
630
622
614
606
590
576
582
564
574
562
556
558
574
610
670
732
740
870
778
760
730
708
686
650
634
630
614
606
600
584
586
592
580
570
562
556
548
544
548
554
556
586
670
756
714
776
798
764
752
736
704
658
644
626
616
610
604
602
608
588
592
596
592
584
584
578
576
568
578
572
580
624
662
726
872
832
758
772
728
718
694
690
678
662
664
648
642
638
642
650
664
666
666
688
670
680
702
714
716
704
714
732
738
740
774
766
740
746
718
712
724
728
766
794
780
782
856
822
776
792
794
782
764
736
742
756
764
780
828
870
872
838
842
814
796
796
754
746
794
788
804
850
836
840
812
778
746
734
730
722
730
758
768
806
826
830
808
780
764
742
712
706
700
694
682
694
726
756
768
770
784
774
770
750
722
722
718
698
700
702
698
694
680
668
674
666
668
668
648
668
670
710
758
802
820
884
806
818
780
744
710
708
692
684
694
712
754
764
776
776
746
752
740
742
744
736
746
762
782
772
760
758
722
734
728
730
728
728
766
788
872
902
886
888
882
882
844
798
780
734
720
718
702
714
728
744
742
746
762
752
750
726
718
712
708
706
696
694
674
664
656
650
634
628
624
622
616
614
618
614
616
618
622
634
636
640
638
642
648
650
650
642
632
628
618
602
600
596
596
664
632
652
712
756
764
746
738
714
702
674
658
642
630
624
608
616
614
618
662
676
722
780
758
760
744
712
692
672
656
636
616
614
608
596
600
600
612
616
632
672
700
696
708
710
700
680
674
660
656
650
642
644
644
652
640
672
672
682
718
742
734
730
734
726
700
696
696
662
654
646
636
630
624
620
618
616
618
618
622
628
660
676
770
784
882
852
848
806
796
776
764
754
724
716
704
698
698
696
684
682
694
700
692
674
686
684
678
676
670
674
686
690
680
676
678
678
700
696
720
722
740
738
756
754
758
752
730
716
716
698
696
722
690
736
736
758
786
804
784
790
778
754
732
732
716
712
700
694
700
690
684
670
670
662
658
652
656
666
676
684
680
684
680
670
676
690
702
704
708
700
692
684
672
678
688
740
750
758
750
764
760
754
726
706
708
684
670
664
652
658
688
702
774
854
906
916
836
848
828
808
778
772
770
764
756
724
752
736
734
732
730
710
726
750
760
752
806
792
774
824
818
806
776
798
790
758
762
750
718
708
806
724
752
760
758
752
776
764
750
744
750
748
746
744
752
722
704
738
722
718
720
742
726
762
786
782
808
786
792
794
796
794
794
780
774
754
742
738
734
726
742
760
796
778
790
788
792
792
788
756
754
744
734
728
742
750
756
758
766
764
774
768
778
768
748
744
756
736
768
756
782
770
774
774
774
762
746
748
740
746
740
758
772
780
770
718
754
734
704
760
806
796
810
798
770
772
782
940
1074
994
986
974
948
964
964
956
898
926
962
1002
872
920
908
888
860
906
942
934
968
1010
994
956
1038
1024
988
924
952
914
910
986
952
916
958
938
908
994
980
930
970
996
924
934
944
896
894
900
890
830
850
856
818
854
860
852
912
968
942
924
974
998
928
946
958
952
910
948
998
956
950
1002
1006
950
972
992
944
980
1008
982
920
942
914
878
918
910
882
892
912
922
890
926
948
920
930
960
976
930
932
962
966
926
918
936
948
926
918
942
944
916
938
974
946
906
934
964
956
922
946
970
974
932
956
954
920
876
858
858
824
816
824
842
876
876
944
1022
948
974
1012
992
946
934
958
956
932
918
954
974
942
952
1000
968
922
970
1008
932
950
976
908
860
866
854
838
842
880
936
876
868
876
872
866
872
906
944
940
942
990
982
938
904
934
950
978
942
934
966
1006
960
940
982
982
944
932
972
1010
966
934
974
984
952
914
952
1014
1006
946
988
1056
1028
892
852
898
934
1080
1000
956
1036
930
896
854
790
760
764
740
688
700
730
734
728
732
728
710
706
690
672
676
680
662
658
666
816
988
990
946
868
828
806
796
790
814
866
932
1006
990
930
854
834
802
780
786
800
842
862
940
996
918
926
942
890
878
902
910
896
886
884
868
890
892
878
854
864
868
848
816
806
802
790
786
782
790
810
812
828
926
986
886
920
954
960
940
966
1032
1016
1018
1018
980
954
974
974
936
918
912
876
874
888
930
904
940
968
936
918
940
968
928
926
934
928
898
918
952
938
868
866
878
884
912
960
988
948
966
968
968
920
928
938
936
930
930
956
950
920
918
914
902
890
930
956
956
918
926
932
922
902
910
924
934
910
900
916
910
906
894
910
914
892
884
906
948
936
922
932
932
902
876
850
810
808
806
850
884
898
928
912
894
872
882
900
902
892
882
900
906
906
896
886
896
908
876
836
826
828
844
858
868
874
906
882
954
1016
954
932
928
908
890
902
906
906
890
872
844
842
838
852
876
912
886
898
922
930
916
922
922
898
858
868
868
874
870
884
916
920
912
926
932
902
870
876
908
914
948
970
954
918
922
938
946
924
924
942
938
908
916
920
896
888
914
942
940
882
848
882
908
922
900
886
892
900
922
912
902
932
954
958
972
968
956
912
922
902
860
856
848
856
822
842
810
820
904
868
880
886
884
878
886
912
930
916
924
934
962
950
964
980
964
926
946
942
970
934
932
958
974
968
958
980
988
958
944
962
968
954
970
988
978
946
976
944
914
918
910
904
886
904
922
958
910
932
964
946
918
920
908
898
886
892
900
922
894
888
898
910
888
872
874
876
846
858
868
898
902
940
976
974
940
940
940
940
918
916
926
940
930
922
944
948
938
906
928
946
942
924
944
958
970
948
936
964
990
964
900
872
850
836
824
804
832
810
816
844
838
860
870
890
880
908
944
960
940
930
944
956
922
880
912
920
904
884
918
958
944
916
940
970
966
920
950
954
948
910
922
948
952
932
920
968
982
934
916
934
956
934
930
960
982
956
924
956
968
944
934
948
962
934
904
946
968
934
890
930
942
948
920
956
970
974
944
946
964
950
902
876
862
850
826
842
842
854
840
868
902
918
896
912
932
922
896
894
904
938
926
914
940
944
924
904
924
942
934
924
908
918
904
878
886
902
928
918
920
950
968
942
922
936
922
904
910
922
934
922
892
920
932
914
886
902
924
932
908
916
940
938
904
894
914
928
912
890
906
914
902
864
846
864
904
904
886
912
940
932
908
914
928
936
914
890
914
912
904
872
886
902
922
906
912
950
944
926
908
928
930
920
884
920
910
902
872
892
916
908
902
896
922
944
934
904
886
870
844
832
846
878
862
862
878
872
886
874
870
888
902
866
834
844
854
890
874
872
898
930
940
918
918
912
882
858
858
856
854
852
846
866
900
910
892
896
912
938
922
900
874
896
908
912
890
878
892
908
908
888
872
878
886
878
864
888
916
928
906
900
924
932
910
884
894
886
872
830
798
782
802
826
886
900
922
932
932
918
932
924
916
904
902
898
882
862
880
878
860
838
866
872
846
816
820
804
812
794
786
770
762
714
708
752
740
738
738
766
808
820
804
802
828
880
882
862
878
940
972
926
892
904
942
964
920
928
962
1028
978
954
994
998
992
930
928
944
966
946
938
990
980
938
920
956
958
966
932
920
942
964
910
874
910
914
892
882
918
932
938
908
926
934
928
902
910
920
920
900
912
928
932
916
918
940
950
926
916
940
972
976
962
970
978
982
956
958
992
1012
994
972
992
1000
962
960
990
1010
994
970
992
1008
1014
982
964
1002
1022
1056
986
952
992
992
1026
994
956
1002
1018
976
978
1080
1122
1046
1042
1060
1044
1008
988
1008
1012
1002
966
958
1092
1114
1058
974
1006
1034
1066
1042
972
986
1012
1038
1000
962
996
992
1012
972
946
992
1028
1032
986
954
1006
1040
1022
984
1032
1038
1018
958
988
1016
1032
996
972
1110
1124
1106
1028
1032
1028
1012
962
912
934
978
972
984
1100
1114
1056
1010
1014
996
982
974
1028
1006
1002
1014
1020
998
1010
1038
1042
992
958
986
990
988
964
954
974
978
980
952
926
976
1052
1004
986
944
1002
1054
1070
1000
1004
1092
1082
1074
1020
1000
1024
1040
1006
1008
1106
1080
984
938
984
1080
1110
1036
1040
1110
1108
1032
962
994
1000
1026
1012
1000
1150
1108
1046
1006
1060
1066
1042
976
1006
1112
1118
1014
976
1070
1132
1122
1050
1002
1092
1108
1110
1074
1014
1010
1018
1024
986
962
1050
1130
1112
1010
962
996
998
1008
996
984
1140
1136
1036
960
974
994
982
950
980
1192
1228
1114
996
992
996
1026
1008
1162
1354
1156
992
932
956
1082
1126
1054
996
1096
1102
1046
970
928
980
1004
1078
1032
994
1100
1194
1140
1022
992
1052
1076
1036
978
1022
1042
1034
982
964
1078
1134
1010
978
1022
1072
1118
1078
1012
994
1036
1028
994
974
1218
1172
1116
1006
996
1052
1078
1036
956
1022
1064
1058
988
1030
1094
1094
1030
970
1026
1026
1066
996
944
1010
966
904
912
1002
1142
1042
1008
1066
1100
1074
1018
1048
1078
1050
1048
992
984
1028
1050
1054
974
960
1014
1120
1106
1046
1006
1122
1202
1166
1054
1068
1112
1078
1058
986
1050
1278
1198
1076
1056
1078
1048
1000
968
1014
1174
1146
1044
1020
1144
1162
1162
1082
1044
1124
1210
1118
1084
1150
1124
1118
1046
994
1032
1050
1048
1016
1018
1066
1088
1026
1042
1156
1128
1038
980
1056
1112
1066
1026
1166
1194
1164
1052
1034
1080
1092
1012
998
1300
1274
1078
1006
1060
1018
968
948
1044
1072
1074
1012
990
1050
1094
1064
986
1004
1046
1020
996
948
926
1116
1144
1102
1050
1062
1164
1146
1042
984
1052
1048
1074
1008
1012
1116
1140
1096
1024
1072
1132
1128
1056
984
1050
1104
1102
1038
974
1038
1102
1170
1094
1058
1154
1156
1054
1022
1070
1084
1036
964
974
1004
1056
992
996
1126
1122
1074
1002
1048
1128
1088
1006
938
1300
1300
1212
1202
1210
1112
1072
1000
1032
1130
1096
1070
1022
1044
1098
1114
1098
1044
986
1056
1112
1102
1036
990
1082
1126
1112
1050
1002
1056
1130
1106
1036
1066
1090
1100
1002
1004
1050
1068
1040
980
1052
1088
1046
992
998
1030
1066
1002
958
1024
1322
1246
1138
1188
1164
1112
1028
1016
1046
1074
1056
1030
1052
1056
1110
1052
988
1080
1204
1140
1054
1002
1096
1126
1126
1052
1110
1180
1120
994
960
1030
1202
1244
1088
1090
1140
1150
1034
986
1024
1056
1066
1046
1014
1070
1102
1064
1008
1032
1070
1090
978
942
982
1332
1300
1138
1174
1194
1188
1150
1154
1158
1134
1060
1028
1112
1134
1096
1026
1006
1102
1192
1142
1022
956
988
998
1016
974
966
1062
1112
1124
1028
1010
1080
1118
1056
984
1074
1172
1112
1012
1002
1028
1162
1120
1118
1194
1140
1058
996
982
1106
1238
1190
1098
1076
1136
1160
1154
1058
1066
1062
1032
968
952
1174
1274
1140
1002
994
1078
1202
1138
1042
1116
1114
1098
1050
1032
1086
1068
986
892
868
874
924
1198
904
826
920
880
818
742
732
724
702
696
652
672
654
642
636
636
622
612
614
604
596
604
584
568
576
568
570
562
560
548
552
572
616
756
762
886
882
860
832
768
722
682
672
662
654
646
640
632
624
622
622
628
650
654
660
670
682
668
656
652
644
648
658
640
650
636
644
620
672
742
814
790
764
726
728
718
698
678
666
660
642
636
616
616
616
620
638
636
648
676
696
732
750
776
752
764
810
838
808
790
774
762
790
744
742
730
702
694
700
700
734
770
826
934
900
816
852
848
820
794
792
768
756
750
782
794
852
926
906
906
912
908
886
864
874
878
878
862
796
806
754
774
738
756
780
908
934
916
946
978
954
868
886
892
878
858
846
844
796
806
764
794
780
752
770
742
778
830
838
828
862
914
938
904
854
866
846
836
820
820
820
816
798
774
810
794
822
938
924
894
872
880
832
876
886
900
886
862
876
888
872
898
904
874
908
938
886
910
926
920
920
988
1062
954
982
1000
946
972
986
956
950
964
962
914
960
986
942
1106
1134
1008
1064
1082
976
1014
1106
1024
990
1018
880
826
814
776
760
748
732
708
680
676
660
654
650
640
644
642
632
626
624
626
634
650
668
692
692
708
720
718
708
680
672
658
666
664
670
672
668
668
658
656
656
656
652
648
646
642
632
622
612
610
596
590
586
586
586
588
588
586
588
586
586
586
598
580
590
592
624
678
678
662
694
710
722
744
756
772
754
756
740
744
732
732
720
716
710
704
710
698
686
676
682
696
774
792
822
800
842
844
946
982
1080
1004
900
896
876
890
938
882
836
814
844
860
888
864
864
874
934
914
924
978
926
972
1054
984
1018
1184
1028
954
940
922
942
980
936
1012
1084
980
1082
1068
934
1004
918
974
944
908
956
1000
980
1046
1228
1084
1000
1048
1066
1002
1130
1168
1008
1024
1112
986
1056
1114
1030
1056
1124
1022
1066
1112
1022
1058
1078
1028
1124
1202
1038
1070
952
878
894
908
906
936
1034
1014
968
1040
1068
988
1018
1074
1034
998
1042
1024
958
950
990
970
890
900
880
886
920
984
946
1104
1174
1018
1096
1160
1096
1008
1020
1054
1006
958
1022
1038
970
970
1034
1068
1002
1114
1128
1020
1074
1168
1116
1020
1072
1072
1056
1026
1038
1022
1012
1052
1078
1010
998
1024
1000
1026
1126
1046
1014
1120
1104
988
1016
1072
1046
982
1042
1116
1048
1070
1150
1084
1010
1072
1104
1022
936
922
904
926
1054
1256
1074
1130
1164
1054
1120
1112
1012
1032
1064
1078
1014
1072
1092
1002
1016
1060
1058
968
1012
1018
1004
1022
1044
1002
962
1004
1040
994
1014
1066
1078
1034
1124
1146
1052
1042
1046
982
1038
1102
1058
1022
1086
1094
1024
1028
1068
1042
976
1030
1070
994
1022
1054
1026
976
1050
1090
1018
1028
1054
1032
988
1036
1050
990
990
1012
1000
982
1000
1042
1010
962
982
1014
1018
960
976
1010
1044
970
1006
1022
1014
968
1002
1032
988
974
1028
1020
972
928
876
828
780
796
752
704
686
676
660
650
656
640
632
626
610
620
616
614
620
646
670
732
802
864
838
864
836
790
750
738
716
702
682
688
670
668
694
710
776
816
856
824
758
780
716
706
712
724
706
706
716
756
808
820
798
784
788
770
750
720
714
712
702
692
688
674
668
670
670
684
688
688
682
682
684
692
694
692
692
678
670
662
648
640
628
616
612
608
608
630
742
946
830
1018
924
874
794
750
718
676
656
648
638
634
620
614
600
602
598
628
760
800
730
814
926
898
932
898
840
828
788
762
740
718
704
696
686
672
666
668
730
708
700
692
702
710
732
750
762
752
746
720
706
692
674
666
658
648
642
630
628
626
622
626
628
634
642
638
638
634
626
622
618
612
616
666
750
894
942
906
862
826
786
792
756
736
748
730
752
744
756
790
824
864
836
840
838
832
790
798
790
798
790
806
812
792
942
920
930
936
886
860
856
816
784
772
762
742
740
720
734
726
722
726
736
730
730
716
756
762
778
802
872
848
948
978
956
908
888
850
796
796
796
796
808
768
776
800
832
866
842
892
898
898
874
824
834
810
780
760
764
768
784
788
786
772
794
828
902
882
832
800
816
788
784
754
752
754
752
752
734
710
722
710
732
752
772
920
938
946
908
922
920
874
838
820
794
762
736
720
716
704
696
704
710
712
706
702
698
690
682
670
666
660
650
640
632
630
626
618
616
616
618
638
708
834
808
782
764
740
710
688
666
650
642
630
624
616
614
614
610
612
612
622
632
644
682
676
700
752
780
766
732
726
718
716
724
728
742
766
756
738
728
718
702
686
662
650
638
632
646
674
920
890
920
922
916
892
852
826
754
730
748
726
718
724
722
742
774
776
826
822
792
788
802
808
798
770
804
784
782
760
774
746
760
772
908
1108
990
906
894
832
826
812
864
900
914
888
876
834
806
838
862
1024
952
1058
1040
1086
994
988
1056
944
936
956
904
886
948
978
938
1036
1048
936
1006
1010
944
1000
1038
938
962
1012
938
1000
1084
944
920
1010
1132
1028
918
976
1048
980
1052
1236
1170
1134
1154
1008
954
938
888
878
910
924
920
1106
1182
1036
1038
1074
1030
942
998
1152
1030
1064
1172
1096
982
1032
1082
982
1030
1094
1018
972
1020
1032
958
972
928
866
862
870
904
918
1012
1052
994
1004
976
992
922
960
1002
1000
978
1060
1082
984
1006
1018
986
944
994
1024
970
944
932
884
856
822
806
804
766
786
760
772
774
768
776
772
770
820
922
908
882
870
868
866
916
1214
1036
960
928
970
980
928
932
1006
1024
964
996
1068
1078
988
904
828
816
772
744
726
698
668
696
690
682
678
684
690
682
668
682
702
720
760
850
930
862
836
798
782
780
752
822
844
914
974
898
868
862
848
858
840
794
822
824
818
818
816
816
818
808
788
774
768
752
742
730
724
710
698
684
672
660
662
658
658
662
676
704
718
766
772
766
750
716
702
694
682
660
636
628
620
624
634
652
668
670
668
676
694
706
712
738
732
724
722
698
684
672
656
640
626
612
612
598
598
650
854
794
996
902
924
886
852
788
804
768
776
760
740
738
754
710
744
768
772
766
780
828
832
808
814
802
794
802
774
814
820
810
808
840
838
828
798
790
798
1278
1026
1046
1086
1102
1144
1134
1082
1048
1050
998
960
970
958
996
1038
986
1048
1068
1054
1110
1106
1060
1058
1088
1100
1034
1084
1086
1040
1074
1086
1032
1062
1096
1058
1088
1128
1066
1050
1032
972
952
868
1036
1126
1182
1210
1058
942
1022
1118
1028
1082
1146
1040
1036
1098
1086
1084
1222
1132
998
1080
1160
1058
1078
1154
1074
1068
1142
1088
1022
1060
1078
982
990
1034
974
974
1046
1068
1004
1074
1110
1032
1050
1050
1042
980
1092
1180
1052
1054
1114
1082
1052
1118
1092
994
1074
1124
1026
1072
1142
1078
1010
1096
1094
984
996
1044
1018
1076
1182
1104
1014
1044
1106
1070
1012
1082
1108
1004
1036
1068
1024
1004
1074
1072
1008
1100
1106
1008
1022
1088
1060
994
1060
1142
1066
1060
1120
1098
998
1036
1154
1116
1060
1086
1060
994
1078
1120
1022
1052
1154
1098
1010
1068
1086
980
980
1096
1134
1054
1136
1146
1068
1046
1084
1030
1022
1062
1054
996
1022
1038
1046
972
1018
1060
1060
988
1034
1056
1012
1000
1078
1090
1008
1058
1114
1040
1014
1060
1098
964
960
980
1044
986
1068
1020
922
904
892
888
898
900
868
874
898
966
1004
960
1004
1020
974
932
980
994
952
944
988
1048
1002
1018
1078
972
928
918
868
868
882
990
882
992
964
984
1044
1022
948
1004
1020
982
942
994
1016
1000
1032
1134
1122
1062
1116
1130
1100
1016
1050
1134
1078
1040
1104
1114
1010
1008
1032
1018
996
1130
1148
1070
1176
1162
1042
1046
1074
1038
988
1100
1200
1070
1070
1138
1120
1056
1136
1148
1076
1048
1088
1072
998
1060
1134
1100
1014
1052
1120
1094
1032
1116
1146
1036
1038
1072
1084
1006
1028
1136
1124
1026
1098
1162
1108
1040
1070
1018
944
966
976
974
972
1060
1144
1064
1024
1058
1020
928
898
922
952
996
1018
1058
1126
1110
1046
1066
1020
1014
988
1056
1120
1032
1054
1118
1096
966
958
962
966
944
1012
1136
1122
958
866
824
806
754
718
710
682
710
674
690
670
660
630
630
632
602
592
580
576
596
636
714
1084
996
942
996
1088
1072
1012
982
1002
968
910
944
868
896
902
850
1022
940
860
826
820
806
766
764
742
726
702
682
668
650
642
642
642
634
630
644
650
654
654
700
720
718
688
686
680
662
656
644
642
648
676
698
694
688
674
678
664
658
650
642
636
642
642
668
778
996
894
830
758
744
716
688
656
640
620
600
594
586
578
572
578
616
690
738
790
852
