1052
1074
1028
1012
958
996
1072
1172
1130
1094
1152
1146
1084
1096
1102
1080
1032
984
988
1054
1124
1086
1080
1106
1120
1102
1060
1074
1098
1112
1088
1038
1092
1122
1136
1116
1062
1008
1048
1110
1102
1056
1030
1102
1144
1132
1080
1070
1094
1134
1118
1054
1054
1090
1098
1080
1040
1034
1092
1122
1074
1026
1004
1040
1098
1040
940
998
1142
1230
1134
1122
1116
1126
1118
1066
1070
1092
1136
1092
1098
1138
1174
1116
1092
1134
1148
1146
1088
1090
1178
1198
1150
1092
1170
1148
1124
1068
1016
1026
1066
1090
1050
1052
1110
1148
1130
1058
1066
1054
1078
1062
1032
1062
1100
1108
1036
964
1032
1116
1124
1116
1190
1238
1188
1162
1066
1050
1068
1092
1086
1050
1056
1128
1128
1104
1020
1052
1080
1098
1078
1082
1138
1176
1142
1050
1096
1134
1122
1042
1012
1074
1122
1136
1076
1110
1144
1132
1054
950
882
844
876
904
960
1096
1186
1120
1172
1190
1178
1166
1088
1124
1168
1164
1124
1050
1074
1108
1112
1102
1056
1114
1126
1124
1048
1054
1122
1128
1068
1048
1070
1110
1070
1056
1092
1114
1098
1032
1038
1128
1168
1158
1122
1154
1202
1210
1132
1094
1172
1204
1162
1116
1078
1100
1116
1096
1018
1098
1140
1150
1098
1138
1158
1180
1148
1074
1064
1138
1134
1116
1078
1018
1096
1138
1148
1080
1126
1140
1092
1042
1130
1192
1218
1144
1120
1120
1116
1074
1076
1130
1158
1134
1092
1134
1140
1130
1100
1054
1062
1112
1128
1094
1064
1076
1098
1086
1066
1074
1108
1166
1120
1056
1096
1102
1110
1054
1106
1114
1094
1026
1068
1106
1098
1076
1032
1056
1100
1168
1130
1094
1150
1186
1174
1088
1044
1118
1142
1110
1122
1142
1164
1100
1098
1138
1136
1116
1040
1074
1094
1124
1098
1060
1086
1104
1114
1070
1034
1080
1134
1146
1068
1066
1098
1172
1126
1068
1102
1128
1114
1074
1028
1080
1116
1124
1082
1046
1102
1148
1108
1058
1100
1144
1148
1092
1082
1106
1128
1110
1058
1080
1098
1106
1060
1002
1042
1096
1170
1132
1126
1162
1168
1112
1108
1138
1150
1114
1062
1088
1136
1154
1088
1038
1072
1088
1138
1096
1054
1108
1104
1068
1026
1094
1124
1180
1136
1118
1154
1162
1134
1098
1106
1112
1090
1022
1086
1146
1160
1104
1048
1092
1164
1166
1098
1060
1076
1072
1046
1010
1050
1100
1108
1062
1066
1122
1140
1056
1048
1104
1126
1102
1110
1122
1110
1094
1050
1024
1026
1036
1034
1108
1172
1184
1146
1100
1140
1164
1148
1076
1104
1120
1098
1070
1008
1058
1116
1088
1024
928
960
1020
1100
1074
1116
1120
1144
1080
1086
1138
1170
1140
1082
1106
1108
1110
1058
990
1030
1054
1094
1066
1054
1148
1166
1140
1102
1158
1188
1194
1112
1106
1140
1126
1104
1066
1060
1112
1108
1116
1052
1054
1088
1136
1128
1080
1126
1134
1122
1062
1110
1142
1142
1084
1048
1106
1136
1108
1062
1064
1078
1118
1090
1056
1100
1124
1120
1082
1086
1100
1120
1092
1044
1108
1128
1136
1076
1110
1162
1122
1062
1010
1032
1068
1086
1116
1086
1112
1156
1156
1066
1056
1102
1118
1070
1064
1088
1114
1108
1016
1070
1096
1122
1074
1100
1124
1096
1034
1088
1120
1132
1136
1162
1140
1122
1134
1150
1164
1104
1068
1116
1138
1116
1078
1046
1108
1144
1094
1026
1076
1088
1148
1106
1142
1186
1176
1114
1108
1130
1132
1078
1086
1108
1144
1144
1080
1108
1106
1086
1064
1022
1068
1104
1094
1050
1078
1110
1094
1052
1044
1122
1140
1156
1092
1080
1118
1154
1068
1014
1080
1108
1074
1046
1048
1056
1120
1100
1040
1094
1120
1120
1076
1028
1074
1096
1042
1036
1088
1136
1062
1076
1116
1130
1114
1060
1068
1070
1090
1042
1066
1116
1112
1064
1014
1078
1086
1074
1054
1068
1098
1102
1074
1038
1092
1094
1068
1012
982
1062
1084
1054
992
912
900
954
1034
962
894
926
992
986
918
970
1020
1038
958
986
1020
1062
1026
1032
1110
1124
1138
1102
1040
1078
1108
1128
1114
1040
966
964
1002
1010
976
1072
1150
1104
1060
1130
1210
1198
1118
1170
1216
1196
1188
1152
1046
1032
1056
1058
1012
1000
1092
1202
1148
1178
1238
1244
1182
1102
1132
1152
1152
1104
1072
1084
1114
1130
1108
1048
1042
1014
1022
1022
1064
1164
1166
1122
1202
1224
1156
1086
1132
1102
994
870
842
796
824
678
720
724
676
678
650
648
650
644
628
632
620
612
608
602
600
600
610
650
756
866
938
922
1016
1106
1106
1092
1138
1142
1134
1186
1172
1182
1228
1222
1184
1088
1102
1332
1290
1168
1302
1354
1306
1184
1270
1204
1164
1144
1286
1226
1192
1204
1228
1244
1198
1192
1280
1226
1178
1302
1220
1176
1092
1080
1072
900
874
930
982
1076
1182
1144
1150
1194
1148
1184
1174
1148
1056
1034
1086
1172
1146
1194
1206
1194
1178
1092
1136
1178
1200
1112
1094
1158
1226
1132
1042
1048
1202
1296
1210
1284
1282
1232
1172
1214
1228
1198
1202
1116
1068
1036
1056
1072
1110
1318
1312
1256
1192
1206
1200
1172
1170
1146
1090
1094
1134
1116
1066
1008
982
1102
1204
1194
1128
1092
1170
1130
1092
1100
1114
1138
1184
1192
1132
1152
1154
1194
1152
1060
1106
1160
1154
1130
1202
1188
1184
1140
1154
1196
1174
1058
980
1058
1194
1216
1148
1230
1226
1198
1144
1174
1152
1116
1108
1062
1006
980
1002
1032
1028
1058
1110
1122
1184
1230
1216
1098
1060
1070
1046
1006
1054
1102
1050
1096
1116
1110
1166
1182
1140
1094
1136
1218
1222
1126
1078
1114
1188
1212
1198
1154
1088
1158
1210
1218
1164
1126
1200
1158
1108
1110
1238
1206
1112
1042
1014
1176
1222
1218
1148
1160
1242
1256
1218
1140
1112
1150
1096
1036
996
984
1052
1016
902
868
814
806
828
892
1012
1034
1068
1078
1080
1054
1104
1134
1138
1158
1104
1120
1160
1146
1158
1116
1080
1158
1184
1162
1108
1136
1228
1210
1194
1110
1156
1172
1152
1130
1076
1150
1192
1164
1108
1042
1058
1070
1060
1054
1078
1164
1258
1232
1188
1154
1130
1134
1138
1190
1310
1308
1240
1112
1126
1198
1230
1190
1134
1094
1110
1116
1090
1118
1172
1200
1146
1028
1022
1078
1108
1050
1080
1246
1236
1170
1090
1132
1172
1162
1140
1056
1096
1116
1088
1052
1054
1084
1112
1080
1102
1096
1148
1162
1142
1184
1232
1220
1188
1138
1192
1222
1184
1126
1080
1158
1162
1120
1086
1074
1106
1248
1242
1180
1144
1188
1124
1154
1186
1198
1152
1116
1130
1120
1044
984
1144
1212
1198
1148
1192
1248
1120
1052
1048
1158
1218
1236
1156
1174
1200
1208
1206
1128
1176
1240
1180
1154
1060
1000
1116
1206
1220
1154
1284
1308
1234
1156
1160
1198
1144
1136
1078
1054
1206
1260
1190
1122
1094
1152
1112
1048
1044
952
946
1038
1244
1192
1324
1314
1268
1180
1150
1168
1166
1152
1148
1190
1180
1152
1106
1084
1082
1160
1204
1166
1116
1176
1198
1180
1132
1164
1126
1122
1094
1062
1076
1154
1152
1128
1076
1130
1140
1104
1056
1204
1150
1092
1036
1062
1100
1108
1074
1072
1108
1132
1130
1064
1084
1112
1104
1022
990
1094
1120
1100
1050
1044
1048
1016
954
924
938
1026
1150
1126
1160
1232
1224
1148
1106
1100
1098
1096
1068
1118
1310
1210
1156
1114
1108
1194
1218
1196
1134
1134
1164
1166
1078
1024
1096
1054
1014
1028
1076
1098
1068
1156
1230
1224
1120
1036
1040
1086
1138
1162
1226
1226
1184
1144
1038
1062
1146
1182
1198
1202
1206
1204
1140
1114
1130
1122
1082
1014
1110
1136
1100
1094
1110
1136
1076
1028
1046
1060
1144
1122
1102
1076
1080
1116
1106
1090
1184
1142
1112
1110
1080
1154
1160
1152
1144
1104
1162
1154
1096
1012
1004
1072
1158
1160
1120
1102
1190
1240
1196
1084
1098
1128
1106
1124
1072
1042
1090
1150
1144
1082
1078
1188
1284
1238
1212
1236
1182
1096
1138
1184
1162
1072
1078
1148
1158
1110
986
990
1040
1084
1160
1180
1188
1284
1288
1226
1220
1258
1214
1128
1122
1182
1144
1066
1046
1030
1018
976
972
1070
1078
1066
1098
1160
1162
1112
1086
1108
1164
1190
1106
1122
1158
1250
1230
1196
1206
1216
1184
1160
1140
1102
1064
1120
1136
1116
1098
1062
1104
1120
1118
1004
1028
1222
1238
1158
1182
1202
1180
1076
1054
1094
1178
1194
1128
1118
1168
1134
1034
978
1000
1018
1046
1022
1022
1140
1212
1132
1148
1196
1110
1116
1158
1124
1038
966
996
1152
1130
1198
1256
1182
1108
1150
1244
1234
1180
1192
1164
1148
1128
1114
1200
1194
1172
1178
1220
1132
1120
1196
1158
1062
1074
1144
1176
1168
1154
1142
1210
1238
1168
1134
1102
1068
1042
1032
1184
1224
1254
1204
1332
1262
1136
1154
1164
1186
1152
1220
1266
1194
1150
1104
1106
1064
1060
1156
1212
1102
1096
1226
1242
1214
1236
1276
1300
1144
1168
1178
1138
1042
990
1052
1178
1292
1184
1170
1160
1130
1114
1134
1156
1134
1044
1028
1046
1038
1006
978
902
914
882
926
998
1148
1168
1196
1280
1304
1264
1170
1254
1294
1204
1152
1182
1158
1182
1214
1234
1124
1108
1114
1104
1114
1104
988
1046
1026
1068
1014
986
1036
1064
1062
1034
1034
1074
1086
1082
1080
1030
1014
1060
1070
1058
1026
978
1054
1040
1076
1156
1120
1138
1234
1212
1174
1212
1256
1312
1280
1264
1322
1376
1360
1284
1220
1196
1090
1168
1286
1288
1350
1300
1184
1134
1008
968
1020
986
1088
1038
1034
1020
1032
1170
1198
1146
1104
1066
996
972
972
930
914
926
928
922
918
946
964
952
948
992
990
952
988
984
938
950
936
916
922
1010
1000
976
994
1014
972
966
946
926
920
932
948
960
1004
1010
1064
1090
1106
1088
1120
1104
1094
1066
1088
1124
1122
1056
1094
1058
1098
1070
998
1032
1020
1022
1080
1010
998
928
930
930
950
976
1008
970
998
998
988
976
940
942
920
920
898
914
908
904
884
896
890
902
894
892
904
896
898
894
868
868
848
836
832
822
820
824
832
860
864
850
854
852
860
870
878
866
870
866
878
910
910
910
896
896
886
878
866
854
852
852
890
938
960
1038
1064
1024
1020
1028
984
992
966
944
968
988
950
914
916
944
956
932
882
858
836
798
784
792
848
970
1020
1014
1024
1022
1004
992
958
936
930
938
940
932
916
938
934
932
934
932
930
932
950
998
972
944
930
920
912
906
916
934
980
1026
1004
992
980
994
956
914
910
902
898
924
968
1004
944
910
888
860
876
946
1030
1064
1152
1282
1216
1148
1134
1094
1014
994
958
986
988
988
980
972
966
962
960
940
940
970
998
1050
1036
1030
992
960
960
974
960
928
940
950
1042
1120
1170
1116
1150
1196
1294
1296
1282
1310
1304
1244
1180
1112
1030
1014
920
862
856
846
866
910
1026
1072
1042
1034
1106
1170
1134
1124
1124
1130
1162
1266
1186
1212
1136
1156
1170
1116
1062
1068
1078
988
904
862
824
814
858
1050
1082
1002
1078
1164
1152
1062
968
978
964
956
884
838
830
824
902
958
1010
1052
1074
1042
1034
1036
1036
1076
1014
966
980
986
990
956
920
936
992
1026
996
956
958
990
1056
1056
1054
1082
1066
1020
968
982
1046
1128
1082
1070
1134
1146
1110
1052
1068
1148
1282
1220
1274
1198
1228
1184
1094
1128
1080
1074
1124
1176
1116
1138
1094
1048
1068
1020
970
982
982
990
982
1020
1100
1176
1198
1178
1120
1028
1022
990
964
960
992
1052
1088
1064
1018
1080
1098
1074
1022
1044
1026
1008
970
980
986
992
976
948
936
940
1036
1050
1078
1038
1034
1136
1186
1136
1154
1124
1038
1068
1046
990
954
944
938
960
974
1004
1010
1130
1166
1122
1092
1118
1124
1074
1134
1136
1110
1110
1118
1176
1142
1206
1244
1204
1138
1100
1166
1212
1182
1210
1198
1222
1218
1192
1212
1214
1232
1238
1202
1210
1200
1216
1254
1218
1160
1168
1106
1130
1182
1170
1240
1156
1114
1106
1112
1112
1140
1110
1046
1102
1098
1052
1030
1028
1002
968
956
930
902
898
912
908
922
926
938
980
976
982
988
982
982
924
872
864
848
782
750
734
740
756
756
816
858
876
908
924
914
926
922
912
914
950
978
998
1032
1036
1028
1044
1074
1070
1032
982
970
1044
1136
1158
1096
1130
1208
1210
1176
1070
1008
1002
1052
1098
1076
1146
1188
1136
1108
1098
1092
1078
1092
1096
1118
1270
1240
1192
1058
1000
1076
1154
1160
1116
1142
1162
1180
1174
1106
1018
1034
1066
1086
1098
1052
976
1056
1180
1204
1134
1156
1208
1262
1196
1108
1136
1154
1180
1190
1156
1164
1146
1120
1036
1074
1094
1088
1122
1164
1154
1128
1060
1116
1148
1160
1174
1164
1276
1290
1228
1266
1290
1240
1252
1268
1198
1206
1206
1164
1026
1012
1042
1132
1124
1060
1118
1152
1210
1214
1274
1186
998
980
1012
1144
1128
1400
1370
1288
1210
1246
1196
1174
1116
1104
1198
1152
1108
1092
1202
1298
1278
1316
1298
1224
1214
1130
1056
1086
1134
1094
1044
1060
1032
1030
992
906
888
978
1046
1174
1318
1288
1188
1180
1106
1104
972
890
858
972
1252
1174
1296
1306
1254
1150
1138
1146
1150
1128
1056
1080
1130
1156
1176
1152
1132
1234
1292
1212
1066
1006
1044
1078
1014
946
948
1010
1008
960
992
1026
1066
1028
1058
1088
1048
1068
1164
1130
1050
1080
1182
1168
1042
1002
1082
1050
968
978
1026
1160
1098
1146
1276
1178
1144
1200
1148
1124
956
866
790
776
824
808
816
792
772
812
792
830
924
1092
1154
1148
1168
1146
1142
1158
1214
1176
1150
1162
1206
1038
952
1034
1084
1020
998
966
962
924
892
862
836
922
1076
1340
1316
1276
1230
1186
1124
1094
1124
1262
1306
1250
1190
1156
1298
1324
1230
1172
1102
1148
1256
1240
1152
1184
1268
1254
1134
1134
1200
1192
1214
1192
1152
1120
1110
994
978
1358
1338
1248
1162
1274
1280
1176
1188
1220
1152
1142
1128
1130
1014
946
1070
1198
1274
1194
1226
1298
1250
1148
1118
1172
1216
1174
1116
1168
1256
1240
1116
1116
1110
1116
1126
1072
1022
1112
1198
1190
1114
1084
1042
1032
1090
1102
1194
1316
1214
1154
1066
1140
1178
1138
1082
1020
1024
1132
1134
1008
932
964
916
888
970
980
1154
1218
1174
1058
1134
1178
1194
1112
1172
1198
1170
1108
1126
1176
1128
1068
1110
1054
1062
1208
1252
1210
1172
1158
1208
1184
1170
1062
1060
1092
1140
1086
1124
1178
1266
1202
1268
1326
1226
1154
1088
1142
1184
1234
1132
1088
1232
1290
1268
1224
1176
1254
1268
1228
1134
1160
1128
1128
1098
1144
1308
1284
1200
1110
1088
1068
1106
1078
1050
1156
1234
1204
1128
1088
1130
1144
1102
1040
1148
1158
1166
1058
1020
1106
1188
1156
1126
1256
1278
1206
974
880
860
920
1192
1414
1450
1366
1236
1290
1330
1252
1188
1130
1120
1242
1294
1288
1194
1182
1320
1302
1220
1138
1034
1042
1060
1076
1042
1020
1132
1144
1098
1026
1018
1164
1200
1144
1168
1260
1278
1202
1094
1136
1166
1192
1136
1024
936
902
954
1166
1242
1400
1374
1314
1176
1186
1200
1124
1112
1030
1040
1266
1306
1190
1288
1298
1258
1136
1122
1192
1202
1186
1082
1044
1100
1156
1136
1108
1058
1004
1050
1076
1048
1010
978
1070
1158
1170
1106
1012
1036
1050
1134
1076
1172
1392
1364
1208
1256
1328
1296
1202
1084
1126
1196
1184
1090
1128
1166
1188
1126
1114
1228
1214
1174
1102
1132
1170
1214
1176
1114
1108
1182
1214
1134
1108
1194
1212
1142
1064
1140
1190
1148
1066
1058
1052
1060
1080
1094
1288
1274
1158
1112
1170
1198
1144
1068
1078
1108
1110
1044
1074
1142
1124
1090
1028
1030
1086
1114
1122
1038
1002
1056
1128
1124
1066
1074
1162
1122
1096
1032
1070
1116
1144
1110
1050
1076
1146
1172
1136
1050
1104
1120
1130
1108
1092
1012
994
1102
1200
1132
1120
1228
1260
1194
1108
994
1004
1130
1234
1228
1188
1298
1288
1228
1178
1078
1156
1194
1216
1132
1192
1202
1172
1140
1080
1112
1174
1226
1196
1136
1088
1048
1088
1074
1120
1314
1262
1158
1076
1116
1078
988
968
1016
910
870
916
916
986
1024
912
856
816
838
808
772
752
744
726
702
682
672
654
646
634
624
614
616
614
678
858
888
1044
1136
1198
1250
1214
1270
1298
1262
1174
1128
1254
1262
1202
1300
1256
1214
1296
1284
1212
1276
1336
1274
1148
1160
1296
1316
1224
1332
1456
1264
1014
1028
1156
1054
910
868
876
896
960
978
948
872
812
794
774
770
804
892
1034
1128
1108
1212
1258
1270
1242
1198
1308
1288
1236
1138
1108
1138
1178
1098
1190
1250
1158
976
898
868
924
1182
1170
1174
1254
1190
1118
1158
1140
1090
1042
1124
1144
1096
1190
1208
1148
1104
1128
1170
1120
1052
1094
1126
1094
934
900
870
646
696
1032
728
718
718
714
704
696
696
696
708
728
780
846
884
898
962
972
974
1006
1026
1076
1122
1110
1080
1104
1158
1120
1150
1206
1244
1212
1222
1198
1214
1202
1204
1164
1176
1238
1262
1206
1256
1240
1248
1248
1132
1216
1256
1216
1152
1082
1154
1150
1126
1208
1212
1124
1124
1122
966
904
864
846
888
916
908
932
976
1054
1136
1124
1150
1204
1220
1202
1198
1166
1226
1286
1276
1222
1252
1258
1220
1104
1076
1156
1214
1174
1274
1266
1236
1152
1220
1238
1234
1168
1266
1290
1300
1276
1198
1178
1240
1274
1202
1176
1200
1188
1138
1194
1182
1136
1072
1104
1146
1158
1138
1074
1136
1176
1190
1124
1092
1160
1252
1202
1208
1296
1276
1146
1196
1284
1288
1228
1144
1108
1164
1166
1146
1216
1176
1102
1086
1090
1092
1034
1072
1128
1112
1058
1126
1168
1176
1142
1232
1250
1182
1148
1218
1216
1122
1050
1096
1230
1274
1236
1276
1320
1244
1172
1216
1212
1200
1162
1190
1216
1258
1192
1190
1246
1250
1230
1186
1188
1172
1106
1112
1316
1436
1330
1388
1402
1368
1250
1298
1310
1234
1144
1186
1250
1242
1158
1146
1152
1158
1152
1182
1208
1238
1178
1172
1252
1296
1238
1158
1198
1234
1208
1162
1190
1196
1198
1174
1126
1182
1256
1214
1256
1294
1266
1160
1176
1222
1246
1162
1172
1172
1168
1104
1116
1180
1144
1106
1198
1198
1172
1140
1216
1242
1216
1174
1280
1262
1216
1152
1138
1160
1210
1220
1132
1186
1216
1242
1190
1344
1372
1276
1142
1178
1306
1306
1218
1258
1296
1268
1108
1136
1168
1226
1210
1380
1336
1258
1188
1246
1274
