636
666
684
712
736
712
696
694
698
680
672
670
682
690
744
718
716
744
756
732
748
768
768
752
786
768
736
752
730
706
736
732
718
712
672
686
684
684
688
680
698
724
706
714
736
688
710
690
660
664
660
636
632
628
616
614
616
632
658
674
676
668
688
688
664
666
658
680
720
678
686
692
688
686
672
674
652
670
670
684
684
694
688
682
660
654
644
636
620
614
620
622
618
630
646
644
666
676
682
674
682
704
722
710
758
756
760
700
712
708
730
718
704
682
668
678
656
656
664
698
886
834
840
814
790
750
740
700
686
712
726
734
710
690
674
658
654
650
638
636
632
632
630
632
644
654
664
686
694
680
678
678
660
644
648
636
626
622
624
624
620
624
638
656
680
694
732
772
748
752
762
736
698
704
712
708
700
692
820
790
742
750
732
724
682
664
660
650
636
642
654
684
686
702
720
732
698
682
680
664
646
654
650
664
660
656
662
662
674
688
676
694
698
674
680
664
654
644
634
618
624
628
638
648
650
674
678
676
686
664
666
674
684
666
674
702
708
710
702
680
674
670
662
658
658
646
644
654
716
776
798
782
722
714
714
710
668
676
670
684
686
672
684
686
674
690
692
676
672
684
696
714
688
692
686
670
650
662
666
662
672
704
724
694
708
718
694
676
682
674
650
664
664
678
668
678
686
678
672
674
666
656
652
646
644
632
638
634
644
654
672
658
660
664
666
648
660
664
664
662
674
688
674
662
682
682
662
664
668
666
662
662
662
644
650
648
664
664
672
650
646
644
624
612
606
604
602
594
594
588
590
588
586
580
582
574
576
576
580
576
574
576
580
576
576
582
578
588
594
612
626
660
638
668
660
658
638
636
624
628
628
634
646
658
662
654
638
634
630
638
646
668
682
690
694
674
686
696
684
678
686
692
714
696
718
728
718
690
680
660
636
632
622
616
612
610
606
602
600
610
632
672
664
684
666
666
666
668
668
656
648
626
626
614
622
628
612
618
646
642
648
644
638
630
624
618
606
608
594
588
574
588
588
610
634
654
638
656
648
636
626
604
612
604
612
624
612
642
714
734
734
718
694
684
650
650
632
648
660
654
668
688
708
722
718
678
676
652
640
630
614
620
632
648
668
706
742
700
720
692
696
688
676
672
668
666
658
636
644
638
640
636
630
664
710
702
744
844
756
728
678
682
642
634
626
632
628
626
666
690
720
702
752
758
762
794
748
752
748
748
694
688
696
734
774
798
790
770
732
720
740
730
746
718
706
724
758
780
738
700
708
708
706
698
702
706
694
696
660
670
668
676
668
672
676
674
690
682
714
754
730
740
734
708
692
700
698
682
696
688
688
674
658
662
662
666
686
684
790
764
762
764
774
768
744
706
702
694
696
692
684
678
646
658
642
644
636
652
666
696
680
686
706
736
740
726
696
700
688
686
694
694
700
668
686
680
680
688
704
688
700
706
682
692
702
706
716
694
684
692
688
680
704
704
776
800
750
736
728
710
698
692
682
658
666
666
670
678
666
674
670
676
666
670
664
646
648
640
638
634
624
630
626
652
670
710
700
736
798
778
756
776
746
732
726
680
672
664
666
680
692
698
760
788
770
734
706
706
710
684
670
660
634
636
628
642
682
706
726
708
694
714
696
708
724
682
700
694
702
704
744
702
730
730
718
726
702
682
692
692
694
692
694
678
668
648
652
650
650
650
674
714
728
704
724
720
714
704
692
668
666
674
656
672
706
760
706
706
690
680
656
654
650
646
650
648
634
624
640
644
640
638
656
678
672
670
692
700
700
706
682
706
744
742
718
708
708
686
672
662
664
680
688
680
672
684
692
678
686
678
678
672
680
682
672
694
700
696
698
726
736
706
716
708
684
682
672
670
656
656
658
658
646
646
630
618
612
610
610
602
606
616
614
612
624
618
608
626
618
620
628
626
634
630
610
612
610
604
610
612
622
628
666
670
666
674
686
676
656
654
650
642
636
642
642
640
638
640
638
630
628
634
632
634
626
628
628
626
634
628
648
658
654
654
660
652
652
652
642
652
652
640
642
654
658
660
668
700
726
706
726
728
700
702
708
686
674
674
666
658
666
674
662
666
674
658
668
664
648
656
650
652
652
648
634
616
632
628
624
634
632
636
630
632
636
650
644
650
662
668
660
674
680
664
664
672
668
662
674
682
672
678
688
684
678
684
684
662
664
664
668
662
648
660
668
672
648
644
640
626
622
638
646
664
660
682
676
690
692
666
662
656
642
628
632
634
628
646
674
686
674
690
686
670
652
634
626
634
642
642
636
650
654
656
656
666
674
670
698
686
674
678
674
662
666
676
668
668
700
694
690
706
696
676
676
678
652
664
664
660
694
692
712
690
710
700
702
686
682
686
664
656
652
670
680
714
728
708
704
668
690
680
688
676
722
808
842
782
784
778
728
702
676
660
644
634
620
620
642
658
674
672
688
680
678
660
670
672
664
690
726
720
800
832
778
776
720
720
706
668
660
660
650
642
648
678
808
710
708
698
678
666
668
656
644
640
644
634
632
644
656
650
648
640
638
634
640
638
626
628
630
624
628
632
648
640
640
634
632
626
626
630
624
638
670
698
702
732
768
762
716
714
726
732
702
720
736
758
742
700
716
718
710
686
710
716
690
704
704
718
688
700
680
642
648
636
628
616
626
628
630
644
652
642
646
644
642
644
666
674
660
670
674
668
664
678
672
672
696
720
710
722
746
744
722
742
748
736
730
750
726
706
716
728
698
714
742
718
730
774
762
726
750
750
716
728
730
700
708
722
728
706
736
738
714
712
722
708
710
752
774
744
760
770
732
712
720
702
678
698
696
682
700
706
702
702
728
744
706
718
728
700
690
698
692
678
706
722
712
716
752
742
712
728
728
700
726
724
696
680
696
670
668
682
692
682
694
692
686
670
668
662
668
684
662
642
632
632
630
640
626
632
632
652
660
696
736
698
710
706
702
684
658
666
662
656
660
680
712
704
740
746
722
720
702
696
682
654
660
646
634
632
638
636
626
634
632
634
652
640
642
656
660
654
664
684
676
678
688
680
666
704
684
676
654
658
688
664
660
650
646
650
660
658
672
702
746
736
778
758
770
794
796
746
770
788
756
802
812
838
796
800
812
808
784
796
784
752
726
730
724
706
730
742
750
718
730
748
736
734
762
762
744
762
734
738
702
686
712
724
710
718
746
736
716
742
772
742
728
756
768
718
704
698
682
710
712
698
720
732
720
710
734
740
742
746
792
810
778
790
810
766
744
724
708
688
686
672
668
680
674
674
698
714
690
722
734
718
734
730
728
712
710
720
726
690
708
704
704
722
750
758
774
716
684
668
656
646
650
646
654
666
660
696
694
688
700
712
702
700
712
700
676
688
660
674
676
676
678
692
680
674
680
656
644
632
642
636
630
650
662
658
690
706
696
708
714
750
706
702
708
664
656
644
650
662
796
694
684
680
662
668
658
660
664
686
670
684
680
670
672
664
666
672
664
668
674
686
676
702
686
674
680
676
674
668
660
644
632
632
624
628
630
644
662
662
676
666
656
658
650
648
632
622
614
618
620
622
620
630
682
662
668
672
654
646
614
626
620
640
672
664
698
724
700
754
722
748
740
710
686
660
654
640
622
628
614
620
622
620
630
640
668
666
686
672
676
698
724
698
672
674
668
674
674
672
662
650
640
628
618
628
632
696
754
738
702
660
658
644
644
636
636
646
658
672
680
672
650
646
624
620
634
672
674
690
764
792
774
752
722
702
684
660
640
628
620
628
636
670
658
690
722
724
726
692
692
658
658
656
656
648
666
676
682
684
678
674
658
646
640
626
626
630
660
680
706
738
772
768
730
734
710
686
654
658
648
644
666
686
692
718
730
712
724
700
682
696
678
658
666
660
646
636
646
640
634
648
646
640
630
626
642
642
638
648
640
654
662
662
676
674
668
664
650
660
670
664
666
694
716
692
734
732
718
734
708
704
708
684
682
694
688
690
698
682
670
686
692
674
688
688
682
686
698
718
684
696
686
674
662
666
662
668
658
674
680
670
700
704
678
676
670
656
628
636
638
636
636
656
664
660
668
676
670
664
646
646
630
636
630
632
636
620
622
618
622
622
610
614
616
618
666
666
676
692
692
722
704
680
692
684
686
658
666
656
638
642
654
648
660
690
706
736
714
704
710
684
662
676
648
674
672
662
668
666
660
672
672
666
654
662
656
640
650
642
630
626
630
634
640
648
640
646
652
634
646
648
676
688
698
692
664
668
660
656
638
674
880
800
800
794
756
720
700
688
690
684
686
666
662
670
696
680
690
694
728
722
710
668
690
662
660
642
636
618
628
630
660
678
656
658
676
674
700
704
732
738
742
720
682
678
672
676
670
672
660
658
666
688
694
682
664
654
658
650
640
642
638
642
642
662
676
680
664
654
664
670
682
680
688
692
664
662
670
678
688
678
674
650
656
644
650
656
658
660
638
640
646
632
638
640
628
630
636
646
636
628
626
630
636
644
652
668
660
656
634
634
622
624
622
624
622
616
620
632
674
694
704
686
672
686
700
726
718
702
672
672
670
660
644
650
656
660
668
666
660
646
636
640
622
622
612
608
614
640
688
680
692
672
688
692
692
686
674
652
644
642
636
620
636
638
652
640
654
668
694
696
688
710
714
690
674
662
646
636
622
634
636
644
634
638
644
688
658
686
682
694
674
662
668
668
682
656
666
668
660
664
648
634
630
628
620
622
634
658
644
660
676
704
686
680
692
688
686
682
670
648
658
646
650
642
642
648
658
678
684
680
658
670
656
648
640
650
666
652
654
666
656
654
666
660
662
638
646
630
630
628
624
620
604
608
606
608
606
608
622
636
646
634
638
628
622
628
620
624
630
632
628
612
618
612
600
610
628
642
676
704
690
680
676
674
658
644
620
614
596
592
588
592
594
614
624
636
660
688
682
684
682
684
678
664
668
670
636
668
690
696
702
704
702
664
662
650
650
638
640
642
642
630
640
660
666
654
644
644
638
632
630
622
606
614
604
616
624
628
666
700
692
736
774
756
740
710
688
656
652
652
650
696
762
800
778
792
768
700
696
688
670
638
632
634
652
670
668
688
678
676
690
688
674
686
690
690
674
676
678
652
664
662
664
664
650
630
632
620
624
632
638
620
638
638
654
646
654
670
702
684
704
720
700
678
690
686
662
678
680
672
670
676
684
680
668
686
696
690
684
692
706
686
682
678
664
644
630
634
636
652
638
672
672
656
674
664
668
662
650
646
646
636
652
648
638
648
650
648
646
648
650
644
644
662
660
654
652
666
664
666
644
634
622
616
600
596
598
598
610
608
614
618
614
620
618
634
620
624
630
630
628
622
626
636
646
646
654
630
638
632
624
616
604
604
616
646
690
714
738
702
718
712
712
692
664
662
658
662
666
678
686
694
686
660
660
642
632
622
634
638
642
640
674
702
684
706
712
714
712
696
682
658
678
660
664
668
664
656
650
642
632
620
618
620
620
638
646
640
670
672
652
670
672
650
670
694
694
688
712
706
716
676
688
694
698
674
688
688
716
714
688
692
690
690
690
676
666
666
666
664
658
652
644
640
628
624
618
602
604
606
604
606
608
630
660
700
702
686
708
708
684
690
676
650
648
650
648
644
664
680
670
692
698
682
692
690
658
660
650
654
654
644
638
634
628
622
632
628
622
634
642
636
636
642
660
670
668
702
712
710
688
692
674
668
662
636
640
642
650
674
674
672
644
648
646
632
628
628
620
622
624
630
646
656
662
664
658
660
668
658
646
634
638
620
602
596
594
602
586
600
606
620
612
626
626
620
616
602
592
582
586
586
604
606
614
614
628
624
638
658
688
690
696
716
716
692
690
670
668
642
650
652
648
656
666
682
686
678
666
634
642
628
624
614
628
650
648
652
680
682
664
654
652
584
678
614
604
606
592
588
576
584
592
592
604
608
612
608
602
596
598
598
592
600
596
606
608
602
602
606
618
618
612
598
600
590
608
636
654
662
650
648
634
614
596
584
578
572
588
618
616
612
604
610
628
646
656
650
644
634
626
618
600
588
590
586
624
664
714
738
726
746
770
758
710
684
670
648
642
636
636
610
624
612
604
600
586
588
592
596
620
632
622
626
642
636
646
664
652
648
658
656
652
658
660
652
630
646
652
642
656
664
666
654
666
666
642
660
656
658
656
668
678
696
682
706
706
690
700
702
686
688
672
660
646
658
654
650
662
668
656
646
642
636
622
634
640
634
638
640
658
642
640
656
664
648
666
678
666
646
652
644
662
664
674
698
678
660
648
636
634
646
664
696
686
722
740
738
720
730
748
750
758
770
758
748
728
714
714
686
684
676
662
656
652
658
646
652
650
650
644
652
660
660
658
662
672
668
658
674
686
660
676
678
674
658
646
648
646
640
642
672
706
730
710
716
700
684
666
662
648
632
620
626
628
634
634
640
662
668
686
694
702
708
718
704
686
676
660
652
662
660
658
664
676
674
670
696
698
668
682
662
648
656
654
652
648
656
668
656
672
680
692
690
672
670
674
672
654
672
672
670
668
670
670
648
668
666
656
642
642
620
622
618
608
612
622
634
632
632
640
648
640
646
648
654
638
640
636
624
626
616
604
602
594
594
590
586
580
592
610
622
620
658
654
654
688
716
724
688
702
710
702
676
672
658
634
632
634
642
626
640
630
620
632
620
604
612
610
606
594
606
612
624
634
670
688
670
658
674
658
640
646
644
630
638
638
630
628
636
632
616
626
620
614
622
634
624
632
640
634
626
636
640
626
630
630
622
614
618
616
608
610
616
608
606
616
612
612
616
612
602
594
596
594
590
590
600
608
624
612
626
640
650
644
642
652
636
628
638
644
632
638
648
638
638
640
618
632
630
622
626
632
638
648
644
636
644
634
636
640
636
644
652
658
628
646
646
620
632
620
624
626
624
626
610
606
592
592
590
576
590
592
590
584
578
572
578
576
584
586
610
624
634
638
680
714
690
722
728
700
714
696
696
680
654
668
670
666
690
702
684
670
690
708
714
704
682
690
670
660
676
684
676
716
732
726
712
722
722
698
692
658
686
682
664
664
660
656
638
634
634
622
630
648
668
668
692
710
694
698
696
708
686
694
700
714
698
714
748
726
726
746
730
718
722
722
698
674
660
656
650
634
640
654
660
670
682
670
694
712
692
674
686
688
704
706
680
670
666
654
634
632
636
632
642
658
664
670
664
652
636
624
618
596
592
602
596
602
608
612
638
652
652
656
642
632
624
618
612
620
650
668
716
724
736
758
782
768
780
792
768
744
732
742
746
766
748
754
770
766
764
768
770
740
698
698
682
672
684
692
714
716
708
704
688
666
644
626
616
610
604
608
610
608
630
630
632
636
644
648
644
640
648
678
700
680
682
670
654
652
638
628
634
628
622
630
638
686
738
776
764
788
802
764
780
792
770
770
774
764
744
758
754
722
730
730
726
714
728
734
716
720
744
746
726
738
736
718
730
730
690
682
666
680
670
668
660
666
662
660
662
664
660
634
646
652
670
680
684
690
684
666
656
646
646
640
644
660
742
654
698
680
674
662
650
640
630
616
610
602
608
606
604
614
632
626
632
632
650
648
660
662
648
656
662
666
662
686
690
694
680
688
692
690
702
706
694
688
676
660
650
658
656
666
698
726
710
736
748
746
732
730
736
736
710
738
748
756
732
728
730
706
704
710
706
700
708
516
824
696
688
674
658
648
640
648
668
666
684
696
706
718
710
712
704
696
674
678
676
664
680
694
696
696
714
712
694
702
684
666
656
642
646
634
638
636
630
630
628
630
628
620
626
630
636
636
624
626
616
612
598
590
600
606
612
626
652
692
708
718
706
690
664
644
618
610
610
606
612
610
654
690
726
714
708
682
654
622
630
604
600
608
616
656
674
680
702
726
720
720
722
732
722
696
668
646
628
626
626
638
640
636
666
682
726
692
668
658
652
654
664
686
698
682
682
666
640
646
640
630
632
646
682
718
734
746
734
718
706
670
644
646
626
626
618
596
602
602
636
668
700
706
714
698
680
658
620
616
600
594
592
592
608
634
694
688
696
682
672
666
646
666
664
658
658
648
640
628
622
610
604
592
584
586
586
582
582
594
634
686
692
724
746
742
722
710
712
702
690
682
664
644
628
612
604
594
594
590
596
594
602
608
622
642
654
662
662
668
682
688
678
656
648
642
648
648
656
648
662
670
674
664
656
644
636
626
622
616
622
628
646
646
656
668
688
702
690
698
702
714
690
698
704
708
694
692
694
692
678
684
694
690
670
664
654
642
646
646
644
638
634
632
662
644
634
620
606
602
600
598
600
594
594
594
604
620
646
672
696
704
692
678
662
652
642
638
628
620
612
612
610
604
604
616
644
668
746
744
772
726
708
696
702
702
712
718
712
704
672
666
652
654
658
678
690
670
682
684
680
660
666
642
632
622
614
614
616
634
642
658
656
652
644
636
624
634
632
638
642
634
626
632
630
634
650
664
680
670
686
694
700
684
660
656
642
638
638
634
636
624
624
628
632
638
636
628
634
626
630
622
612
616
624
640
650
658
656
644
632
622
610
596
590
600
600
632
658
698
700
708
722
728
698
684
676
658
638
626
622
620
622
612
618
608
606
588
580
580
584
582
566
572
570
568
570
568
562
558
554
556
544
542
532
534
536
534
538
558
578
612
620
674
708
738
706
698
678
638
644
634
624
618
624
626
622
626
634
644
630
630
636
644
640
646
650
640
630
636
626
626
618
626
626
620
626
624
618
622
628
630
626
624
618
614
606
604
596
604
604
606
604
592
588
586
580
584
582
584
582
588
594
604
600
612
618
626
624
622
628
618
608
612
606
592
596
594
594
590
586
590
592
590
598
608
632
660
692
680
676
674
638
616
620
614
616
622
634
640
632
630
612
598
580
576
570
584
588
584
592
600
600
598
602
616
616
608
598
608
600
590
580
572
568
574
592
606
600
634
626
624
652
654
676
660
654
648
642
626
620
620
616
602
604
592
590
596
602
604
616
640
628
616
630
630
626
610
606
594
594
586
570
576
570
572
570
578
572
576
584
588
608
606
606
606
616
618
602
604
602
590
582
590
594
598
588
594
610
604
606
624
634
628
638
632
618
608
596
584
580
572
564
562
566
564
562
558
554
560
570
572
574
580
588
600
590
600
610
630
628
636
658
670
652
658
646
624
620
628
610
612
610
610
620
610
626
620
606
616
612
606
600
612
610
626
616
630
634
634
610
624
604
602
594
602
598
598
608
618
620
642
654
660
644
652
658
658
634
640
624
606
598
600
590
588
592
592
598
610
612
608
608
614
620
606
600
600
594
582
576
576
578
570
576
582
576
576
578
576
576
576
574
572
570
566
570
572
574
574
562
566
562
558
558
562
568
562
568
568
570
568
570
568
576
592
610
610
618
626
634
624
636
634
632
644
654
642
648
650
642
654
656
652
646
646
628
622
618
618
610
592
596
592
598
628
658
640
620
604
600
586
580
570
562
574
586
646
676
676
666
640
636
626
606
604
600
592
592
594
594
596
606
618
622
622
628
628
622
618
622
622
618
610
614
612
598
604
604
602
598
608
610
608
610
616
616
612
614
616
608
604
606
596
584
590
586
586
590
608
606
610
614
614
604
608
606
602
598
604
600
598
600
600
598
598
598
598
598
606
614
614
614
618
614
608
604
602
598
592
594
596
594
600
606
602
608
614
616
612
618
618
612
612
606
596
598
600
602
588
596
594
598
596
596
604
598
608
614
606
608
614
612
610
610
612
608
608
610
608
606
602
604
594
596
600
606
602
606
610
606
608
604
596
590
592
590
586
594
600
600
602
606
610
598
598
596
588
584
586
586
584
586
592
596
590
594
592
590
590
590
590
582
586
588
580
584
586
584
586
586
584
580
582
582
580
580
574
572
562
562
558
558
556
556
562
564
564
564
566
568
576
580
584
592
588
604
608
602
606
620
630
624
632
636
640
630
630
638
632
620
624
622
612
614
616
624
628
630
634
632
630
622
614
604
606
600
602
608
614
610
610
616
612
608
612
610
612
612
610
610
606
600
592
588
580
576
578
582
580
586
598
594
592
592
594
592
592
588
586
586
588
592
590
588
584
582
576
568
570
560
562
560
562
566
570
566
574
574
572
578
582
592
590
598
604
598
596
598
604
600
600
604
596
594
590
584
590
590
600
614
628
626
630
628
614
606
604
588
586
576
576
570
562
560
560
552
548
542
542
550
566
558
568
578
576
576
582
590
592
580
586
588
584
578
578
582
574
578
586
594
598
606
614
610
610
612
608
600
596
592
586
586
596
598
592
594
582
602
600
610
618
610
616
608
596
584
594
594
600
602
630
630
626
658
646
642
640
608
612
598
602
608
626
634
640
682
686
676
660
628
622
596
596
574
572
558
546
544
548
542
556
562
574
578
588
572
578
572
572
568
562
568
578
572
588
592
590
590
596
600
586
590
586
574
576
578
574
564
566
558
558
558
556
554
550
556
558
564
560
572
582
586
580
588
586
582
580
578
584
578
582
582
590
588
602
594
592
596
588
590
588
578
584
586
590
586
594
590
588
590
582
578
588
586
596
596
592
576
570
564
558
556
558
556
562
560
554
552
568
570
576
578
588
594
586
590
594
602
592
598
600
590
594
596
594
596
596
594
602
604
602
602
592
606
600
604
604
600
606
616
610
606
612
600
608
612
608
616
614
588
602
592
594
596
584
584
590
596
608
620
622
626
640
646
650
644
636
618
600
606
596
586
596
602
596
596
602
596
592
586
582
574
572
576
584
578
578
590
602
590
594
602
594
604
624
634
634
634
638
632
626
630
614
612
620
616
612
610
608
618
612
622
618
608
606
610
612
610
618
620
634
632
614
618
610
594
596
590
592
578
586
580
568
576
572
582
588
586
592
590
590
578
572
576
574
568
570
572
582
582
602
608
604
614
630
638
624
652
670
666
658
674
658
634
624
638
644
654
678
662
648
660
648
626
634
640
632
634
646
656
644
630
632
632
618
632
644
638
630
644
622
622
620
626
628
640
662
642
640
648
640
620
632
626
622
612
608
598
596
606
600
596
610
612
608
610
618
606
612
602
592
594
598
592
586
596
606
604
604
612
608
594
586
584
578
570
562
562
564
566
584
578
606
628
638
630
634
638
640
652
646
632
632
636
622
620
622
608
598
598
598
596
588
582
578
820
674
660
652
662
660
630
634
630
622
610
604
608
606
594
584
594
584
586
588
616
630
644
638
620
630
616
602
618
606
594
606
604
602
600
602
592
578
578
570
566
572
574
570
590
596
600
602
602
616
616
618
612
606
598
604
598
590
598
600
616
624
632
618
626
626
600
608
612
602
604
612
624
634
636
622
624
618
616
604
596
600
598
590
592
586
596
624
632
626
630
628
618
610
594
602
600
604
610
606
596
606
618
610
626
626
628
628
632
628
608
618
606
598
594
598
596
596
598
610
610
606
610
606
606
596
602
604
596
592
598
594
592
594
604
602
596
600
606
604
594
590
584
582
570
552
552
554
560
572
570
592
578
590
590
608
600
600
600
612
604
604
602
602
598
596
598
614
608
614
616
620
618
616
620
618
606
616
612
602
602
600
600
600
600
606
612
604
608
620
634
630
634
638
648
642
640
622
610
610
614
608
620
636
642
642
660
668
648
638
632
630
608
618
616
618
616
634
638
642
640
648
646
644
638
638
634
630
624
626
624
616
616
620
616
606
602
598
590
580
584
586
588
586
584
588
588
588
590
596
590
600
600
618
614
626
642
650
636
630
626
624
626
610
626
628
632
612
618
608
600
608
608
604
608
614
608
624
628
626
626
644
638
636
638
626
602
604
598
594
584
580
572
586
594
610
610
612
608
612
610
616
612
582
598
584
572
584
592
608
612
644
664
652
656
656
646
624
622
620
612
608
608
598
604
610
596
624
612
660
654
628
612
608
586
574
570
564
570
574
598
602
598
604
600
592
586
576
574
576
570
568
566
566
590
608
608
624
638
614
614
608
586
604
616
628
616
622
626
632
628
630
622
604
602
602
594
598
600
616
632
638
646
656
672
664
632
642
622
614
600
610
590
580
592
586
586
580
572
568
568
572
574
588
584
594
606
630
638
626
618
620
612
612
596
586
580
572
584
644
722
718
690
698
686
688
640
652
650
646
640
620
632
636
636
638
642
646
640
642
644
650
642
644
650
658
646
662
684
670
658
660
660
644
634
630
622
614
622
624
620
624
622
626
616
622
622
610
612
614
604
594
598
598
580
586
590
598
594
608
618
618
612
618
618
618
620
618
624
622
618
622
624
622
624
628
626
616
608
592
588
584
576
584
586
602
606
612
618
622
606
604
594
586
582
570
570
576
578
580
590
596
604
596
608
614
628
630
632
642
640
636
628
632
622
612
608
614
588
614
610
620
628
634
622
612
608
616
612
614
614
608
596
594
598
602
588
600
598
608
598
612
622
630
614
620
614
616
618
596
608
594
592
588
590
592
586
584
578
588
596
