938
908
922
918
912
898
902
876
874
894
894
928
948
924
944
930
848
904
920
936
962
946
948
946
946
922
952
926
902
920
922
898
918
908
914
856
816
814
828
836
880
956
930
948
992
958
938
954
928
928
930
918
924
938
920
922
936
928
938
912
904
910
930
946
922
944
936
928
916
924
916
928
922
908
914
912
910
940
932
906
862
854
854
878
874
866
882
866
818
812
806
812
818
926
914
954
960
930
948
952
942
942
948
928
934
934
934
936
916
840
842
864
872
928
936
922
956
934
924
932
966
942
950
954
928
940
938
918
876
876
868
918
922
914
940
920
912
940
930
896
916
916
906
900
856
802
776
808
798
816
866
838
848
842
838
836
826
838
802
768
782
712
706
680
652
658
622
598
598
616
612
570
714
430
574
582
578
590
708
668
452
426
822
634
648
636
646
632
596
568
592
598
642
680
690
680
720
730
722
766
794
810
856
888
904
874
872
864
866
826
842
830
812
830
822
822
848
830
828
836
834
796
828
834
834
844
876
856
830
854
840
812
832
832
800
830
852
844
892
864
866
866
872
846
856
850
836
848
828
778
776
788
850
860
894
894
882
890
894
842
856
840
808
836
834
826
836
870
846
868
868
862
878
892
882
884
866
880
878
872
852
796
780
760
750
762
856
880
936
958
942
898
912
906
892
902
900
890
912
892
892
894
888
852
846
852
830
856
874
848
782
772
762
766
750
736
746
746
738
772
832
850
888
928
914
890
912
896
878
906
902
870
882
862
842
860
860
850
846
872
850
840
856
848
846
848
844
834
798
810
796
804
822
834
838
834
810
834
824
822
814
820
816
834
852
850
846
862
850
836
820
842
834
790
826
830
852
876
854
862
852
858
826
838
842
812
834
834
854
848
862
850
858
860
862
832
850
848
848
850
860
864
862
874
904
896
900
908
894
906
916
896
880
882
858
830
844
866
864
858
882
872
810
820
838
866
884
900
894
896
914
900
908
900
898
866
852
866
856
820
812
816
764
782
790
834
866
902
888
884
894
888
860
864
852
828
854
838
846
840
874
894
886
914
902
882
894
880
848
852
862
844
842
854
854
852
850
860
826
828
812
802
784
796
882
886
940
928
924
924
922
902
912
920
884
894
906
890
880
886
874
852
868
870
838
858
846
848
858
872
900
870
872
874
880
898
912
892
888
888
886
890
870
852
846
856
834
792
788
798
806
820
854
852
848
852
858
884
898
872
878
888
886
864
880
870
868
872
870
848
824
850
834
826
812
852
884
902
920
892
902
894
894
858
866
878
850
858
868
860
850
842
796
788
802
852
852
864
890
886
898
902
892
882
896
870
888
898
886
884
880
864
854
864
860
794
778
752
730
744
738
810
868
908
896
948
946
926
928
928
892
904
906
882
866
880
880
874
872
856
836
858
856
838
858
852
826
844
822
788
814
858
854
876
890
866
894
904
896
896
858
814
818
824
866
898
940
894
898
918
908
874
906
900
896
878
888
856
870
894
868
884
906
884
896
890
872
842
842
852
852
856
878
886
874
856
864
862
878
888
870
898
894
866
856
822
826
842
900
894
908
920
892
890
902
864
878
896
870
862
874
860
874
864
870
894
972
932
922
934
912
868
828
836
850
874
914
884
910
924
916
934
908
892
916
886
904
906
876
900
898
876
892
884
860
878
866
794
834
852
868
934
910
904
898
898
908
872
884
908
882
892
892
872
870
868
842
866
866
806
776
822
810
836
890
888
870
908
896
882
892
886
878
882
884
876
862
880
862
828
798
800
814
838
892
882
916
936
910
906
918
862
876
894
884
880
910
916
884
886
886
852
836
864
856
856
888
884
870
898
896
882
876
864
856
858
864
860
856
868
832
850
826
782
790
796
816
844
862
856
880
898
878
858
892
890
884
872
816
782
826
834
844
924
928
912
938
934
898
910
902
888
904
906
870
876
842
826
854
886
878
914
916
906
896
904
908
884
888
896
892
892
912
892
900
908
890
832
784
760
742
756
742
736
746
774
818
864
944
962
918
938
938
896
900
896
870
894
884
866
876
886
876
898
880
836
812
838
834
830
876
890
868
896
894
890
886
888
852
844
872
874
858
874
868
858
830
812
816
844
888
872
898
894
884
890
892
868
876
878
872
862
874
898
884
886
888
888
882
868
822
768
766
776
884
902
906
922
918
944
918
932
902
920
884
882
886
896
888
886
874
862
870
852
782
798
810
840
870
906
898
902
932
912
902
884
866
778
780
784
766
858
954
922
960
958
940
942
938
928
826
810
798
792
800
864
960
938
944
968
956
958
924
924
890
914
918
902
880
888
852
844
842
840
854
846
850
860
852
866
864
862
850
866
846
858
860
838
854
854
852
828
792
802
798
822
892
878
898
932
918
892
918
912
864
878
874
848
836
852
862
842
896
906
888
882
890
860
858
872
858
850
854
850
796
832
826
848
878
904
882
890
914
900
862
896
878
852
880
872
848
846
860
876
860
860
890
870
880
888
866
872
872
850
826
848
828
806
828
786
756
786
880
862
898
906
884
902
910
888
868
884
852
840
854
880
866
872
902
884
858
856
798
784
806
866
862
880
910
908
884
902
892
868
886
886
852
872
890
870
860
854
852
782
776
800
794
810
856
854
840
864
890
858
864
868
866
840
856
864
864
898
904
876
892
894
852
882
886
880
872
868
852
832
820
818
804
792
806
842
884
902
882
912
932
902
910
912
888
876
864
836
854
846
848
844
860
850
834
824
816
820
828
866
844
844
856
854
836
846
882
846
844
866
862
852
866
854
846
852
852
836
854
838
848
850
862
876
862
896
894
884
904
884
894
888
890
862
870
872
832
782
812
830
820
872
878
862
878
880
868
850
866
884
872
874
882
842
852
850
860
850
854
852
826
856
860
850
848
858
848
822
844
840
828
840
834
790
782
822
830
848
888
852
858
870
866
830
852
852
842
850
840
846
822
790
788
800
856
854
846
880
854
854
884
872
858
844
854
820
816
822
838
808
788
814
806
828
872
840
866
878
866
866
874
874
878
878
866
832
846
854
816
812
830
826
822
846
864
846
858
874
874
838
840
820
794
818
856
844
844
870
864
866
870
860
856
862
864
866
876
894
858
826
858
842
856
876
874
862
900
876
862
876
866
840
850
854
842
824
832
862
830
848
852
820
832
862
842
860
872
864
846
852
844
808
830
846
822
830
832
856
844
838
880
854
854
868
848
838
834
818
800
824
826
824
844
870
850
870
868
836
828
838
842
820
832
852
838
846
850
852
824
826
834
826
834
836
854
864
864
866
866
866
874
840
836
850
850
830
838
852
842
830
838
808
784
798
804
818
854
864
856
864
878
860
860
890
884
866
876
876
842
862
856
850
858
860
864
852
858
858
830
812
816
802
814
828
836
822
846
858
850
856
884
856
830
858
848
834
826
836
824
824
832
842
834
872
860
826
810
830
826
830
886
884
864
888
886
850
878
856
846
854
858
850
862
852
838
822
840
830
832
846
846
812
772
766
776
794
856
852
860
900
898
876
882
882
852
874
874
864
866
860
840
850
848
836
820
824
832
818
850
870
850
852
874
870
856
872
862
864
860
866
870
846
850
846
850
832
836
862
828
806
816
814
826
862
844
842
870
844
852
856
854
818
842
862
848
874
884
860
878
882
828
834
844
870
850
854
854
826
842
844
828
840
812
800
784
794
820
806
812
826
852
830
820
830
822
822
858
862
850
858
848
856
848
846
854
820
834
830
820
796
792
794
788
854
870
840
856
884
852
862
876
866
842
844
834
828
834
858
842
840
848
844
830
820
796
804
812
852
848
854
870
868
854
850
856
818
836
840
844
874
874
856
868
868
852
840
846
848
834
840
832
830
818
822
802
812
820
806
830
842
826
832
864
854
834
844
854
836
846
848
828
786
812
810
802
780
750
750
834
898
868
908
888
878
874
846
824
840
832
822
824
862
838
832
836
830
836
826
844
852
842
840
850
848
838
836
832
828
830
818
812
824
832
816
810
828
824
814
854
848
840
842
840
822
826
858
828
836
836
838
802
822
826
818
818
814
792
812
842
848
844
878
888
872
870
872
854
860
854
852
850
854
850
846
866
854
822
842
820
804
824
846
838
844
866
860
840
842
854
840
840
854
846
836
840
842
822
828
838
828
800
794
794
802
824
826
822
862
872
858
864
872
844
858
852
830
838
848
824
832
810
806
812
808
846
824
866
854
848
836
850
828
824
834
842
824
848
856
840
852
852
834
850
840
814
824
806
770
758
780
800
798
840
854
842
882
872
868
864
860
824
844
826
776
786
814
820
848
890
864
894
874
874
858
862
842
844
850
836
850
840
872
862
858
880
874
836
844
848
810
808
814
830
816
814
838
816
818
838
826
826
826
828
808
828
814
818
826
838
824
824
824
822
824
820
826
790
774
792
828
818
858
868
840
862
854
816
812
822
848
826
838
850
842
834
838
834
834
826
836
828
816
826
796
750
770
786
784
828
848
812
844
854
846
848
850
852
828
846
836
832
828
828
824
822
808
826
812
826
846
828
842
834
826
840
830
840
820
820
830
812
794
796
796
784
794
834
814
826
846
842
842
836
832
810
806
830
840
830
790
774
758
776
842
844
850
874
872
854
846
844
836
828
830
850
832
846
852
842
848
840
834
824
780
780
780
820
870
848
872
886
860
864
884
874
856
848
856
820
830
836
822
810
800
806
776
732
736
740
708
736
724
720
724
688
662
684
676
666
668
668
664
692
726
716
772
838
866
846
880
870
878
874
866
872
836
858
848
858
856
856
852
832
812
834
826
806
826
856
822
842
830
774
768
784
830
818
826
852
842
838
808
764
746
732
728
738
806
886
884
930
920
910
912
898
866
884
882
848
850
852
840
824
802
812
802
812
802
802
826
840
824
830
836
822
832
836
816
810
804
802
826
858
842
854
874
856
852
832
818
790
774
750
740
708
704
704
700
708
706
744
828
858
848
876
876
868
878
832
828
848
846
836
872
886
860
886
884
868
884
864
838
810
804
796
784
790
806
826
822
830
832
826
822
820
820
820
820
860
842
844
852
840
836
850
862
848
822
834
816
818
828
816
822
828
830
834
794
820
822
814
830
822
828
792
762
764
764
800
786
814
804
832
852
856
842
860
872
862
844
848
836
822
838
836
814
828
820
820
776
806
808
802
816
850
856
846
850
844
818
830
812
800
794
782
756
758
780
792
836
860
848
856
854
848
848
832
838
854
840
850
848
836
838
826
784
766
788
812
802
816
836
814
838
854
856
912
958
914
904
908
892
888
884
872
878
852
850
858
848
858
844
822
818
808
798
802
802
790
800
794
788
788
790
816
808
814
820
778
760
762
758
740
746
764
756
760
782
772
772
766
762
760
748
760
748
756
714
736
750
768
776
808
808
830
858
868
870
874
872
864
874
866
872
868
872
858
864
854
846
858
848
836
842
828
816
820
810
814
810
834
842
842
838
844
848
848
850
844
836
850
818
812
816
804
802
824
818
814
820
798
792
778
760
770
762
756
776
778
776
782
774
758
732
732
712
706
698
704
702
696
708
702
726
722
710
718
710
714
716
718
718
752
784
810
822
844
854
866
846
862
858
848
856
844
824
836
826
816
820
820
816
808
816
820
804
812
814
778
758
726
692
702
738
782
774
814
830
814
846
860
842
860
858
850
826
818
798
814
818
818
818
816
830
840
838
850
864
858
836
838
832
832
836
842
834
836
834
826
810
804
790
786
772
774
746
728
708
680
674
690
716
732
794
792
782
786
808
788
794
784
780
740
732
716
706
712
770
800
788
814
814
814
802
794
806
796
800
830
822
820
850
838
830
836
820
802
794
804
802
804
848
852
858
868
876
886
890
882
880
890
860
840
846
842
818
826
816
798
812
800
806
812
798
800
804
804
796
804
796
800
800
778
756
728
716
732
730
756
770
798
830
830
842
832
826
826
826
830
832
828
846
846
838
828
832
810
820
832
838
828
830
832
820
808
810
808
806
804
812
798
808
808
804
832
822
828
848
842
832
848
822
816
804
808
798
786
796
784
796
808
812
798
816
810
816
818
814
804
800
798
774
772
770
776
766
772
796
798
814
806
812
828
820
814
814
812
804
822
818
796
806
792
788
798
796
782
788
780
762
766
762
756
762
790
796
820
822
814
830
818
816
804
788
752
730
702
698
700
716
788
764
780
774
748
726
714
708
722
754
826
844
824
830
852
842
810
820
814
794
780
788
786
788
800
820
810
822
840
830
798
806
780
766
778
772
800
780
802
808
822
896
886
888
894
856
860
868
854
866
866
854
846
850
858
852
868
862
852
860
862
840
846
852
848
846
824
780
784
792
792
788
828
834
854
848
842
852
844
840
828
812
788
808
788
772
790
784
764
784
772
798
808
820
806
836
828
832
836
858
840
838
852
842
834
838
830
832
846
840
840
824
814
806
816
806
802
802
802
800
806
804
800
798
794
756
762
758
754
736
744
770
750
748
746
754
714
730
740
754
752
766
766
766
762
768
748
744
750
770
784
824
862
850
848
862
854
846
854
850
864
866
856
846
840
800
816
814
810
820
846
842
856
848
846
862
852
846
840
836
824
836
828
814
820
822
792
796
772
774
774
798
782
790
804
784
792
824
822
842
832
824
816
826
828
814
846
842
860
852
852
846
850
842
842
832
800
816
822
790
802
798
800
796
826
818
812
846
830
842
830
836
798
784
774
774
776
778
780
782
774
750
760
772
752
788
792
784
780
780
752
754
754
746
746
746
776
780
808
816
802
810
790
764
790
802
846
860
872
856
874
860
858
852
836
834
836
828
840
842
840
838
846
836
828
836
836
824
838
846
830
848
848
850
822
838
836
828
824
794
806
808
800
856
908
904
872
858
864
848
846
796
768
762
738
730
700
702
708
694
710
730
752
732
724
738
726
732
774
776
758
782
776
764
764
750
762
788
786
834
850
816
834
822
796
820
816
848
828
830
856
830
830
870
860
852
870
868
864
862
872
844
860
852
862
868
864
854
866
842
830
838
854
860
864
858
844
830
824
826
832
820
826
828
814
810
814
812
818
826
834
830
810
802
812
802
804
808
808
802
788
796
786
782
792
782
778
790
774
782
770
766
784
778
796
798
796
800
796
784
800
796
780
788
776
768
780
776
778
782
800
808
816
806
820
824
820
824
816
832
820
848
848
846
836
820
806
816
812
792
800
800
802
812
802
800
798
794
772
782
782
760
736
742
734
724
734
758
778
776
800
804
794
812
798
792
800
796
804
790
778
764
766
762
738
744
744
748
740
740
754
762
778
802
792
816
828
822
842
836
838
830
832
814
820
830
816
832
828
822
832
824
834
830
830
824
814
800
802
822
830
828
826
832
820
826
820
806
770
770
778
796
816
838
836
834
844
826
832
826
830
832
832
836
826
826
828
818
842
842
830
840
836
828
834
824
784
790
758
718
700
712
694
704
746
780
776
820
804
796
784
768
744
758
742
732
722
730
728
732
744
766
792
770
796
790
796
772
778
782
794
792
792
794
804
792
792
814
808
796
804
798
790
790
800
790
788
786
810
846
856
850
866
864
864
844
828
812
822
812
812
828
822
840
834
840
858
842
860
866
862
854
854
838
840
864
852
830
850
824
840
854
834
858
848
814
826
810
798
808
810
798
808
802
792
788
782
766
752
756
762
742
742
752
760
766
786
788
776
784
808
818
816
856
856
842
852
848
844
846
832
794
782
766
742
748
736
718
716
712
698
704
700
698
694
698
746
802
824
782
824
810
808
786
798
798
780
794
786
794
794
796
800
792
784
788
784
788
824
824
842
834
860
848
840
850
838
816
824
818
786
812
796
780
784
776
774
756
772
772
778
806
838
854
842
858
848
850
872
870
864
854
848
832
848
836
798
780
770
766
772
792
808
844
862
866
884
874
812
806
766
730
728
734
770
780
844
866
822
850
862
850
832
828
818
788
788
776
754
738
750
742
790
802
822
842
828
832
828
768
762
784
790
802
840
846
830
844
842
828
820
834
832
806
810
816
804
814
824
818
820
796
806
814
806
816
840
840
834
832
830
826
798
798
804
814
808
826
850
822
840
838
824
832
820
830
820
820
814
818
808
786
802
796
786
768
780
774
776
776
776
796
804
792
784
792
780
768
786
774
776
790
804
794
794
802
794
804
800
798
794
798
792
792
788
778
788
762
758
762
798
784
786
816
804
796
786
794
786
762
772
766
774
774
760
784
776
772
810
824
804
822
818
814
818
816
808
776
790
782
758
754
762
798
796
792
828
836
826
826
830
802
788
788
792
782
780
796
798
790
798
794
802
786
774
786
786
790
782
794
806
788
804
796
794
782
784
790
780
768
782
792
788
802
806
790
790
820
830
806
826
838
828
826
822
818
792
790
798
798
778
792
794
810
804
798
800
804
780
792
790
780
792
798
788
794
794
796
782
780
780
822
794
802
808
804
774
790
804
796
800
808
790
802
800
790
802
784
796
792
782
818
808
810
782
792
792
762
764
776
788
806
822
824
824
828
832
836
818
820
802
798
808
800
768
794
788
792
804
826
810
816
814
810
798
798
810
804
802
792
798
768
780
788
782
780
790
796
798
800
800
798
790
794
788
752
746
756
748
744
750
750
768
786
806
814
798
826
830
820
796
802
794
784
788
782
798
780
782
802
798
792
804
800
804
784
788
796
782
780
800
792
768
772
780
774
768
774
808
794
790
788
782
766
774
782
766
774
776
734
736
738
754
812
798
808
834
826
822
820
808
792
794
788
776
772
776
768
772
778
786
786
812
818
796
808
810
802
778
788
794
776
778
784
806
792
774
790
786
774
786
786
792
790
794
802
800
778
792
792
786
792
818
816
816
788
802
796
774
770
764
758
746
756
766
772
776
828
812
804
814
824
820
798
810
810
794
802
794
786
768
786
780
762
766
764
754
774
768
800
788
778
790
794
788
758
768
768
772
776
768
776
768
778
784
780
788
788
784
770
766
772
766
756
754
758
752
714
720
724
738
748
784
798
794
810
804
822
828
822
806
808
810
790
790
794
812
802
796
788
780
768
778
764
762
760
794
788
762
758
770
754
738
746
742
778
776
802
814
802
802
824
828
812
814
824
806
794
794
800
756
732
740
750
762
784
826
828
812
816
824
814
794
798
802
792
792
790
816
800
802
814
814
800
768
740
732
744
786
822
822
840
862
840
842
850
856
836
830
840
828
810
812
810
806
770
758
776
770
782
810
806
796
808
798
800
784
800
824
812
828
828
822
806
798
790
776
796
784
780
784
806
792
788
794
792
796
792
798
798
786
782
792
778
784
778
768
768
744
730
732
732
770
808
792
804
826
830
822
826
820
788
802
806
784
788
798
790
792
758
740
746
744
812
834
826
836
860
842
844
830
834
814
828
818
808
776
752
772
762
830
844
824
852
870
852
850
848
850
816
822
818
810
790
806
802
784
746
760
758
744
750
786
772
778
808
800
792
800
800
800
790
784
764
740
756
780
798
790
810
826
806
820
820
818
810
818
802
800
798
784
762
786
826
814
806
826
814
818
804
814
802
792
784
772
742
754
764
748
768
798
798
780
792
778
738
742
750
778
772
814
832
820
828
838
836
804
808
816
794
794
804
802
802
800
806
788
752
734
744
748
784
826
808
812
836
842
838
842
844
814
814
822
814
798
808
812
798
780
798
798
776
792
794
794
784
786
804
788
792
792
788
784
778
772
746
744
752
784
780
784
802
806
808
826
812
812
818
814
810
810
804
788
782
784
788
780
764
784
772
780
800
790
774
754
762
762
762
762
780
804
790
794
800
800
778
800
786
794
794
784
786
766
776
808
802
790
818
