750
730
756
740
746
752
748
724
716
722
722
722
722
756
748
726
748
752
748
744
764
746
726
736
764
796
776
748
760
740
760
784
802
780
718
724
688
682
692
700
726
714
772
760
754
764
758
772
774
794
804
804
762
782
800
782
752
772
768
736
756
768
734
752
750
752
740
752
774
778
776
748
738
710
726
706
754
796
810
778
800
790
788
784
764
780
776
782
796
788
802
812
806
792
800
792
752
746
736
714
720
734
718
718
724
722
710
706
710
704
716
720
714
706
726
746
740
746
750
746
744
758
758
738
742
774
764
710
694
688
684
686
674
678
656
668
692
714
722
732
732
730
750
762
758
752
742
734
714
692
678
720
756
740
752
766
726
714
714
694
726
744
712
716
720
712
716
742
738
788
732
740
720
732
720
716
698
680
680
680
680
678
692
774
812
798
818
838
826
800
792
788
768
770
766
776
794
810
792
818
848
834
828
848
846
830
830
832
844
830
798
812
802
780
752
776
780
770
764
752
744
744
776
790
790
784
784
802
804
778
792
790
798
826
826
828
810
802
814
808
780
794
798
790
750
726
702
698
656
666
684
678
670
670
684
688
686
690
694
740
750
766
718
696
678
704
722
732
738
756
766
758
722
714
700
712
692
690
754
792
766
804
804
822
778
728
760
804
792
786
786
808
812
802
782
788
788
768
766
782
802
776
778
790
802
790
778
790
794
798
782
786
804
796
778
808
846
844
818
816
816
814
794
792
808
832
846
838
850
862
860
882
892
902
890
846
848
866
890
884
898
892
874
828
852
852
848
832
822
832
828
814
820
782
754
740
740
690
686
706
742
768
754
758
758
766
790
808
766
744
758
760
796
792
822
812
800
784
816
838
822
786
786
800
774
758
778
792
784
792
786
746
772
772
746
724
728
746
746
778
810
832
844
866
840
804
818
822
836
826
820
836
854
818
740
720
672
694
718
716
734
778
856
866
866
842
806
760
770
784
802
780
802
816
848
786
754
806
836
810
798
820
830
798
800
824
804
758
802
814
800
852
874
852
846
854
850
850
846
868
870
862
846
846
850
822
814
836
872
840
872
898
868
842
870
862
830
812
842
850
822
826
854
848
816
826
842
812
798
810
818
808
822
848
828
802
822
818
836
790
756
774
768
782
818
812
760
770
780
804
774
804
820
798
768
794
800
742
778
766
778
772
784
816
800
786
808
802
810
780
794
772
738
790
808
778
766
746
724
712
728
796
836
838
824
824
800
752
748
792
800
782
792
798
722
682
682
664
662
700
698
748
782
824
810
760
792
808
816
806
810
846
838
794
772
784
704
698
678
688
664
646
626
638
604
606
614
604
604
618
638
662
720
764
750
786
810
790
790
794
800
776
744
768
776
754
826
802
772
794
810
774
786
776
774
772
814
808
794
776
772
770
752
800
856
836
820
858
846
828
822
778
740
778
796
826
776
776
758
722
710
696
712
822
896
904
902
912
910
900
876
860
860
796
794
828
830
784
840
872
880
878
890
900
862
870
880
876
820
858
866
848
848
868
892
874
842
862
858
834
852
868
868
828
852
868
854
820
822
822
776
746
760
822
838
814
850
834
798
804
792
774
724
722
754
804
846
826
824
834
834
820
846
840
836
840
868
852
840
784
826
868
850
834
836
834
814
748
788
812
774
742
720
692
720
752
746
730
774
798
758
746
738
760
804
802
816
828
834
850
884
904
898
878
856
848
842
838
826
836
840
810
832
846
824
822
836
820
760
760
774
766
772
808
830
816
842
834
832
820
812
800
802
780
794
784
768
776
808
820
822
804
810
816
768
756
776
806
804
824
850
862
836
838
878
870
820
772
780
802
798
772
800
808
776
794
832
846
830
840
868
858
824
804
788
784
772
756
730
684
678
698
728
734
778
794
768
808
768
714
682
710
636
688
724
694
694
694
696
670
654
664
664
710
674
804
730
754
804
848
814
818
840
828
840
862
844
818
842
828
844
826
772
760
712
688
716
748
804
876
826
804
810
816
814
788
802
798
804
792
822
812
798
794
782
776
776
764
780
784
788
782
788
794
798
782
796
810
796
794
770
714
702
686
692
708
742
806
778
782
802
774
728
746
686
690
686
690
692
668
882
452
666
690
654
754
670
698
702
748
722
720
684
686
690
704
724
726
664
820
728
726
726
708
700
740
758
776
752
766
692
680
662
638
656
676
718
846
888
884
858
850
838
840
824
790
784
758
770
744
718
752
752
758
772
804
850
842
882
868
860
826
800
802
788
738
702
666
660
672
698
758
804
814
798
814
776
800
752
746
724
702
752
606
690
774
826
798
806
754
738
712
704
674
694
688
688
730
750
774
828
884
900
886
912
880
884
882
880
864
874
834
828
846
794
840
828
806
744
784
756
726
754
756
768
734
718
714
728
776
796
788
780
788
798
802
786
738
748
758
758
786
820
834
842
846
850
824
794
800
806
788
834
820
764
796
786
778
764
708
712
710
712
720
762
818
816
794
764
754
742
758
732
728
748
766
738
738
734
742
808
842
814
786
722
678
658
652
662
674
752
806
796
824
810
784
802
762
764
800
754
786
822
768
764
740
716
678
664
660
656
708
794
828
890
924
922
906
910
918
850
826
810
762
754
746
738
722
688
680
670
670
668
716
764
818
764
792
826
820
772
760
726
694
694
742
784
828
844
856
836
848
880
854
784
832
752
772
770
764
716
744
720
702
722
764
834
822
798
776
700
698
702
656
720
744
736
718
678
654
608
622
598
612
646
712
702
658
656
616
620
624
646
718
708
728
766
770
758
768
768
690
664
682
692
768
824
814
836
836
806
798
780
778
724
706
694
698
730
786
786
792
826
840
824
804
716
724
642
646
660
718
846
864
848
852
862
824
760
736
708
680
674
658
670
698
746
836
872
906
894
914
906
844
824
782
756
716
734
748
762
816
796
822
810
832
848
822
834
820
814
820
842
842
808
804
808
846
834
816
786
772
684
660
668
704
762
802
820
802
786
752
680
672
706
712
698
684
684
690
694
744
788
774
782
826
776
746
750
686
654
648
658
678
778
840
856
888
912
884
858
824
808
788
756
822
784
776
774
744
736
702
656
656
662
668
662
688
740
730
756
782
764
788
766
766
782
776
784
772
774
774
754
700
690
680
698
718
790
756
652
734
738
716
696
676
636
716
680
680
696
664
660
640
662
680
704
730
704
680
658
660
668
694
724
742
750
746
708
694
712
762
774
746
742
712
716
730
720
702
706
690
746
748
706
708
714
710
734
732
744
744
776
806
782
788
764
718
758
806
762
814
810
750
764
758
788
754
752
726
790
788
752
728
764
792
794
794
842
808
800
748
774
776
750
732
722
718
720
726
778
800
838
838
800
810
794
806
786
772
780
782
770
698
720
720
718
750
752
730
778
806
812
786
758
758
756
726
698
722
766
806
818
796
776
792
776
736
716
722
762
800
772
764
820
842
778
784
764
734
690
718
720
708
700
754
822
812
814
798
808
812
798
800
804
818
786
804
820
842
806
792
788
756
774
748
712
706
730
720
738
730
756
786
750
702
676
688
694
688
686
690
704
734
818
824
808
820
746
774
714
708
730
770
816
806
812
806
864
864
828
798
800
770
738
692
666
634
622
632
630
664
658
706
710
726
708
646
634
634
620
612
596
606
706
680
666
658
634
680
680
682
762
746
644
828
710
694
682
722
778
832
836
858
834
788
744
738
724
740
780
790
764
750
768
824
846
882
850
844
864
830
752
730
764
762
792
764
774
812
788
794
758
758
756
778
784
788
794
756
766
738
738
732
702
692
662
660
738
742
768
766
756
750
742
756
828
850
826
822
826
816
792
788
806
888
886
860
814
824
838
802
828
822
784
758
790
806
828
804
810
822
806
768
794
760
708
730
750
856
870
856
864
816
846
862
814
838
832
796
776
796
796
788
770
726
780
878
810
838
818
802
756
758
770
760
690
708
700
702
694
714
768
784
764
734
744
748
742
718
678
648
652
640
632
668
766
844
886
926
938
904
882
864
830
782
756
736
744
768
842
804
818
858
828
824
830
796
776
796
756
730
776
840
820
774
782
774
716
704
718
762
782
758
772
786
808
812
782
756
734
766
836
852
822
800
782
756
780
772
878
866
830
836
854
842
792
822
780
800
810
782
712
674
650
656
678
710
770
874
912
878
836
842
852
842
804
778
756
774
836
866
878
868
842
824
804
780
732
734
736
702
702
754
776
786
770
740
768
778
806
778
728
726
706
704
700
700
668
686
732
714
810
852
842
824
764
766
786
784
812
822
804
820
860
854
798
834
832
772
704
736
742
724
752
798
788
750
766
768
752
738
776
798
790
814
798
750
816
784
786
750
744
716
736
796
798
786
782
748
760
798
830
842
906
854
854
824
824
836
802
820
806
736
720
758
778
752
742
694
668
652
682
704
750
824
778
852
876
888
874
894
886
846
836
830
848
878
844
808
860
882
850
872
838
824
770
738
730
718
762
738
764
834
904
864
796
728
706
690
666
668
672
698
756
874
948
916
856
804
768
726
672
656
672
772
850
790
782
752
722
734
722
704
508
930
752
790
836
866
830
788
730
734
752
788
832
850
824
796
748
744
780
824
832
838
822
774
730
704
704
756
826
834
854
816
788
770
772
772
756
722
728
736
750
832
818
838
838
780
736
716
736
740
716
690
730
774
726
730
716
690
724
742
708
736
774
748
750
754
756
758
814
766
736
740
734
756
766
776
770
752
784
798
780
776
754
766
824
870
884
874
874
872
892
822
780
794
756
730
704
692
666
662
660
694
814
824
910
844
796
802
726
696
694
712
704
688
680
738
806
832
838
856
860
848
832
844
814
790
802
804
826
822
802
816
814
782
804
810
806
778
738
700
716
730
724
704
728
712
808
858
890
832
824
824
744
746
740
736
716
700
700
694
702
698
700
740
736
748
740
712
700
716
702
686
674
658
666
668
652
636
650
656
674
692
726
834
862
844
834
834
796
758
732
744
780
798
824
850
822
806
764
694
710
764
810
736
754
744
782
838
802
776
748
766
722
702
686
692
688
708
774
742
766
804
872
872
846
852
772
772
748
722
732
758
736
730
754
776
804
832
828
850
848
830
784
766
740
714
708
738
786
794
756
746
734
816
770
780
704
700
684
690
728
750
746
742
732
708
702
668
648
682
758
852
848
842
844
832
824
774
748
784
860
818
752
718
764
814
810
738
732
760
846
856
868
880
872
834
816
790
780
778
782
766
856
832
528
1086
738
702
694
684
668
728
822
832
804
790
768
768
734
724
782
830
882
866
874
896
882
828
792
816
834
756
782
784
736
730
716
690
674
650
652
632
640
650
676
708
750
768
758
806
854
822
790
734
712
680
660
630
624
622
628
666
642
748
890
904
900
908
900
880
848
846
798
700
734
748
766
708
740
772
774
764
720
688
730
722
664
676
654
660
646
690
748
800
794
800
808
826
816
800
760
740
714
718
718
738
772
848
866
828
846
850
814
746
766
782
780
770
746
704
694
688
716
790
838
820
820
814
820
780
716
716
750
784
768
762
742
758
752
720
682
638
676
664
650
638
640
722
742
694
740
730
728
754
802
760
758
694
724
724
718
722
734
752
694
720
744
762
756
704
718
758
766
756
728
706
698
698
684
672
636
640
650
644
628
640
668
760
718
706
706
688
684
674
662
662
664
692
764
770
780
754
770
768
796
844
838
840
784
822
870
854
852
842
848
828
822
782
734
726
714
718
712
766
726
774
784
774
752
784
814
804
798
744
760
786
830
870
832
850
896
868
812
828
832
826
784
792
800
778
728
768
782
792
744
758
788
800
772
786
820
838
776
788
802
806
778
736
760
782
808
794
796
754
792
812
816
770
794
734
772
830
850
852
828
798
808
822
790
770
766
742
788
810
860
850
836
794
728
704
694
662
652
636
630
626
618
618
608
608
652
622
756
708
774
754
762
762
736
718
716
708
698
684
678
740
736
716
722
738
786
774
772
746
742
746
744
716
698
686
734
810
878
826
834
778
722
672
636
616
624
672
822
912
862
854
818
764
736
740
754
760
818
796
824
806
816
828
814
778
840
822
816
776
810
838
758
786
812
792
772
762
764
762
768
774
812
794
792
756
792
822
810
744
710
726
746
742
746
746
744
736
732
736
728
702
690
684
700
690
728
796
794
796
846
832
838
820
750
734
756
746
734
738
744
746
784
766
784
790
778
746
710
688
748
816
864
816
830
848
830
814
812
812
802
790
778
792
820
842
886
884
868
814
778
790
768
762
814
788
766
792
742
826
846
870
802
774
756
738
730
752
752
784
778
766
724
724
736
732
716
762
828
798
772
732
740
742
730
732
750
774
734
754
836
834
840
828
790
800
806
776
746
732
722
742
760
752
800
884
900
874
832
776
776
758
750
726
704
724
780
816
798
786
792
770
752
764
724
706
696
708
746
784
766
790
842
866
842
850
788
744
750
760
792
790
790
778
772
762
848
878
832
752
778
794
804
784
764
756
740
722
706
770
824
794
796
890
856
790
724
692
662
680
692
732
762
840
808
786
766
808
788
772
770
758
742
772
748
718
756
858
874
858
826
800
748
796
826
810
836
832
818
812
812
788
804
822
838
866
866
792
748
766
804
866
872
840
830
804
794
810
818
912
908
878
872
888
860
824
856
816
810
788
774
852
880
838
798
740
700
702
688
668
650
644
690
712
732
766
762
840
834
812
800
812
828
800
794
756
804
862
874
854
834
782
772
768
802
666
796
864
828
866
872
840
838
820
764
724
686
676
676
714
840
876
896
908
860
824
822
790
790
758
790
848
826
878
818
790
814
800
766
752
790
882
920
898
852
770
748
756
802
860
850
840
814
770
732
704
778
870
870
808
850
836
798
802
808
826
754
820
894
860
874
860
862
848
764
804
778
766
756
764
762
728
782
594
896
708
680
692
692
700
790
788
844
898
904
876
852
860
862
848
800
740
736
730
726
804
904
928
882
882
826
806
830
836
834
834
834
830
862
854
858
836
748
748
720
702
764
792
750
690
674
682
698
738
820
832
820
822
762
766
782
834
896
854
856
826
784
794
802
818
782
850
862
822
782
760
778
762
724
704
672
668
662
670
676
700
730
760
806
822
826
792
762
766
728
704
666
724
650
736
770
746
780
804
812
768
766
740
728
724
700
700
702
706
702
712
706
760
800
788
794
780
758
726
724
710
704
686
700
702
746
806
808
842
868
840
832
806
794
784
774
686
704
692
686
708
726
702
702
756
806
792
834
768
738
694
696
696
696
716
766
836
856
780
708
698
694
672
702
774
786
816
848
816
870
834
812
798
752
746
716
736
734
744
750
744
748
774
766
802
808
782
796
804
844
914
902
888
860
880
866
870
852
836
824
724
714
776
864
830
894
892
834
830
840
820
802
776
774
750
704
722
744
828
912
926
884
830
794
768
734
736
728
730
704
676
694
716
758
760
698
954
838
830
818
818
818
820
820
812
722
696
744
792
902
860
834
818
812
788
768
780
754
796
834
864
778
810
804
808
808
754
740
802
776
856
884
860
888
896
760
760
780
782
782
780
728
704
680
664
720
762
866
850
834
762
808
854
818
772
722
702
684
684
696
738
822
908
896
908
884
876
832
772
724
798
720
832
844
816
842
890
878
808
804
780
732
742
762
742
740
768
820
820
798
818
836
784
758
754
754
716
768
774
726
732
760
746
786
768
738
782
836
836
794
814
842
848
796
734
762
766
772
772
718
738
780
784
750
834
878
860
836
836
846
874
902
898
860
890
930
926
888
914
926
868
764
846
872
842
780
866
886
814
834
864
878
814
796
852
854
822
854
864
836
854
886
884
850
862
902
878
862
898
904
866
876
842
784
738
788
882
842
796
854
920
896
872
894
874
808
818
862
908
904
924
934
922
930
956
968
944
894
904
916
838
804
826
734
720
772
884
860
824
890
956
886
900
910
876
848
842
870
894
820
880
936
930
902
948
944
884
908
918
882
796
812
816
748
704
730
768
738
862
856
818
878
898
872
858
846
860
820
872
910
892
866
854
848
774
788
866
860
798
858
902
842
820
880
776
724
722
760
772
736
784
794
748
768
768
766
738
760
764
768
726
756
800
798
740
778
862
902
840
850
842
782
772
812
800
790
858
840
884
920
872
814
776
722
728
750
752
768
858
892
898
866
774
746
702
698
688
674
688
716
804
826
800
850
892
890
868
840
874
856
834
852
882
910
846
822
852
852
842
900
952
900
894
888
896
876
868
870
886
848
866
876
900
874
884
908
864
842
862
868
858
864
892
912
834
832
808
794
762
802
878
802
754
818
930
904
848
864
894
880
856
868
884
880
864
906
948
940
938
944
962
954
944
966
954
924
932
970
948
906
948
972
926
926
964
896
878
894
856
802
850
858
824
854
898
890
862
862
808
712
702
698
708
716
822
918
948
876
882
886
874
810
802
770
764
768
858
914
832
766
774
770
772
770
834
846
844
764
804
792
754
722
694
658
698
546
336
718
716
680
650
660
660
650
684
660
662
700
736
754
792
822
850
848
858
862
872
864
856
832
836
830
864
860
890
970
852
884
858
698
806
774
648
662
688
672
684
732
808
838
842
854
826
802
812
762
790
836
898
876
898
904
846
822
738
772
848
926
874
874
862
866
808
804
820
862
898
884
868
846
808
814
828
786
826
808
752
750
720
690
722
740
744
772
792
810
812
804
818
864
882
902
908
902
882
858
866
842
844
808
852
834
776
720
720
748
768
764
796
782
748
790
796
812
836
860
822
810
824
816
846
846
844
846
872
862
764
738
744
714
780
758
752
814
764
768
782
770
852
844
836
786
764
722
686
674
666
652
644
650
692
792
772
842
902
878
860
894
860
828
860
832
834
844
826
880
888
862
836
858
828
734
724
730
706
686
706
790
814
814
866
902
814
856
872
788
768
762
746
756
792
874
958
930
972
928
902
824
864
660
736
652
692
738
722
760
852
852
816
798
838
812
782
760
776
770
760
750
786
820
828
820
768
756
742
782
792
772
790
872
848
820
800
818
838
768
768
790
796
754
794
876
884
846
846
860
852
806
800
846
828
810
834
800
790
836
816
806
794
740
734
758
766
866
860
844
822
882
874
830
780
780
776
784
826
802
864
834
770
768
768
752
764
860
898
878
852
836
798
764
728
802
898
858
848
834
856
894
854
806
784
784
796
830
832
802
824
882
782
748
722
762
862
876
836
898
958
956
896
870
852
818
764
770
822
844
820
798
778
834
756
830
872
872
796
752
762
758
712
744
792
818
802
796
778
746
718
768
850
848
802
738
768
778
750
732
686
672
696
780
856
850
788
848
892
900
894
888
834
830
844
870
862
860
858
890
918
908
938
948
938
950
888
858
876
880
838
774
772
816
912
796
812
892
908
818
848
850
814
788
790
818
798
740
794
828
838
814
772
824
876
842
836
814
792
782
796
790
784
842
838
832
856
844
826
784
814
912
850
834
820
794
846
844
828
728
724
732
742
748
708
720
706
716
704
704
700
702
706
748
862
834
870
840
842
790
792
810
810
812
820
822
818
844
860
828
766
736
772
722
752
742
702
822
682
652
650
636
640
638
738
856
644
964
804
806
812
800
860
828
814
814
844
886
810
756
730
680
650
664
642
634
606
612
610
658
656
630
666
656
626
620
662
628
632
638
668
688
718
738
736
728
730
738
754
772
764
702
746
788
764
748
786
836
874
850
844
824
760
698
664
656
676
724
742
772
742
830
786
736
756
768
782
786
796
804
734
742
770
780
792
800
806
786
746
712
710
680
682
694
740
768
796
818
784
774
746
720
700
678
702
696
724
718
724
746
744
758
800
788
778
782
766
740
756
758
776
750
736
744
722
736
754
752
746
762
792
760
754
760
762
750
734
708
692
692
718
746
816
792
792
774
744
742
730
730
750
750
790
774
772
772
762
752
708
720
708
732
726
696
698
684
672
642
660
656
652
674
738
670
754
692
738
778
772
778
672
690
704
756
728
754
772
750
692
658
636
630
648
674
790
1004
966
948
960
946
942
904
864
820
830
826
824
828
866
878
866
834
808
788
768
752
786
818
762
752
750
756
776
740
790
776
762
780
822
836
800
794
788
796
744
730
780
872
858
774
806
808
750
746
730
744
704
722
734
802
856
776
760
750
786
824
848
828
770
732
704
674
676
656
672
706
740
758
736
786
758
800
862
804
716
698
768
798
792
804
784
704
722
748
804
830
862
888
804
774
772
762
740
734
796
796
804
762
716
734
742
764
740
760
726
708
696
718
748
776
824
860
804
756
762
740
698
696
716
728
742
730
762
786
752
720
750
760
778
788
762
780
806
812
832
816
830
796
738
750
726
754
732
784
798
780
798
808
770
762
774
790
796
840
852
868
864
854
842
788
790
808
830
812
844
854
798
858
828
770
828
814
