1070
1038
900
874
978
964
1016
996
918
902
866
864
918
1000
944
906
880
888
872
894
912
878
884
830
832
812
810
820
832
842
844
906
938
896
930
938
912
936
920
884
920
880
858
868
904
926
876
850
824
844
886
916
872
826
810
810
814
806
798
782
806
822
832
812
824
858
924
990
878
864
874
860
822
810
834
954
894
916
920
906
858
872
884
938
860
878
890
876
832
806
796
798
804
806
790
790
812
896
936
856
890
928
950
922
898
834
792
782
764
760
770
850
928
840
838
872
1042
1048
1012
942
874
822
794
762
744
756
834
988
962
1178
1100
1062
1022
980
824
788
766
770
792
800
814
834
918
906
940
968
938
892
888
900
856
858
880
932
918
910
938
900
894
868
896
998
988
986
996
982
918
894
890
890
936
938
922
920
932
924
896
930
912
902
906
916
898
924
938
924
924
938
950
920
926
894
874
908
906
944
952
944
938
906
888
894
846
836
832
844
846
840
822
780
776
788
824
968
1104
1078
934
866
906
896
906
894
864
828
814
810
816
880
936
994
1020
1038
998
972
924
884
890
900
894
874
924
1006
1012
990
968
932
952
968
966
966
966
946
892
880
870
870
872
902
934
966
956
920
910
878
858
862
806
858
804
798
816
826
826
866
882
892
848
820
818
800
800
806
802
832
866
904
912
966
968
930
906
920
910
880
872
850
846
838
862
850
862
882
858
862
864
842
862
916
900
926
916
862
846
850
852
864
918
936
922
930
928
904
892
886
894
874
880
884
886
844
812
796
788
824
834
856
864
868
854
854
866
870
872
888
928
936
944
994
964
956
1034
1114
942
902
874
898
1014
1052
1014
1014
980
944
918
962
1016
1034
1042
994
1008
998
954
956
980
952
958
1036
1016
1048
1012
988
938
930
904
924
964
950
954
988
994
976
982
988
962
1002
994
960
956
972
946
928
994
960
946
964
994
966
952
958
962
944
946
950
952
932
922
906
904
894
894
900
910
926
942
1002
1046
990
918
872
822
808
832
822
814
838
890
896
854
848
864
872
890
862
820
820
812
822
828
876
908
904
896
938
862
838
862
854
852
856
868
860
854
882
884
882
874
906
910
896
904
948
962
902
890
918
884
830
822
816
830
804
790
796
798
812
844
832
828
874
902
878
890
880
870
832
858
832
790
792
800
818
852
830
840
858
878
862
864
856
840
808
808
832
850
860
844
848
844
826
798
822
822
808
818
816
828
820
830
850
860
886
892
914
896
882
872
858
846
858
878
878
916
926
902
850
810
858
878
870
842
832
870
888
892
882
926
998
1084
1054
1004
970
916
930
912
892
900
906
934
912
870
890
872
868
858
866
866
862
876
904
880
880
890
874
860
834
832
834
870
882
918
910
928
918
900
864
856
862
868
882
912
904
904
922
882
918
896
882
876
880
882
864
842
832
816
782
776
762
772
758
764
764
776
774
786
794
770
764
780
828
914
872
874
958
962
952
920
874
830
800
772
762
772
788
878
1182
1044
1026
1004
986
924
824
794
772
752
758
766
776
810
862
866
894
902
878
874
854
852
856
880
864
866
872
852
858
888
880
900
890
874
862
838
874
886
848
854
872
886
866
864
854
834
812
812
792
778
760
770
782
800
798
870
908
886
884
940
912
866
856
828
796
790
804
858
854
922
960
954
1000
1010
962
942
966
984
1088
1108
1066
1028
1048
994
1000
930
980
1034
944
910
896
916
904
938
960
958
992
970
922
1000
974
948
938
926
970
952
978
992
1014
1028
1022
994
1002
984
966
984
942
966
1002
986
910
854
844
840
838
834
820
792
822
844
860
894
988
1018
920
920
906
862
850
840
844
828
844
918
930
950
950
944
934
892
898
888
842
828
868
898
886
946
962
970
954
980
990
976
976
1000
934
936
944
892
888
892
912
938
958
940
908
914
924
954
910
910
892
868
870
908
910
918
962
964
944
972
926
892
908
910
870
916
934
922
918
946
1006
996
1006
974
924
966
968
966
934
886
876
880
884
884
916
908
898
906
922
900
896
900
902
910
936
962
934
960
952
892
942
986
968
910
918
876
900
892
952
968
918
944
902
892
910
908
894
850
866
888
888
886
902
952
894
916
952
932
978
980
954
932
928
964
986
990
1000
996
962
936
954
946
932
924
936
890
894
886
890
882
880
830
822
812
806
768
764
750
758
756
760
790
782
780
802
792
794
804
824
828
836
860
870
830
814
798
816
798
804
806
812
826
826
828
840
852
852
828
800
812
800
804
800
800
788
790
780
790
778
756
742
742
742
742
732
718
698
686
670
648
658
648
628
626
626
626
650
1312
1270
1252
1092
996
928
876
892
914
938
922
924
912
888
844
846
852
862
858
858
864
838
852
856
850
844
880
880
874
896
894
826
800
794
774
770
746
752
726
740
806
828
904
898
900
902
876
858
938
1044
1004
974
932
902
850
844
852
850
876
882
908
890
898
894
866
856
846
880
932
912
962
1016
924
892
864
854
812
812
840
832
820
822
826
852
902
982
1044
1060
1006
994
962
908
880
874
838
828
816
814
812
814
820
816
798
792
804
784
768
772
762
784
816
826
808
782
810
890
948
956
944
852
824
808
794
804
822
852
800
792
782
762
734
750
746
738
744
750
764
774
760
760
792
810
782
798
792
786
858
1018
1106
1042
1088
976
996
1050
946
966
948
978
950
884
840
824
818
794
764
764
750
780
910
1194
1082
1046
1022
1002
1000
978
924
950
906
932
900
900
920
864
852
878
870
878
866
830
792
800
866
908
1062
1128
1112
1118
1044
966
910
950
960
932
1054
1074
1026
934
910
854
846
812
838
902
978
988
1034
1050
984
980
862
846
856
950
962
950
936
922
884
854
844
878
894
888
846
830
806
794
774
758
782
994
956
904
862
852
822
782
768
750
734
726
734
768
792
806
864
854
844
820
824
828
848
890
890
876
854
888
902
978
912
838
810
842
842
844
810
852
672
758
728
776
924
1080
1066
1086
1052
1024
1024
1032
1008
988
1022
1046
1024
1004
992
996
962
968
974
972
930
920
932
942
884
820
814
810
808
806
808
806
796
776
780
830
956
1036
1034
994
910
904
908
970
990
1062
1152
1094
1046
1032
992
1014
1014
980
992
1006
1022
996
994
984
1018
978
972
960
942
960
956
938
966
970
976
976
976
946
952
948
900
916
912
864
890
888
890
874
876
840
750
778
768
784
796
814
798
788
772
786
782
816
840
920
1056
1044
1080
1044
940
910
894
916
894
904
924
892
916
914
908
896
912
902
876
882
842
828
814
818
802
770
760
742
738
736
740
740
742
740
748
760
772
788
802
844
832
828
812
792
780
778
782
794
798
798
812
842
878
906
964
988
978
982
1006
966
922
910
896
884
924
994
972
942
934
952
918
916
944
924
898
900
902
868
864
854
826
824
808
772
766
760
746
742
736
734
732
736
766
798
788
770
810
814
890
922
890
854
804
786
770
764
772
792
806
862
930
1002
1048
1016
1028
970
976
988
968
934
952
962
990
968
1008
966
914
904
906
882
874
886
888
884
882
846
830
832
848
914
892
882
860
832
842
858
856
862
916
984
930
952
914
886
894
908
916
912
968
978
960
922
912
910
910
910
932
1014
968
954
926
874
842
854
854
850
864
864
858
860
872
930
896
882
868
870
850
862
840
850
872
884
858
838
866
870
876
864
822
820
808
816
846
920
910
920
920
918
872
846
816
788
770
748
736
728
752
774
824
832
912
954
922
886
876
842
830
834
812
782
796
786
772
746
730
720
710
718
754
858
1062
934
900
866
876
838
802
762
750
732
706
688
678
668
696
1016
1074
1088
1098
1106
1024
1006
990
978
936
872
878
920
1004
968
966
1006
990
936
898
852
830
864
878
910
960
974
924
910
888
864
864
850
894
916
978
1026
958
916
914
894
884
892
916
896
878
886
932
924
892
894
896
872
864
878
900
890
878
888
866
886
876
860
828
812
838
814
816
844
872
872
892
908
946
944
962
992
968
956
934
914
902
932
924
910
916
912
926
910
918
930
934
892
880
860
824
814
806
798
762
740
730
720
704
710
720
712
722
780
850
928
1008
1052
1070
1022
950
912
912
928
912
886
906
924
932
892
830
874
904
888
882
890
914
942
926
956
958
956
924
896
912
910
894
906
922
932
970
970
930
898
892
892
876
892
898
846
800
816
862
888
882
870
854
840
862
880
934
978
1068
1058
1038
1014
960
936
908
920
940
988
1006
1000
1006
968
986
988
930
900
898
910
944
906
912
918
908
884
894
920
916
900
974
1000
990
988
1098
1092
1054
1032
1062
1082
938
866
862
928
992
928
906
924
926
918
944
956
938
928
972
950
908
876
872
870
878
886
904
912
908
912
942
916
916
920
934
918
924
936
938
918
922
934
908
912
878
858
844
850
900
922
944
998
1030
964
936
932
896
854
896
918
888
868
886
906
842
852
782
778
762
904
584
692
700
684
678
674
668
672
686
686
718
766
846
830
818
828
832
852
912
978
1004
1020
1044
1016
1018
990
992
952
972
998
950
966
890
908
894
908
920
906
852
838
826
804
806
812
806
816
854
862
856
896
928
918
902
918
876
874
888
878
906
888
944
1038
1000
902
862
850
850
840
882
962
1014
980
994
958
898
910
924
924
954
978
978
1020
1004
988
940
938
888
918
926
924
952
924
894
868
890
894
856
844
838
826
838
866
874
852
820
798
792
802
818
864
888
898
886
850
834
832
818
818
814
856
860
884
898
892
870
872
894
916
976
1030
1058
1060
1078
1046
1036
1028
978
980
954
946
932
942
936
902
916
918
916
932
910
878
912
926
894
888
886
896
876
916
948
960
950
992
976
920
926
936
922
948
1000
1012
974
1004
948
914
920
906
902
908
926
924
958
980
980
966
960
930
912
884
886
874
882
896
904
898
904
910
900
892
882
876
870
884
926
906
920
958
1018
998
990
952
938
930
924
878
890
924
966
946
954
978
968
974
1004
982
932
940
906
912
960
954
950
974
964
912
896
898
892
898
920
896
910
908
924
906
896
902
904
926
906
938
942
1000
958
958
950
934
922
980
990
1030
1054
1018
926
898
880
880
902
882
888
938
982
944
914
986
1016
948
930
876
860
880
910
922
908
964
900
854
820
810
786
786
768
754
752
764
774
812
846
928
1002
994
980
954
928
918
888
914
922
918
944
982
1014
1028
976
950
918
906
910
942
912
886
924
916
918
930
932
956
1020
984
968
958
938
960
1012
1004
998
1010
990
1000
954
970
980
960
968
948
952
972
976
984
990
986
990
982
940
960
940
928
950
950
954
980
962
942
948
902
944
986
988
994
946
950
990
962
1006
1022
984
954
982
956
948
916
948
930
924
958
948
976
946
976
1002
972
966
980
966
964
956
942
924
990
944
980
974
970
966
936
968
932
974
958
954
966
964
962
982
984
996
986
1000
972
956
984
990
1030
1046
1048
1094
1116
1036
1018
1014
938
966
990
964
980
980
952
944
974
954
976
972
974
994
982
968
936
986
916
964
956
940
954
952
970
988
980
982
998
966
940
986
924
974
1016
1018
1042
1000
954
1002
1080
1024
1038
1012
988
1022
1032
1024
1018
1036
1038
958
976
1018
1018
1016
944
976
950
912
892
854
866
850
862
922
972
932
912
910
910
912
964
992
994
998
1020
1038
1026
1050
1028
994
1012
1010
976
932
922
924
948
964
998
972
926
928
908
892
892
890
858
854
868
890
904
924
942
918
912
902
870
874
864
868
946
1012
968
978
992
922
912
896
860
848
838
868
938
962
940
970
1002
960
926
916
900
860
860
870
900
948
956
926
930
918
896
886
880
854
844
846
850
856
908
900
880
896
902
894
896
918
942
920
928
924
894
896
894
884
890
890
900
878
900
888
890
898
924
872
918
934
896
830
882
876
914
908
864
808
762
724
700
756
576
650
644
654
660
666
666
666
678
678
684
670
666
672
662
654
664
688
720
750
800
866
852
860
806
856
674
754
734
716
694
682
680
672
678
688
740
816
894
938
968
898
864
864
812
792
760
734
718
704
692
694
698
696
718
726
740
748
768
758
766
790
768
770
782
754
734
714
704
686
672
674
680
742
806
828
788
776
766
750
734
712
702
690
694
710
728
756
780
800
816
798
804
808
800
794
798
802
806
842
890
894
882
834
830
812
800
812
878
954
970
918
892
858
828
824
828
816
796
832
820
816
810
840
866
860
922
976
904
884
904
936
876
844
826
824
796
814
822
850
856
846
888
912
860
810
834
836
846
826
818
832
838
828
902
872
842
826
864
944
918
904
934
986
980
954
980
988
956
982
1136
1026
1014
988
952
892
842
842
842
818
824
876
914
880
876
926
950
920
1012
1026
1002
940
990
1054
1080
1040
1022
998
932
884
932
1004
982
1040
1084
982
930
954
972
946
990
1086
1030
1028
1068
1008
898
864
860
864
864
930
1018
1018
954
962
930
962
964
986
952
916
976
990
980
916
958
972
980
912
944
980
954
910
942
966
986
920
946
952
946
940
996
982
940
868
894
974
1024
1024
1122
1090
1002
1038
1020
976
918
894
900
884
938
1050
1044
1000
992
968
904
906
940
974
964
1016
1056
1008
968
984
1004
1004
922
922
934
954
906
890
908
872
854
824
792
776
760
760
752
726
722
718
732
890
1194
1092
1218
1156
1052
1038
1002
976
918
898
914
916
862
866
882
870
862
850
816
778
752
744
718
688
694
700
806
906
912
848
812
782
752
730
712
704
690
692
692
758
778
860
882
824
806
802
762
726
704
674
672
660
646
648
686
614
930
738
942
842
854
844
800
804
804
790
784
790
776
756
748
754
774
768
758
760
740
728
708
698
680
680
668
676
672
676
698
720
764
804
774
774
798
846
792
816
804
774
764
772
820
910
892
916
980
1066
1038
1020
1020
970
958
986
1074
972
1008
1020
962
910
940
950
878
856
880
870
860
892
992
1098
1012
1044
1042
996
908
934
994
1010
1164
1084
1000
976
1018
1046
996
1038
1042
1018
954
1012
996
950
976
1030
998
976
1004
982
924
970
974
972
962
1110
1076
1012
958
984
972
938
962
1014
1014
978
1036
1048
996
958
1000
1020
998
1006
1048
1034
998
1012
1024
1038
998
1012
1020
1008
976
1022
1020
974
928
974
986
964
932
960
990
972
940
970
1012
952
974
992
1008
962
998
1002
964
934
946
972
918
868
854
854
862
934
1000
1014
958
956
952
938
870
896
952
946
902
912
908
912
880
924
964
1004
976
966
960
966
960
932
952
972
920
856
814
850
916
922
968
1028
1068
994
938
986
1004
1018
982
1048
1128
1124
1030
1024
1050
1038
998
1014
1006
1020
1018
1032
1072
1068
1016
1018
1038
1060
1028
1062
1066
1052
1014
1032
1018
1010
974
1004
1006
996
998
1006
1056
1006
992
1074
1058
1038
1006
1038
1034
994
978
1004
992
962
954
968
984
1010
1002
994
1008
972
960
958
944
934
956
1008
988
1004
1010
994
994
976
992
1006
1000
1000
1020
1046
1018
1022
1008
1018
992
986
986
988
978
990
1004
1002
974
992
1022
982
950
994
990
982
966
988
1006
1002
998
1008
1010
968
952
974
1038
990
1024
1070
1084
1026
1060
1082
1046
734
1134
912
900
950
728
788
770
762
744
726
710
700
700
700
700
706
762
1116
986
932
948
1044
1022
1064
1060
974
926
906
844
830
972
970
982
1016
988
954
958
982
956
952
942
974
946
936
942
996
1008
996
1040
1012
990
986
1014
980
986
976
966
980
982
952
924
904
886
836
810
844
996
1092
1046
996
966
970
890
820
828
870
970
1026
1000
1056
966
860
818
826
854
852
842
874
924
974
976
974
988
1034
1014
1050
1146
1114
1108
1108
1094
1046
980
1012
1090
1074
1020
1052
1062
1058
1022
1016
990
946
964
1004
1040
1004
1026
1026
972
914
904
896
870
854
874
888
924
906
938
966
958
944
944
924
900
906
926
928
916
932
936
928
896
858
858
890
908
894
940
970
978
974
1002
994
950
918
902
900
876
874
890
928
948
958
994
994
934
942
962
924
882
894
930
1014
990
1004
1028
1052
1008
988
1034
1020
1002
1018
992
1016
1002
1004
1006
1006
992
1034
1084
1020
948
968
1000
1022
1074
1136
1068
1008
992
1022
1016
1016
1018
1066
1030
988
954
938
1292
1100
1028
1038
1018
1036
1006
1008
1012
1014
998
1048
1030
1030
1046
1032
1014
990
984
1006
994
980
996
982
976
932
956
988
1000
1006
1094
1086
1044
1010
998
980
974
956
946
960
970
1012
1010
1002
1012
1004
978
1008
1024
1026
1014
1024
998
968
992
992
992
986
974
984
990
990
952
1002
1040
1052
1026
1050
1038
1002
990
1018
1008
1026
986
990
1020
1048
1038
1034
1090
1040
1026
1032
1088
1104
1114
1044
1038
1048
1042
1022
1016
1004
1036
1002
996
1010
1030
1000
994
1008
1036
996
974
990
1002
1014
1016
1056
1086
1092
1042
1012
1004
1020
984
992
1040
1044
1026
1018
990
992
1002
988
990
1034
1058
990
1008
988
932
926
1020
1132
1212
1204
1216
1170
1104
1068
1056
1048
1028
1012
1010
1030
1048
1026
1006
968
948
930
934
936
948
978
1030
1064
1054
1078
1090
1072
1004
1012
1000
986
976
1010
1038
1022
1018
996
1012
1036
1044
1042
1042
1084
1066
1018
996
1002
1028
992
950
988
994
988
972
982
1002
1012
998
978
998
1012
1004
1016
1024
1020
1002
988
996
1006
990
956
1000
988
998
976
1004
1006
990
970
1002
1034
1072
1066
990
1020
1006
1010
1044
990
1000
1000
990
970
990
1012
1036
1012
984
1038
1020
1024
968
936
940
972
1024
1004
1056
1100
1098
1024
1020
978
958
948
948
946
928
912
956
954
960
974
1026
1094
1062
1028
968
950
958
1024
1108
1146
1078
1082
1084
1048
1014
1060
1044
1070
1058
1026
1016
1006
966
942
984
1034
1076
1060
1096
1104
1072
1014
990
1012
996
964
950
1000
1006
984
966
994
1042
992
966
970
984
996
970
956
1016
1060
1040
968
966
1032
954
968
902
940
964
1054
1008
1058
1046
1050
1020
1018
984
954
934
956
996
1024
994
1016
1054
1126
1074
938
942
982
1008
994
1058
1078
1050
1026
938
918
948
950
964
954
1054
1136
1130
1120
1124
1112
1068
1006
1034
1038
1050
1026
1152
1078
1044
1006
1048
1054
1074
1034
1082
1132
1162
1114
1070
1066
1052
1004
982
1050
1064
1054
994
990
1004
1014
970
958
976
998
1006
998
1002
1056
1046
1034
988
970
978
930
894
916
956
1004
966
910
906
926
962
986
1034
1096
1102
1064
1016
1006
1004
960
910
896
960
934
938
918
956
1034
1016
1006
988
990
1022
960
940
954
942
938
906
968
1050
1076
1026
1048
1072
1058
938
886
886
914
986
1016
1110
1154
1068
1000
950
874
830
826
888
1262
1154
1086
1152
1132
1086
1080
1078
1080
1070
988
990
980
1006
982
984
1014
1038
1012
980
992
984
984
990
1020
1018
1000
1016
1072
1034
988
1004
998
1004
970
968
1008
1012
1020
976
1014
